(-19550.0195312, -13766.7001953, 340.708520179)
(-19549.9394531, -13766.7001953, 340.708520179)
(-19549.859375, -13766.7001953, 340.708520179)
(-19549.7792969, -13766.7001953, 340.708520179)
(-19549.6992188, -13766.7001953, 340.708520179)
(-19549.6191406, -13766.7001953, 340.708520179)
(-19549.5390625, -13766.7001953, 340.708520179)
(-19549.4589844, -13766.7001953, 340.708520179)
(-19549.3789062, -13766.7001953, 340.708520179)
(-19549.2988281, -13766.7001953, 340.708520179)
(-19549.21875, -13766.7001953, 340.708520179)
(-19549.1386719, -13766.7001953, 340.708520179)
(-19549.0585938, -13766.7001953, 340.708520179)
(-19548.9785156, -13766.7001953, 340.708520179)
(-19548.8984375, -13766.7001953, 340.708520179)
(-19548.8183594, -13766.7001953, 340.708520179)
(-19548.7382812, -13766.7001953, 340.708520179)
(-19548.6582031, -13766.7001953, 340.708520179)
(-19548.578125, -13766.7001953, 340.708520179)
(-19548.4980469, -13766.7001953, 340.708520179)
(-19548.4179688, -13766.7001953, 340.708520179)
(-19548.3398438, -13766.6875, 340.708520179)
(-19548.2636719, -13766.6621094, 340.708520179)
(-19548.1933594, -13766.625, 340.708520179)
(-19548.1289062, -13766.5771484, 340.708520179)
(-19548.0703125, -13766.5234375, 340.708520179)
(-19548.0117188, -13766.4697266, 340.708520179)
(-19547.953125, -13766.4160156, 340.708520179)
(-19547.8945312, -13766.3623047, 340.708520179)
(-19547.8359375, -13766.3085938, 340.708520179)
(-19547.7773438, -13766.2548828, 340.708520179)
(-19547.71875, -13766.2011719, 340.708520179)
(-19547.6601562, -13766.1474609, 340.708520179)
(-19547.6015625, -13766.09375, 340.708520179)
(-19547.5429688, -13766.0400391, 340.708520179)
(-19547.484375, -13765.9863281, 340.708520179)
(-19547.4257812, -13765.9326172, 340.708520179)
(-19547.3671875, -13765.8789062, 340.708520179)
(-19547.3085938, -13765.8251953, 340.708520179)
(-19547.25, -13765.7714844, 340.708520179)
(-19547.1914062, -13765.7177734, 340.708520179)
(-19547.1328125, -13765.6640625, 340.708520179)
(-19547.0742188, -13765.6103516, 340.708520179)
(-19547.015625, -13765.5566406, 340.708520179)
(-19546.9570312, -13765.5029297, 340.708520179)
(-19546.8984375, -13765.4492188, 340.708520179)
(-19546.8398438, -13765.3955078, 340.708520179)
(-19546.78125, -13765.3417969, 340.708520179)
(-19546.7226562, -13765.2880859, 340.708520179)
(-19546.6640625, -13765.234375, 340.708520179)
(-19546.6054688, -13765.1806641, 340.708520179)
(-19546.546875, -13765.1269531, 340.708520179)
(-19546.4882812, -13765.0732422, 340.708520179)
(-19546.4296875, -13765.0195312, 340.708520179)
(-19546.3710938, -13764.9658203, 340.708520179)
(-19546.3144531, -13764.9101562, 340.708520179)
(-19546.2578125, -13764.8535156, 340.708520179)
(-19546.2011719, -13764.796875, 340.708520179)
(-19546.1445312, -13764.7402344, 340.708520179)
(-19546.0878906, -13764.6835938, 340.708520179)
(-19546.03125, -13764.6269531, 340.708520179)
(-19545.9746094, -13764.5712891, 340.708520179)
(-19545.9179688, -13764.515625, 340.708520179)
(-19545.8613281, -13764.4599609, 340.708520179)
(-19545.8046875, -13764.4042969, 340.708520179)
(-19545.7480469, -13764.3486328, 340.708520179)
(-19545.6914062, -13764.2929688, 340.708520179)
(-19545.6347656, -13764.2373047, 340.708520179)
(-19545.578125, -13764.1806641, 340.708520179)
(-19545.5214844, -13764.1240234, 340.708520179)
(-19545.4648438, -13764.0683594, 340.708520179)
(-19545.4082031, -13764.0126953, 340.708520179)
(-19545.3515625, -13763.9570312, 340.708520179)
(-19545.2949219, -13763.9013672, 340.708520179)
(-19545.2382812, -13763.8457031, 340.708520179)
(-19545.1816406, -13763.7900391, 340.708520179)
(-19545.125, -13763.734375, 340.708520179)
(-19545.0683594, -13763.6787109, 340.708520179)
(-19545.0117188, -13763.6230469, 340.708520179)
(-19544.9550781, -13763.5673828, 340.708520179)
(-19544.8984375, -13763.5117188, 340.708520179)
(-19544.8417969, -13763.4550781, 340.708520179)
(-19544.7851562, -13763.3984375, 340.708520179)
(-19544.7285156, -13763.3427734, 340.708520179)
(-19544.671875, -13763.2871094, 340.708520179)
(-19544.6152344, -13763.2314453, 340.708520179)
(-19544.5585938, -13763.1757812, 340.708520179)
(-19544.5019531, -13763.1201172, 340.708520179)
(-19544.4453125, -13763.0644531, 340.708520179)
(-19544.3886719, -13763.0087891, 340.708520179)
(-19544.3320312, -13762.953125, 340.708520179)
(-19544.2753906, -13762.8964844, 340.708520179)
(-19544.21875, -13762.8398438, 340.708520179)
(-19544.1621094, -13762.7832031, 340.708520179)
(-19544.1054688, -13762.7265625, 340.708520179)
(-19544.0488281, -13762.6699219, 340.708520179)
(-19543.9921875, -13762.6132812, 340.708520179)
(-19543.9355469, -13762.5566406, 340.708520179)
(-19543.8789062, -13762.5, 340.708520179)
(-19543.8222656, -13762.4433594, 340.708520179)
(-19543.765625, -13762.3867188, 340.708520179)
(-19543.7089844, -13762.3300781, 340.708520179)
(-19543.6523438, -13762.2734375, 340.708520179)
(-19543.5957031, -13762.2167969, 340.708520179)
(-19543.5390625, -13762.1601562, 340.708520179)
(-19543.4824219, -13762.1035156, 340.708520179)
(-19543.4257812, -13762.046875, 340.708520179)
(-19543.3691406, -13761.9902344, 340.708520179)
(-19543.3125, -13761.9335938, 340.708520179)
(-19543.2558594, -13761.8769531, 340.708520179)
(-19543.1992188, -13761.8203125, 340.708520179)
(-19543.1425781, -13761.7636719, 340.708520179)
(-19543.0859375, -13761.7070312, 340.708520179)
(-19543.0292969, -13761.6503906, 340.708520179)
(-19542.9726562, -13761.59375, 340.708520179)
(-19542.9160156, -13761.5371094, 340.708520179)
(-19542.859375, -13761.4804688, 340.708520179)
(-19542.8027344, -13761.4238281, 340.708520179)
(-19542.7460938, -13761.3671875, 340.708520179)
(-19542.6894531, -13761.3105469, 340.708520179)
(-19542.6328125, -13761.2539062, 340.708520179)
(-19542.5761719, -13761.1972656, 340.708520179)
(-19542.5195312, -13761.140625, 340.708520179)
(-19542.4628906, -13761.0839844, 340.708520179)
(-19542.40625, -13761.0273438, 340.708520179)
(-19542.3496094, -13760.9707031, 340.708520179)
(-19542.2929688, -13760.9140625, 340.708520179)
(-19542.2363281, -13760.8574219, 340.708520179)
(-19542.1796875, -13760.8007812, 340.708520179)
(-19542.1230469, -13760.7441406, 340.708520179)
(-19542.0664062, -13760.6875, 340.708520179)
(-19542.0097656, -13760.6308594, 340.708520179)
(-19541.953125, -13760.5742188, 340.708520179)
(-19541.8964844, -13760.5175781, 340.708520179)
(-19541.8398438, -13760.4609375, 340.708520179)
(-19541.7832031, -13760.4042969, 340.708520179)
(-19541.7265625, -13760.3476562, 340.708520179)
(-19541.6699219, -13760.2910156, 340.708520179)
(-19541.6132812, -13760.234375, 340.708520179)
(-19541.5566406, -13760.1777344, 340.708520179)
(-19541.5, -13760.1210938, 340.708520179)
(-19541.4433594, -13760.0644531, 340.708520179)
(-19541.3867188, -13760.0078125, 340.708520179)
(-19541.3300781, -13759.9511719, 340.708520179)
(-19541.2734375, -13759.8945312, 340.708520179)
(-19541.2167969, -13759.8378906, 340.708520179)
(-19541.1601562, -13759.78125, 340.708520179)
(-19541.1035156, -13759.7246094, 340.708520179)
(-19541.046875, -13759.6679688, 340.708520179)
(-19540.9902344, -13759.6113281, 340.708520179)
(-19540.9335938, -13759.5546875, 340.708520179)
(-19540.8769531, -13759.4980469, 340.708520179)
(-19540.8203125, -13759.4414062, 340.708520179)
(-19540.7636719, -13759.3847656, 340.708520179)
(-19540.7070312, -13759.328125, 340.708520179)
(-19540.6503906, -13759.2714844, 340.708520179)
(-19540.59375, -13759.2148438, 340.708520179)
(-19540.5371094, -13759.1582031, 340.708520179)
(-19540.4804688, -13759.1015625, 340.708520179)
(-19540.4238281, -13759.0449219, 340.708520179)
(-19540.3671875, -13758.9882812, 340.708520179)
(-19540.3105469, -13758.9316406, 340.708520179)
(-19540.2539062, -13758.875, 340.708520179)
(-19540.1972656, -13758.8183594, 340.708520179)
(-19540.140625, -13758.7617188, 340.708520179)
(-19540.0839844, -13758.7050781, 340.708520179)
(-19540.0273438, -13758.6484375, 340.708520179)
(-19539.9707031, -13758.5917969, 340.708520179)
(-19539.9140625, -13758.5351562, 340.708520179)
(-19539.8574219, -13758.4785156, 340.708520179)
(-19539.8007812, -13758.421875, 340.708520179)
(-19539.7441406, -13758.3652344, 340.708520179)
(-19539.6875, -13758.3085938, 340.708520179)
(-19539.6308594, -13758.2519531, 340.708520179)
(-19539.5742188, -13758.1953125, 340.708520179)
(-19539.5175781, -13758.1386719, 340.708520179)
(-19539.4609375, -13758.0820312, 340.708520179)
(-19539.4042969, -13758.0253906, 340.708520179)
(-19539.3476562, -13757.96875, 340.708520179)
(-19539.2910156, -13757.9121094, 340.708520179)
(-19539.234375, -13757.8554688, 340.708520179)
(-19539.1777344, -13757.7988281, 340.708520179)
(-19539.1210938, -13757.7421875, 340.708520179)
(-19539.0644531, -13757.6855469, 340.708520179)
(-19539.0078125, -13757.6289062, 340.708520179)
(-19538.9511719, -13757.5722656, 340.708520179)
(-19538.8945312, -13757.515625, 340.708520179)
(-19538.8378906, -13757.4589844, 340.708520179)
(-19538.78125, -13757.4023438, 340.708520179)
(-19538.7246094, -13757.3457031, 340.708520179)
(-19538.6679688, -13757.2890625, 340.708520179)
(-19538.6113281, -13757.2324219, 340.708520179)
(-19538.5546875, -13757.1757812, 340.708520179)
(-19538.4980469, -13757.1191406, 340.708520179)
(-19538.4414062, -13757.0625, 340.708520179)
(-19538.3847656, -13757.0058594, 340.708520179)
(-19538.328125, -13756.9492188, 340.708520179)
(-19538.2714844, -13756.8925781, 340.708520179)
(-19538.2148438, -13756.8359375, 340.708520179)
(-19538.1582031, -13756.7792969, 340.708520179)
(-19538.1015625, -13756.7226562, 340.708520179)
(-19538.0449219, -13756.6660156, 340.708520179)
(-19537.9882812, -13756.609375, 340.708520179)
(-19537.9316406, -13756.5527344, 340.708520179)
(-19537.875, -13756.4960938, 340.708520179)
(-19537.8183594, -13756.4394531, 340.708520179)
(-19537.7617188, -13756.3828125, 340.708520179)
(-19537.7050781, -13756.3261719, 340.708520179)
(-19537.6484375, -13756.2695312, 340.708520179)
(-19537.5917969, -13756.2128906, 340.708520179)
(-19537.5351562, -13756.15625, 340.708520179)
(-19537.4785156, -13756.0996094, 340.708520179)
(-19537.421875, -13756.0429688, 340.708520179)
(-19537.3652344, -13755.9863281, 340.708520179)
(-19537.3085938, -13755.9296875, 340.708520179)
(-19537.2519531, -13755.8730469, 340.708520179)
(-19537.1953125, -13755.8164062, 340.708520179)
(-19537.1386719, -13755.7597656, 340.708520179)
(-19537.0820312, -13755.703125, 340.708520179)
(-19537.0253906, -13755.6464844, 340.708520179)
(-19536.96875, -13755.5898438, 340.708520179)
(-19536.9121094, -13755.5332031, 340.708520179)
(-19536.8554688, -13755.4765625, 340.708520179)
(-19536.7988281, -13755.4199219, 340.708520179)
(-19536.7421875, -13755.3632812, 340.708520179)
(-19536.6855469, -13755.3066406, 340.708520179)
(-19536.6289062, -13755.25, 340.708520179)
(-19536.5722656, -13755.1933594, 340.708520179)
(-19536.515625, -13755.1367188, 340.708520179)
(-19536.4589844, -13755.0800781, 340.708520179)
(-19536.4023438, -13755.0234375, 340.708520179)
(-19536.3457031, -13754.9667969, 340.708520179)
(-19536.2890625, -13754.9101562, 340.708520179)
(-19536.2324219, -13754.8535156, 340.708520179)
(-19536.1757812, -13754.796875, 340.708520179)
(-19536.1191406, -13754.7402344, 340.708520179)
(-19536.0625, -13754.6835938, 340.708520179)
(-19536.0058594, -13754.6269531, 340.708520179)
(-19535.9492188, -13754.5703125, 340.708520179)
(-19535.8925781, -13754.5136719, 340.708520179)
(-19535.8359375, -13754.4570312, 340.708520179)
(-19535.7792969, -13754.4003906, 340.708520179)
(-19535.7226562, -13754.34375, 340.708520179)
(-19535.6660156, -13754.2871094, 340.708520179)
(-19535.609375, -13754.2304688, 340.708520179)
(-19535.5527344, -13754.1738281, 340.708520179)
(-19535.4960938, -13754.1171875, 340.708520179)
(-19535.4394531, -13754.0605469, 340.708520179)
(-19535.3828125, -13754.0039062, 340.708520179)
(-19535.3261719, -13753.9472656, 340.708520179)
(-19535.2695312, -13753.890625, 340.708520179)
(-19535.2128906, -13753.8339844, 340.708520179)
(-19535.15625, -13753.7773438, 340.708520179)
(-19535.0996094, -13753.7207031, 340.708520179)
(-19535.0429688, -13753.6640625, 340.708520179)
(-19534.9863281, -13753.6074219, 340.708520179)
(-19534.9296875, -13753.5507812, 340.708520179)
(-19534.8730469, -13753.4941406, 340.708520179)
(-19534.8164062, -13753.4375, 340.708520179)
(-19534.7597656, -13753.3808594, 340.708520179)
(-19534.703125, -13753.3242188, 340.708520179)
(-19534.6464844, -13753.2675781, 340.708520179)
(-19534.5898438, -13753.2109375, 340.708520179)
(-19534.5332031, -13753.1542969, 340.708520179)
(-19534.4765625, -13753.0976562, 340.708520179)
(-19534.4199219, -13753.0410156, 340.708520179)
(-19534.3632812, -13752.984375, 340.708520179)
(-19534.3066406, -13752.9277344, 340.708520179)
(-19534.2421875, -13752.8808594, 340.708520179)
(-19534.1777344, -13752.8339844, 340.708520179)
(-19534.1132812, -13752.7871094, 340.708520179)
(-19534.0488281, -13752.7402344, 340.708520179)
(-19533.984375, -13752.6933594, 340.708520179)
(-19533.9199219, -13752.6464844, 340.708520179)
(-19533.8554688, -13752.5996094, 340.708520179)
(-19533.7910156, -13752.5527344, 340.708520179)
(-19533.7265625, -13752.5058594, 340.708520179)
(-19533.6621094, -13752.4589844, 340.708520179)
(-19533.5976562, -13752.4121094, 340.708520179)
(-19533.5332031, -13752.3652344, 340.708520179)
(-19533.46875, -13752.3183594, 340.708520179)
(-19533.4042969, -13752.2714844, 340.708520179)
(-19533.3398438, -13752.2246094, 340.708520179)
(-19533.2753906, -13752.1777344, 340.708520179)
(-19533.2109375, -13752.1308594, 340.708520179)
(-19533.1464844, -13752.0839844, 340.708520179)
(-19533.0820312, -13752.0371094, 340.708520179)
(-19533.0175781, -13751.9902344, 340.708520179)
(-19532.953125, -13751.9433594, 340.708520179)
(-19532.8886719, -13751.8964844, 340.708520179)
(-19532.8242188, -13751.8496094, 340.708520179)
(-19532.7597656, -13751.8027344, 340.708520179)
(-19532.6953125, -13751.7558594, 340.708520179)
(-19532.6308594, -13751.7089844, 340.708520179)
(-19532.5664062, -13751.6621094, 340.708520179)
(-19532.5019531, -13751.6152344, 340.708520179)
(-19532.4375, -13751.5683594, 340.708520179)
(-19532.3730469, -13751.5214844, 340.708520179)
(-19532.3085938, -13751.4746094, 340.708520179)
(-19532.2441406, -13751.4277344, 340.708520179)
(-19532.1796875, -13751.3808594, 340.708520179)
(-19532.1152344, -13751.3339844, 340.708520179)
(-19532.0507812, -13751.2871094, 340.708520179)
(-19531.9863281, -13751.2402344, 340.708520179)
(-19531.921875, -13751.1933594, 340.708520179)
(-19531.8574219, -13751.1464844, 340.708520179)
(-19531.7929688, -13751.0996094, 340.708520179)
(-19531.7285156, -13751.0527344, 340.708520179)
(-19531.6640625, -13751.0058594, 340.708520179)
(-19531.5996094, -13750.9589844, 340.708520179)
(-19531.5351562, -13750.9121094, 340.708520179)
(-19531.4765625, -13750.8564453, 340.708520179)
(-19531.4199219, -13750.8007812, 340.708520179)
(-19531.3632812, -13750.7451172, 340.708520179)
(-19531.3066406, -13750.6894531, 340.708520179)
(-19531.25, -13750.6337891, 340.708520179)
(-19531.1933594, -13750.578125, 340.708520179)
(-19531.1367188, -13750.5224609, 340.708520179)
(-19531.0800781, -13750.4667969, 340.708520179)
(-19531.0234375, -13750.4111328, 340.708520179)
(-19530.9667969, -13750.3554688, 340.708520179)
(-19530.9082031, -13750.2998047, 340.708520179)
(-19530.8496094, -13750.2441406, 340.708520179)
(-19530.7910156, -13750.1884766, 340.708520179)
(-19530.734375, -13750.1328125, 340.708520179)
(-19530.6777344, -13750.0771484, 340.708520179)
(-19530.6191406, -13750.0214844, 340.708520179)
(-19530.5605469, -13749.9658203, 340.708520179)
(-19530.5019531, -13749.9101562, 340.708520179)
(-19530.4453125, -13749.8544922, 340.708520179)
(-19530.3886719, -13749.7988281, 340.708520179)
(-19530.3300781, -13749.7431641, 340.708520179)
(-19530.2714844, -13749.6875, 340.708520179)
(-19530.2128906, -13749.6318359, 340.708520179)
(-19530.15625, -13749.5761719, 340.708520179)
(-19530.0996094, -13749.5205078, 340.708520179)
(-19530.0429688, -13749.4648438, 340.708520179)
(-19529.984375, -13749.4091797, 340.708520179)
(-19529.9257812, -13749.3535156, 340.708520179)
(-19529.8671875, -13749.2978516, 340.708520179)
(-19529.8085938, -13749.2421875, 340.708520179)
(-19529.7519531, -13749.1865234, 340.708520179)
(-19529.6953125, -13749.1308594, 340.708520179)
(-19529.6367188, -13749.0751953, 340.708520179)
(-19529.578125, -13749.0195312, 340.708520179)
(-19529.5195312, -13748.9638672, 340.708520179)
(-19529.4628906, -13748.9072266, 340.708520179)
(-19529.40625, -13748.8505859, 340.708520179)
(-19529.3496094, -13748.7939453, 340.708520179)
(-19529.2929688, -13748.7373047, 340.708520179)
(-19529.2363281, -13748.6806641, 340.708520179)
(-19529.1796875, -13748.6240234, 340.708520179)
(-19529.1230469, -13748.5673828, 340.708520179)
(-19529.0664062, -13748.5107422, 340.708520179)
(-19529.0097656, -13748.4541016, 340.708520179)
(-19528.953125, -13748.3974609, 340.708520179)
(-19528.8964844, -13748.3408203, 340.708520179)
(-19528.8398438, -13748.2841797, 340.708520179)
(-19528.7832031, -13748.2275391, 340.708520179)
(-19528.7265625, -13748.1708984, 340.708520179)
(-19528.6699219, -13748.1142578, 340.708520179)
(-19528.6132812, -13748.0576172, 340.708520179)
(-19528.5566406, -13748.0009766, 340.708520179)
(-19528.5, -13747.9443359, 340.708520179)
(-19528.4433594, -13747.8876953, 340.708520179)
(-19528.3867188, -13747.8310547, 340.708520179)
(-19528.3300781, -13747.7744141, 340.708520179)
(-19528.2734375, -13747.7177734, 340.708520179)
(-19528.2167969, -13747.6611328, 340.708520179)
(-19528.1601562, -13747.6044922, 340.708520179)
(-19528.1035156, -13747.5478516, 340.708520179)
(-19528.046875, -13747.4912109, 340.708520179)
(-19527.9902344, -13747.4345703, 340.708520179)
(-19527.9335938, -13747.3779297, 340.708520179)
(-19527.8769531, -13747.3212891, 340.708520179)
(-19527.8203125, -13747.2646484, 340.708520179)
(-19527.7636719, -13747.2080078, 340.708520179)
(-19527.7070312, -13747.1523438, 340.708520179)
(-19527.6503906, -13747.0966797, 340.708520179)
(-19527.59375, -13747.0410156, 340.708520179)
(-19527.5371094, -13746.9853516, 340.708520179)
(-19527.4804688, -13746.9296875, 340.708520179)
(-19527.4238281, -13746.8730469, 340.708520179)
(-19527.3671875, -13746.8164062, 340.708520179)
(-19527.3105469, -13746.7597656, 340.708520179)
(-19527.2539062, -13746.703125, 340.708520179)
(-19527.1972656, -13746.6464844, 340.708520179)
(-19527.140625, -13746.5898438, 340.708520179)
(-19527.0839844, -13746.5332031, 340.708520179)
(-19527.0273438, -13746.4765625, 340.708520179)
(-19526.9707031, -13746.4199219, 340.708520179)
(-19526.9140625, -13746.3632812, 340.708520179)
(-19526.8574219, -13746.3066406, 340.708520179)
(-19526.8007812, -13746.25, 340.708520179)
(-19526.7441406, -13746.1933594, 340.708520179)
(-19526.6875, -13746.1367188, 340.708520179)
(-19526.6308594, -13746.0800781, 340.708520179)
(-19526.5742188, -13746.0234375, 340.708520179)
(-19526.5175781, -13745.9667969, 340.708520179)
(-19526.4609375, -13745.9101562, 340.708520179)
(-19526.4042969, -13745.8535156, 340.708520179)
(-19526.3476562, -13745.796875, 340.708520179)
(-19526.2910156, -13745.7402344, 340.708520179)
(-19526.234375, -13745.6835938, 340.708520179)
(-19526.1777344, -13745.6269531, 340.708520179)
(-19526.1210938, -13745.5703125, 340.708520179)
(-19526.0644531, -13745.5136719, 340.708520179)
(-19526.0078125, -13745.4570312, 340.708520179)
(-19525.9511719, -13745.4003906, 340.708520179)
(-19525.8945312, -13745.34375, 340.708520179)
(-19525.8378906, -13745.2871094, 340.708520179)
(-19525.78125, -13745.2304688, 340.708520179)
(-19525.7246094, -13745.1738281, 340.708520179)
(-19525.6679688, -13745.1171875, 340.708520179)
(-19525.6113281, -13745.0605469, 340.708520179)
(-19525.5546875, -13745.0039062, 340.708520179)
(-19525.4980469, -13744.9472656, 340.708520179)
(-19525.4414062, -13744.890625, 340.708520179)
(-19525.3847656, -13744.8339844, 340.708520179)
(-19525.328125, -13744.7773438, 340.708520179)
(-19525.2714844, -13744.7207031, 340.708520179)
(-19525.2148438, -13744.6640625, 340.708520179)
(-19525.1582031, -13744.6074219, 340.708520179)
(-19525.1015625, -13744.5507812, 340.708520179)
(-19525.0449219, -13744.4941406, 340.708520179)
(-19524.9882812, -13744.4375, 340.708520179)
(-19524.9316406, -13744.3808594, 340.708520179)
(-19524.875, -13744.3242188, 340.708520179)
(-19524.8183594, -13744.2675781, 340.708520179)
(-19524.7617188, -13744.2109375, 340.708520179)
(-19524.7050781, -13744.1542969, 340.708520179)
(-19524.6484375, -13744.0976562, 340.708520179)
(-19524.5917969, -13744.0410156, 340.708520179)
(-19524.5351562, -13743.984375, 340.708520179)
(-19524.4785156, -13743.9277344, 340.708520179)
(-19524.421875, -13743.8710938, 340.708520179)
(-19524.3652344, -13743.8144531, 340.708520179)
(-19524.3085938, -13743.7578125, 340.708520179)
(-19524.2519531, -13743.7011719, 340.708520179)
(-19524.1953125, -13743.6445312, 340.708520179)
(-19524.1386719, -13743.5878906, 340.708520179)
(-19524.0820312, -13743.53125, 340.708520179)
(-19524.0253906, -13743.4746094, 340.708520179)
(-19523.96875, -13743.4179688, 340.708520179)
(-19523.9121094, -13743.3613281, 340.708520179)
(-19523.8554688, -13743.3046875, 340.708520179)
(-19523.7988281, -13743.2480469, 340.708520179)
(-19523.7421875, -13743.1914062, 340.708520179)
(-19523.6855469, -13743.1347656, 340.708520179)
(-19523.6289062, -13743.078125, 340.708520179)
(-19523.5722656, -13743.0214844, 340.708520179)
(-19523.515625, -13742.9648438, 340.708520179)
(-19523.4589844, -13742.9082031, 340.708520179)
(-19523.4023438, -13742.8515625, 340.708520179)
(-19523.3457031, -13742.7949219, 340.708520179)
(-19523.2890625, -13742.7382812, 340.708520179)
(-19523.2324219, -13742.6816406, 340.708520179)
(-19523.1757812, -13742.625, 340.708520179)
(-19523.1191406, -13742.5683594, 340.708520179)
(-19523.0625, -13742.5117188, 340.708520179)
(-19523.0058594, -13742.4550781, 340.708520179)
(-19522.9492188, -13742.3984375, 340.708520179)
(-19522.8925781, -13742.3417969, 340.708520179)
(-19522.8359375, -13742.2851562, 340.708520179)
(-19522.7792969, -13742.2285156, 340.708520179)
(-19522.7226562, -13742.171875, 340.708520179)
(-19522.6660156, -13742.1152344, 340.708520179)
(-19522.609375, -13742.0585938, 340.708520179)
(-19522.5527344, -13742.0019531, 340.708520179)
(-19522.4960938, -13741.9453125, 340.708520179)
(-19522.4394531, -13741.8886719, 340.708520179)
(-19522.3828125, -13741.8320312, 340.708520179)
(-19522.3261719, -13741.7753906, 340.708520179)
(-19522.2695312, -13741.71875, 340.708520179)
(-19522.2128906, -13741.6621094, 340.708520179)
(-19522.15625, -13741.6054688, 340.708520179)
(-19522.0996094, -13741.5488281, 340.708520179)
(-19522.0429688, -13741.4921875, 340.708520179)
(-19521.9863281, -13741.4355469, 340.708520179)
(-19521.9296875, -13741.3789062, 340.708520179)
(-19521.8730469, -13741.3222656, 340.708520179)
(-19521.8164062, -13741.265625, 340.708520179)
(-19521.7597656, -13741.2089844, 340.708520179)
(-19521.703125, -13741.1523438, 340.708520179)
(-19521.6464844, -13741.0957031, 340.708520179)
(-19521.5898438, -13741.0390625, 340.708520179)
(-19521.5332031, -13740.9824219, 340.708520179)
(-19521.4765625, -13740.9257812, 340.708520179)
(-19521.4199219, -13740.8691406, 340.708520179)
(-19521.3632812, -13740.8125, 340.708520179)
(-19521.3066406, -13740.7558594, 340.708520179)
(-19521.25, -13740.6992188, 340.708520179)
(-19521.1933594, -13740.6425781, 340.708520179)
(-19521.1367188, -13740.5859375, 340.708520179)
(-19521.0800781, -13740.5292969, 340.708520179)
(-19521.0234375, -13740.4726562, 340.708520179)
(-19520.9667969, -13740.4160156, 340.708520179)
(-19520.9101562, -13740.359375, 340.708520179)
(-19520.8535156, -13740.3027344, 340.708520179)
(-19520.796875, -13740.2460938, 340.708520179)
(-19520.7402344, -13740.1894531, 340.708520179)
(-19520.6835938, -13740.1328125, 340.708520179)
(-19520.6269531, -13740.0761719, 340.708520179)
(-19520.5703125, -13740.0195312, 340.708520179)
(-19520.5136719, -13739.9628906, 340.708520179)
(-19520.4570312, -13739.90625, 340.708520179)
(-19520.4003906, -13739.8496094, 340.708520179)
(-19520.34375, -13739.7929688, 340.708520179)
(-19520.2871094, -13739.7363281, 340.708520179)
(-19520.2304688, -13739.6796875, 340.708520179)
(-19520.1738281, -13739.6230469, 340.708520179)
(-19520.1171875, -13739.5664062, 340.708520179)
(-19520.0605469, -13739.5097656, 340.708520179)
(-19520.0039062, -13739.453125, 340.708520179)
(-19519.9472656, -13739.3964844, 340.708520179)
(-19519.890625, -13739.3398438, 340.708520179)
(-19519.8339844, -13739.2832031, 340.708520179)
(-19519.7773438, -13739.2265625, 340.708520179)
(-19519.7207031, -13739.1699219, 340.708520179)
(-19519.6640625, -13739.1132812, 340.708520179)
(-19519.6074219, -13739.0566406, 340.708520179)
(-19519.5507812, -13739.0, 340.708520179)
(-19519.4941406, -13738.9433594, 340.708520179)
(-19519.4375, -13738.8867188, 340.708520179)
(-19519.3808594, -13738.8300781, 340.708520179)
(-19519.3242188, -13738.7734375, 340.708520179)
(-19519.2675781, -13738.7167969, 340.708520179)
(-19519.2109375, -13738.6601562, 340.708520179)
(-19519.1542969, -13738.6035156, 340.708520179)
(-19519.0976562, -13738.546875, 340.708520179)
(-19519.0410156, -13738.4902344, 340.708520179)
(-19518.984375, -13738.4335938, 340.708520179)
(-19518.9277344, -13738.3769531, 340.708520179)
(-19518.8710938, -13738.3203125, 340.708520179)
(-19518.8144531, -13738.2636719, 340.708520179)
(-19518.7578125, -13738.2070312, 340.708520179)
(-19518.7011719, -13738.1503906, 340.708520179)
(-19518.6445312, -13738.09375, 340.708520179)
(-19518.5878906, -13738.0371094, 340.708520179)
(-19518.53125, -13737.9804688, 340.708520179)
(-19518.4746094, -13737.9238281, 340.708520179)
(-19518.4179688, -13737.8671875, 340.708520179)
(-19518.3613281, -13737.8105469, 340.708520179)
(-19518.3046875, -13737.7539062, 340.708520179)
(-19518.2480469, -13737.6972656, 340.708520179)
(-19518.1914062, -13737.640625, 340.708520179)
(-19518.1347656, -13737.5839844, 340.708520179)
(-19518.078125, -13737.5273438, 340.708520179)
(-19518.0214844, -13737.4707031, 340.708520179)
(-19517.9648438, -13737.4140625, 340.708520179)
(-19517.9082031, -13737.3574219, 340.708520179)
(-19517.8515625, -13737.3007812, 340.708520179)
(-19517.7949219, -13737.2441406, 340.708520179)
(-19517.7382812, -13737.1875, 340.708520179)
(-19517.6816406, -13737.1308594, 340.708520179)
(-19517.625, -13737.0742188, 340.708520179)
(-19517.5683594, -13737.0175781, 340.708520179)
(-19517.5117188, -13736.9609375, 340.708520179)
(-19517.4550781, -13736.9042969, 340.708520179)
(-19517.3984375, -13736.8476562, 340.708520179)
(-19517.3417969, -13736.7910156, 340.708520179)
(-19517.2851562, -13736.734375, 340.708520179)
(-19517.2285156, -13736.6777344, 340.708520179)
(-19517.171875, -13736.6210938, 340.708520179)
(-19517.1152344, -13736.5644531, 340.708520179)
(-19517.0585938, -13736.5078125, 340.708520179)
(-19517.0019531, -13736.4511719, 340.708520179)
(-19516.9453125, -13736.3945312, 340.708520179)
(-19516.8886719, -13736.3378906, 340.708520179)
(-19516.8320312, -13736.28125, 340.708520179)
(-19516.7753906, -13736.2246094, 340.708520179)
(-19516.71875, -13736.1679688, 340.708520179)
(-19516.6621094, -13736.1113281, 340.708520179)
(-19516.6054688, -13736.0546875, 340.708520179)
(-19516.5488281, -13735.9980469, 340.708520179)
(-19516.4921875, -13735.9414062, 340.708520179)
(-19516.4355469, -13735.8847656, 340.708520179)
(-19516.3789062, -13735.828125, 340.708520179)
(-19516.3222656, -13735.7714844, 340.708520179)
(-19516.265625, -13735.7148438, 340.708520179)
(-19516.2089844, -13735.6582031, 340.708520179)
(-19516.1523438, -13735.6015625, 340.708520179)
(-19516.0957031, -13735.5449219, 340.708520179)
(-19516.0390625, -13735.4882812, 340.708520179)
(-19515.9824219, -13735.4316406, 340.708520179)
(-19515.9257812, -13735.375, 340.708520179)
(-19515.8691406, -13735.3183594, 340.708520179)
(-19515.8125, -13735.2617188, 340.708520179)
(-19515.7558594, -13735.2050781, 340.708520179)
(-19515.6992188, -13735.1484375, 340.708520179)
(-19515.6425781, -13735.0917969, 340.708520179)
(-19515.5859375, -13735.0351562, 340.708520179)
(-19515.5292969, -13734.9785156, 340.708520179)
(-19515.4726562, -13734.921875, 340.708520179)
(-19515.4160156, -13734.8652344, 340.708520179)
(-19515.359375, -13734.8085938, 340.708520179)
(-19515.3027344, -13734.7519531, 340.708520179)
(-19515.2460938, -13734.6953125, 340.708520179)
(-19515.1894531, -13734.6386719, 340.708520179)
(-19515.1328125, -13734.5820312, 340.708520179)
(-19515.0761719, -13734.5253906, 340.708520179)
(-19515.0195312, -13734.46875, 340.708520179)
(-19514.9628906, -13734.4121094, 340.708520179)
(-19514.90625, -13734.3554688, 340.708520179)
(-19514.8496094, -13734.2988281, 340.708520179)
(-19514.7929688, -13734.2421875, 340.708520179)
(-19514.7363281, -13734.1855469, 340.708520179)
(-19514.6796875, -13734.1289062, 340.708520179)
(-19514.6230469, -13734.0722656, 340.708520179)
(-19514.5664062, -13734.015625, 340.708520179)
(-19514.5097656, -13733.9589844, 340.708520179)
(-19514.453125, -13733.9023438, 340.708520179)
(-19514.3964844, -13733.8457031, 340.708520179)
(-19514.3398438, -13733.7890625, 340.708520179)
(-19514.2832031, -13733.7324219, 340.708520179)
(-19514.2265625, -13733.6757812, 340.708520179)
(-19514.1699219, -13733.6191406, 340.708520179)
(-19514.1132812, -13733.5625, 340.708520179)
(-19514.0566406, -13733.5058594, 340.708520179)
(-19514.0, -13733.4492188, 340.708520179)
(-19513.9433594, -13733.3925781, 340.708520179)
(-19513.8867188, -13733.3359375, 340.708520179)
(-19513.8300781, -13733.2792969, 340.708520179)
(-19513.7734375, -13733.2226562, 340.708520179)
(-19513.7167969, -13733.1660156, 340.708520179)
(-19513.6601562, -13733.109375, 340.708520179)
(-19513.6035156, -13733.0527344, 340.708520179)
(-19513.546875, -13732.9960938, 340.708520179)
(-19513.4902344, -13732.9394531, 340.708520179)
(-19513.4335938, -13732.8828125, 340.708520179)
(-19513.3769531, -13732.8261719, 340.708520179)
(-19513.3203125, -13732.7695312, 340.708520179)
(-19513.2636719, -13732.7128906, 340.708520179)
(-19513.2070312, -13732.65625, 340.708520179)
(-19513.1503906, -13732.5996094, 340.708520179)
(-19513.09375, -13732.5429688, 340.708520179)
(-19513.0371094, -13732.4863281, 340.708520179)
(-19512.9804688, -13732.4296875, 340.708520179)
(-19512.9238281, -13732.3730469, 340.708520179)
(-19512.8671875, -13732.3164062, 340.708520179)
(-19512.8105469, -13732.2597656, 340.708520179)
(-19512.7539062, -13732.203125, 340.708520179)
(-19512.6972656, -13732.1464844, 340.708520179)
(-19512.640625, -13732.0898438, 340.708520179)
(-19512.5839844, -13732.0332031, 340.708520179)
(-19512.5273438, -13731.9765625, 340.708520179)
(-19512.4707031, -13731.9199219, 340.708520179)
(-19512.4140625, -13731.8632812, 340.708520179)
(-19512.3574219, -13731.8066406, 340.708520179)
(-19512.3007812, -13731.75, 340.708520179)
(-19512.2441406, -13731.6933594, 340.708520179)
(-19512.1875, -13731.6367188, 340.708520179)
(-19512.1308594, -13731.5800781, 340.708520179)
(-19512.0742188, -13731.5234375, 340.708520179)
(-19512.0175781, -13731.4667969, 340.708520179)
(-19511.9609375, -13731.4101562, 340.708520179)
(-19511.9042969, -13731.3535156, 340.708520179)
(-19511.8476562, -13731.296875, 340.708520179)
(-19511.7910156, -13731.2402344, 340.708520179)
(-19511.734375, -13731.1835938, 340.708520179)
(-19511.6777344, -13731.1269531, 340.708520179)
(-19511.6210938, -13731.0703125, 340.708520179)
(-19511.5644531, -13731.0136719, 340.708520179)
(-19511.5078125, -13730.9570312, 340.708520179)
(-19511.4511719, -13730.9003906, 340.708520179)
(-19511.3945312, -13730.84375, 340.708520179)
(-19511.3378906, -13730.7871094, 340.708520179)
(-19511.28125, -13730.7304688, 340.708520179)
(-19511.2246094, -13730.6738281, 340.708520179)
(-19511.1679688, -13730.6171875, 340.708520179)
(-19511.1113281, -13730.5605469, 340.708520179)
(-19511.0546875, -13730.5039062, 340.708520179)
(-19510.9980469, -13730.4472656, 340.708520179)
(-19510.9414062, -13730.390625, 340.708520179)
(-19510.8847656, -13730.3339844, 340.708520179)
(-19510.828125, -13730.2773438, 340.708520179)
(-19510.7714844, -13730.2207031, 340.708520179)
(-19510.7148438, -13730.1640625, 340.708520179)
(-19510.6582031, -13730.1074219, 340.708520179)
(-19510.6015625, -13730.0507812, 340.708520179)
(-19510.5449219, -13729.9941406, 340.708520179)
(-19510.4882812, -13729.9375, 340.708520179)
(-19510.4316406, -13729.8808594, 340.708520179)
(-19510.375, -13729.8242188, 340.708520179)
(-19510.3183594, -13729.7675781, 340.708520179)
(-19510.2617188, -13729.7109375, 340.708520179)
(-19510.2050781, -13729.6542969, 340.708520179)
(-19510.1484375, -13729.5976562, 340.708520179)
(-19510.0917969, -13729.5410156, 340.708520179)
(-19510.0351562, -13729.484375, 340.708520179)
(-19509.9785156, -13729.4277344, 340.708520179)
(-19509.921875, -13729.3710938, 340.708520179)
(-19509.8652344, -13729.3144531, 340.708520179)
(-19509.8085938, -13729.2578125, 340.708520179)
(-19509.7519531, -13729.2011719, 340.708520179)
(-19509.6953125, -13729.1445312, 340.708520179)
(-19509.6386719, -13729.0878906, 340.708520179)
(-19509.5820312, -13729.03125, 340.708520179)
(-19509.5253906, -13728.9746094, 340.708520179)
(-19509.46875, -13728.9179688, 340.708520179)
(-19509.4121094, -13728.8613281, 340.708520179)
(-19509.3554688, -13728.8046875, 340.708520179)
(-19509.2988281, -13728.7480469, 340.708520179)
(-19509.2421875, -13728.6914062, 340.708520179)
(-19509.1855469, -13728.6347656, 340.708520179)
(-19509.1289062, -13728.578125, 340.708520179)
(-19509.0722656, -13728.5214844, 340.708520179)
(-19509.015625, -13728.4648438, 340.708520179)
(-19508.9589844, -13728.4082031, 340.708520179)
(-19508.9023438, -13728.3515625, 340.708520179)
(-19508.8457031, -13728.2949219, 340.708520179)
(-19508.7890625, -13728.2382812, 340.708520179)
(-19508.7324219, -13728.1816406, 340.708520179)
(-19508.6757812, -13728.125, 340.708520179)
(-19508.6191406, -13728.0683594, 340.708520179)
(-19508.5625, -13728.0117188, 340.708520179)
(-19508.5058594, -13727.9550781, 340.708520179)
(-19508.4492188, -13727.8984375, 340.708520179)
(-19508.3925781, -13727.8417969, 340.708520179)
(-19508.3359375, -13727.7851562, 340.708520179)
(-19508.2792969, -13727.7285156, 340.708520179)
(-19508.2226562, -13727.671875, 340.708520179)
(-19508.1660156, -13727.6152344, 340.708520179)
(-19508.109375, -13727.5585938, 340.708520179)
(-19508.0527344, -13727.5019531, 340.708520179)
(-19507.9960938, -13727.4453125, 340.708520179)
(-19507.9394531, -13727.3886719, 340.708520179)
(-19507.8828125, -13727.3320312, 340.708520179)
(-19507.8261719, -13727.2753906, 340.708520179)
(-19507.7695312, -13727.21875, 340.708520179)
(-19507.7128906, -13727.1621094, 340.708520179)
(-19507.65625, -13727.1054688, 340.708520179)
(-19507.5996094, -13727.0488281, 340.708520179)
(-19507.5429688, -13726.9921875, 340.708520179)
(-19507.4863281, -13726.9355469, 340.708520179)
(-19507.4296875, -13726.8789062, 340.708520179)
(-19507.3730469, -13726.8222656, 340.708520179)
(-19507.3164062, -13726.765625, 340.708520179)
(-19507.2597656, -13726.7089844, 340.708520179)
(-19507.203125, -13726.6523438, 340.708520179)
(-19507.1464844, -13726.5957031, 340.708520179)
(-19507.0898438, -13726.5390625, 340.708520179)
(-19507.0332031, -13726.4824219, 340.708520179)
(-19506.9765625, -13726.4257812, 340.708520179)
(-19506.9199219, -13726.3691406, 340.708520179)
(-19506.8632812, -13726.3125, 340.708520179)
(-19506.8066406, -13726.2558594, 340.708520179)
(-19506.75, -13726.1992188, 340.708520179)
(-19506.6933594, -13726.1425781, 340.708520179)
(-19506.6367188, -13726.0859375, 340.708520179)
(-19506.5800781, -13726.0292969, 340.708520179)
(-19506.5234375, -13725.9726562, 340.708520179)
(-19506.4667969, -13725.9160156, 340.708520179)
(-19506.4101562, -13725.859375, 340.708520179)
(-19506.3535156, -13725.8027344, 340.708520179)
(-19506.296875, -13725.7460938, 340.708520179)
(-19506.2402344, -13725.6894531, 340.708520179)
(-19506.1835938, -13725.6328125, 340.708520179)
(-19506.1269531, -13725.5761719, 340.708520179)
(-19506.0703125, -13725.5195312, 340.708520179)
(-19506.0136719, -13725.4628906, 340.708520179)
(-19505.9570312, -13725.40625, 340.708520179)
(-19505.9003906, -13725.3496094, 340.708520179)
(-19505.84375, -13725.2929688, 340.708520179)
(-19505.7871094, -13725.2363281, 340.708520179)
(-19505.7304688, -13725.1796875, 340.708520179)
(-19505.6738281, -13725.1230469, 340.708520179)
(-19505.6171875, -13725.0664062, 340.708520179)
(-19505.5605469, -13725.0097656, 340.708520179)
(-19505.5039062, -13724.953125, 340.708520179)
(-19505.4472656, -13724.8964844, 340.708520179)
(-19505.390625, -13724.8398438, 340.708520179)
(-19505.3339844, -13724.7832031, 340.708520179)
(-19505.2773438, -13724.7265625, 340.708520179)
(-19505.2207031, -13724.6699219, 340.708520179)
(-19505.1640625, -13724.6132812, 340.708520179)
(-19505.1074219, -13724.5566406, 340.708520179)
(-19505.0507812, -13724.5, 340.708520179)
(-19504.9941406, -13724.4433594, 340.708520179)
(-19504.9375, -13724.3867188, 340.708520179)
(-19504.8808594, -13724.3300781, 340.708520179)
(-19504.8242188, -13724.2734375, 340.708520179)
(-19504.7675781, -13724.2167969, 340.708520179)
(-19504.7109375, -13724.1601562, 340.708520179)
(-19504.6542969, -13724.1035156, 340.708520179)
(-19504.5976562, -13724.046875, 340.708520179)
(-19504.5410156, -13723.9902344, 340.708520179)
(-19504.484375, -13723.9335938, 340.708520179)
(-19504.4277344, -13723.8769531, 340.708520179)
(-19504.3710938, -13723.8203125, 340.708520179)
(-19504.3144531, -13723.7636719, 340.708520179)
(-19504.2578125, -13723.7070312, 340.708520179)
(-19504.2011719, -13723.6503906, 340.708520179)
(-19504.1445312, -13723.59375, 340.708520179)
(-19504.0878906, -13723.5371094, 340.708520179)
(-19504.03125, -13723.4804688, 340.708520179)
(-19503.9746094, -13723.4238281, 340.708520179)
(-19503.9179688, -13723.3671875, 340.708520179)
(-19503.8613281, -13723.3105469, 340.708520179)
(-19503.8046875, -13723.2539062, 340.708520179)
(-19503.7480469, -13723.1972656, 340.708520179)
(-19503.6914062, -13723.140625, 340.708520179)
(-19503.6347656, -13723.0839844, 340.708520179)
(-19503.578125, -13723.0273438, 340.708520179)
(-19503.5214844, -13722.9707031, 340.708520179)
(-19503.4648438, -13722.9140625, 340.708520179)
(-19503.4082031, -13722.8574219, 340.708520179)
(-19503.3515625, -13722.8007812, 340.708520179)
(-19503.2949219, -13722.7441406, 340.708520179)
(-19503.2382812, -13722.6875, 340.708520179)
(-19503.1816406, -13722.6308594, 340.708520179)
(-19503.125, -13722.5742188, 340.708520179)
(-19503.0683594, -13722.5175781, 340.708520179)
(-19503.0117188, -13722.4609375, 340.708520179)
(-19502.9550781, -13722.4042969, 340.708520179)
(-19502.8984375, -13722.3476562, 340.708520179)
(-19502.8417969, -13722.2910156, 340.708520179)
(-19502.7851562, -13722.234375, 340.708520179)
(-19502.7285156, -13722.1777344, 340.708520179)
(-19502.671875, -13722.1210938, 340.708520179)
(-19502.6152344, -13722.0644531, 340.708520179)
(-19502.5585938, -13722.0078125, 340.708520179)
(-19502.5019531, -13721.9511719, 340.708520179)
(-19502.4453125, -13721.8945312, 340.708520179)
(-19502.3886719, -13721.8378906, 340.708520179)
(-19502.3320312, -13721.78125, 340.708520179)
(-19502.2753906, -13721.7246094, 340.708520179)
(-19502.21875, -13721.6679688, 340.708520179)
(-19502.1621094, -13721.6113281, 340.708520179)
(-19502.1054688, -13721.5546875, 340.708520179)
(-19502.0488281, -13721.4980469, 340.708520179)
(-19501.9921875, -13721.4414062, 340.708520179)
(-19501.9355469, -13721.3847656, 340.708520179)
(-19501.8789062, -13721.328125, 340.708520179)
(-19501.8222656, -13721.2714844, 340.708520179)
(-19501.765625, -13721.2148438, 340.708520179)
(-19501.7089844, -13721.1582031, 340.708520179)
(-19501.6523438, -13721.1015625, 340.708520179)
(-19501.5957031, -13721.0449219, 340.708520179)
(-19501.5390625, -13720.9882812, 340.708520179)
(-19501.4824219, -13720.9316406, 340.708520179)
(-19501.4355469, -13720.8671875, 340.708520179)
(-19501.3886719, -13720.8027344, 340.708520179)
(-19501.3417969, -13720.7382812, 340.708520179)
(-19501.2949219, -13720.6738281, 340.707258296)
(-19501.2480469, -13720.609375, 340.704482152)
(-19501.2011719, -13720.5449219, 340.701706009)
(-19501.1542969, -13720.4804688, 340.698929865)
(-19501.1074219, -13720.4160156, 340.696153722)
(-19501.0605469, -13720.3515625, 340.693377578)
(-19501.0136719, -13720.2871094, 340.690601435)
(-19500.9667969, -13720.2226562, 340.687825291)
(-19500.9199219, -13720.1582031, 340.685049148)
(-19500.8730469, -13720.09375, 340.682273004)
(-19500.8261719, -13720.0292969, 340.679496861)
(-19500.7792969, -13719.9648438, 340.676720717)
(-19500.7324219, -13719.9003906, 340.673944574)
(-19500.6855469, -13719.8359375, 340.67116843)
(-19500.6386719, -13719.7714844, 340.668392287)
(-19500.5917969, -13719.7070312, 340.665616143)
(-19500.5449219, -13719.6425781, 340.66284)
(-19500.4980469, -13719.578125, 340.660063857)
(-19500.4511719, -13719.5136719, 340.657287713)
(-19500.4042969, -13719.4492188, 340.65451157)
(-19500.3574219, -13719.3847656, 340.651735426)
(-19500.3105469, -13719.3203125, 340.648959283)
(-19500.2636719, -13719.2558594, 340.646183139)
(-19500.2167969, -13719.1914062, 340.643406996)
(-19500.1699219, -13719.1269531, 340.640630852)
(-19500.1230469, -13719.0625, 340.637854709)
(-19500.0761719, -13718.9980469, 340.635078565)
(-19500.0292969, -13718.9335938, 340.632302422)
(-19499.9824219, -13718.8691406, 340.629526278)
(-19499.9355469, -13718.8046875, 340.626750135)
(-19499.8886719, -13718.7402344, 340.623973991)
(-19499.8417969, -13718.6757812, 340.621197848)
(-19499.7949219, -13718.6113281, 340.618421704)
(-19499.7480469, -13718.546875, 340.615645561)
(-19499.7011719, -13718.4824219, 340.612869417)
(-19499.6542969, -13718.4179688, 340.610093274)
(-19499.6074219, -13718.3535156, 340.60731713)
(-19499.5605469, -13718.2890625, 340.604540987)
(-19499.5136719, -13718.2246094, 340.601764843)
(-19499.4648438, -13718.1611328, 340.599030762)
(-19499.4101562, -13718.1035156, 340.596549058)
(-19499.3554688, -13718.0458984, 340.594067354)
(-19499.3007812, -13717.9882812, 340.59158565)
(-19499.2441406, -13717.9306641, 340.589103946)
(-19499.1875, -13717.8730469, 340.586622242)
(-19499.1308594, -13717.8154297, 340.584140538)
(-19499.0742188, -13717.7578125, 340.581658834)
(-19499.0195312, -13717.7001953, 340.57917713)
(-19498.9648438, -13717.6425781, 340.576695426)
(-19498.9101562, -13717.5849609, 340.574213722)
(-19498.8535156, -13717.5273438, 340.571732018)
(-19498.796875, -13717.4697266, 340.569250314)
(-19498.7402344, -13717.4121094, 340.56676861)
(-19498.6835938, -13717.3544922, 340.564286906)
(-19498.6289062, -13717.296875, 340.561805202)
(-19498.5742188, -13717.2392578, 340.559323498)
(-19498.5175781, -13717.1816406, 340.556841794)
(-19498.4609375, -13717.1240234, 340.55436009)
(-19498.4042969, -13717.0664062, 340.551878386)
(-19498.3496094, -13717.0087891, 340.549396682)
(-19498.2949219, -13716.9511719, 340.546914978)
(-19498.2382812, -13716.8935547, 340.544433274)
(-19498.1816406, -13716.8359375, 340.54195157)
(-19498.125, -13716.7783203, 340.539469865)
(-19498.0703125, -13716.7207031, 340.536988161)
(-19498.015625, -13716.6630859, 340.534506457)
(-19497.9589844, -13716.6054688, 340.532024753)
(-19497.9023438, -13716.5478516, 340.529543049)
(-19497.8457031, -13716.4902344, 340.527061345)
(-19497.7910156, -13716.4326172, 340.524579641)
(-19497.7363281, -13716.375, 340.522097937)
(-19497.6796875, -13716.3173828, 340.519616233)
(-19497.6230469, -13716.2597656, 340.517134529)
(-19497.5664062, -13716.2021484, 340.514652825)
(-19497.5117188, -13716.1445312, 340.512171121)
(-19497.4492188, -13716.0957031, 340.510067982)
(-19497.3789062, -13716.0566406, 340.508385471)
(-19497.3046875, -13716.0292969, 340.507207713)
(-19497.2265625, -13716.0136719, 340.506534709)
(-19497.1464844, -13716.0078125, 340.506282332)
(-19497.0664062, -13716.0019531, 340.506029955)
(-19496.9863281, -13715.9960938, 340.505777578)
(-19496.90625, -13715.9902344, 340.505525202)
(-19496.8261719, -13715.984375, 340.505272825)
(-19496.7460938, -13715.9785156, 340.505020448)
(-19496.6660156, -13715.9726562, 340.504768072)
(-19496.5859375, -13715.9667969, 340.504515695)
(-19496.5058594, -13715.9609375, 340.504263318)
(-19496.4257812, -13715.9550781, 340.504010942)
(-19496.3457031, -13715.9492188, 340.503758565)
(-19496.265625, -13715.9433594, 340.503506188)
(-19496.1855469, -13715.9375, 340.503253812)
(-19496.1054688, -13715.9316406, 340.503001435)
(-19496.0253906, -13715.9267578, 340.502791121)
(-19495.9453125, -13715.921875, 340.502580807)
(-19495.8652344, -13715.9169922, 340.502370493)
(-19495.7851562, -13715.9111328, 340.502118117)
(-19495.7050781, -13715.9052734, 340.50186574)
(-19495.625, -13715.8994141, 340.501613363)
(-19495.5449219, -13715.90625, 340.501907803)
(-19495.4667969, -13715.9257812, 340.502749058)
(-19495.3925781, -13715.9570312, 340.504095067)
(-19495.3242188, -13715.9990234, 340.505903767)
(-19495.2636719, -13716.0507812, 340.508133094)
(-19495.2050781, -13716.1044922, 340.510446547)
(-19495.1464844, -13716.1582031, 340.51276)
(-19495.0878906, -13716.2119141, 340.515073453)
(-19495.0292969, -13716.265625, 340.517386906)
(-19494.9707031, -13716.3193359, 340.519700359)
(-19494.9121094, -13716.3730469, 340.522013812)
(-19494.8535156, -13716.4267578, 340.524327265)
(-19494.7949219, -13716.4804688, 340.526640717)
(-19494.7363281, -13716.5341797, 340.52895417)
(-19494.6777344, -13716.5878906, 340.531267623)
(-19494.6191406, -13716.6416016, 340.533581076)
(-19494.5605469, -13716.6953125, 340.535894529)
(-19494.5019531, -13716.7490234, 340.538207982)
(-19494.4433594, -13716.8027344, 340.540521435)
(-19494.3847656, -13716.8564453, 340.542834888)
(-19494.3261719, -13716.9101562, 340.545148341)
(-19494.2675781, -13716.9638672, 340.547461794)
(-19494.2089844, -13717.0175781, 340.549775247)
(-19494.1484375, -13717.0712891, 340.5520887)
(-19494.0878906, -13717.125, 340.554402152)
(-19494.0273438, -13717.1787109, 340.556715605)
(-19493.9667969, -13717.2324219, 340.559029058)
(-19493.9082031, -13717.2861328, 340.561342511)
(-19493.8496094, -13717.3398438, 340.563655964)
(-19493.7890625, -13717.3935547, 340.565969417)
(-19493.7285156, -13717.4472656, 340.56828287)
(-19493.6679688, -13717.5009766, 340.570596323)
(-19493.6074219, -13717.5546875, 340.572909776)
(-19493.546875, -13717.6083984, 340.575223229)
(-19493.4785156, -13717.6513672, 340.577073991)
(-19493.4042969, -13717.6826172, 340.57842)
(-19493.3261719, -13717.7021484, 340.579261256)
(-19493.2460938, -13717.7089844, 340.579555695)
(-19493.1660156, -13717.7158203, 340.579850135)
(-19493.0859375, -13717.7226562, 340.580144574)
(-19493.0058594, -13717.7294922, 340.580439013)
(-19492.9257812, -13717.7363281, 340.580733453)
(-19492.8457031, -13717.7431641, 340.581027892)
(-19492.765625, -13717.75, 340.581322332)
(-19492.6855469, -13717.7568359, 340.581616771)
(-19492.6054688, -13717.7636719, 340.581911211)
(-19492.5253906, -13717.7705078, 340.58220565)
(-19492.4453125, -13717.7773438, 340.58250009)
(-19492.3652344, -13717.7841797, 340.582794529)
(-19492.2851562, -13717.7910156, 340.583088969)
(-19492.2050781, -13717.7978516, 340.583383408)
(-19492.125, -13717.8046875, 340.583677848)
(-19492.0449219, -13717.8115234, 340.583972287)
(-19491.9648438, -13717.8183594, 340.584266726)
(-19491.8847656, -13717.8251953, 340.584561166)
(-19491.8046875, -13717.8310547, 340.584813543)
(-19491.7246094, -13717.8369141, 340.585065919)
(-19491.6445312, -13717.8427734, 340.585318296)
(-19491.5644531, -13717.84375, 340.585360359)
(-19491.484375, -13717.8447266, 340.585402422)
(-19491.4042969, -13717.8457031, 340.585444484)
(-19491.3242188, -13717.8466797, 340.585486547)
(-19491.2441406, -13717.8476562, 340.58552861)
(-19491.1640625, -13717.8486328, 340.585570673)
(-19491.0839844, -13717.8496094, 340.585612735)
(-19491.0039062, -13717.8505859, 340.585654798)
(-19490.9238281, -13717.8515625, 340.585696861)
(-19490.84375, -13717.8525391, 340.585738924)
(-19490.7636719, -13717.8535156, 340.585780987)
(-19490.6835938, -13717.8544922, 340.585823049)
(-19490.6035156, -13717.8554688, 340.585865112)
(-19490.5234375, -13717.8564453, 340.585907175)
(-19490.4433594, -13717.8574219, 340.585949238)
(-19490.3632812, -13717.8583984, 340.5859913)
(-19490.2832031, -13717.859375, 340.586033363)
(-19490.203125, -13717.8603516, 340.586075426)
(-19490.1230469, -13717.8613281, 340.586117489)
(-19490.0429688, -13717.8623047, 340.586159552)
(-19489.9628906, -13717.8632812, 340.586201614)
(-19489.8828125, -13717.8642578, 340.586243677)
(-19489.8027344, -13717.8652344, 340.58628574)
(-19489.7226562, -13717.8662109, 340.586327803)
(-19489.6425781, -13717.8671875, 340.586369865)
(-19489.5625, -13717.8671875, 340.586369865)
(-19489.4824219, -13717.8671875, 340.586369865)
(-19489.4023438, -13717.8671875, 340.586369865)
(-19489.3222656, -13717.8671875, 340.586369865)
(-19489.2421875, -13717.8671875, 340.586369865)
(-19489.1621094, -13717.8671875, 340.586369865)
(-19489.0820312, -13717.8671875, 340.586369865)
(-19489.0019531, -13717.8671875, 340.586369865)
(-19488.921875, -13717.8671875, 340.586369865)
(-19488.8417969, -13717.8671875, 340.586369865)
(-19488.7617188, -13717.8671875, 340.586369865)
(-19488.6816406, -13717.8671875, 340.586369865)
(-19488.6015625, -13717.8671875, 340.586369865)
(-19488.5214844, -13717.8671875, 340.586369865)
(-19488.4414062, -13717.8671875, 340.586369865)
(-19488.3613281, -13717.8681641, 340.586411928)
(-19488.28125, -13717.8691406, 340.586453991)
(-19488.2011719, -13717.8701172, 340.586496054)
(-19488.1210938, -13717.8701172, 340.586496054)
(-19488.0410156, -13717.8701172, 340.586496054)
(-19487.9609375, -13717.8701172, 340.586496054)
(-19487.8808594, -13717.8710938, 340.586538117)
(-19487.8007812, -13717.8720703, 340.586580179)
(-19487.7207031, -13717.8730469, 340.586622242)
(-19487.640625, -13717.8730469, 340.586622242)
(-19487.5625, -13717.8857422, 340.587169058)
(-19487.4863281, -13717.9111328, 340.588262691)
(-19487.4160156, -13717.9482422, 340.589861076)
(-19487.3515625, -13717.9960938, 340.591922152)
(-19487.2949219, -13718.0537109, 340.594403857)
(-19487.2480469, -13718.1191406, 340.597222063)
(-19487.2128906, -13718.1904297, 340.600292646)
(-19487.1660156, -13718.2558594, 340.603110852)
(-19487.1308594, -13718.3271484, 340.606181435)
(-19487.0839844, -13718.3925781, 340.608999641)
(-19487.0488281, -13718.4638672, 340.612070224)
(-19487.0019531, -13718.5292969, 340.61488843)
(-19486.9453125, -13718.5859375, 340.617328072)
(-19486.8984375, -13718.6503906, 340.620104215)
(-19486.8417969, -13718.7070312, 340.622543857)
(-19486.7949219, -13718.7714844, 340.62532)
(-19486.7382812, -13718.828125, 340.627759641)
(-19486.6914062, -13718.8925781, 340.630535785)
(-19486.6347656, -13718.9492188, 340.632975426)
(-19486.5878906, -13719.0136719, 340.63575157)
(-19486.53125, -13719.0703125, 340.638191211)
(-19486.4667969, -13719.1171875, 340.640210224)
(-19486.4101562, -13719.1738281, 340.642649865)
(-19486.3457031, -13719.2207031, 340.644668879)
(-19486.2890625, -13719.2773438, 340.64710852)
(-19486.2246094, -13719.3242188, 340.649127534)
(-19486.1679688, -13719.3808594, 340.651567175)
(-19486.1035156, -13719.4277344, 340.653586188)
(-19486.046875, -13719.484375, 340.65602583)
(-19485.9824219, -13719.53125, 340.658044843)
(-19485.9121094, -13719.5673828, 340.659601166)
(-19485.8359375, -13719.5927734, 340.660694798)
(-19485.7578125, -13719.6054688, 340.661241614)
(-19485.6777344, -13719.6054688, 340.661241614)
(-19485.5996094, -13719.5927734, 340.660694798)
(-19485.5195312, -13719.5927734, 340.660694798)
(-19485.4414062, -13719.6054688, 340.661241614)
(-19485.3652344, -13719.6308594, 340.662335247)
(-19485.2871094, -13719.6435547, 340.662882063)
(-19485.2070312, -13719.6435547, 340.662882063)
(-19485.1289062, -13719.6308594, 340.662335247)
(-19485.0527344, -13719.6054688, 340.661241614)
(-19484.9746094, -13719.5927734, 340.660694798)
(-19484.8945312, -13719.5927734, 340.660694798)
(-19484.8164062, -13719.6054688, 340.661241614)
(-19484.7363281, -13719.6054688, 340.661241614)
(-19484.6582031, -13719.5927734, 340.660694798)
(-19484.5820312, -13719.5673828, 340.659601166)
(-19484.5117188, -13719.5302734, 340.65800278)
(-19484.4472656, -13719.4824219, 340.655941704)
(-19484.3847656, -13719.4326172, 340.653796502)
(-19484.3222656, -13719.3828125, 340.6516513)
(-19484.2597656, -13719.3330078, 340.649506099)
(-19484.1972656, -13719.2832031, 340.647360897)
(-19484.1269531, -13719.2441406, 340.645678386)
(-19484.0644531, -13719.1953125, 340.643575247)
(-19484.0019531, -13719.1455078, 340.641430045)
(-19483.9394531, -13719.0957031, 340.639284843)
(-19483.8769531, -13719.0458984, 340.637139641)
(-19483.8144531, -13718.9960938, 340.634994439)
(-19483.7519531, -13718.9462891, 340.632849238)
(-19483.6894531, -13718.8964844, 340.630704036)
(-19483.6269531, -13718.8466797, 340.628558834)
(-19483.5644531, -13718.796875, 340.626413632)
(-19483.5019531, -13718.7470703, 340.62426843)
(-19483.4394531, -13718.6972656, 340.622123229)
(-19483.3769531, -13718.6474609, 340.619978027)
(-19483.3144531, -13718.5976562, 340.617832825)
(-19483.2519531, -13718.5478516, 340.615687623)
(-19483.1894531, -13718.4970703, 340.613500359)
(-19483.1269531, -13718.4462891, 340.611313094)
(-19483.0644531, -13718.3955078, 340.60912583)
(-19483.0019531, -13718.3447266, 340.606938565)
(-19482.9394531, -13718.2939453, 340.6047513)
(-19482.8769531, -13718.2431641, 340.602564036)
(-19482.8144531, -13718.1923828, 340.600376771)
(-19482.7519531, -13718.1416016, 340.598189507)
(-19482.6894531, -13718.0917969, 340.596044305)
(-19482.6191406, -13718.0527344, 340.594361794)
(-19482.5449219, -13718.0253906, 340.593184036)
(-19482.4667969, -13718.0097656, 340.592511031)
(-19482.3867188, -13718.0039062, 340.592258655)
(-19482.3066406, -13717.9990234, 340.592048341)
(-19482.2265625, -13717.9941406, 340.591838027)
(-19482.1464844, -13717.9892578, 340.591627713)
(-19482.0664062, -13717.984375, 340.591417399)
(-19481.9863281, -13717.9794922, 340.591207085)
(-19481.90625, -13717.9746094, 340.590996771)
(-19481.8261719, -13717.9697266, 340.590786457)
(-19481.7460938, -13717.9648438, 340.590576143)
(-19481.6660156, -13717.9589844, 340.590323767)
(-19481.5859375, -13717.953125, 340.59007139)
(-19481.5058594, -13717.9472656, 340.589819013)
(-19481.4257812, -13717.9423828, 340.5896087)
(-19481.3457031, -13717.9375, 340.589398386)
(-19481.265625, -13717.9326172, 340.589188072)
(-19481.1855469, -13717.9267578, 340.588935695)
(-19481.1054688, -13717.9208984, 340.588683318)
(-19481.0253906, -13717.9150391, 340.588430942)
(-19480.9453125, -13717.9101562, 340.588220628)
(-19480.8652344, -13717.9052734, 340.588010314)
(-19480.7851562, -13717.9003906, 340.5878)
(-19480.7050781, -13717.8994141, 340.587757937)
(-19480.625, -13717.8984375, 340.587715874)
(-19480.5449219, -13717.8974609, 340.587673812)
(-19480.4648438, -13717.8964844, 340.587631749)
(-19480.3847656, -13717.8955078, 340.587589686)
(-19480.3046875, -13717.8945312, 340.587547623)
(-19480.2246094, -13717.8935547, 340.587505561)
(-19480.1445312, -13717.8925781, 340.587463498)
(-19480.0644531, -13717.8916016, 340.587421435)
(-19479.984375, -13717.890625, 340.587379372)
(-19479.9042969, -13717.8896484, 340.587337309)
(-19479.8242188, -13717.8886719, 340.587295247)
(-19479.7441406, -13717.8876953, 340.587253184)
(-19479.6640625, -13717.8867188, 340.587211121)
(-19479.5839844, -13717.8857422, 340.587169058)
(-19479.5039062, -13717.8847656, 340.587126996)
(-19479.4238281, -13717.8837891, 340.587084933)
(-19479.34375, -13717.8828125, 340.58704287)
(-19479.2636719, -13717.8818359, 340.587000807)
(-19479.1835938, -13717.8808594, 340.586958744)
(-19479.1035156, -13717.8798828, 340.586916682)
(-19479.0234375, -13717.8789062, 340.586874619)
(-19478.9433594, -13717.8779297, 340.586832556)
(-19478.8632812, -13717.8769531, 340.586790493)
(-19478.7832031, -13717.8769531, 340.586790493)
(-19478.703125, -13717.8769531, 340.586790493)
(-19478.6230469, -13717.8769531, 340.586790493)
(-19478.5429688, -13717.8769531, 340.586790493)
(-19478.4628906, -13717.8769531, 340.586790493)
(-19478.3828125, -13717.8769531, 340.586790493)
(-19478.3027344, -13717.8769531, 340.586790493)
(-19478.2226562, -13717.8769531, 340.586790493)
(-19478.1425781, -13717.8769531, 340.586790493)
(-19478.0625, -13717.8769531, 340.586790493)
(-19477.9824219, -13717.8769531, 340.586790493)
(-19477.9023438, -13717.8769531, 340.586790493)
(-19477.8222656, -13717.8769531, 340.586790493)
(-19477.7421875, -13717.8769531, 340.586790493)
(-19477.6621094, -13717.8769531, 340.586790493)
(-19477.5820312, -13717.8769531, 340.586790493)
(-19477.5019531, -13717.8769531, 340.586790493)
(-19477.421875, -13717.8769531, 340.586790493)
(-19477.3417969, -13717.8769531, 340.586790493)
(-19477.2617188, -13717.8769531, 340.586790493)
(-19477.1816406, -13717.8769531, 340.586790493)
(-19477.1015625, -13717.8769531, 340.586790493)
(-19477.0214844, -13717.8769531, 340.586790493)
(-19476.9414062, -13717.8769531, 340.586790493)
(-19476.8613281, -13717.8769531, 340.586790493)
(-19476.78125, -13717.8769531, 340.586790493)
(-19476.7011719, -13717.8769531, 340.586790493)
(-19476.6210938, -13717.8769531, 340.586790493)
(-19476.5410156, -13717.8769531, 340.586790493)
(-19476.4609375, -13717.8769531, 340.586790493)
(-19476.3808594, -13717.8769531, 340.586790493)
(-19476.3007812, -13717.8769531, 340.586790493)
(-19476.2207031, -13717.8769531, 340.586790493)
(-19476.140625, -13717.8769531, 340.586790493)
(-19476.0605469, -13717.8769531, 340.586790493)
(-19475.9804688, -13717.8769531, 340.586790493)
(-19475.9003906, -13717.8769531, 340.586790493)
(-19475.8203125, -13717.8769531, 340.586790493)
(-19475.7402344, -13717.8769531, 340.586790493)
(-19475.6601562, -13717.8769531, 340.586790493)
(-19475.5800781, -13717.8769531, 340.586790493)
(-19475.5, -13717.8769531, 340.586790493)
(-19475.4199219, -13717.8769531, 340.586790493)
(-19475.3398438, -13717.8769531, 340.586790493)
(-19475.2597656, -13717.8769531, 340.586790493)
(-19475.1796875, -13717.8769531, 340.586790493)
(-19475.0996094, -13717.8769531, 340.586790493)
(-19475.0195312, -13717.8769531, 340.586790493)
(-19474.9394531, -13717.8769531, 340.586790493)
(-19474.859375, -13717.8769531, 340.586790493)
(-19474.7792969, -13717.8769531, 340.586790493)
(-19474.6992188, -13717.8769531, 340.586790493)
(-19474.6191406, -13717.8769531, 340.586790493)
