(-19546.0195312, -13760.7001953, 340.708520179)
(-19545.9394531, -13760.7001953, 340.708520179)
(-19545.859375, -13760.7001953, 340.708520179)
(-19545.7792969, -13760.7001953, 340.708520179)
(-19545.6992188, -13760.7001953, 340.708520179)
(-19545.6191406, -13760.7001953, 340.708520179)
(-19545.5390625, -13760.7001953, 340.708520179)
(-19545.4589844, -13760.7001953, 340.708520179)
(-19545.3789062, -13760.7001953, 340.708520179)
(-19545.2988281, -13760.7001953, 340.708520179)
(-19545.21875, -13760.7001953, 340.708520179)
(-19545.1386719, -13760.7001953, 340.708520179)
(-19545.0585938, -13760.7001953, 340.708520179)
(-19544.9785156, -13760.7001953, 340.708520179)
(-19544.8984375, -13760.7001953, 340.708520179)
(-19544.8183594, -13760.7001953, 340.708520179)
(-19544.7382812, -13760.7001953, 340.708520179)
(-19544.6582031, -13760.7001953, 340.708520179)
(-19544.578125, -13760.7001953, 340.708520179)
(-19544.4980469, -13760.7001953, 340.708520179)
(-19544.4179688, -13760.7001953, 340.708520179)
(-19544.3398438, -13760.6875, 340.708520179)
(-19544.2636719, -13760.6621094, 340.708520179)
(-19544.1933594, -13760.625, 340.708520179)
(-19544.1289062, -13760.5771484, 340.708520179)
(-19544.0703125, -13760.5234375, 340.708520179)
(-19544.0117188, -13760.4697266, 340.708520179)
(-19543.953125, -13760.4160156, 340.708520179)
(-19543.8945312, -13760.3623047, 340.708520179)
(-19543.8359375, -13760.3085938, 340.708520179)
(-19543.7773438, -13760.2548828, 340.708520179)
(-19543.71875, -13760.2011719, 340.708520179)
(-19543.6601562, -13760.1474609, 340.708520179)
(-19543.6015625, -13760.09375, 340.708520179)
(-19543.5429688, -13760.0400391, 340.708520179)
(-19543.484375, -13759.9863281, 340.708520179)
(-19543.4257812, -13759.9326172, 340.708520179)
(-19543.3671875, -13759.8789062, 340.708520179)
(-19543.3085938, -13759.8251953, 340.708520179)
(-19543.25, -13759.7714844, 340.708520179)
(-19543.1914062, -13759.7177734, 340.708520179)
(-19543.1328125, -13759.6640625, 340.708520179)
(-19543.0742188, -13759.6103516, 340.708520179)
(-19543.015625, -13759.5566406, 340.708520179)
(-19542.9570312, -13759.5029297, 340.708520179)
(-19542.8984375, -13759.4492188, 340.708520179)
(-19542.8398438, -13759.3955078, 340.708520179)
(-19542.78125, -13759.3417969, 340.708520179)
(-19542.7226562, -13759.2880859, 340.708520179)
(-19542.6640625, -13759.234375, 340.708520179)
(-19542.6054688, -13759.1806641, 340.708520179)
(-19542.546875, -13759.1269531, 340.708520179)
(-19542.4882812, -13759.0732422, 340.708520179)
(-19542.4296875, -13759.0195312, 340.708520179)
(-19542.3710938, -13758.9658203, 340.708520179)
(-19542.3144531, -13758.9101562, 340.708520179)
(-19542.2578125, -13758.8535156, 340.708520179)
(-19542.2011719, -13758.796875, 340.708520179)
(-19542.1445312, -13758.7402344, 340.708520179)
(-19542.0878906, -13758.6835938, 340.708520179)
(-19542.03125, -13758.6269531, 340.708520179)
(-19541.9746094, -13758.5712891, 340.708520179)
(-19541.9179688, -13758.515625, 340.708520179)
(-19541.8613281, -13758.4599609, 340.708520179)
(-19541.8046875, -13758.4042969, 340.708520179)
(-19541.7480469, -13758.3486328, 340.708520179)
(-19541.6914062, -13758.2929688, 340.708520179)
(-19541.6347656, -13758.2373047, 340.708520179)
(-19541.578125, -13758.1806641, 340.708520179)
(-19541.5214844, -13758.1240234, 340.708520179)
(-19541.4648438, -13758.0683594, 340.708520179)
(-19541.4082031, -13758.0126953, 340.708520179)
(-19541.3515625, -13757.9570312, 340.708520179)
(-19541.2949219, -13757.9013672, 340.708520179)
(-19541.2382812, -13757.8457031, 340.708520179)
(-19541.1816406, -13757.7900391, 340.708520179)
(-19541.125, -13757.734375, 340.708520179)
(-19541.0683594, -13757.6787109, 340.708520179)
(-19541.0117188, -13757.6230469, 340.708520179)
(-19540.9550781, -13757.5673828, 340.708520179)
(-19540.8984375, -13757.5117188, 340.708520179)
(-19540.8417969, -13757.4550781, 340.708520179)
(-19540.7851562, -13757.3984375, 340.708520179)
(-19540.7285156, -13757.3427734, 340.708520179)
(-19540.671875, -13757.2871094, 340.708520179)
(-19540.6152344, -13757.2314453, 340.708520179)
(-19540.5585938, -13757.1757812, 340.708520179)
(-19540.5019531, -13757.1201172, 340.708520179)
(-19540.4453125, -13757.0644531, 340.708520179)
(-19540.3886719, -13757.0087891, 340.708520179)
(-19540.3320312, -13756.953125, 340.708520179)
(-19540.2753906, -13756.8964844, 340.708520179)
(-19540.21875, -13756.8398438, 340.708520179)
(-19540.1621094, -13756.7832031, 340.708520179)
(-19540.1054688, -13756.7265625, 340.708520179)
(-19540.0488281, -13756.6699219, 340.708520179)
(-19539.9921875, -13756.6132812, 340.708520179)
(-19539.9355469, -13756.5566406, 340.708520179)
(-19539.8789062, -13756.5, 340.708520179)
(-19539.8222656, -13756.4433594, 340.708520179)
(-19539.765625, -13756.3867188, 340.708520179)
(-19539.7089844, -13756.3300781, 340.708520179)
(-19539.6523438, -13756.2734375, 340.708520179)
(-19539.5957031, -13756.2167969, 340.708520179)
(-19539.5390625, -13756.1601562, 340.708520179)
(-19539.4824219, -13756.1035156, 340.708520179)
(-19539.4257812, -13756.046875, 340.708520179)
(-19539.3691406, -13755.9902344, 340.708520179)
(-19539.3125, -13755.9335938, 340.708520179)
(-19539.2558594, -13755.8769531, 340.708520179)
(-19539.1992188, -13755.8203125, 340.708520179)
(-19539.1425781, -13755.7636719, 340.708520179)
(-19539.0859375, -13755.7070312, 340.708520179)
(-19539.0292969, -13755.6503906, 340.708520179)
(-19538.9726562, -13755.59375, 340.708520179)
(-19538.9160156, -13755.5371094, 340.708520179)
(-19538.859375, -13755.4804688, 340.708520179)
(-19538.8027344, -13755.4238281, 340.708520179)
(-19538.7460938, -13755.3671875, 340.708520179)
(-19538.6894531, -13755.3105469, 340.708520179)
(-19538.6328125, -13755.2539062, 340.708520179)
(-19538.5761719, -13755.1972656, 340.708520179)
(-19538.5195312, -13755.140625, 340.708520179)
(-19538.4628906, -13755.0839844, 340.708520179)
(-19538.40625, -13755.0273438, 340.708520179)
(-19538.3496094, -13754.9707031, 340.708520179)
(-19538.2929688, -13754.9140625, 340.708520179)
(-19538.2363281, -13754.8574219, 340.708520179)
(-19538.1796875, -13754.8007812, 340.708520179)
(-19538.1230469, -13754.7441406, 340.708520179)
(-19538.0664062, -13754.6875, 340.708520179)
(-19538.0097656, -13754.6308594, 340.708520179)
(-19537.953125, -13754.5742188, 340.708520179)
(-19537.8964844, -13754.5175781, 340.708520179)
(-19537.8398438, -13754.4609375, 340.708520179)
(-19537.7832031, -13754.4042969, 340.708520179)
(-19537.7265625, -13754.3476562, 340.708520179)
(-19537.6699219, -13754.2910156, 340.708520179)
(-19537.6132812, -13754.234375, 340.708520179)
(-19537.5566406, -13754.1777344, 340.708520179)
(-19537.5, -13754.1210938, 340.708520179)
(-19537.4433594, -13754.0644531, 340.708520179)
(-19537.3867188, -13754.0078125, 340.708520179)
(-19537.3300781, -13753.9511719, 340.708520179)
(-19537.2734375, -13753.8945312, 340.708520179)
(-19537.2167969, -13753.8378906, 340.708520179)
(-19537.1601562, -13753.78125, 340.708520179)
(-19537.1035156, -13753.7246094, 340.708520179)
(-19537.046875, -13753.6679688, 340.708520179)
(-19536.9902344, -13753.6113281, 340.708520179)
(-19536.9335938, -13753.5546875, 340.708520179)
(-19536.8769531, -13753.4980469, 340.708520179)
(-19536.8203125, -13753.4414062, 340.708520179)
(-19536.7636719, -13753.3847656, 340.708520179)
(-19536.7070312, -13753.328125, 340.708520179)
(-19536.6503906, -13753.2714844, 340.708520179)
(-19536.59375, -13753.2148438, 340.708520179)
(-19536.5371094, -13753.1582031, 340.708520179)
(-19536.4804688, -13753.1015625, 340.708520179)
(-19536.4238281, -13753.0449219, 340.708520179)
(-19536.3671875, -13752.9882812, 340.708520179)
(-19536.3105469, -13752.9316406, 340.708520179)
(-19536.2539062, -13752.875, 340.708520179)
(-19536.1972656, -13752.8183594, 340.708520179)
(-19536.140625, -13752.7617188, 340.708520179)
(-19536.0839844, -13752.7050781, 340.708520179)
(-19536.0273438, -13752.6484375, 340.708520179)
(-19535.9707031, -13752.5917969, 340.708520179)
(-19535.9140625, -13752.5351562, 340.708520179)
(-19535.8574219, -13752.4785156, 340.708520179)
(-19535.8007812, -13752.421875, 340.708520179)
(-19535.7441406, -13752.3652344, 340.708520179)
(-19535.6875, -13752.3085938, 340.708520179)
(-19535.6308594, -13752.2519531, 340.708520179)
(-19535.5742188, -13752.1953125, 340.708520179)
(-19535.5175781, -13752.1386719, 340.708520179)
(-19535.4609375, -13752.0820312, 340.708520179)
(-19535.4042969, -13752.0253906, 340.708520179)
(-19535.3476562, -13751.96875, 340.708520179)
(-19535.2910156, -13751.9121094, 340.708520179)
(-19535.234375, -13751.8554688, 340.708520179)
(-19535.1777344, -13751.7988281, 340.708520179)
(-19535.1210938, -13751.7421875, 340.708520179)
(-19535.0644531, -13751.6855469, 340.708520179)
(-19535.0078125, -13751.6289062, 340.708520179)
(-19534.9511719, -13751.5722656, 340.708520179)
(-19534.8945312, -13751.515625, 340.708520179)
(-19534.8378906, -13751.4589844, 340.708520179)
(-19534.78125, -13751.4023438, 340.708520179)
(-19534.7246094, -13751.3457031, 340.708520179)
(-19534.6679688, -13751.2890625, 340.708520179)
(-19534.6113281, -13751.2324219, 340.708520179)
(-19534.5546875, -13751.1757812, 340.708520179)
(-19534.4980469, -13751.1191406, 340.708520179)
(-19534.4414062, -13751.0625, 340.708520179)
(-19534.3847656, -13751.0058594, 340.708520179)
(-19534.328125, -13750.9492188, 340.708520179)
(-19534.2636719, -13750.9023438, 340.708520179)
(-19534.1992188, -13750.8554688, 340.708520179)
(-19534.1347656, -13750.8085938, 340.708520179)
(-19534.0703125, -13750.7617188, 340.708520179)
(-19534.0058594, -13750.7148438, 340.708520179)
(-19533.9414062, -13750.6679688, 340.708520179)
(-19533.8769531, -13750.6210938, 340.708520179)
(-19533.8125, -13750.5742188, 340.708520179)
(-19533.7480469, -13750.5273438, 340.708520179)
(-19533.6835938, -13750.4804688, 340.708520179)
(-19533.6191406, -13750.4335938, 340.708520179)
(-19533.5546875, -13750.3867188, 340.708520179)
(-19533.4902344, -13750.3398438, 340.708520179)
(-19533.4257812, -13750.2929688, 340.708520179)
(-19533.3613281, -13750.2460938, 340.708520179)
(-19533.296875, -13750.1992188, 340.708520179)
(-19533.2324219, -13750.1523438, 340.708520179)
(-19533.1679688, -13750.1054688, 340.708520179)
(-19533.1035156, -13750.0585938, 340.708520179)
(-19533.0390625, -13750.0117188, 340.708520179)
(-19532.9746094, -13749.9648438, 340.708520179)
(-19532.9101562, -13749.9179688, 340.708520179)
(-19532.8457031, -13749.8710938, 340.708520179)
(-19532.78125, -13749.8242188, 340.708520179)
(-19532.7167969, -13749.7773438, 340.708520179)
(-19532.6523438, -13749.7304688, 340.708520179)
(-19532.5878906, -13749.6835938, 340.708520179)
(-19532.5234375, -13749.6367188, 340.708520179)
(-19532.4589844, -13749.5898438, 340.708520179)
(-19532.3945312, -13749.5429688, 340.708520179)
(-19532.3300781, -13749.4960938, 340.708520179)
(-19532.265625, -13749.4492188, 340.708520179)
(-19532.2011719, -13749.4023438, 340.708520179)
(-19532.1367188, -13749.3554688, 340.708520179)
(-19532.0722656, -13749.3076172, 340.708520179)
(-19532.0078125, -13749.2597656, 340.708520179)
(-19531.9433594, -13749.2119141, 340.708520179)
(-19531.8789062, -13749.1650391, 340.708520179)
(-19531.8144531, -13749.1181641, 340.708520179)
(-19531.75, -13749.0712891, 340.708520179)
(-19531.6855469, -13749.0234375, 340.708520179)
(-19531.6210938, -13748.9755859, 340.708520179)
(-19531.5566406, -13748.9277344, 340.708520179)
(-19531.4980469, -13748.8720703, 340.708520179)
(-19531.4414062, -13748.8164062, 340.708520179)
(-19531.3847656, -13748.7607422, 340.708520179)
(-19531.328125, -13748.7050781, 340.708520179)
(-19531.2714844, -13748.6494141, 340.708520179)
(-19531.2148438, -13748.59375, 340.708520179)
(-19531.15625, -13748.5380859, 340.708520179)
(-19531.0976562, -13748.4824219, 340.708520179)
(-19531.0390625, -13748.4267578, 340.708520179)
(-19530.9804688, -13748.3710938, 340.708520179)
(-19530.9238281, -13748.3154297, 340.708520179)
(-19530.8671875, -13748.2597656, 340.708520179)
(-19530.8085938, -13748.2041016, 340.708520179)
(-19530.75, -13748.1484375, 340.708520179)
(-19530.6914062, -13748.0927734, 340.708520179)
(-19530.6347656, -13748.0371094, 340.708520179)
(-19530.578125, -13747.9814453, 340.708520179)
(-19530.5214844, -13747.9257812, 340.708520179)
(-19530.4628906, -13747.8701172, 340.708520179)
(-19530.4042969, -13747.8144531, 340.708520179)
(-19530.3457031, -13747.7587891, 340.708520179)
(-19530.2871094, -13747.703125, 340.708520179)
(-19530.2304688, -13747.6474609, 340.708520179)
(-19530.1738281, -13747.5917969, 340.708520179)
(-19530.1152344, -13747.5361328, 340.708520179)
(-19530.0566406, -13747.4804688, 340.708520179)
(-19529.9980469, -13747.4248047, 340.708520179)
(-19529.9414062, -13747.3691406, 340.708520179)
(-19529.8847656, -13747.3134766, 340.708520179)
(-19529.828125, -13747.2578125, 340.708520179)
(-19529.7695312, -13747.2021484, 340.708520179)
(-19529.7109375, -13747.1464844, 340.708520179)
(-19529.6523438, -13747.0908203, 340.708520179)
(-19529.59375, -13747.0351562, 340.708520179)
(-19529.5371094, -13746.9794922, 340.708520179)
(-19529.4804688, -13746.9228516, 340.708520179)
(-19529.4238281, -13746.8662109, 340.708520179)
(-19529.3671875, -13746.8095703, 340.708520179)
(-19529.3105469, -13746.7529297, 340.708520179)
(-19529.2539062, -13746.6962891, 340.708520179)
(-19529.1972656, -13746.6396484, 340.708520179)
(-19529.140625, -13746.5830078, 340.708520179)
(-19529.0839844, -13746.5263672, 340.708520179)
(-19529.0273438, -13746.4697266, 340.708520179)
(-19528.9707031, -13746.4130859, 340.708520179)
(-19528.9140625, -13746.3564453, 340.708520179)
(-19528.8574219, -13746.2998047, 340.708520179)
(-19528.8007812, -13746.2431641, 340.708520179)
(-19528.7441406, -13746.1865234, 340.708520179)
(-19528.6875, -13746.1298828, 340.708520179)
(-19528.6308594, -13746.0732422, 340.708520179)
(-19528.5742188, -13746.0166016, 340.708520179)
(-19528.5175781, -13745.9599609, 340.708520179)
(-19528.4609375, -13745.9033203, 340.708520179)
(-19528.4042969, -13745.8466797, 340.708520179)
(-19528.3476562, -13745.7900391, 340.708520179)
(-19528.2910156, -13745.7333984, 340.708520179)
(-19528.234375, -13745.6767578, 340.708520179)
(-19528.1777344, -13745.6201172, 340.708520179)
(-19528.1210938, -13745.5634766, 340.708520179)
(-19528.0644531, -13745.5068359, 340.708520179)
(-19528.0078125, -13745.4501953, 340.708520179)
(-19527.9511719, -13745.3935547, 340.708520179)
(-19527.8945312, -13745.3369141, 340.708520179)
(-19527.8378906, -13745.28125, 340.708520179)
(-19527.78125, -13745.2255859, 340.708520179)
(-19527.7246094, -13745.1699219, 340.708520179)
(-19527.6679688, -13745.1142578, 340.708520179)
(-19527.6113281, -13745.0585938, 340.708520179)
(-19527.5546875, -13745.0029297, 340.708520179)
(-19527.4980469, -13744.9472656, 340.708520179)
(-19527.4414062, -13744.890625, 340.708520179)
(-19527.3847656, -13744.8339844, 340.708520179)
(-19527.328125, -13744.7773438, 340.708520179)
(-19527.2714844, -13744.7207031, 340.708520179)
(-19527.2148438, -13744.6640625, 340.708520179)
(-19527.1582031, -13744.6074219, 340.708520179)
(-19527.1015625, -13744.5507812, 340.708520179)
(-19527.0449219, -13744.4941406, 340.708520179)
(-19526.9882812, -13744.4375, 340.708520179)
(-19526.9316406, -13744.3808594, 340.708520179)
(-19526.875, -13744.3242188, 340.708520179)
(-19526.8183594, -13744.2675781, 340.708520179)
(-19526.7617188, -13744.2109375, 340.708520179)
(-19526.7050781, -13744.1542969, 340.708520179)
(-19526.6484375, -13744.0976562, 340.708520179)
(-19526.5917969, -13744.0410156, 340.708520179)
(-19526.5351562, -13743.984375, 340.708520179)
(-19526.4785156, -13743.9277344, 340.708520179)
(-19526.421875, -13743.8710938, 340.708520179)
(-19526.3652344, -13743.8144531, 340.708520179)
(-19526.3085938, -13743.7578125, 340.708520179)
(-19526.2519531, -13743.7011719, 340.708520179)
(-19526.1953125, -13743.6445312, 340.708520179)
(-19526.1386719, -13743.5878906, 340.708520179)
(-19526.0820312, -13743.53125, 340.708520179)
(-19526.0253906, -13743.4746094, 340.708520179)
(-19525.96875, -13743.4179688, 340.708520179)
(-19525.9121094, -13743.3613281, 340.708520179)
(-19525.8554688, -13743.3046875, 340.708520179)
(-19525.7988281, -13743.2480469, 340.708520179)
(-19525.7421875, -13743.1914062, 340.708520179)
(-19525.6855469, -13743.1347656, 340.708520179)
(-19525.6289062, -13743.078125, 340.708520179)
(-19525.5722656, -13743.0214844, 340.708520179)
(-19525.515625, -13742.9648438, 340.708520179)
(-19525.4589844, -13742.9082031, 340.708520179)
(-19525.4023438, -13742.8515625, 340.708520179)
(-19525.3457031, -13742.7949219, 340.708520179)
(-19525.2890625, -13742.7382812, 340.708520179)
(-19525.2324219, -13742.6816406, 340.708520179)
(-19525.1757812, -13742.625, 340.708520179)
(-19525.1191406, -13742.5683594, 340.708520179)
(-19525.0625, -13742.5117188, 340.708520179)
(-19525.0058594, -13742.4550781, 340.708520179)
(-19524.9492188, -13742.3984375, 340.708520179)
(-19524.8925781, -13742.3417969, 340.708520179)
(-19524.8359375, -13742.2851562, 340.708520179)
(-19524.7792969, -13742.2285156, 340.708520179)
(-19524.7226562, -13742.171875, 340.708520179)
(-19524.6660156, -13742.1152344, 340.708520179)
(-19524.609375, -13742.0585938, 340.708520179)
(-19524.5527344, -13742.0019531, 340.708520179)
(-19524.4960938, -13741.9453125, 340.708520179)
(-19524.4394531, -13741.8886719, 340.708520179)
(-19524.3828125, -13741.8320312, 340.708520179)
(-19524.3261719, -13741.7753906, 340.708520179)
(-19524.2695312, -13741.71875, 340.708520179)
(-19524.2128906, -13741.6621094, 340.708520179)
(-19524.15625, -13741.6054688, 340.708520179)
(-19524.0996094, -13741.5488281, 340.708520179)
(-19524.0429688, -13741.4921875, 340.708520179)
(-19523.9863281, -13741.4355469, 340.708520179)
(-19523.9296875, -13741.3789062, 340.708520179)
(-19523.8730469, -13741.3222656, 340.708520179)
(-19523.8164062, -13741.265625, 340.708520179)
(-19523.7597656, -13741.2089844, 340.708520179)
(-19523.703125, -13741.1523438, 340.708520179)
(-19523.6464844, -13741.0957031, 340.708520179)
(-19523.5898438, -13741.0390625, 340.708520179)
(-19523.5332031, -13740.9824219, 340.708520179)
(-19523.4765625, -13740.9257812, 340.708520179)
(-19523.4199219, -13740.8691406, 340.708520179)
(-19523.3632812, -13740.8125, 340.708520179)
(-19523.3066406, -13740.7558594, 340.708520179)
(-19523.25, -13740.6992188, 340.708520179)
(-19523.1933594, -13740.6425781, 340.708520179)
(-19523.1367188, -13740.5859375, 340.708520179)
(-19523.0800781, -13740.5292969, 340.708520179)
(-19523.0234375, -13740.4726562, 340.708520179)
(-19522.9667969, -13740.4160156, 340.708520179)
(-19522.9101562, -13740.359375, 340.708520179)
(-19522.8535156, -13740.3027344, 340.708520179)
(-19522.796875, -13740.2460938, 340.708520179)
(-19522.7402344, -13740.1894531, 340.708520179)
(-19522.6835938, -13740.1328125, 340.708520179)
(-19522.6269531, -13740.0761719, 340.708520179)
(-19522.5703125, -13740.0195312, 340.708520179)
(-19522.5136719, -13739.9628906, 340.708520179)
(-19522.4570312, -13739.90625, 340.708520179)
(-19522.4003906, -13739.8496094, 340.708520179)
(-19522.34375, -13739.7929688, 340.708520179)
(-19522.2871094, -13739.7363281, 340.708520179)
(-19522.2304688, -13739.6796875, 340.708520179)
(-19522.1738281, -13739.6230469, 340.708520179)
(-19522.1171875, -13739.5664062, 340.708520179)
(-19522.0605469, -13739.5097656, 340.708520179)
(-19522.0039062, -13739.453125, 340.708520179)
(-19521.9472656, -13739.3964844, 340.708520179)
(-19521.890625, -13739.3398438, 340.708520179)
(-19521.8339844, -13739.2832031, 340.708520179)
(-19521.7773438, -13739.2265625, 340.708520179)
(-19521.7207031, -13739.1699219, 340.708520179)
(-19521.6640625, -13739.1132812, 340.708520179)
(-19521.6074219, -13739.0566406, 340.708520179)
(-19521.5507812, -13739.0, 340.708520179)
(-19521.4941406, -13738.9433594, 340.708520179)
(-19521.4375, -13738.8867188, 340.708520179)
(-19521.3808594, -13738.8300781, 340.708520179)
(-19521.3242188, -13738.7734375, 340.708520179)
(-19521.2675781, -13738.7167969, 340.708520179)
(-19521.2109375, -13738.6601562, 340.708520179)
(-19521.1542969, -13738.6035156, 340.708520179)
(-19521.0976562, -13738.546875, 340.708520179)
(-19521.0410156, -13738.4902344, 340.708520179)
(-19520.984375, -13738.4335938, 340.708520179)
(-19520.9277344, -13738.3769531, 340.708520179)
(-19520.8710938, -13738.3203125, 340.708520179)
(-19520.8144531, -13738.2636719, 340.708520179)
(-19520.7578125, -13738.2070312, 340.708520179)
(-19520.7011719, -13738.1503906, 340.708520179)
(-19520.6445312, -13738.09375, 340.708520179)
(-19520.5878906, -13738.0371094, 340.708520179)
(-19520.53125, -13737.9804688, 340.708520179)
(-19520.4746094, -13737.9238281, 340.708520179)
(-19520.4179688, -13737.8671875, 340.708520179)
(-19520.3613281, -13737.8105469, 340.708520179)
(-19520.3046875, -13737.7539062, 340.708520179)
(-19520.2480469, -13737.6972656, 340.708520179)
(-19520.1914062, -13737.640625, 340.708520179)
(-19520.1347656, -13737.5839844, 340.708520179)
(-19520.078125, -13737.5273438, 340.708520179)
(-19520.0214844, -13737.4707031, 340.708520179)
(-19519.9648438, -13737.4140625, 340.708520179)
(-19519.9082031, -13737.3574219, 340.708520179)
(-19519.8515625, -13737.3007812, 340.708520179)
(-19519.7949219, -13737.2441406, 340.708520179)
(-19519.7382812, -13737.1875, 340.708520179)
(-19519.6816406, -13737.1308594, 340.708520179)
(-19519.625, -13737.0742188, 340.708520179)
(-19519.5683594, -13737.0175781, 340.708520179)
(-19519.5117188, -13736.9609375, 340.708520179)
(-19519.4550781, -13736.9042969, 340.708520179)
(-19519.3984375, -13736.8476562, 340.708520179)
(-19519.3417969, -13736.7910156, 340.708520179)
(-19519.2851562, -13736.734375, 340.708520179)
(-19519.2285156, -13736.6777344, 340.708520179)
(-19519.171875, -13736.6210938, 340.708520179)
(-19519.1152344, -13736.5644531, 340.708520179)
(-19519.0585938, -13736.5078125, 340.708520179)
(-19519.0019531, -13736.4511719, 340.708520179)
(-19518.9453125, -13736.3945312, 340.708520179)
(-19518.8886719, -13736.3378906, 340.708520179)
(-19518.8320312, -13736.28125, 340.708520179)
(-19518.7753906, -13736.2246094, 340.708520179)
(-19518.71875, -13736.1679688, 340.708520179)
(-19518.6621094, -13736.1113281, 340.708520179)
(-19518.6054688, -13736.0546875, 340.708520179)
(-19518.5488281, -13735.9980469, 340.708520179)
(-19518.4921875, -13735.9414062, 340.708520179)
(-19518.4355469, -13735.8847656, 340.708520179)
(-19518.3789062, -13735.828125, 340.708520179)
(-19518.3222656, -13735.7714844, 340.708520179)
(-19518.265625, -13735.7148438, 340.708520179)
(-19518.2089844, -13735.6582031, 340.708520179)
(-19518.1523438, -13735.6015625, 340.708520179)
(-19518.0957031, -13735.5449219, 340.708520179)
(-19518.0390625, -13735.4882812, 340.708520179)
(-19517.9824219, -13735.4316406, 340.708520179)
(-19517.9257812, -13735.375, 340.708520179)
(-19517.8691406, -13735.3183594, 340.708520179)
(-19517.8125, -13735.2617188, 340.708520179)
(-19517.7558594, -13735.2050781, 340.708520179)
(-19517.6992188, -13735.1484375, 340.708520179)
(-19517.6425781, -13735.0917969, 340.708520179)
(-19517.5859375, -13735.0351562, 340.708520179)
(-19517.5292969, -13734.9785156, 340.708520179)
(-19517.4726562, -13734.921875, 340.708520179)
(-19517.4160156, -13734.8652344, 340.708520179)
(-19517.359375, -13734.8085938, 340.708520179)
(-19517.3027344, -13734.7519531, 340.708520179)
(-19517.2460938, -13734.6953125, 340.708520179)
(-19517.1894531, -13734.6386719, 340.708520179)
(-19517.1328125, -13734.5820312, 340.708520179)
(-19517.0761719, -13734.5253906, 340.708520179)
(-19517.0195312, -13734.46875, 340.708520179)
(-19516.9628906, -13734.4121094, 340.708520179)
(-19516.90625, -13734.3554688, 340.708520179)
(-19516.8496094, -13734.2988281, 340.708520179)
(-19516.7929688, -13734.2421875, 340.708520179)
(-19516.7363281, -13734.1855469, 340.708520179)
(-19516.6796875, -13734.1289062, 340.708520179)
(-19516.6230469, -13734.0722656, 340.708520179)
(-19516.5664062, -13734.015625, 340.708520179)
(-19516.5097656, -13733.9589844, 340.708520179)
(-19516.453125, -13733.9023438, 340.708520179)
(-19516.3964844, -13733.8457031, 340.708520179)
(-19516.3398438, -13733.7890625, 340.708520179)
(-19516.2832031, -13733.7324219, 340.708520179)
(-19516.2265625, -13733.6757812, 340.708520179)
(-19516.1699219, -13733.6191406, 340.708520179)
(-19516.1132812, -13733.5625, 340.708520179)
(-19516.0566406, -13733.5058594, 340.708520179)
(-19516.0, -13733.4492188, 340.708520179)
(-19515.9433594, -13733.3925781, 340.708520179)
(-19515.8867188, -13733.3359375, 340.708520179)
(-19515.8300781, -13733.2792969, 340.708520179)
(-19515.7734375, -13733.2226562, 340.708520179)
(-19515.7167969, -13733.1660156, 340.708520179)
(-19515.6601562, -13733.109375, 340.708520179)
(-19515.6035156, -13733.0527344, 340.708520179)
(-19515.546875, -13732.9960938, 340.708520179)
(-19515.4902344, -13732.9394531, 340.708520179)
(-19515.4257812, -13732.8925781, 340.708520179)
(-19515.3554688, -13732.8564453, 340.708520179)
(-19515.2792969, -13732.8310547, 340.708520179)
(-19515.2011719, -13732.8183594, 340.708520179)
(-19515.1210938, -13732.8134766, 340.708520179)
(-19515.0410156, -13732.8085938, 340.708520179)
(-19514.9609375, -13732.8037109, 340.708520179)
(-19514.8808594, -13732.7988281, 340.708520179)
(-19514.8007812, -13732.7939453, 340.708520179)
(-19514.7207031, -13732.7890625, 340.708520179)
(-19514.640625, -13732.7841797, 340.708520179)
(-19514.5605469, -13732.7792969, 340.708520179)
(-19514.4804688, -13732.7744141, 340.708520179)
(-19514.4003906, -13732.7695312, 340.708520179)
(-19514.3203125, -13732.7646484, 340.708520179)
(-19514.2402344, -13732.7597656, 340.708520179)
(-19514.1601562, -13732.7548828, 340.708520179)
(-19514.0800781, -13732.75, 340.708520179)
(-19514.0, -13732.7451172, 340.708520179)
(-19513.9199219, -13732.7402344, 340.708520179)
(-19513.8398438, -13732.7353516, 340.708520179)
(-19513.7597656, -13732.7304688, 340.708520179)
(-19513.6796875, -13732.7265625, 340.708520179)
(-19513.5996094, -13732.7226562, 340.708520179)
(-19513.5195312, -13732.7216797, 340.708520179)
(-19513.4394531, -13732.7207031, 340.708520179)
(-19513.359375, -13732.7197266, 340.708520179)
(-19513.2792969, -13732.71875, 340.708520179)
(-19513.1992188, -13732.7177734, 340.708520179)
(-19513.1191406, -13732.7167969, 340.708520179)
(-19513.0390625, -13732.7158203, 340.708520179)
(-19512.9589844, -13732.7148438, 340.708520179)
(-19512.8789062, -13732.7138672, 340.708520179)
(-19512.7988281, -13732.7128906, 340.708520179)
(-19512.71875, -13732.7119141, 340.708520179)
(-19512.6386719, -13732.7109375, 340.708520179)
(-19512.5585938, -13732.7109375, 340.708520179)
(-19512.4785156, -13732.7109375, 340.708520179)
(-19512.3984375, -13732.7109375, 340.708520179)
(-19512.3183594, -13732.7099609, 340.708520179)
(-19512.2382812, -13732.7089844, 340.708520179)
(-19512.1582031, -13732.7080078, 340.708520179)
(-19512.078125, -13732.7080078, 340.708520179)
(-19511.9980469, -13732.7080078, 340.708520179)
(-19511.9179688, -13732.7080078, 340.708520179)
(-19511.8378906, -13732.7070312, 340.708520179)
(-19511.7578125, -13732.7060547, 340.708520179)
(-19511.6777344, -13732.7050781, 340.708520179)
(-19511.5976562, -13732.7050781, 340.708520179)
(-19511.5175781, -13732.7050781, 340.708520179)
(-19511.4375, -13732.7050781, 340.708520179)
(-19511.3574219, -13732.7050781, 340.708520179)
(-19511.2773438, -13732.7050781, 340.708520179)
(-19511.1972656, -13732.7050781, 340.708520179)
(-19511.1171875, -13732.7050781, 340.708520179)
(-19511.0371094, -13732.7050781, 340.708520179)
(-19510.9570312, -13732.7050781, 340.708520179)
(-19510.8769531, -13732.7050781, 340.708520179)
(-19510.796875, -13732.7050781, 340.708520179)
(-19510.7167969, -13732.7050781, 340.708520179)
(-19510.6367188, -13732.7050781, 340.708520179)
(-19510.5566406, -13732.7050781, 340.708520179)
(-19510.4765625, -13732.7050781, 340.708520179)
(-19510.3964844, -13732.7050781, 340.708520179)
(-19510.3164062, -13732.7050781, 340.708520179)
(-19510.2363281, -13732.7050781, 340.708520179)
(-19510.15625, -13732.7050781, 340.708520179)
(-19510.0761719, -13732.7050781, 340.708520179)
(-19509.9960938, -13732.7050781, 340.708520179)
(-19509.9160156, -13732.7050781, 340.708520179)
(-19509.8359375, -13732.7050781, 340.708520179)
(-19509.7558594, -13732.7050781, 340.708520179)
(-19509.6757812, -13732.7050781, 340.708520179)
(-19509.5957031, -13732.7050781, 340.708520179)
(-19509.515625, -13732.7050781, 340.708520179)
(-19509.4355469, -13732.7050781, 340.708520179)
(-19509.3554688, -13732.7050781, 340.708520179)
(-19509.2753906, -13732.7050781, 340.708520179)
(-19509.1953125, -13732.7050781, 340.708520179)
(-19509.1152344, -13732.7050781, 340.708520179)
(-19509.0351562, -13732.7050781, 340.708520179)
(-19508.9550781, -13732.7050781, 340.708520179)
(-19508.875, -13732.7050781, 340.708520179)
(-19508.7949219, -13732.7050781, 340.708520179)
(-19508.7148438, -13732.7050781, 340.708520179)
(-19508.6347656, -13732.7050781, 340.708520179)
(-19508.5546875, -13732.7050781, 340.708520179)
(-19508.4746094, -13732.7050781, 340.708520179)
(-19508.3945312, -13732.7050781, 340.708520179)
(-19508.3144531, -13732.7050781, 340.708520179)
(-19508.234375, -13732.7050781, 340.708520179)
(-19508.1542969, -13732.7050781, 340.708520179)
(-19508.0742188, -13732.7050781, 340.708520179)
(-19507.9941406, -13732.7050781, 340.708520179)
(-19507.9140625, -13732.7050781, 340.708520179)
(-19507.8339844, -13732.7050781, 340.708520179)
(-19507.7539062, -13732.7050781, 340.708520179)
(-19507.6738281, -13732.7050781, 340.708520179)
(-19507.59375, -13732.7050781, 340.708520179)
(-19507.5136719, -13732.7050781, 340.708520179)
(-19507.4335938, -13732.7050781, 340.708520179)
(-19507.3535156, -13732.7050781, 340.708520179)
(-19507.2734375, -13732.7050781, 340.708520179)
(-19507.1933594, -13732.7050781, 340.708520179)
(-19507.1132812, -13732.7050781, 340.708520179)
(-19507.0332031, -13732.7050781, 340.708520179)
(-19506.953125, -13732.7050781, 340.708520179)
(-19506.8730469, -13732.7050781, 340.708520179)
(-19506.7929688, -13732.7050781, 340.708520179)
(-19506.7128906, -13732.7050781, 340.708520179)
(-19506.6328125, -13732.7050781, 340.708520179)
(-19506.5527344, -13732.7050781, 340.708520179)
(-19506.4726562, -13732.7050781, 340.708520179)
(-19506.3925781, -13732.7050781, 340.708520179)
(-19506.3125, -13732.7050781, 340.708520179)
(-19506.2324219, -13732.7050781, 340.708520179)
(-19506.1523438, -13732.7050781, 340.708520179)
(-19506.0722656, -13732.7050781, 340.708520179)
(-19505.9921875, -13732.7050781, 340.708520179)
(-19505.9121094, -13732.7050781, 340.708520179)
(-19505.8320312, -13732.7050781, 340.708520179)
(-19505.7519531, -13732.7050781, 340.708520179)
(-19505.671875, -13732.7050781, 340.708520179)
(-19505.5917969, -13732.7050781, 340.708520179)
(-19505.5117188, -13732.7050781, 340.708520179)
(-19505.4316406, -13732.7050781, 340.708520179)
(-19505.3515625, -13732.7050781, 340.708520179)
(-19505.2714844, -13732.7050781, 340.708520179)
(-19505.1914062, -13732.7050781, 340.708520179)
(-19505.1113281, -13732.7050781, 340.708520179)
(-19505.03125, -13732.7050781, 340.708520179)
(-19504.9511719, -13732.7050781, 340.708520179)
(-19504.8710938, -13732.7050781, 340.708520179)
(-19504.7910156, -13732.7050781, 340.708520179)
(-19504.7109375, -13732.7050781, 340.708520179)
(-19504.6308594, -13732.7050781, 340.708520179)
(-19504.5507812, -13732.7050781, 340.708520179)
(-19504.4707031, -13732.7050781, 340.708520179)
(-19504.390625, -13732.7050781, 340.708520179)
(-19504.3105469, -13732.7050781, 340.708520179)
(-19504.2304688, -13732.7050781, 340.708520179)
(-19504.1503906, -13732.7050781, 340.708520179)
(-19504.0703125, -13732.7050781, 340.708520179)
(-19503.9902344, -13732.7050781, 340.708520179)
(-19503.9101562, -13732.7050781, 340.708520179)
(-19503.8300781, -13732.7050781, 340.708520179)
(-19503.75, -13732.7050781, 340.708520179)
(-19503.6699219, -13732.7050781, 340.708520179)
(-19503.5898438, -13732.7050781, 340.708520179)
(-19503.5097656, -13732.7050781, 340.708520179)
(-19503.4296875, -13732.7050781, 340.708520179)
(-19503.3496094, -13732.7050781, 340.708520179)
(-19503.2695312, -13732.7050781, 340.708520179)
(-19503.1894531, -13732.7050781, 340.708520179)
(-19503.109375, -13732.7050781, 340.708520179)
(-19503.0292969, -13732.7050781, 340.708520179)
(-19502.9492188, -13732.7050781, 340.708520179)
(-19502.8691406, -13732.7050781, 340.708520179)
(-19502.7890625, -13732.7050781, 340.708520179)
(-19502.7089844, -13732.7050781, 340.708520179)
(-19502.6289062, -13732.7050781, 340.708520179)
(-19502.5488281, -13732.7050781, 340.708520179)
(-19502.46875, -13732.7050781, 340.708520179)
(-19502.3886719, -13732.7050781, 340.708520179)
(-19502.3085938, -13732.7050781, 340.708520179)
(-19502.2285156, -13732.7050781, 340.708520179)
(-19502.1484375, -13732.7050781, 340.708520179)
(-19502.0683594, -13732.7050781, 340.708520179)
(-19501.9882812, -13732.7050781, 340.708520179)
(-19501.9101562, -13732.7177734, 340.708520179)
(-19501.8339844, -13732.7431641, 340.708520179)
(-19501.7636719, -13732.7802734, 340.708520179)
(-19501.6992188, -13732.828125, 340.708520179)
(-19501.6425781, -13732.8857422, 340.708520179)
(-19501.5957031, -13732.9511719, 340.708520179)
(-19501.5605469, -13733.0224609, 340.708520179)
(-19501.5136719, -13733.0878906, 340.708520179)
(-19501.4570312, -13733.1445312, 340.708520179)
(-19501.4101562, -13733.2089844, 340.708520179)
(-19501.3535156, -13733.265625, 340.708520179)
(-19501.3066406, -13733.3300781, 340.708520179)
(-19501.25, -13733.3867188, 340.708520179)
(-19501.1855469, -13733.4335938, 340.708520179)
(-19501.1289062, -13733.4902344, 340.708520179)
(-19501.0644531, -13733.5371094, 340.708520179)
(-19501.0078125, -13733.59375, 340.708520179)
(-19500.9609375, -13733.6582031, 340.708520179)
(-19500.9042969, -13733.7148438, 340.708520179)
(-19500.8398438, -13733.7617188, 340.708520179)
(-19500.7695312, -13733.7978516, 340.708520179)
(-19500.6933594, -13733.8232422, 340.708520179)
(-19500.6152344, -13733.8359375, 340.708520179)
(-19500.5351562, -13733.8359375, 340.708520179)
(-19500.4570312, -13733.8232422, 340.708520179)
(-19500.3808594, -13733.7978516, 340.708520179)
(-19500.3027344, -13733.7851562, 340.708520179)
(-19500.2226562, -13733.7851562, 340.708520179)
(-19500.1445312, -13733.7978516, 340.708520179)
(-19500.0683594, -13733.8232422, 340.708520179)
(-19499.9980469, -13733.8603516, 340.708520179)
(-19499.9335938, -13733.9082031, 340.708520179)
(-19499.8632812, -13733.9453125, 340.708520179)
(-19499.7871094, -13733.9707031, 340.708520179)
(-19499.7089844, -13733.9833984, 340.708520179)
(-19499.6289062, -13733.9833984, 340.708520179)
(-19499.5507812, -13733.9707031, 340.708520179)
(-19499.4746094, -13733.9453125, 340.708520179)
(-19499.4042969, -13733.9082031, 340.708520179)
(-19499.3339844, -13733.8691406, 340.708520179)
(-19499.2597656, -13733.8417969, 340.708520179)
(-19499.1816406, -13733.8261719, 340.708520179)
(-19499.1015625, -13733.8232422, 340.708520179)
(-19499.0214844, -13733.8330078, 340.708520179)
(-19498.9414062, -13733.8300781, 340.708520179)
(-19498.8632812, -13733.8144531, 340.708520179)
(-19498.7871094, -13733.7910156, 340.708520179)
(-19498.7109375, -13733.7675781, 340.708520179)
(-19498.6347656, -13733.7441406, 340.708520179)
(-19498.5585938, -13733.7207031, 340.708520179)
(-19498.4824219, -13733.6972656, 340.708520179)
(-19498.40625, -13733.6738281, 340.708520179)
(-19498.3300781, -13733.6503906, 340.708520179)
(-19498.2539062, -13733.6269531, 340.708520179)
(-19498.1777344, -13733.6035156, 340.708520179)
(-19498.1015625, -13733.5800781, 340.708520179)
(-19498.0253906, -13733.5566406, 340.708520179)
(-19497.9492188, -13733.5332031, 340.708520179)
(-19497.8730469, -13733.5097656, 340.708520179)
(-19497.796875, -13733.4863281, 340.708520179)
(-19497.7207031, -13733.4628906, 340.708520179)
(-19497.6445312, -13733.4394531, 340.708520179)
(-19497.5683594, -13733.4160156, 340.708520179)
(-19497.4921875, -13733.3925781, 340.708520179)
(-19497.4160156, -13733.3691406, 340.708520179)
(-19497.3398438, -13733.3457031, 340.708520179)
(-19497.2636719, -13733.3222656, 340.708520179)
(-19497.1875, -13733.2988281, 340.708520179)
(-19497.1113281, -13733.2753906, 340.708520179)
(-19497.0351562, -13733.2519531, 340.708520179)
(-19496.9589844, -13733.2285156, 340.708520179)
(-19496.8828125, -13733.2050781, 340.708520179)
(-19496.8066406, -13733.1816406, 340.708520179)
(-19496.7304688, -13733.1582031, 340.708520179)
(-19496.6542969, -13733.1347656, 340.708520179)
(-19496.578125, -13733.1113281, 340.708520179)
(-19496.5019531, -13733.0878906, 340.708520179)
(-19496.4257812, -13733.0644531, 340.708520179)
(-19496.3496094, -13733.0410156, 340.708520179)
(-19496.2734375, -13733.0175781, 340.708520179)
(-19496.1972656, -13732.9941406, 340.708520179)
(-19496.1210938, -13732.9707031, 340.708520179)
(-19496.0449219, -13732.9472656, 340.708520179)
(-19495.96875, -13732.9238281, 340.708520179)
(-19495.8925781, -13732.9003906, 340.708520179)
(-19495.8164062, -13732.8769531, 340.708520179)
(-19495.7402344, -13732.8535156, 340.708520179)
(-19495.6640625, -13732.8300781, 340.708520179)
(-19495.5878906, -13732.8066406, 340.708520179)
(-19495.5078125, -13732.7949219, 340.708520179)
(-19495.4277344, -13732.7910156, 340.708520179)
(-19495.3476562, -13732.7880859, 340.708520179)
(-19495.2675781, -13732.7851562, 340.708520179)
(-19495.1875, -13732.7822266, 340.708520179)
(-19495.1074219, -13732.7792969, 340.708520179)
(-19495.0273438, -13732.7763672, 340.708520179)
(-19494.9472656, -13732.7734375, 340.708520179)
(-19494.8671875, -13732.7705078, 340.708520179)
(-19494.7871094, -13732.7675781, 340.708520179)
(-19494.7070312, -13732.7646484, 340.708520179)
(-19494.6269531, -13732.7617188, 340.708520179)
(-19494.546875, -13732.7587891, 340.708520179)
(-19494.4667969, -13732.7558594, 340.708520179)
(-19494.3867188, -13732.7519531, 340.708520179)
(-19494.3066406, -13732.7480469, 340.708520179)
(-19494.2265625, -13732.7441406, 340.708520179)
(-19494.1464844, -13732.7412109, 340.708520179)
(-19494.0664062, -13732.7382812, 340.708520179)
(-19493.9863281, -13732.7353516, 340.708520179)
(-19493.90625, -13732.7314453, 340.708520179)
(-19493.8261719, -13732.7275391, 340.708520179)
(-19493.7460938, -13732.7236328, 340.708520179)
(-19493.6660156, -13732.7207031, 340.708520179)
(-19493.5859375, -13732.7177734, 340.708520179)
(-19493.5058594, -13732.7167969, 340.708520179)
(-19493.4257812, -13732.7158203, 340.708520179)
(-19493.3457031, -13732.7158203, 340.708520179)
(-19493.265625, -13732.7158203, 340.708520179)
(-19493.1855469, -13732.7158203, 340.708520179)
(-19493.1054688, -13732.7148438, 340.708520179)
(-19493.0253906, -13732.7138672, 340.708520179)
(-19492.9453125, -13732.7128906, 340.708520179)
(-19492.8652344, -13732.7128906, 340.708520179)
(-19492.7851562, -13732.7128906, 340.708520179)
(-19492.7050781, -13732.7128906, 340.708520179)
(-19492.625, -13732.7119141, 340.708520179)
(-19492.5449219, -13732.7109375, 340.708520179)
(-19492.4648438, -13732.7099609, 340.708520179)
(-19492.3847656, -13732.7099609, 340.708520179)
(-19492.3046875, -13732.7099609, 340.708520179)
(-19492.2246094, -13732.7099609, 340.708520179)
(-19492.1445312, -13732.7089844, 340.708520179)
(-19492.0644531, -13732.7080078, 340.708520179)
(-19491.984375, -13732.7070312, 340.708520179)
(-19491.9042969, -13732.7070312, 340.708520179)
(-19491.8242188, -13732.7070312, 340.708520179)
(-19491.7441406, -13732.7070312, 340.708520179)
(-19491.6640625, -13732.7060547, 340.708520179)
(-19491.5839844, -13732.7050781, 340.708520179)
(-19491.5039062, -13732.7050781, 340.708520179)
(-19491.4238281, -13732.7050781, 340.708520179)
(-19491.34375, -13732.7050781, 340.708520179)
(-19491.2636719, -13732.7050781, 340.708520179)
(-19491.1835938, -13732.7050781, 340.708520179)
(-19491.1035156, -13732.7050781, 340.708520179)
(-19491.0234375, -13732.7050781, 340.708520179)
(-19490.9433594, -13732.7050781, 340.708520179)
(-19490.8632812, -13732.7050781, 340.708520179)
(-19490.7832031, -13732.7050781, 340.708520179)
(-19490.703125, -13732.7050781, 340.708520179)
(-19490.6230469, -13732.7050781, 340.708520179)
(-19490.5429688, -13732.7050781, 340.708520179)
(-19490.4628906, -13732.7050781, 340.708520179)
(-19490.3828125, -13732.7050781, 340.708520179)
(-19490.3027344, -13732.7050781, 340.708520179)
(-19490.2226562, -13732.7050781, 340.708520179)
(-19490.1425781, -13732.7050781, 340.708520179)
(-19490.0625, -13732.7050781, 340.708520179)
(-19489.9824219, -13732.7050781, 340.708520179)
(-19489.9023438, -13732.7050781, 340.708520179)
(-19489.8222656, -13732.7050781, 340.708520179)
(-19489.7421875, -13732.7050781, 340.708520179)
(-19489.6621094, -13732.7050781, 340.708520179)
(-19489.5820312, -13732.7050781, 340.708520179)
(-19489.5019531, -13732.7050781, 340.708520179)
(-19489.421875, -13732.7050781, 340.708520179)
(-19489.3417969, -13732.7050781, 340.708520179)
(-19489.2617188, -13732.7050781, 340.708520179)
(-19489.1816406, -13732.7050781, 340.708520179)
(-19489.1015625, -13732.7050781, 340.708520179)
(-19489.0214844, -13732.7050781, 340.708520179)
(-19488.9414062, -13732.7050781, 340.708520179)
(-19488.8613281, -13732.7050781, 340.708520179)
(-19488.78125, -13732.7050781, 340.708520179)
(-19488.7011719, -13732.7050781, 340.708520179)
(-19488.6210938, -13732.7050781, 340.708520179)
(-19488.5410156, -13732.7050781, 340.708520179)
(-19488.4609375, -13732.7050781, 340.708520179)
(-19488.3808594, -13732.7050781, 340.708520179)
(-19488.3007812, -13732.7050781, 340.708520179)
(-19488.2207031, -13732.7050781, 340.708520179)
(-19488.140625, -13732.7050781, 340.708520179)
(-19488.0605469, -13732.7050781, 340.708520179)
(-19487.9804688, -13732.7050781, 340.708520179)
(-19487.9003906, -13732.7050781, 340.708520179)
(-19487.8203125, -13732.7050781, 340.708520179)
(-19487.7402344, -13732.7050781, 340.708520179)
(-19487.6601562, -13732.7050781, 340.708520179)
(-19487.5800781, -13732.7050781, 340.708520179)
(-19487.5, -13732.7050781, 340.708520179)
(-19487.4199219, -13732.7050781, 340.708520179)
(-19487.3398438, -13732.7050781, 340.708520179)
(-19487.2597656, -13732.7050781, 340.708520179)
(-19487.1796875, -13732.7050781, 340.708520179)
(-19487.0996094, -13732.7050781, 340.708520179)
(-19487.0195312, -13732.7050781, 340.708520179)
(-19486.9394531, -13732.7050781, 340.708520179)
(-19486.859375, -13732.7050781, 340.708520179)
(-19486.7792969, -13732.7050781, 340.708520179)
(-19486.6992188, -13732.7050781, 340.708520179)
(-19486.6191406, -13732.7050781, 340.708520179)
(-19486.5390625, -13732.7050781, 340.708520179)
(-19486.4589844, -13732.7050781, 340.708520179)
(-19486.3789062, -13732.7050781, 340.708520179)
(-19486.2988281, -13732.7050781, 340.708520179)
(-19486.21875, -13732.7050781, 340.708520179)
(-19486.1386719, -13732.7050781, 340.708520179)
(-19486.0585938, -13732.7050781, 340.708520179)
(-19485.9785156, -13732.7050781, 340.708520179)
(-19485.8984375, -13732.7050781, 340.708520179)
(-19485.8183594, -13732.7050781, 340.708520179)
(-19485.7382812, -13732.7050781, 340.708520179)
(-19485.6582031, -13732.7050781, 340.708520179)
(-19485.578125, -13732.7050781, 340.708520179)
(-19485.4980469, -13732.7050781, 340.708520179)
(-19485.4179688, -13732.7050781, 340.708520179)
(-19485.3378906, -13732.7050781, 340.708520179)
(-19485.2578125, -13732.7050781, 340.708520179)
(-19485.1777344, -13732.7050781, 340.708520179)
(-19485.0976562, -13732.7050781, 340.708520179)
(-19485.0175781, -13732.7050781, 340.708520179)
(-19484.9375, -13732.7050781, 340.708520179)
(-19484.8574219, -13732.7050781, 340.708520179)
(-19484.7773438, -13732.7050781, 340.708520179)
(-19484.6972656, -13732.7050781, 340.708520179)
(-19484.6171875, -13732.7050781, 340.708520179)
(-19484.5371094, -13732.7050781, 340.708520179)
(-19484.4570312, -13732.7050781, 340.708520179)
(-19484.3769531, -13732.7050781, 340.708520179)
(-19484.296875, -13732.7050781, 340.708520179)
(-19484.2167969, -13732.7050781, 340.708520179)
(-19484.1367188, -13732.7050781, 340.708520179)
(-19484.0566406, -13732.7050781, 340.708520179)
(-19483.9765625, -13732.7050781, 340.708520179)
(-19483.8964844, -13732.7050781, 340.708520179)
(-19483.8164062, -13732.7050781, 340.708520179)
(-19483.7363281, -13732.7050781, 340.708520179)
(-19483.65625, -13732.7050781, 340.708520179)
(-19483.5761719, -13732.7050781, 340.708520179)
(-19483.4960938, -13732.7050781, 340.708520179)
(-19483.4160156, -13732.7050781, 340.708520179)
(-19483.3359375, -13732.7050781, 340.708520179)
(-19483.2558594, -13732.7050781, 340.708520179)
(-19483.1757812, -13732.7050781, 340.708520179)
(-19483.0957031, -13732.7050781, 340.708520179)
(-19483.015625, -13732.7050781, 340.708520179)
(-19482.9355469, -13732.7050781, 340.708520179)
(-19482.8554688, -13732.7050781, 340.708520179)
(-19482.7753906, -13732.7050781, 340.708520179)
(-19482.6953125, -13732.7050781, 340.708520179)
(-19482.6152344, -13732.7050781, 340.708520179)
