(5644.00110576, -6886.77000056, 1034.20568983)
(5644.05692188, -6886.76974364, 1034.20602408)
(5644.12960096, -6886.76949508, 1034.20565341)
(5644.23159957, -6886.76890462, 1034.20565411)
(5644.31420422, -6886.76851864, 1034.2056538)
(5644.38565551, -6886.76817834, 1034.20565385)
(5644.47239121, -6886.7676532, 1034.20565383)
(5644.57086986, -6886.75669768, 1034.20565372)
(5644.6232222, -6886.74419797, 1034.20565385)
(5644.70922664, -6886.70189539, 1034.20565375)
(5644.77136486, -6886.66043585, 1034.20565369)
(5644.85870469, -6886.60576774, 1034.20565385)
(5644.91319366, -6886.5708576, 1034.20565381)
(5644.99407195, -6886.51839737, 1034.20565387)
(5645.0552765, -6886.47568651, 1034.20565386)
(5645.14023204, -6886.41309903, 1034.20565382)
(5645.2004442, -6886.3681218, 1034.20565382)
(5645.27004199, -6886.31645558, 1034.20565382)
(5645.32122061, -6886.2780306, 1034.20565382)
(5645.40330034, -6886.21613654, 1034.20565381)
(5645.46664851, -6886.16847876, 1034.20565382)
(5645.54609818, -6886.10859329, 1034.20565381)
(5645.62381644, -6886.05768566, 1034.20565381)
(5645.68598464, -6886.02698096, 1034.20565361)
(5645.7648811, -6886.00993635, 1034.20565491)
(5645.82960482, -6885.99893626, 1034.20565369)
(5645.92023147, -6885.97711131, 1034.20565396)
(5646.00874867, -6885.95483568, 1034.20565382)
(5646.07758074, -6885.9412383, 1034.20565378)
(5646.16853952, -6885.9244702, 1034.20565387)
(5646.23774416, -6885.91036788, 1034.20565383)
(5646.34215978, -6885.8890794, 1034.20565383)
(5646.40624662, -6885.8770951, 1034.20565383)
(5646.48906724, -6885.86157805, 1034.20565383)
(5646.57223018, -6885.83471575, 1034.20565414)
(5646.66896924, -6885.7747646, 1034.20565382)
(5646.73517202, -6885.72838263, 1034.20565369)
(5646.82999128, -6885.67101467, 1034.2056538)
(5646.89783734, -6885.62162963, 1034.20565412)
(5646.97356665, -6885.55944616, 1034.20565399)
(5647.03100222, -6885.51461781, 1034.20565386)
(5647.11355642, -6885.45281308, 1034.20565382)
(5647.17133256, -6885.40873452, 1034.20565383)
(5647.27104918, -6885.33115746, 1034.20565382)
(5647.37220607, -6885.252724, 1034.20565382)
(5647.43588704, -6885.203415, 1034.20565382)
(5647.51195445, -6885.14447988, 1034.20565381)
(5647.58068086, -6885.0956136, 1034.20565384)
(5647.66054644, -6885.04296916, 1034.2056538)
(5647.72454425, -6885.01084246, 1034.20565374)
(5647.80464809, -6884.99354521, 1034.20565366)
(5647.87876816, -6884.97970637, 1034.20565445)
(5647.96198122, -6884.96194197, 1034.20565375)
(5648.0435246, -6884.94452909, 1034.20565373)
(5648.12534702, -6884.92626964, 1034.20565382)
(5648.19803995, -6884.91297212, 1034.20565383)
(5648.2864928, -6884.89663751, 1034.20565383)
(5648.36481943, -6884.88179345, 1034.20565382)
(5648.43702445, -6884.86795655, 1034.20565383)
(5648.50458963, -6884.85922581, 1034.2056538)
(5648.59600892, -6884.84895788, 1034.20565381)
(5648.68129538, -6884.84323407, 1034.20565377)
(5648.7664731, -6884.835737, 1034.20565381)
(5648.81919196, -6884.8323948, 1034.20565384)
(5648.90821054, -6884.8266479, 1034.20565382)
(5648.98862271, -6884.82176582, 1034.20565382)
(5649.0801164, -6884.81568293, 1034.20565383)
(5649.14364195, -6884.81216415, 1034.20565383)
(5649.2273693, -6884.80736478, 1034.20565383)
(5649.2925242, -6884.80360282, 1034.20565383)
(5649.38736637, -6884.79813918, 1034.20565383)
(5649.46496821, -6884.79528593, 1034.20565383)
(5649.55950736, -6884.79152492, 1034.20565385)
(5649.63467964, -6884.7899716, 1034.20565383)
(5649.70820297, -6884.78818871, 1034.20565383)
(5649.77883117, -6884.78656637, 1034.20565383)
(5649.86885685, -6884.78438931, 1034.20565384)
(5649.94568677, -6884.78292024, 1034.20565383)
(5650.03902143, -6884.78101073, 1034.20565383)
(5650.10138025, -6884.77975746, 1034.20565383)
(5650.20338862, -6884.77780898, 1034.20565383)
(5650.2694828, -6884.7767815, 1034.20565383)
(5650.36654183, -6884.77521744, 1034.20565383)
(5650.43966136, -6884.77428723, 1034.20565383)
(5650.52350726, -6884.77317824, 1034.20565383)
(5650.58713406, -6884.77279108, 1034.20565383)
(5650.6796758, -6884.77217925, 1034.20565383)
(5650.75732211, -6884.77151177, 1034.20565383)
(5650.84694689, -6884.77077334, 1034.20565383)
(5650.91386412, -6884.77034673, 1034.20565383)
(5651.00349822, -6884.7698279, 1034.20565383)
(5651.07288426, -6884.76935961, 1034.20565383)
(5651.16829102, -6884.76872503, 1034.20565383)
(5651.23685154, -6884.76827177, 1034.20565383)
(5651.33184889, -6884.76772841, 1034.20565383)
(5651.41032142, -6884.76724066, 1034.20565383)
(5651.5098588, -6884.76663361, 1034.20565383)
(5651.57307356, -6884.76671014, 1034.20565383)
(5651.66024542, -6884.76677926, 1034.20565383)
(5651.73954552, -6884.76667267, 1034.20565383)
(5651.83825831, -6884.76654205, 1034.20565383)
(5651.91714903, -6884.76649854, 1034.20565383)
(5652.01545952, -6884.76659553, 1034.20565383)
(5652.10838899, -6884.76659439, 1034.20565382)
(5652.19140676, -6884.76659277, 1034.20565382)
(5652.27277238, -6884.76659148, 1034.20565382)
(5652.35000771, -6884.76659015, 1034.20565382)
(5652.44252496, -6884.76658888, 1034.20565382)
(5652.52907658, -6884.7597125, 1034.20565388)
(5652.62960018, -6884.74996768, 1034.20565382)
(5652.73244902, -6884.72386787, 1034.20565376)
(5652.84385355, -6884.64435583, 1034.20565408)
(5652.91336727, -6884.58179691, 1034.20565397)
(5653.01470418, -6884.50343041, 1034.2056539)
(5653.09973985, -6884.43847045, 1034.20565382)
(5653.18079341, -6884.3764404, 1034.20565382)
(5653.22807049, -6884.3388681, 1034.20565383)
(5653.31309204, -6884.26908872, 1034.20565383)
(5653.3780536, -6884.21601477, 1034.20565383)
(5653.46406583, -6884.14620984, 1034.20565383)
(5653.53265469, -6884.0904376, 1034.20565382)
(5653.62410549, -6884.01626773, 1034.20565382)
(5653.68919333, -6883.96341335, 1034.20565383)
(5653.76681414, -6883.90042972, 1034.20565383)
(5653.82550087, -6883.85279826, 1034.20565382)
(5653.90122284, -6883.79140113, 1034.20565381)
(5653.9489361, -6883.74962767, 1034.20565376)
(5654.01355106, -6883.6888798, 1034.20565382)
(5654.07143289, -6883.63301977, 1034.20565386)
(5654.13815732, -6883.56839366, 1034.20565383)
(5654.20867065, -6883.50157101, 1034.20565384)
(5654.26354068, -6883.44955243, 1034.20565383)
(5654.3304293, -6883.38620462, 1034.20565383)
(5654.38285098, -6883.3364437, 1034.20565382)
(5654.45204825, -6883.27075842, 1034.20565382)
(5654.50656589, -6883.21900552, 1034.20565382)
(5654.56917179, -6883.15957535, 1034.20565382)
(5654.61799765, -6883.11322481, 1034.20565382)
(5654.68240004, -6883.05208735, 1034.20565382)
(5654.73601814, -6883.00118646, 1034.20565382)
(5654.80760864, -6882.9332234, 1034.20565382)
(5654.85553502, -6882.88772489, 1034.20565382)
(5654.91871341, -6882.82770612, 1034.20565384)
(5654.97180743, -6882.77638883, 1034.20565383)
(5655.04284914, -6882.70682588, 1034.20565381)
(5655.09854208, -6882.65216422, 1034.20565382)
(5655.15810654, -6882.59376201, 1034.20565382)
(5655.20469371, -6882.54807355, 1034.20565382)
(5655.26743848, -6882.48642623, 1034.20565382)
(5655.32049496, -6882.43435018, 1034.20565383)
(5655.38174758, -6882.37412647, 1034.20565382)
(5655.44016319, -6882.31634795, 1034.20565382)
(5655.50465741, -6882.25237853, 1034.20565383)
(5655.5586875, -6882.19893557, 1034.20565382)
(5655.63086505, -6882.12743537, 1034.20565382)
(5655.68282964, -6882.07601296, 1034.20565382)
(5655.74683349, -6882.01269144, 1034.20565382)
(5655.79618381, -6881.96391115, 1034.20565383)
(5655.85206184, -6881.90879791, 1034.20565382)
(5655.90582191, -6881.85567219, 1034.20565382)
(5655.97011038, -6881.79205203, 1034.20565382)
(5656.02270983, -6881.73953868, 1034.20565383)
(5656.07638719, -6881.6857624, 1034.20565383)
(5656.13105406, -6881.63120631, 1034.20565382)
(5656.19444576, -6881.56785935, 1034.20565382)
(5656.24792218, -6881.51444635, 1034.20565383)
(5656.30689062, -6881.45543738, 1034.20565382)
(5656.36443703, -6881.3979153, 1034.20565382)
(5656.42693065, -6881.33541556, 1034.20565383)
(5656.48680768, -6881.27555084, 1034.20565382)
(5656.53441741, -6881.22795115, 1034.20565382)
(5656.5948784, -6881.16750258, 1034.20565382)
(5656.64686824, -6881.1155229, 1034.20565382)
(5656.72277017, -6881.03956414, 1034.20565382)
(5656.77854535, -6880.98377429, 1034.20565383)
(5656.83033111, -6880.93215622, 1034.20565383)
(5656.88627706, -6880.87651698, 1034.20565382)
(5656.94097436, -6880.82198936, 1034.20565382)
(5657.01848344, -6880.74471092, 1034.20565382)
(5657.08687968, -6880.67643285, 1034.20565382)
(5657.16629092, -6880.59698678, 1034.20565382)
(5657.2241387, -6880.53918223, 1034.20565382)
(5657.31406717, -6880.44921442, 1034.20565382)
(5657.37948926, -6880.38379709, 1034.20565382)
(5657.46214049, -6880.30114791, 1034.20565382)
(5657.54537804, -6880.21791495, 1034.20565382)
(5657.6242345, -6880.13906416, 1034.20565382)
(5657.71096966, -6880.05232191, 1034.20565382)
(5657.77230197, -6879.99099144, 1034.20565382)
(5657.84239363, -6879.92089854, 1034.20565382)
(5657.8850336, -6879.87825962, 1034.20565382)
(5657.94052264, -6879.82276968, 1034.20565382)
(5657.9957216, -6879.76757246, 1034.20565382)
(5658.07399076, -6879.68930183, 1034.20565382)
(5658.14116307, -6879.62213068, 1034.20565382)
(5658.19753013, -6879.56576593, 1034.20565382)
(5658.25856936, -6879.50472695, 1034.20565382)
(5658.30296217, -6879.46033567, 1034.20565382)
(5658.36370875, -6879.39958958, 1034.20565382)
(5658.41978355, -6879.34351669, 1034.20565382)
(5658.48958415, -6879.27371626, 1034.20565382)
(5658.53777363, -6879.22552819, 1034.20565382)
(5658.58420957, -6879.1790922, 1034.20565382)
(5658.6402842, -6879.12301923, 1034.20565382)
(5658.71242097, -6879.05088256, 1034.20565382)
(5658.77054038, -6878.99276466, 1034.20565382)
(5658.84180017, -6878.92150387, 1034.20565382)
(5658.89524587, -6878.86805911, 1034.20565382)
(5658.94693827, -6878.81636532, 1034.20565382)
(5658.99804819, -6878.76525632, 1034.20565382)
(5659.05762622, -6878.70567736, 1034.20565382)
(5659.10990387, -6878.65340072, 1034.20565382)
(5659.17795099, -6878.58535244, 1034.20565382)
(5659.22993694, -6878.53336737, 1034.20565382)
(5659.28484218, -6878.47846086, 1034.20565382)
(5659.34033242, -6878.42297152, 1034.20565382)
(5659.41042343, -6878.35287884, 1034.20565382)
(5659.46708206, -6878.2962208, 1034.20565382)
(5659.53308474, -6878.23021563, 1034.20565382)
(5659.58419391, -6878.17910687, 1034.20565382)
(5659.64143429, -6878.12186413, 1034.20565382)
(5659.68991521, -6878.07338345, 1034.20565382)
(5659.75796246, -6878.0053339, 1034.20565382)
(5659.81403659, -6877.9492601, 1034.20565382)
(5659.88325068, -6877.88004296, 1034.20565382)
(5659.93815664, -6877.82513723, 1034.20565382)
(5660.00444992, -6877.75883872, 1034.20565382)
(5660.05497519, -6877.70831349, 1034.20565382)
(5660.12010196, -6877.64318615, 1034.20565382)
(5660.16683059, -6877.59645818, 1034.20565382)
(5660.23517056, -6877.52811745, 1034.20565382)
(5660.29124486, -6877.47204369, 1034.20565382)
(5660.35578723, -6877.40750009, 1034.20565382)
(5660.40952495, -6877.35376291, 1034.20565382)
(5660.46735081, -6877.2959358, 1034.20565382)
(5660.52050467, -6877.24278247, 1034.20565382)
(5660.59147201, -6877.17181354, 1034.20565382)
(5660.64287313, -6877.12041268, 1034.20565382)
(5660.70887611, -6877.05440781, 1034.20565382)
(5660.76173781, -6877.00154625, 1034.20565382)
(5660.82365137, -6876.93963075, 1034.20565382)
(5660.88089336, -6876.88238881, 1034.20565382)
(5660.94163914, -6876.82164084, 1034.20565382)
(5660.99537692, -6876.767903, 1034.20565382)
(5661.0526178, -6876.71066001, 1034.20565382)
(5661.10372669, -6876.65955113, 1034.20565382)
(5661.1659326, -6876.59734325, 1034.20565382)
(5661.22288307, -6876.54039282, 1034.20565382)
(5661.28479684, -6876.47847678, 1034.20565382)
(5661.32743627, -6876.4358373, 1034.20565382)
(5661.41534223, -6876.34792874, 1034.20565382)
(5661.47024802, -6876.29302247, 1034.20565382)
(5661.56632977, -6876.19693486, 1034.20565382)
(5661.62503218, -6876.13823253, 1034.20565382)
(5661.69132713, -6876.07193565, 1034.20565382)
(5661.74039212, -6876.02287072, 1034.20565382)
(5661.81223513, -6875.95102515, 1034.20565382)
(5661.87619419, -6875.88706598, 1034.20565382)
(5661.9605948, -6875.80265993, 1034.20565382)
(5662.02251011, -6875.74074486, 1034.20565382)
(5662.08062728, -6875.68262632, 1034.20565382)
(5662.13378082, -6875.62947307, 1034.20565382)
(5662.19423503, -6875.56901745, 1034.20565382)
(5662.24300796, -6875.52024468, 1034.20565382)
(5662.30696628, -6875.45628502, 1034.20565382)
(5662.36362433, -6875.39962736, 1034.20565382)
(5662.42086583, -6875.34238442, 1034.20565382)
(5662.47314348, -6875.29010691, 1034.20565382)
(5662.53739388, -6875.22585506, 1034.20565382)
(5662.58996311, -6875.17328607, 1034.20565382)
(5662.65888651, -6875.10436102, 1034.20565382)
(5662.70649124, -6875.05675633, 1034.20565382)
(5662.77337004, -6874.98987569, 1034.20565382)
(5662.84433852, -6874.91890747, 1034.20565382)
(5662.89603212, -6874.8672147, 1034.20565382)
(5662.96028359, -6874.80296299, 1034.20565382)
(5663.00701219, -6874.75623494, 1034.20565382)
(5663.0721392, -6874.69110769, 1034.20565382)
(5663.13697506, -6874.6262726, 1034.20565382)
(5663.21290832, -6874.55033837, 1034.20565382)
(5663.27102673, -6874.49222033, 1034.20565382)
(5663.33323252, -6874.43001295, 1034.20565382)
(5663.38755431, -6874.37569141, 1034.20565382)
(5663.45560168, -6874.30764208, 1034.20565382)
(5663.51021541, -6874.2530284, 1034.20565382)
(5663.58001558, -6874.18322849, 1034.20565382)
(5663.63462961, -6874.12861511, 1034.20565382)
(5663.70501406, -6874.0582301, 1034.20565382)
(5663.75612332, -6874.00712133, 1034.20565382)
(5663.82329444, -6873.93994949, 1034.20565382)
(5663.87294338, -6873.89030082, 1034.20565382)
(5663.94245145, -6873.82079174, 1034.20565382)
(5663.99356066, -6873.76968279, 1034.20565382)
(5664.05897927, -6873.70426306, 1034.20565382)
(5664.10629169, -6873.65695071, 1034.20565382)
(5664.1760917, -6873.58714952, 1034.20565382)
(5664.22544866, -6873.53779272, 1034.20565382)
(5664.29057514, -6873.47266498, 1034.20565382)
(5664.33876362, -6873.42447652, 1034.20565383)
(5664.41761701, -6873.34562156, 1034.20565382)
(5664.46960234, -6873.29363628, 1034.20565382)
(5664.54991479, -6873.21332122, 1034.20565382)
(5664.59751942, -6873.16571693, 1034.20565383)
(5664.66673575, -6873.09650031, 1034.20565382)
(5664.71375642, -6873.04948011, 1034.20565382)
(5664.77713113, -6872.986105, 1034.20565382)
(5664.83262108, -6872.93061555, 1034.20565383)
(5664.90621792, -6872.85701801, 1034.20565382)
(5664.96258417, -6872.80065205, 1034.20565382)
(5665.01281637, -6872.75041897, 1034.20565382)
(5665.06743005, -6872.69580556, 1034.20565382)
(5665.13752207, -6872.6257126, 1034.20565382)
(5665.2008976, -6872.56233725, 1034.20565383)
(5665.27449337, -6872.48873971, 1034.20565382)
(5665.34020487, -6872.42302812, 1034.20565383)
(5665.38956197, -6872.3736715, 1034.20565383)
(5665.46023839, -6872.30299465, 1034.20565382)
(5665.5069667, -6872.25626665, 1034.20565383)
(5665.58027111, -6872.18296166, 1034.20565382)
(5665.6261235, -6872.13710952, 1034.20565382)
(5665.7020567, -6872.0611755, 1034.20565382)
(5665.76572388, -6871.99750855, 1034.20565383)
(5665.81741619, -6871.94581511, 1034.20565382)
(5665.88108371, -6871.88214768, 1034.20565382)
(5665.96314933, -6871.80007996, 1034.20565382)
(5666.03294943, -6871.73027984, 1034.20565382)
(5666.10479434, -6871.65843539, 1034.20565382)
(5666.18014323, -6871.58308503, 1034.20565382)
(5666.25023549, -6871.51299272, 1034.20565383)
(5666.30192868, -6871.46129998, 1034.20565383)
(5666.3866235, -6871.37660453, 1034.20565382)
(5666.4456181, -6871.31761003, 1034.20565383)
(5666.51804575, -6871.2451808, 1034.20565382)
(5666.57441163, -6871.18881485, 1034.20565382)
(5666.63574175, -6871.12748284, 1034.20565382)
(5666.68451469, -6871.07871005, 1034.20565383)
(5666.75227037, -6871.01095432, 1034.20565383)
(5666.80863643, -6870.95458869, 1034.20565383)
(5666.87376392, -6870.88946084, 1034.20565382)
(5666.92750171, -6870.83572337, 1034.20565382)
(5666.98474346, -6870.77848122, 1034.20565382)
(5667.03556048, -6870.72766452, 1034.20565383)
(5667.10360837, -6870.65961623, 1034.20565382)
(5667.16085084, -6870.60237405, 1034.20565383)
(5667.22802219, -6870.53520201, 1034.20565382)
(5667.2817596, -6870.48146472, 1034.20565382)
(5667.35506413, -6870.4081592, 1034.20565382)
(5667.40062438, -6870.36259894, 1034.20565382)
(5667.46224666, -6870.3009757, 1034.20565382)
(5667.51014303, -6870.25307935, 1034.20565383)
(5667.58607589, -6870.17714546, 1034.20565382)
(5667.64185798, -6870.12136336, 1034.20565382)
(5667.71808246, -6870.04513719, 1034.20565382)
(5667.77970543, -6869.98351462, 1034.20565383)
(5667.8527182, -6869.91050139, 1034.20565382)
(5667.91171291, -6869.85150693, 1034.20565383)
(5667.96807834, -6869.7951408, 1034.20565382)
(5668.01918733, -6869.74403193, 1034.20565383)
(5668.08519068, -6869.6780279, 1034.20565382)
(5668.14447745, -6869.61874126, 1034.20565383)
(5668.21602933, -6869.54718823, 1034.20565382)
(5668.27765207, -6869.48556546, 1034.20565383)
(5668.33255807, -6869.4306599, 1034.20565382)
(5668.39418105, -6869.36903678, 1034.20565382)
(5668.45229946, -6869.31091874, 1034.20565383)
(5668.52005504, -6869.24316286, 1034.20565382)
(5668.57642123, -6869.18679698, 1034.20565382)
(5668.63775202, -6869.1254657, 1034.20565382)
(5668.69528627, -6869.06793166, 1034.20565382)
(5668.77034285, -6868.99287434, 1034.20565382)
(5668.82291228, -6868.940305, 1034.20565382)
(5668.88511897, -6868.87809737, 1034.20565382)
(5668.93359954, -6868.82961677, 1034.20565383)
(5669.00223092, -6868.76098446, 1034.20565382)
(5669.04954334, -6868.71367211, 1034.20565382)
(5669.10999778, -6868.65321681, 1034.20565382)
(5669.16577976, -6868.59743487, 1034.20565382)
(5669.22506555, -6868.53814826, 1034.20565382)
(5669.27383814, -6868.48937572, 1034.20565382)
(5669.33925744, -6868.42395563, 1034.20565382)
(5669.40496924, -6868.35824396, 1034.20565382)
(5669.48090166, -6868.28231013, 1034.20565382)
(5669.54865787, -6868.21455437, 1034.20565382)
(5669.61962638, -6868.14358537, 1034.20565382)
(5669.6730719, -6868.09013998, 1034.20565382)
(5669.76156266, -6868.00164816, 1034.20565382)
(5669.80916729, -6867.95404374, 1034.20565382)
(5669.89181796, -6867.87139289, 1034.20565382)
(5669.93708598, -6867.82612503, 1034.20565382)
(5670.01739971, -6867.74581085, 1034.20565382)
(5670.08077514, -6867.68243554, 1034.20565382)
(5670.17072637, -6867.59248289, 1034.20565382)
(5670.23468569, -6867.52852393, 1034.20565382)
(5670.31412348, -6867.44908553, 1034.20565382)
(5670.36406444, -6867.3991446, 1034.20565382)
(5670.43824491, -6867.32496314, 1034.20565382)
(5670.49373477, -6867.26947352, 1034.20565382)
(5670.56879208, -6867.19441611, 1034.20565382)
(5670.62924699, -6867.13396142, 1034.20565382)
(5670.70050712, -6867.06270077, 1034.20565382)
(5670.7469433, -6867.0162647, 1034.20565382)
(5670.81265471, -6866.95055271, 1034.20565382)
(5670.89851812, -6866.8646895, 1034.20565382)
(5670.95225563, -6866.81095232, 1034.20565382)
(5671.01183397, -6866.75137379, 1034.20565382)
(5671.06995253, -6866.6932555, 1034.20565382)
(5671.1359561, -6866.62725163, 1034.20565382)
(5671.18297638, -6866.58023146, 1034.20565382)
(5671.24138638, -6866.52182119, 1034.20565382)
(5671.29191148, -6866.47129625, 1034.20565382)
(5671.36258796, -6866.40061948, 1034.20565382)
(5671.4107765, -6866.35243107, 1034.20565382)
(5671.47210698, -6866.29110028, 1034.20565382)
(5671.52905721, -6866.23415028, 1034.20565382)
(5671.59301646, -6866.17019061, 1034.20565382)
(5671.64646196, -6866.11674522, 1034.20565382)
(5671.70925259, -6866.05395412, 1034.20565382)
(5671.76591069, -6865.99729619, 1034.20565382)
(5671.84418032, -6865.91902578, 1034.20565382)
(5671.89908615, -6865.86412019, 1034.20565382)
(5671.97122266, -6865.79198363, 1034.20565382)
(5672.02992523, -6865.73328133, 1034.20565382)
(5672.0857071, -6865.67749921, 1034.20565382)
(5672.13564802, -6865.62755844, 1034.20565382)
(5672.20398776, -6865.55921851, 1034.20565382)
(5672.26064572, -6865.50257051, 1034.20565383)
(5672.33453566, -6865.42868302, 1034.20565382)
(5672.38330838, -6865.3799106, 1034.20565382)
(5672.44142612, -6865.32179228, 1034.20565382)
(5672.49311938, -6865.27009923, 1034.20565382)
(5672.56496393, -6865.19825405, 1034.20565382)
(5672.61753336, -6865.14568477, 1034.20565382)
(5672.6870409, -6865.07617629, 1034.20565382)
(5672.7416546, -6865.02156274, 1034.20565382)
(5672.81437494, -6864.94884102, 1034.20565382)
(5672.86519216, -6864.89802404, 1034.20565382)
(5672.9306115, -6864.83260468, 1034.20565382)
(5672.9755876, -6864.78762893, 1034.20565382)
(5673.045096, -6864.71812049, 1034.20565382)
(5673.09211658, -6864.67110025, 1034.20565382)
(5673.14935851, -6864.61385825, 1034.20565382)
(5673.19462658, -6864.56859049, 1034.20565382)
(5673.26296667, -6864.50025042, 1034.20565382)
(5673.31407603, -6864.44914142, 1034.20565382)
(5673.38300008, -6864.38021727, 1034.20565382)
(5673.43673763, -6864.32648005, 1034.20565382)
(5673.50712194, -6864.25609545, 1034.20565382)
(5673.55472662, -6864.20849102, 1034.20565382)
(5673.62014595, -6864.14307131, 1034.20565382)
(5673.66833446, -6864.094883, 1034.20565382)
(5673.7273286, -6864.03588851, 1034.20565382)
(5673.77493324, -6863.98828406, 1034.20565382)
(5673.83889246, -6863.92432453, 1034.20565382)
(5673.88941742, -6863.87379976, 1034.20565382)
(5673.96768687, -6863.79552989, 1034.20565382)
(5674.01587556, -6863.74734133, 1034.20565382)
(5674.08772004, -6863.67549618, 1034.20565382)
(5674.13035955, -6863.63285672, 1034.20565382)
(5674.2106731, -6863.55254237, 1034.20565382)
(5674.27112793, -6863.49208754, 1034.20565382)
(5674.35348561, -6863.40972807, 1034.20565382)
(5674.42387005, -6863.33934382, 1034.20565382)
(5674.50798056, -6863.25523247, 1034.20565382)
(5674.57515247, -6863.18806045, 1034.20565382)
(5674.64699584, -6863.11621489, 1034.20565382)
(5674.70599038, -6863.0572206, 1034.20565382)
(5674.77841905, -6862.9847914, 1034.20565382)
(5674.83595334, -6862.92725725, 1034.20565382)
(5674.89494714, -6862.86826262, 1034.20565382)
(5674.93466615, -6862.82854364, 1034.20565382)
(5674.98373097, -6862.77947905, 1034.20565382)
(5675.04856636, -6862.71464321, 1034.20565382)
(5675.10580857, -6862.65740121, 1034.20565382)
(5675.17239582, -6862.5908134, 1034.20565382)
(5675.23343473, -6862.52977466, 1034.20565382)
(5675.30411093, -6862.45909755, 1034.20565382)
(5675.36719404, -6862.39601446, 1034.20565382)
(5675.41713491, -6862.3460739, 1034.20565382)
(5675.47028827, -6862.29292046, 1034.20565382)
(5675.51730884, -6862.24590015, 1034.20565382)
(5675.58389662, -6862.17931237, 1034.20565382)
(5675.63938647, -6862.12382283, 1034.20565382)
(5675.70685026, -6862.05635896, 1034.20565382)
(5675.760588, -6862.00262146, 1034.20565382)
(5675.82016648, -6861.94304281, 1034.20565382)
(5675.86134578, -6861.90186367, 1034.20565382)
(5675.92793334, -6861.83527602, 1034.20565382)
(5675.98371541, -6861.77949418, 1034.20565382)
(5676.04329395, -6861.71991544, 1034.20565382)
(5676.09819972, -6861.66500989, 1034.20565382)
(5676.15982232, -6861.60338707, 1034.20565382)
(5676.20538249, -6861.55782709, 1034.20565382)
(5676.26875772, -6861.49445169, 1034.20565382)
(5676.31753046, -6861.44567912, 1034.20565382)
(5676.38470204, -6861.37850734, 1034.20565382)
(5676.44369656, -6861.31951304, 1034.20565382)
(5676.50853199, -6861.25467727, 1034.20565382)
(5676.56022523, -6861.20298414, 1034.20565382)
(5676.61133396, -6861.15187512, 1034.20565382)
(5676.66244298, -6861.10076621, 1034.20565382)
(5676.72494194, -6861.038267, 1034.20565382)
(5676.77955578, -6860.98365329, 1034.20565382)
(5676.85578092, -6860.90742776, 1034.20565382)
(5676.91331506, -6860.84989374, 1034.20565382)
(5676.97522981, -6860.78797842, 1034.20565382)
(5677.01903768, -6860.74417058, 1034.20565382)
(5677.08474896, -6860.67845881, 1034.20565382)
(5677.13235331, -6860.63085452, 1034.20565382)
(5677.20156925, -6860.56163807, 1034.20565382)
(5677.25618304, -6860.50702429, 1034.20565382)
(5677.31809766, -6860.44510908, 1034.20565382)
(5677.36657815, -6860.39662861, 1034.20565382)
(5677.42498815, -6860.33821814, 1034.20565382)
(5677.47930991, -6860.28389644, 1034.20565382)
(5677.5409326, -6860.22227324, 1034.20565382)
(5677.59204158, -6860.17116427, 1034.20565382)
(5677.65775278, -6860.10545259, 1034.20565382)
(5677.71849963, -6860.04470577, 1034.20565382)
(5677.80348628, -6859.95971829, 1034.20565382)
(5677.85488735, -6859.90831732, 1034.20565382)
(5677.90979292, -6859.85341165, 1034.20565382)
(5677.97433655, -6859.78886823, 1034.20565382)
(5678.04384472, -6859.71935976, 1034.20565382)
(5678.11452114, -6859.64868349, 1034.20565382)
(5678.21118971, -6859.55201386, 1034.20565382)
(5678.27836174, -6859.48484191, 1034.20565382)
(5678.37064943, -6859.39255345, 1034.20565382)
(5678.4220506, -6859.34115239, 1034.20565382)
(5678.49068277, -6859.27252003, 1034.20565382)
(5678.5356588, -6859.22754412, 1034.20565382)
(5678.60633501, -6859.15686772, 1034.20565382)
(5678.65014277, -6859.11306006, 1034.20565382)
(5678.70884513, -6859.05435753, 1034.20565382)
(5678.76316688, -6859.00003591, 1034.20565382)
(5678.83092262, -6858.93227998, 1034.20565382)
(5678.88232369, -6858.880879, 1034.20565382)
(5678.94540678, -6858.81779566, 1034.20565382)
(5678.99768417, -6858.76551838, 1034.20565382)
(5679.0584307, -6858.70477159, 1034.20565382)
(5679.09785763, -6858.66534473, 1034.20565382)
(5679.17203859, -6858.59116356, 1034.20565382)
(5679.22431598, -6858.53888627, 1034.20565382)
(5679.28710692, -6858.47609504, 1034.20565382)
(5679.33120668, -6858.43199535, 1034.20565382)
(5679.39078502, -6858.37241681, 1034.20565382)
(5679.43459288, -6858.32860904, 1034.20565382)
(5679.49884424, -6858.26435752, 1034.20565382)
(5679.55258175, -6858.21062012, 1034.20565382)
(5679.62705465, -6858.136147, 1034.20565382)
(5679.67816378, -6858.08503798, 1034.20565382)
(5679.74329122, -6858.01991021, 1034.20565382)
(5679.78447052, -6857.97873097, 1034.20565382)
(5679.84784544, -6857.91535582, 1034.20565382)
(5679.89749426, -6857.86570707, 1034.20565382)
(5679.95853304, -6857.80466807, 1034.20565382)
(5680.00759779, -6857.75560338, 1034.20565382)
(5680.06571585, -6857.69748515, 1034.20565382)
(5680.11740898, -6857.64579214, 1034.20565382)
(5680.18458082, -6857.57862013, 1034.20565382)
(5680.23247739, -6857.53072363, 1034.20565382)
(5680.29731266, -6857.46588815, 1034.20565382)
(5680.33819986, -6857.42500101, 1034.20565382)
(5680.40069882, -6857.36250191, 1034.20565382)
(5680.44859542, -6857.31460539, 1034.20565382)
(5680.51868774, -6857.24451293, 1034.20565382)
(5680.56921263, -6857.19398813, 1034.20565382)
(5680.63492408, -6857.1282765, 1034.20565382)
(5680.67639551, -6857.08680515, 1034.20565382)
(5680.74064684, -6857.02255366, 1034.20565382)
(5680.79175587, -6856.97144474, 1034.20565382)
(5680.85367062, -6856.90952983, 1034.20565382)
(5680.89835459, -6856.86484593, 1034.20565382)
(5680.96377419, -6856.7994262, 1034.20565382)
(5681.01050249, -6856.75269797, 1034.20565382)
(5681.08234696, -6856.68085337, 1034.20565382)
(5681.13404014, -6856.6291603, 1034.20565382)
(5681.20354841, -6856.55965182, 1034.20565382)
(5681.25407337, -6856.5091269, 1034.20565382)
(5681.31452781, -6856.44867223, 1034.20565382)
(5681.36651302, -6856.3966871, 1034.20565382)
(5681.42609152, -6856.33710839, 1034.20565382)
(5681.47574037, -6856.28745957, 1034.20565382)
(5681.53648692, -6856.22671283, 1034.20565382)
(5681.59197669, -6856.17122316, 1034.20565382)
(5681.65885642, -6856.10434318, 1034.20565382)
(5681.7102576, -6856.05294203, 1034.20565382)
(5681.76866774, -6855.99453164, 1034.20565382)
(5681.81422776, -6855.94897169, 1034.20565382)
(5681.89278951, -6855.87040968, 1034.20565382)
(5681.96288201, -6855.80031722, 1034.20565382)
(5682.04202755, -6855.72117105, 1034.20565382)
(5682.1328555, -6855.63034297, 1034.20565382)
(5682.19506257, -6855.56813591, 1034.20565382)
(5682.25551695, -6855.507681, 1034.20565382)
(5682.2993246, -6855.46387328, 1034.20565382)
(5682.36182338, -6855.40137409, 1034.20565382)
(5682.42081789, -6855.34237954, 1034.20565382)
(5682.49441462, -6855.26878224, 1034.20565382)
(5682.55399303, -6855.20920378, 1034.20565382)
(5682.60422593, -6855.15897098, 1034.20565382)
(5682.65650318, -6855.10669365, 1034.20565382)
(5682.70060307, -6855.06259385, 1034.20565382)
(5682.75521665, -6855.00798025, 1034.20565382)
(5682.82355631, -6854.93964002, 1034.20565382)
(5682.87904615, -6854.88415016, 1034.20565382)
(5682.95906807, -6854.80412759, 1034.20565382)
(5683.00579633, -6854.75739939, 1034.20565382)
(5683.06274624, -6854.70044941, 1034.20565382)
(5683.10801429, -6854.65518144, 1034.20565382)
(5683.17635441, -6854.58684126, 1034.20565382)
(5683.22395888, -6854.53923688, 1034.20565382)
(5683.28645778, -6854.47673792, 1034.20565382)
(5683.33698273, -6854.42621305, 1034.20565382)
(5683.40473875, -6854.35845696, 1034.20565382)
(5683.45292734, -6854.31026845, 1034.20565382)
(5683.5157183, -6854.2474774, 1034.20565382)
(5683.5633227, -6854.19987309, 1034.20565382)
(5683.62406942, -6854.13912631, 1034.20565382)
(5683.6754706, -6854.0877252, 1034.20565382)
(5683.75666082, -6854.00653486, 1034.20565382)
(5683.79959238, -6853.96360335, 1034.20565382)
(5683.85712649, -6853.90606912, 1034.20565382)
(5683.90443896, -6853.85875671, 1034.20565382)
(5683.97307103, -6853.79012454, 1034.20565382)
(5684.02096745, -6853.74222818, 1034.20565382)
(5684.07207638, -6853.69111918, 1034.20565382)
(5684.11734445, -6853.64585117, 1034.20565382)
(5684.16757736, -6853.59561823, 1034.20565382)
(5684.24029788, -6853.52289718, 1034.20565382)
(5684.29111478, -6853.47208023, 1034.20565382)
(5684.34777261, -6853.41542205, 1034.20565382)
(5684.40004993, -6853.36314471, 1034.20565382)
(5684.46430108, -6853.29889319, 1034.20565382)
(5684.52125105, -6853.24194317, 1034.20565382)
(5684.57644878, -6853.18674547, 1034.20565382)
(5684.62901812, -6853.13417614, 1034.20565382)
(5684.67574642, -6853.08744785, 1034.20565382)
(5684.73882935, -6853.02436464, 1034.20565382)
(5684.78847808, -6852.97471592, 1034.20565382)
(5684.85126906, -6852.91192468, 1034.20565382)
(5684.90471459, -6852.85847915, 1034.20565382)
(5684.96516911, -6852.79802438, 1034.20565382)
(5685.01218936, -6852.75100413, 1034.20565382)
(5685.06709492, -6852.6960984, 1034.20565382)
(5685.11207093, -6852.65112243, 1034.20565382)
(5685.17456995, -6852.58862327, 1034.20565382)
(5685.22305051, -6852.54014275, 1034.20565382)
(5685.28846991, -6852.47472322, 1034.20565382)
(5685.339579, -6852.4236142, 1034.20565382)
(5685.4114237, -6852.35176935, 1034.20565382)
(5685.47859554, -6852.28459755, 1034.20565382)
(5685.5650425, -6852.19815017, 1034.20565382)
(5685.62549728, -6852.13769546, 1034.20565382)
(5685.69091678, -6852.07227582, 1034.20565382)
(5685.74114963, -6852.02204303, 1034.20565382)
(5685.80598496, -6851.95720755, 1034.20565382)
(5685.87023642, -6851.89295616, 1034.20565382)
(5685.95960402, -6851.8035882, 1034.20565382)
(5686.03028048, -6851.73291186, 1034.20565382)
(5686.11117873, -6851.65201343, 1034.20565382)
(5686.15907523, -6851.60411694, 1034.20565382)
(5686.23705274, -6851.52613909, 1034.20565382)
(5686.28670153, -6851.47649037, 1034.20565382)
(5686.34890855, -6851.41428332, 1034.20565382)
(5686.4046905, -6851.35850146, 1034.20565382)
(5686.47419867, -6851.28899322, 1034.20565382)
(5686.52589179, -6851.23730018, 1034.20565382)
(5686.58897492, -6851.17421697, 1034.20565382)
(5686.64271249, -6851.12047946, 1034.20565382)
(5686.70842399, -6851.05476785, 1034.20565382)
(5686.75398401, -6851.00920785, 1034.20565382)
(5686.82086378, -6850.94232798, 1034.20565382)
(5686.87284904, -6850.89034274, 1034.20565382)
(5686.94002081, -6850.82317083, 1034.20565382)
(5686.98762518, -6850.77556649, 1034.20565382)
(5687.05333668, -6850.70985485, 1034.20565382)
(5687.10649015, -6850.65670143, 1034.20565382)
(5687.17599833, -6850.58719306, 1034.20565382)
(5687.23207219, -6850.53111922, 1034.20565382)
(5687.29982802, -6850.46336315, 1034.20565382)
(5687.34451197, -6850.41867919, 1034.20565382)
(5687.41051554, -6850.3526754, 1034.20565382)
(5687.48966144, -6850.2735295, 1034.20565382)
(5687.53989434, -6850.22329668, 1034.20565382)
(5687.61290725, -6850.15028369, 1034.20565382)
(5687.67073349, -6850.09245751, 1034.20565382)
(5687.73790521, -6850.02528566, 1034.20565382)
(5687.7966076, -6849.9665833, 1034.20565382)
(5687.85530995, -6849.90788078, 1034.20565382)
(5687.91372028, -6849.84947045, 1034.20565382)
(5687.99958318, -6849.76360726, 1034.20565382)
(5688.04747968, -6849.7157108, 1034.20565382)
(5688.09829668, -6849.66489377, 1034.20565382)
(5688.15466269, -6849.60852784, 1034.20565382)
(5688.22504703, -6849.53814347, 1034.20565382)
(5688.28258122, -6849.48060935, 1034.20565382)
(5688.35793056, -6849.40525992, 1034.20565382)
(5688.40378268, -6849.35940783, 1034.20565382)
(5688.47066235, -6849.29252806, 1034.20565382)
(5688.51709854, -6849.24609188, 1034.20565382)
(5688.58193398, -6849.18125634, 1034.20565382)
(5688.64034434, -6849.12284601, 1034.20565382)
(5688.69583402, -6849.06735621, 1034.20565382)
(5688.74723508, -6849.01595517, 1034.20565382)
(5688.81148641, -6848.95170372, 1034.20565382)
(5688.8637637, -6848.89942644, 1034.20565382)
(5688.93502415, -6848.82816584, 1034.20565382)
(5688.99197417, -6848.77121584, 1034.20565382)
(5689.05564134, -6848.70754848, 1034.20565382)
(5689.10996298, -6848.65322684, 1034.20565382)
(5689.17859507, -6848.58459477, 1034.20565382)
(5689.23233257, -6848.53085735, 1034.20565382)
(5689.30446932, -6848.45872056, 1034.20565382)
(5689.35616252, -6848.40702741, 1034.20565382)
(5689.4233343, -6848.33985555, 1034.20565382)
(5689.47765587, -6848.28553403, 1034.20565382)
(5689.54044692, -6848.2227429, 1034.20565382)
(5689.59535268, -6848.16783716, 1034.20565382)
(5689.66719726, -6848.09599244, 1034.20565382)
(5689.73057242, -6848.03261731, 1034.20565382)
(5689.83571088, -6847.92747847, 1034.20565382)
(5689.90638737, -6847.856802, 1034.20565382)
(5689.99487874, -6847.7683103, 1034.20565382)
(5690.06993609, -6847.69325305, 1034.20565382)
(5690.1809155, -6847.58227335, 1034.20565382)
(5690.24341454, -6847.51977434, 1034.20565382)
(5690.32577303, -6847.4374156, 1034.20565382)
(5690.38184697, -6847.38134171, 1034.20565382)
(5690.44609822, -6847.31709042, 1034.20565382)
(5690.49457879, -6847.2686099, 1034.20565382)
(5690.55357322, -6847.20961542, 1034.20565382)
(5690.60789487, -6847.15529383, 1034.20565382)
(5690.67331434, -6847.08987431, 1034.20565382)
(5690.73493722, -6847.02825147, 1034.20565382)
(5690.80911833, -6846.95407025, 1034.20565382)
(5690.86227175, -6846.90091686, 1034.20565382)
(5690.93265601, -6846.83053242, 1034.20565382)
(5690.97850812, -6846.78468036, 1034.20565382)
(5691.04480386, -6846.71838463, 1034.20565382)
(5691.10379834, -6846.65939023, 1034.20565382)
(5691.17681116, -6846.58637738, 1034.20565382)
(5691.22499968, -6846.53818891, 1034.20565382)
(5691.27669283, -6846.48649573, 1034.20565382)
(5691.32926218, -6846.43392643, 1034.20565382)
(5691.40753193, -6846.35565664, 1034.20565382)
(5691.47003096, -6846.29315767, 1034.20565382)
(5691.53661869, -6846.22656983, 1034.20565382)
(5691.58451518, -6846.17867335, 1034.20565382)
(5691.6394208, -6846.12376765, 1034.20565382)
(5691.69403442, -6846.06915404, 1034.20565382)
(5691.76646319, -6845.99672517, 1034.20565382)
(5691.81611201, -6845.94707637, 1034.20565382)
(5691.88678839, -6845.87639986, 1034.20565382)
(5691.94519866, -6845.8179896, 1034.20565382)
(5692.01850352, -6845.74468453, 1034.20565382)
(5692.07662184, -6845.68656625, 1034.20565382)
(5692.14204134, -6845.62114672, 1034.20565382)
(5692.18789343, -6845.57529467, 1034.20565382)
(5692.2471799, -6845.51600817, 1034.20565382)
(5692.30442207, -6845.45876603, 1034.20565382)
(5692.37889517, -6845.38429288, 1034.20565382)
(5692.4370134, -6845.32617468, 1034.20565382)
(5692.51177856, -6845.25140941, 1034.20565382)
(5692.57194122, -6845.19124676, 1034.20565382)
(5692.64028114, -6845.12290664, 1034.20565382)
(5692.6966471, -6845.06654072, 1034.20565382)
(5692.75213692, -6845.01105088, 1034.20565382)
(5692.8105473, -6844.95264056, 1034.20565382)
(5692.87070988, -6844.89247795, 1034.20565382)
(5692.93087248, -6844.83231539, 1034.20565382)
(5693.00476152, -6844.75842631, 1034.20565382)
(5693.05616263, -6844.70702521, 1034.20565382)
(5693.11953775, -6844.64365001, 1034.20565382)
(5693.17152292, -6844.59166487, 1034.20565382)
(5693.23489808, -6844.52828962, 1034.20565382)
(5693.29243229, -6844.47075542, 1034.20565382)
(5693.37128611, -6844.39190146, 1034.20565382)
(5693.44751153, -6844.31567605, 1034.20565382)
(5693.49570008, -6844.26748754, 1034.20565382)
(5693.55878322, -6844.20440435, 1034.20565382)
(5693.60638762, -6844.15679997, 1034.20565382)
(5693.67823225, -6844.08495531, 1034.20565382)
(5693.73255388, -6844.03063371, 1034.20565382)
(5693.81578857, -6843.94739892, 1034.20565382)
(5693.88967758, -6843.87350993, 1034.20565382)
(5693.95626534, -6843.80692222, 1034.20565382)
(5694.01146309, -6843.75172442, 1034.20565382)
(5694.06782907, -6843.69535847, 1034.20565382)
(5694.14171803, -6843.62146943, 1034.20565382)
(5694.21151837, -6843.55166911, 1034.20565382)
(5694.30789531, -6843.45529191, 1034.20565382)
(5694.3747751, -6843.38841215, 1034.20565382)
(5694.45742559, -6843.30576151, 1034.20565382)
(5694.50678234, -6843.25640477, 1034.20565382)
(5694.56840522, -6843.19478188, 1034.20565382)
(5694.61717782, -6843.14600931, 1034.20565382)
(5694.69427941, -6843.0689077, 1034.20565382)
(5694.75064542, -6843.01254172, 1034.20565382)
(5694.82102982, -6842.94215725, 1034.20565382)
(5694.87155472, -6842.89163238, 1034.20565382)
(5694.9255842, -6842.83760284, 1034.20565382)
(5694.975233, -6842.78795407, 1034.20565382)
(5695.04006844, -6842.72311857, 1034.20565382)
(5695.09701848, -6842.66616854, 1034.20565382)
(5695.16594259, -6842.59724437, 1034.20565382)
(5695.21588344, -6842.54730352, 1034.20565382)
(5695.27750631, -6842.48568057, 1034.20565382)
(5695.32949148, -6842.4336954, 1034.20565382)
(5695.38760966, -6842.37557716, 1034.20565382)
(5695.44748024, -6842.3157066, 1034.20565382)
(5695.50589059, -6842.25729627, 1034.20565382)
(5695.58562058, -6842.17756615, 1034.20565382)
(5695.63994217, -6842.12324458, 1034.20565382)
(5695.70594584, -6842.0572409, 1034.20565382)
(5695.75442644, -6842.00876033, 1034.20565382)
(5695.82013802, -6841.94304873, 1034.20565382)
(5695.86861857, -6841.89456821, 1034.20565382)
(5695.94513605, -6841.8180507, 1034.20565382)
(5695.99244844, -6841.77073834, 1034.20565382)
(5696.06458514, -6841.69860158, 1034.20565382)
(5696.12533185, -6841.63785489, 1034.20565382)
(5696.19221163, -6841.57097503, 1034.20565382)
(5696.2637643, -6841.49942235, 1034.20565382)
(5696.31458128, -6841.44860541, 1034.20565382)
(5696.37474385, -6841.38844282, 1034.20565382)
(5696.42380853, -6841.33937818, 1034.20565382)
(5696.49419297, -6841.26899372, 1034.20565382)
(5696.54880663, -6841.21438009, 1034.20565382)
(5696.62065126, -6841.14253542, 1034.20565382)
(5696.66796363, -6841.09522307, 1034.20565382)
(5696.73017063, -6841.03301603, 1034.20565382)
(5696.78566045, -6840.97752624, 1034.20565382)
(5696.85575275, -6840.90743388, 1034.20565382)
(5696.90394125, -6840.8592454, 1034.20565382)
(5696.97607798, -6840.7871086, 1034.20565382)
(5697.03419626, -6840.72899035, 1034.20565382)
(5697.09903162, -6840.66415488, 1034.20565382)
(5697.17408889, -6840.58909762, 1034.20565382)
(5697.23045489, -6840.53273166, 1034.20565382)
(5697.29645852, -6840.46672799, 1034.20565382)
(5697.34873573, -6840.41445081, 1034.20565382)
(5697.40773011, -6840.35545639, 1034.20565382)
(5697.46380404, -6840.29938248, 1034.20565382)
(5697.5350646, -6840.22812187, 1034.20565382)
(5697.58938617, -6840.1738003, 1034.20565382)
(5697.65509774, -6840.10808867, 1034.20565382)
(5697.69744525, -6840.06574117, 1034.20565382)
(5697.76490915, -6839.99827721, 1034.20565382)
(5697.8163102, -6839.94687616, 1034.20565382)
(5697.88903097, -6839.87415533, 1034.20565382)
(5697.96175183, -6839.80143446, 1034.20565382)
(5698.05725256, -6839.7059335, 1034.20565382)
(5698.12413236, -6839.63905371, 1034.20565382)
(5698.20561472, -6839.55757121, 1034.20565382)
(5698.25029864, -6839.51288731, 1034.20565382)
(5698.31250558, -6839.45068036, 1034.20565382)
(5698.37062384, -6839.39256214, 1034.20565382)
(5698.45385854, -6839.30932741, 1034.20565382)
(5698.52190657, -6839.24127941, 1034.20565382)
(5698.61244244, -6839.15074338, 1034.20565382)
(5698.66004687, -6839.10313897, 1034.20565382)
(5698.72166977, -6839.04151604, 1034.20565382)
(5698.77102649, -6838.99215934, 1034.20565382)
(5698.83849035, -6838.92469546, 1034.20565382)
(5698.89894503, -6838.86424081, 1034.20565382)
(5698.96465663, -6838.79852916, 1034.20565382)
(5699.01927027, -6838.74391552, 1034.20565382)
(5699.07972489, -6838.68346085, 1034.20565382)
(5699.13112598, -6838.63205977, 1034.20565382)
(5699.20735144, -6838.55583424, 1034.20565382)
(5699.26225715, -6838.50092856, 1034.20565382)
(5699.31511845, -6838.44806726, 1034.20565382)
(5699.3697321, -6838.39345365, 1034.20565382)
(5699.43164704, -6838.3315387, 1034.20565382)
(5699.4856766, -6838.27750917, 1034.20565382)
(5699.5458392, -6838.21734657, 1034.20565382)
(5699.59548798, -6838.16769782, 1034.20565382)
(5699.66149165, -6838.10169414, 1034.20565382)
(5699.71610533, -6838.04708049, 1034.20565382)
(5699.77918844, -6837.98399737, 1034.20565382)
(5699.82212001, -6837.94106582, 1034.20565382)
(5699.88169852, -6837.88148731, 1034.20565382)
(5699.93222346, -6837.83096239, 1034.20565382)
(5700.00319199, -6837.75999385, 1034.20565382)
(5700.05050434, -6837.71268152, 1034.20565382)
(5700.11241926, -6837.65076659, 1034.20565382)
(5700.1600237, -6837.60316217, 1034.20565382)
(5700.22748762, -6837.53569824, 1034.20565382)
(5700.27713638, -6837.4860495, 1034.20565382)
(5700.34343204, -6837.41975382, 1034.20565382)
(5700.39892186, -6837.36426403, 1034.20565382)
(5700.46696987, -6837.29621599, 1034.20565382)
(5700.51574248, -6837.24744339, 1034.20565382)
(5700.58758713, -6837.17559871, 1034.20565382)
(5700.63869618, -6837.12448967, 1034.20565382)
(5700.69681444, -6837.06637137, 1034.20565382)
(5700.74704731, -6837.01613851, 1034.20565382)
(5700.81597143, -6836.94721436, 1034.20565382)
(5700.86415993, -6836.89902586, 1034.20565382)
(5700.92957948, -6836.83360627, 1034.20565382)
(5700.98156467, -6836.7816211, 1034.20565382)
(5701.04669212, -6836.7164936, 1034.20565382)
(5701.10393423, -6836.65925149, 1034.20565382)
(5701.16935378, -6836.59383189, 1034.20565382)
(5701.22864026, -6836.53454541, 1034.20565382)
(5701.31275102, -6836.45043456, 1034.20565382)
(5701.37671033, -6836.38647528, 1034.20565382)
(5701.45235168, -6836.31083389, 1034.20565382)
(5701.5046289, -6836.25855668, 1034.20565382)
(5701.56216301, -6836.20102251, 1034.20565382)
(5701.6214495, -6836.14173603, 1034.20565382)
(5701.70059546, -6836.06258999, 1034.20565382)
(5701.75812961, -6836.00505586, 1034.20565382)
(5701.82238092, -6835.94080454, 1034.20565382)
(5701.86881714, -6835.89436834, 1034.20565382)
(5701.93306849, -6835.83011698, 1034.20565382)
(5701.9914788, -6835.77170668, 1034.20565382)
(5702.05835858, -6835.70482688, 1034.20565382)
(5702.11121993, -6835.65196554, 1034.20565382)
(5702.18248052, -6835.58070491, 1034.20565382)
(5702.23855442, -6835.52463103, 1034.20565382)
(5702.29959314, -6835.46359226, 1034.20565382)
(5702.36384449, -6835.39934092, 1034.20565382)
(5702.446203, -6835.31698233, 1034.20565382)
(5702.50694972, -6835.25623562, 1034.20565382)
(5702.5811308, -6835.18205451, 1034.20565382)
(5702.64421397, -6835.11897136, 1034.20565382)
(5702.7324135, -6835.03077175, 1034.20565382)
(5702.78761123, -6834.97557404, 1034.20565382)
(5702.86033206, -6834.90285319, 1034.20565382)
(5702.9216629, -6834.84152236, 1034.20565382)
(5702.99525985, -6834.76792536, 1034.20565382)
(5703.05074965, -6834.71243557, 1034.20565382)
(5703.10828379, -6834.65490136, 1034.20565382)
(5703.16611003, -6834.59707514, 1034.20565382)
(5703.23006931, -6834.53311586, 1034.20565382)
(5703.28176242, -6834.48142277, 1034.20565382)
(5703.34893428, -6834.41425091, 1034.20565382)
(5703.40296384, -6834.36022137, 1034.20565382)
(5703.46049798, -6834.30268721, 1034.20565382)
(5703.51861624, -6834.24456897, 1034.20565382)
(5703.58666425, -6834.17652093, 1034.20565382)
(5703.63806535, -6834.12511984, 1034.20565382)
(5703.71049413, -6834.05269105, 1034.20565382)
(5703.76598391, -6833.99720128, 1034.20565382)
(5703.82673061, -6833.93645455, 1034.20565382)
(5703.88046811, -6833.88271706, 1034.20565382)
(5703.94238302, -6833.82080211, 1034.20565382)
(5703.99349203, -6833.76969309, 1034.20565382)
(5704.06300028, -6833.7001848, 1034.20565382)
(5704.10768419, -6833.6555009, 1034.20565382)
(5704.17076732, -6833.59241773, 1034.20565382)
(5704.23034583, -6833.53283923, 1034.20565382)
(5704.29050844, -6833.47267664, 1034.20565382)
(5704.35914053, -6833.40404448, 1034.20565382)
(5704.42193163, -6833.3412534, 1034.20565382)
(5704.47158038, -6833.29160464, 1034.20565382)
(5704.51947684, -6833.2437082, 1034.20565382)
(5704.58460435, -6833.17858068, 1034.20565382)
(5704.64213854, -6833.12104651, 1034.20565382)
(5704.71047859, -6833.05270646, 1034.20565382)
(5704.76246376, -6833.00072131, 1034.20565382)
(5704.82145816, -6832.9417269, 1034.20565382)
(5704.87344336, -6832.88974171, 1034.20565382)
(5704.93594238, -6832.82724268, 1034.20565382)
(5704.99114012, -6832.77204494, 1034.20565382)
(5705.05509941, -6832.70808564, 1034.20565382)
(5705.10854487, -6832.65464019, 1034.20565382)
(5705.16403466, -6832.59915038, 1034.20565382)
(5705.22098471, -6832.54220035, 1034.20565382)
(5705.28143935, -6832.48174569, 1034.20565382)
(5705.33050402, -6832.43268102, 1034.20565382)
(5705.39592357, -6832.36726146, 1034.20565382)
(5705.45053721, -6832.31264783, 1034.20565382)
(5705.52997521, -6832.23320979, 1034.20565382)
(5705.58692528, -6832.17625972, 1034.20565382)
(5705.64854815, -6832.11463681, 1034.20565382)
(5705.70987897, -6832.053306, 1034.20565382)
(5705.75368669, -6832.00949828, 1034.20565382)
(5705.82115057, -6831.94203435, 1034.20565382)
(5705.87664039, -6831.88654455, 1034.20565382)
(5705.9464407, -6831.81674423, 1034.20565382)
(5706.00923178, -6831.75395316, 1034.20565382)
(5706.06910236, -6831.69408256, 1034.20565382)
(5706.11699884, -6831.6461861, 1034.20565382)
(5706.18738325, -6831.57580168, 1034.20565382)
(5706.23557175, -6831.52761319, 1034.20565382)
(5706.30157538, -6831.46160954, 1034.20565382)
(5706.35969366, -6831.40349127, 1034.20565382)
(5706.43066216, -6831.33252274, 1034.20565382)
(5706.48732016, -6831.27586474, 1034.20565382)
(5706.56091715, -6831.20226771, 1034.20565382)
(5706.60793746, -6831.15524739, 1034.20565382)
(5706.67861391, -6831.0845709, 1034.20565382)
(5706.73439575, -6831.02878908, 1034.20565382)
(5706.8106212, -6830.95256362, 1034.20565382)
(5706.88305, -6830.88013484, 1034.20565382)
(5706.97738261, -6830.78580217, 1034.20565382)
(5707.04397039, -6830.71921441, 1034.20565382)
(5707.13859509, -6830.62458967, 1034.20565382)
(5707.20430667, -6830.55887809, 1034.20565382)
(5707.2475303, -6830.51565447, 1034.20565382)
(5707.3047724, -6830.45841237, 1034.20565382)
(5707.36055426, -6830.40263052, 1034.20565382)
(5707.44320484, -6830.31997993, 1034.20565382)
(5707.50103105, -6830.26215372, 1034.20565382)
(5707.56995522, -6830.19322952, 1034.20565382)
(5707.63099401, -6830.13219074, 1034.20565382)
(5707.70400685, -6830.05917785, 1034.20565382)
(5707.77322306, -6829.98996164, 1034.20565382)
(5707.81323413, -6829.94995058, 1034.20565382)
(5707.87222855, -6829.89095616, 1034.20565382)
(5707.9280104, -6829.83517432, 1034.20565382)
(5707.99722661, -6829.76595809, 1034.20565382)
(5708.04921181, -6829.7139729, 1034.20565382)
(5708.12543727, -6829.63774743, 1034.20565382)
(5708.17859064, -6829.58459407, 1034.20565382)
(5708.23758503, -6829.52559966, 1034.20565382)
(5708.29073842, -6829.47244628, 1034.20565382)
(5708.35674206, -6829.40644261, 1034.20565382)
(5708.41164775, -6829.35153692, 1034.20565382)
(5708.48436857, -6829.27881607, 1034.20565382)
(5708.53168094, -6829.2315037, 1034.20565382)
(5708.59914485, -6829.16403976, 1034.20565382)
(5708.6470413, -6829.11614332, 1034.20565382)
(5708.7156734, -6829.04751122, 1034.20565382)
(5708.78167705, -6828.98150758, 1034.20565382)
(5708.82431659, -6828.93886805, 1034.20565382)
(5708.89119639, -6828.87198824, 1034.20565382)
(5708.94464182, -6828.81854282, 1034.20565382)
(5709.01239779, -6828.75078684, 1034.20565382)
(5709.06292273, -6828.70026191, 1034.20565382)
(5709.11753637, -6828.64564826, 1034.20565382)
(5709.17507052, -6828.58811413, 1034.20565382)
(5709.24195031, -6828.52123433, 1034.20565382)
(5709.29714806, -6828.46603659, 1034.20565382)
(5709.36840863, -6828.394776, 1034.20565382)
(5709.41688919, -6828.34629545, 1034.20565382)
(5709.4776359, -6828.28554871, 1034.20565382)
(5709.52991315, -6828.23327147, 1034.20565382)
(5709.60117373, -6828.16201087, 1034.20565382)
(5709.6543271, -6828.1088575, 1034.20565382)
(5709.71127713, -6828.05190745, 1034.20565382)
(5709.76326231, -6827.99992228, 1034.20565382)
(5709.83277057, -6827.93041399, 1034.20565382)
(5709.88650805, -6827.8766765, 1034.20565382)
(5709.9452104, -6827.81797413, 1034.20565382)
(5709.99573533, -6827.7674492, 1034.20565382)
(5710.0646595, -6827.698525, 1034.20565382)
(5710.11722878, -6827.64595573, 1034.20565382)
(5710.16775367, -6827.59543082, 1034.20565382)
(5710.21681833, -6827.54636616, 1034.20565382)
(5710.29129147, -6827.471893, 1034.20565382)
(5710.34590511, -6827.41727936, 1034.20565382)
(5710.41512131, -6827.34806313, 1034.20565382)
(5710.4603893, -6827.30279514, 1034.20565382)
(5710.5255168, -6827.23766761, 1034.20565382)
(5710.58100661, -6827.18217781, 1034.20565382)
(5710.66570154, -6827.09748288, 1034.20565382)
(5710.72294365, -6827.04024079, 1034.20565382)
(5710.78923935, -6826.97394507, 1034.20565382)
(5710.84881787, -6826.91436656, 1034.20565382)
(5710.9335128, -6826.8296716, 1034.20565382)
(5710.99864032, -6826.76454409, 1034.20565382)
(5711.06289167, -6826.70029273, 1034.20565382)
(5711.11312453, -6826.65005987, 1034.20565382)
(5711.16656995, -6826.59661445, 1034.20565382)
(5711.22906898, -6826.53411543, 1034.20565382)
(5711.31201162, -6826.45117278, 1034.20565382)
(5711.39524631, -6826.36793809, 1034.20565382)
(5711.46884327, -6826.29434106, 1034.20565382)
(5711.52433309, -6826.23885125, 1034.20565382)
(5711.5844957, -6826.17868862, 1034.20565382)
(5711.6224624, -6826.14072193, 1034.20565382)
(5711.68934219, -6826.07384213, 1034.20565382)
(5711.74687635, -6826.01630798, 1034.20565382)
(5711.82018128, -6825.94300303, 1034.20565382)
(5711.87946775, -6825.88371657, 1034.20565382)
(5711.95598525, -6825.80719904, 1034.20565382)
(5712.00680224, -6825.75638206, 1034.20565382)
(5712.06404435, -6825.69913995, 1034.20565382)
(5712.11719773, -6825.64598658, 1034.20565382)
(5712.17648418, -6825.58670013, 1034.20565382)
(5712.22963756, -6825.53354675, 1034.20565382)
(5712.30527892, -6825.45790539, 1034.20565382)
(5712.35317538, -6825.41000895, 1034.20565382)
(5712.4156744, -6825.34750991, 1034.20565382)
(5712.46561523, -6825.29756909, 1034.20565382)
(5712.54625053, -6825.21700583, 1034.20565381)
(5712.60704906, -6825.16737548, 1034.20565382)
(5712.6878732, -6825.12397821, 1034.20565399)
(5712.75507152, -6825.10260489, 1034.20565391)
(5712.83869546, -6825.09478813, 1034.20565405)
(5712.91410627, -6825.08075474, 1034.20565391)
(5713.01147746, -6825.04606544, 1034.20565381)
(5713.11761722, -6825.02289483, 1034.20565414)
(5713.19459126, -6825.01187263, 1034.20565392)
(5713.28365409, -6824.9966241, 1034.20565377)
(5713.34939233, -6824.98686652, 1034.20565382)
(5713.43714252, -6824.97338714, 1034.20565377)
(5713.50549956, -6824.96789372, 1034.20565376)
(5713.59614783, -6824.9628484, 1034.20565381)
(5713.66572231, -6824.95702209, 1034.20565385)
(5713.75664581, -6824.94907462, 1034.20565381)
(5713.82916466, -6824.94462892, 1034.20565382)
(5713.92727471, -6824.93813666, 1034.20565382)
(5714.00184686, -6824.93289371, 1034.20565383)
(5714.10155454, -6824.92592092, 1034.20565383)
(5714.17120457, -6824.92123391, 1034.20565383)
(5714.25569255, -6824.91558648, 1034.20565383)
(5714.32291081, -6824.91152544, 1034.20565383)
(5714.41649377, -6824.90569742, 1034.20565382)
(5714.49205273, -6824.90428574, 1034.20565383)
(5714.59325097, -6824.90220804, 1034.20565383)
(5714.67500554, -6824.89987156, 1034.20565383)
(5714.78482664, -6824.89666058, 1034.20565381)
(5714.85838968, -6824.8957294, 1034.20565383)
(5714.92737771, -6824.89461366, 1034.20565385)
(5714.99592548, -6824.89326482, 1034.20565382)
(5715.1078327, -6824.89104885, 1034.20565382)
(5715.18051164, -6824.88961693, 1034.20565383)
(5715.28003192, -6824.88766397, 1034.20565383)
(5715.34819975, -6824.88686262, 1034.20565383)
(5715.44403735, -6824.88568777, 1034.20565383)
(5715.51220618, -6824.88520538, 1034.20565384)
(5715.61629582, -6824.88425192, 1034.20565383)
(5715.68528207, -6824.88375506, 1034.20565383)
(5715.77491399, -6824.88310677, 1034.20565383)
(5715.84141186, -6824.88263215, 1034.20565383)
(5715.95706442, -6824.88191382, 1034.20565382)
(5716.05990473, -6824.88121041, 1034.20565383)
(5716.18175629, -6824.8805895, 1034.20565383)
(5716.27592279, -6824.88003768, 1034.20565382)
(5716.35315736, -6824.87958157, 1034.20565382)
(5716.41718127, -6824.87929504, 1034.20565383)
(5716.52292761, -6824.87895981, 1034.20565383)
(5716.6386073, -6824.87902692, 1034.20565382)
(5716.72490436, -6824.87857384, 1034.20565382)
(5716.85458024, -6824.87785866, 1034.20565382)
(5716.92066992, -6824.87762774, 1034.20565383)
(5717.00122121, -6824.87748121, 1034.20565383)
(5717.10119037, -6824.87747185, 1034.20565383)
(5717.17056743, -6824.87718755, 1034.20565382)
(5717.25729439, -6824.87680076, 1034.20565382)
(5717.32668264, -6824.87656047, 1034.20565382)
(5717.41837329, -6824.87624465, 1034.20565383)
(5717.49437862, -6824.87611482, 1034.20565383)
(5717.57988364, -6824.87604232, 1034.20565383)
(5717.65423026, -6824.87596243, 1034.20565383)
(5717.73270865, -6824.87592944, 1034.20565383)
(5717.8120096, -6824.87586044, 1034.20565383)
(5717.90453188, -6824.87587929, 1034.20565383)
(5717.96978929, -6824.87585624, 1034.20565383)
(5718.05528564, -6824.8758361, 1034.20565383)
(5718.13995512, -6824.87580915, 1034.20565383)
(5718.2250403, -6824.87582697, 1034.20565383)
(5718.2927757, -6824.87582036, 1034.20565382)
(5718.36877252, -6824.87582193, 1034.20565383)
(5718.45468106, -6824.87581587, 1034.20565383)
(5718.54554666, -6824.87582002, 1034.20565382)
(5718.6136952, -6824.87581828, 1034.20565383)
(5718.68721377, -6824.87582297, 1034.20565383)
(5718.76362264, -6824.87582254, 1034.20565382)
(5718.8375542, -6824.87582617, 1034.20565383)
(5718.92511928, -6824.87591034, 1034.20565383)
(5718.98046329, -6824.87593307, 1034.20565382)
(5719.05191624, -6824.8759602, 1034.20565382)
(5719.1394771, -6824.87599252, 1034.20565382)
(5719.22208153, -6824.87602162, 1034.20565382)
(5719.30014263, -6824.87604662, 1034.20565382)
(5719.36953063, -6824.87606905, 1034.20565382)
(5719.45254798, -6824.87609117, 1034.20565382)
(5719.52111006, -6824.87611115, 1034.20565382)
(5719.60949544, -6824.87610995, 1034.20565382)
(5719.68425286, -6824.87612077, 1034.20565382)
(5719.77305213, -6824.87611714, 1034.20565383)
(5719.84780977, -6824.87612267, 1034.20565382)
(5719.91926193, -6824.87611797, 1034.20565382)
(5719.98410706, -6824.87611982, 1034.20565382)
(5720.0724937, -6824.87612033, 1034.20565382)
(5720.14477313, -6824.87612247, 1034.20565382)
(5720.21416076, -6824.87612255, 1034.20565382)
(5720.27652768, -6824.87612439, 1034.20565382)
(5720.36284925, -6824.87612543, 1034.20565382)
(5720.43306315, -6824.876126, 1034.20565383)
(5720.51483998, -6824.87608818, 1034.20565382)
(5720.57844623, -6824.87607688, 1034.20565382)
(5720.65733336, -6824.87606255, 1034.20565382)
(5720.72300448, -6824.87605268, 1034.20565382)
(5720.8109783, -6824.87603893, 1034.20565382)
(5720.88903995, -6824.8760284, 1034.20565382)
(5720.9861003, -6824.87601462, 1034.20565382)
(5721.06292283, -6824.87600493, 1034.20565382)
(5721.1244633, -6824.87599711, 1034.20565382)
(5721.19013414, -6824.87598951, 1034.20565382)
(5721.28967274, -6824.87597834, 1034.20565382)
(5721.36814723, -6824.87596997, 1034.20565382)
(5721.46685979, -6824.87596015, 1034.20565382)
(5721.55152959, -6824.87595193, 1034.20565382)
(5721.6390906, -6824.87594469, 1034.20565382)
(5721.69402266, -6824.87593986, 1034.20565382)
(5721.77745348, -6824.87593349, 1034.20565382)
(5721.85510181, -6824.87592693, 1034.20565382)
(5721.95505355, -6824.87592039, 1034.20565382)
(5722.033528, -6824.87591459, 1034.20565382)
(5722.11778484, -6824.87591037, 1034.20565382)
(5722.19997617, -6824.87590491, 1034.20565382)
(5722.27721158, -6824.87589978, 1034.20565382)
(5722.36642488, -6824.87589697, 1034.20565383)
(5722.43581255, -6824.87589294, 1034.20565382)
(5722.57128419, -6824.87589018, 1034.20565382)
(5722.6509975, -6824.87588514, 1034.20565382)
(5722.74144988, -6824.87588232, 1034.20565382)
(5722.80712036, -6824.87587884, 1034.20565382)
(5722.89963779, -6824.87587639, 1034.20565382)
(5722.97935098, -6824.87587273, 1034.20565382)
(5723.07847704, -6824.8758734, 1034.20565382)
(5723.14910386, -6824.87587147, 1034.20565382)
(5723.23707807, -6824.87587522, 1034.20565383)
(5723.30068331, -6824.87587472, 1034.20565382)
(5723.37874496, -6824.8758762, 1034.20565382)
(5723.4473065, -6824.87587528, 1034.20565382)
(5723.54395414, -6824.87587637, 1034.20565382)
(5723.61499386, -6824.87587551, 1034.20565382)
(5723.6980118, -6824.87587684, 1034.20565382)
(5723.76905154, -6824.87587611, 1034.20565382)
(5723.85248247, -6824.87587715, 1034.20565382)
(5723.90947943, -6824.87587654, 1034.20565382)
(5723.9920842, -6824.87587706, 1034.20565382)
(5724.05279838, -6824.87587622, 1034.20565382)
(5724.1449028, -6824.87587632, 1034.20565382)
(5724.21222537, -6824.87587537, 1034.20565382)
(5724.29896034, -6824.87587554, 1034.20565382)
(5724.36586985, -6824.8758746, 1034.20565382)
(5724.44434452, -6824.87587461, 1034.20565382)
(5724.52199283, -6824.87587442, 1034.20565382)
(5724.58559844, -6824.87587416, 1034.20565382)
(5724.66366015, -6824.87587819, 1034.20565382)
(5724.72891738, -6824.87587875, 1034.20565382)
(5724.81276141, -6824.87588088, 1034.20565382)
(5724.88008391, -6824.87588106, 1034.20565382)
(5724.9482329, -6824.87588236, 1034.20565382)
(5725.0159684, -6824.87588229, 1034.20565382)
(5725.09733415, -6824.8758833, 1034.20565382)
(5725.168787, -6824.875883, 1034.20565382)
(5725.25345696, -6824.87588386, 1034.20565382)
(5725.31995372, -6824.87588437, 1034.20565382)
(5725.38975487, -6824.87588771, 1034.20565382)
(5725.44675162, -6824.87588852, 1034.20565382)
(5725.52440023, -6824.87589032, 1034.20565382)
(5725.59791811, -6824.87589045, 1034.20565382)
(5725.68052288, -6824.87589206, 1034.20565382)
(5725.7457803, -6824.87589219, 1034.20565382)
(5725.81640747, -6824.87589323, 1034.20565382)
(5725.87712169, -6824.87589319, 1034.20565382)
(5725.93164094, -6824.87589352, 1034.20565382)
(5726.01754987, -6824.87589629, 1034.20565382)
(5726.07909003, -6824.87589655, 1034.20565382)
(5726.16623817, -6824.87589811, 1034.20565382)
(5726.22199607, -6824.87589833, 1034.20565382)
(5726.28849297, -6824.87589908, 1034.20565382)
(5726.35251132, -6824.87589899, 1034.20565382)
(5726.42396447, -6824.87589938, 1034.20565382)
(5726.49376551, -6824.87590166, 1034.20565382)
(5726.56067505, -6824.87590179, 1034.20565382)
(5726.62799806, -6824.87590281, 1034.20565382)
(5726.70027694, -6824.87590282, 1034.20565382)
(5726.76553468, -6824.87590352, 1034.20565382)
(5726.83698763, -6824.8759039, 1034.20565382)
(5726.88696344, -6824.87590408, 1034.20565382)
(5726.97328545, -6824.87590583, 1034.20565382)
(5727.04308611, -6824.875906, 1034.20565382)
(5727.12816906, -6824.87590738, 1034.20565382)
(5727.19507865, -6824.87590757, 1034.20565382)
(5727.30328749, -6824.87585405, 1034.20565386)
(5727.35888803, -6824.87154748, 1034.20565385)
(5727.44006535, -6824.86274349, 1034.20565381)
(5727.51691132, -6824.84496964, 1034.20565395)
(5727.61469329, -6824.79261492, 1034.20565378)
(5727.68292456, -6824.74645965, 1034.20565351)
(5727.75115427, -6824.70611088, 1034.20565407)
(5727.81492579, -6824.66410816, 1034.20565386)
(5727.90266518, -6824.60383486, 1034.20565382)
(5727.98587676, -6824.54377001, 1034.20565382)
(5728.04714242, -6824.49878063, 1034.20565381)
(5728.10602927, -6824.45550263, 1034.20565383)
(5728.15856055, -6824.41686937, 1034.20565382)
(5728.21471486, -6824.37549508, 1034.20565382)
(5728.26055303, -6824.34167713, 1034.20565382)
(5728.30535712, -6824.3085476, 1034.20565383)
(5728.36371799, -6824.26529018, 1034.20565383)
(5728.4177912, -6824.22522304, 1034.20565383)
(5728.47879855, -6824.17995101, 1034.20565382)
(5728.52557154, -6824.14211612, 1034.20565388)
(5728.56874684, -6824.10505433, 1034.20565381)
(5728.61951921, -6824.05924005, 1034.2056539)
(5728.66901853, -6824.01428789, 1034.20565383)
(5728.72804333, -6823.96022474, 1034.20565381)
(5728.76561763, -6823.92549692, 1034.20565384)
(5728.81312873, -6823.88142596, 1034.20565381)
(5728.86004232, -6823.83790581, 1034.20565383)
(5728.91899703, -6823.78308528, 1034.20565382)
(5728.96523873, -6823.74004533, 1034.20565382)
(5729.02171493, -6823.68739266, 1034.20565382)
(5729.06130125, -6823.65051739, 1034.20565382)
(5729.10720728, -6823.60770545, 1034.20565382)
(5729.15343133, -6823.56462018, 1034.20565383)
(5729.21501437, -6823.50713138, 1034.20565382)
(5729.26032307, -6823.46487834, 1034.20565382)
(5729.32101552, -6823.40824057, 1034.20565382)
(5729.37115134, -6823.36147282, 1034.20565382)
(5729.42367263, -6823.31242424, 1034.20565382)
(5729.4680065, -6823.27042499, 1034.20565382)
(5729.50835549, -6823.23201069, 1034.20565384)
(5729.55075187, -6823.19151913, 1034.20565381)
(5729.60063799, -6823.14340374, 1034.20565382)
(5729.65707178, -6823.08840595, 1034.20565384)
(5729.708113, -6823.03844635, 1034.20565383)
(5729.76204341, -6822.98552022, 1034.20565382)
(5729.8083712, -6822.94016062, 1034.20565382)
(5729.85376778, -6822.89562555, 1034.20565382)
(5729.89061697, -6822.85947374, 1034.20565382)
(5729.94599245, -6822.80505982, 1034.20565383)
(5729.99374338, -6822.75819362, 1034.20565383)
(5730.05265514, -6822.70029861, 1034.20565383)
(5730.11689027, -6822.63720388, 1034.20565382)
(5730.16845816, -6822.58655597, 1034.20565383)
(5730.23794947, -6822.5182132, 1034.20565382)
(5730.28390298, -6822.47304991, 1034.20565382)
(5730.33221078, -6822.42556711, 1034.20565382)
(5730.36726454, -6822.39111437, 1034.20565382)
(5730.42291819, -6822.33638008, 1034.20565382)
(5730.47063223, -6822.28947276, 1034.20565382)
(5730.53248652, -6822.22867134, 1034.20565382)
(5730.58018864, -6822.18800218, 1034.20565387)
(5730.64826789, -6822.14448913, 1034.20565383)
(5730.71029121, -6822.11504955, 1034.20565391)
(5730.7927151, -6822.09573143, 1034.20566752)
(5730.85937907, -6822.08243063, 1034.20565486)
(5730.93472567, -6822.06769021, 1034.20565401)
(5730.98221455, -6822.05639796, 1034.20565391)
(5731.04204168, -6822.04166238, 1034.20565378)
(5731.10197922, -6822.02966538, 1034.20565384)
(5731.17537799, -6822.0157005, 1034.20565383)
(5731.2397926, -6822.00287834, 1034.20565382)
(5731.30132844, -6821.99043415, 1034.20565383)
(5731.35315067, -6821.97996825, 1034.20565383)
(5731.4121847, -6821.97289665, 1034.20565413)
(5731.48577217, -6821.96953955, 1034.20565388)
(5731.54959907, -6821.96496282, 1034.20565381)
(5731.61171232, -6821.9592311, 1034.20565384)
(5731.68490124, -6821.95229376, 1034.20565382)
(5731.7586358, -6821.94747021, 1034.20565382)
(5731.86211458, -6821.94076908, 1034.20565381)
(5731.9519222, -6821.93432327, 1034.20565383)
(5732.03764079, -6821.92845773, 1034.20565383)
(5732.08589307, -6821.92560428, 1034.20565383)
(5732.15888158, -6821.92114239, 1034.20565384)
(5732.22030131, -6821.91726307, 1034.20565383)
(5732.30933888, -6821.91165686, 1034.20565383)
(5732.38444665, -6821.90856008, 1034.20565383)
(5732.4542186, -6821.90574019, 1034.20565382)
(5732.51451134, -6821.90426971, 1034.20565383)
(5732.59093003, -6821.90227878, 1034.20565383)
(5732.67307582, -6821.89953328, 1034.20565383)
(5732.72058767, -6821.89851241, 1034.20565383)
(5732.78874716, -6821.89711274, 1034.20565383)
(5732.85607689, -6821.89571202, 1034.20565384)
(5732.93372137, -6821.89408453, 1034.20565383)
(5732.99856318, -6821.89279011, 1034.20565383)
(5733.05307656, -6821.89170364, 1034.20565383)
(5733.10469998, -6821.89070626, 1034.20565383)
(5733.15838369, -6821.88964315, 1034.20565383)
(5733.22404655, -6821.88839253, 1034.20565383)
(5733.29094465, -6821.88710161, 1034.20565383)
(5733.36569435, -6821.88573384, 1034.20565383)
(5733.42933922, -6821.88536088, 1034.20565383)
(5733.50701208, -6821.88487497, 1034.20565383)
(5733.57888001, -6821.88421238, 1034.20565383)
(5733.66272319, -6821.88345209, 1034.20565383)
(5733.73170804, -6821.8829737, 1034.20565383)
(5733.80688559, -6821.88248269, 1034.20565383)
(5733.87916286, -6821.88193956, 1034.20565383)
(5733.93987827, -6821.88152765, 1034.20565383)
(5733.99192325, -6821.88122545, 1034.20565383)
(5734.04437627, -6821.88087543, 1034.20565383)
(5734.10756821, -6821.88046605, 1034.20565383)
(5734.16745542, -6821.88007409, 1034.20565383)
(5734.23932354, -6821.87966894, 1034.20565383)
(5734.291363, -6821.87934355, 1034.20565383)
(5734.35331553, -6821.87895816, 1034.20565383)
(5734.40536878, -6821.87880351, 1034.20565382)
(5734.46816094, -6821.87866357, 1034.20565383)
(5734.5189737, -6821.87860539, 1034.20565383)
(5734.57308941, -6821.87857044, 1034.20565383)
(5734.63008881, -6821.87848064, 1034.20565383)
(5734.69411162, -6821.87842417, 1034.20565383)
(5734.74862931, -6821.87833135, 1034.20565382)
(5734.80314833, -6821.87823672, 1034.20565382)
(5734.86675351, -6821.87812523, 1034.20565382)
(5734.91878338, -6821.87787713, 1034.20565383)
(5734.97783514, -6821.87754896, 1034.20565382)
(5735.0348333, -6821.87733732, 1034.20565382)
(5735.09719987, -6821.87711816, 1034.20565383)
(5735.15049002, -6821.87706909, 1034.20565383)
(5735.20501778, -6821.87704553, 1034.20565383)
(5735.26904375, -6821.87704438, 1034.20565381)
(5735.32627777, -6821.87298321, 1034.20565385)
(5735.38398017, -6821.86759232, 1034.2056538)
(5735.44335087, -6821.85688943, 1034.2056539)
(5735.51004596, -6821.84067994, 1034.20565374)
(5735.56581696, -6821.82175148, 1034.20565445)
(5735.62281136, -6821.78895108, 1034.20565358)
(5735.67007029, -6821.75566736, 1034.20565395)
(5735.70979398, -6821.72675609, 1034.20565388)
(5735.76482912, -6821.68861795, 1034.20565375)
(5735.81816869, -6821.65384781, 1034.20565386)
(5735.87960582, -6821.61429437, 1034.20565383)
(5735.92666651, -6821.58272402, 1034.20565384)
(5735.97645682, -6821.54848784, 1034.20565381)
(5736.01668523, -6821.52009954, 1034.20565382)
(5736.06968073, -6821.48181032, 1034.20565383)
(5736.11803112, -6821.44647071, 1034.20565384)
(5736.16761937, -6821.41006612, 1034.20565384)
(5736.21248606, -6821.37698348, 1034.20565382)
(5736.25928862, -6821.34235271, 1034.20565382)
(5736.30645207, -6821.30754798, 1034.20565382)
(5736.35723276, -6821.27000354, 1034.20565382)
(5736.39439639, -6821.24249972, 1034.20565382)
(5736.44247894, -6821.20685249, 1034.20565382)
(5736.4913636, -6821.17355725, 1034.20565382)
(5736.55506073, -6821.13385947, 1034.20565382)
(5736.60549909, -6821.10669427, 1034.20565355)
(5736.66517532, -6821.09062858, 1034.20565425)
(5736.71842633, -6821.08089475, 1034.20565393)
(5736.78274756, -6821.0680657, 1034.20565381)
(5736.83503234, -6821.05796644, 1034.20565391)
(5736.89493778, -6821.04597988, 1034.20565383)
(5736.94474187, -6821.03613041, 1034.2056538)
(5736.99532894, -6821.02597711, 1034.20565382)
(5737.04493135, -6821.01733898, 1034.20565382)
(5737.09214739, -6821.00935615, 1034.20565382)
(5737.15602199, -6820.99857055, 1034.20565384)
(5737.20526197, -6820.98999435, 1034.20565382)
(5737.2589645, -6820.98056952, 1034.20565383)
(5737.32161809, -6820.96958226, 1034.20565383)
(5737.38407098, -6820.96317667, 1034.20565391)
(5737.44261754, -6820.95976375, 1034.20565376)
(5737.50721726, -6820.95445049, 1034.20565385)
(5737.58784574, -6820.94701433, 1034.20565383)
(5737.64301953, -6820.94349109, 1034.20565381)
(5737.71392224, -6820.93957679, 1034.20565383)
(5737.76298321, -6820.93636512, 1034.20565383)
(5737.80916335, -6820.93344785, 1034.20565383)
(5737.86770909, -6820.92974393, 1034.20565383)
(5737.91679715, -6820.92699535, 1034.20565383)
(5737.98238371, -6820.92335235, 1034.20565383)
(5738.04054111, -6820.92009981, 1034.20565383)
(5738.11065425, -6820.9161902, 1034.20565383)
(5738.15726018, -6820.91362489, 1034.20565383)
(5738.21334884, -6820.91052734, 1034.20565383)
(5738.28757631, -6820.90636342, 1034.20565383)
(5738.35850439, -6820.90239493, 1034.20565383)
(5738.40979995, -6820.89631136, 1034.20565385)
(5738.46543606, -6820.87979308, 1034.20565383)
(5738.53394394, -6820.8559719, 1034.20565372)
(5738.58333248, -6820.8336722, 1034.20565418)
(5738.63549403, -6820.80173842, 1034.20565365)
(5738.68014987, -6820.77119191, 1034.20565385)
(5738.72447368, -6820.73952565, 1034.20565388)
(5738.76983305, -6820.70882123, 1034.20565378)
(5738.81415764, -6820.67907334, 1034.20565379)
(5738.85318576, -6820.65257357, 1034.20565382)
(5738.89611872, -6820.6230542, 1034.20565382)
(5738.93502705, -6820.59565681, 1034.20565383)
(5738.9756351, -6820.56637522, 1034.20565382)
(5739.02029166, -6820.53351833, 1034.20565383)
(5739.05980441, -6820.50429683, 1034.20565383)
(5739.10094794, -6820.47382432, 1034.20565382)
(5739.13728934, -6820.44657728, 1034.20565382)
(5739.17484743, -6820.41821786, 1034.20565383)
(5739.21792364, -6820.38551961, 1034.20565383)
(5739.25908738, -6820.35441574, 1034.20565382)
(5739.29891834, -6820.32428646, 1034.20565382)
(5739.33741048, -6820.29512231, 1034.20565382)
(5739.37592614, -6820.26596502, 1034.20565382)
(5739.4187014, -6820.23354457, 1034.20565382)
(5739.45785525, -6820.20385797, 1034.20565382)
(5739.49699331, -6820.17415244, 1034.20565382)
(5739.53512649, -6820.14517477, 1034.20565382)
(5739.57587734, -6820.11418137, 1034.20565382)
(5739.61892034, -6820.08142393, 1034.20565382)
(5739.65900955, -6820.05091343, 1034.20565383)
(5739.69811944, -6820.02115419, 1034.20565383)
(5739.74283116, -6819.9871523, 1034.20565382)
