(5685.59162641, -6893.77000057, 1034.20572215)
(5685.66674417, -6893.76965798, 1034.20567898)
(5685.7625453, -6893.76922132, 1034.20565164)
(5685.83234123, -6893.76887919, 1034.20565356)
(5685.92361785, -6893.76846383, 1034.20565389)
(5685.98474282, -6893.76815457, 1034.20565379)
(5686.07561084, -6893.76753895, 1034.20565384)
(5686.16169324, -6893.75462042, 1034.20565377)
(5686.25180754, -6893.72397842, 1034.20565383)
(5686.31590822, -6893.68950368, 1034.20565369)
(5686.37917747, -6893.65345574, 1034.2056539)
(5686.45009328, -6893.60766045, 1034.20565385)
(5686.52853127, -6893.5569782, 1034.20565385)
(5686.59598379, -6893.51088647, 1034.20565385)
(5686.65328919, -6893.47009882, 1034.20565382)
(5686.71844276, -6893.42253463, 1034.20565384)
(5686.79731605, -6893.3637752, 1034.20565381)
(5686.85687622, -6893.31936297, 1034.20565381)
(5686.91879029, -6893.27325008, 1034.20565383)
(5686.97584092, -6893.23026005, 1034.20565383)
(5687.04962516, -6893.17455331, 1034.20565383)
(5687.11504724, -6893.12546002, 1034.20565382)
(5687.18586426, -6893.07250631, 1034.20565382)
(5687.23837439, -6893.0288068, 1034.20565377)
(5687.2959517, -6892.97541856, 1034.20565375)
(5687.34891712, -6892.9251523, 1034.20565383)
(5687.42298071, -6892.85455496, 1034.20565383)
(5687.48043169, -6892.80100992, 1034.20565382)
(5687.5442235, -6892.74213907, 1034.20565382)
(5687.59534031, -6892.69461307, 1034.20565383)
(5687.65866467, -6892.63538387, 1034.20565382)
(5687.71454151, -6892.58326738, 1034.20565382)
(5687.76888385, -6892.53253755, 1034.20565383)
(5687.82354436, -6892.48153853, 1034.20565382)
(5687.90778678, -6892.40291442, 1034.20565382)
(5687.97059366, -6892.344301, 1034.20565383)
(5688.04845176, -6892.27155555, 1034.20565383)
(5688.11062032, -6892.21402454, 1034.20565381)
(5688.16894699, -6892.16024674, 1034.20565381)
(5688.24036344, -6892.09285371, 1034.20565383)
(5688.30840457, -6892.02789521, 1034.20565381)
(5688.38420924, -6891.95437368, 1034.20565381)
(5688.4332982, -6891.90601895, 1034.20565382)
(5688.51134106, -6891.82874083, 1034.20565382)
(5688.58110579, -6891.76007242, 1034.20565382)
(5688.67166854, -6891.67129166, 1034.20565383)
(5688.72795192, -6891.61601706, 1034.20565382)
(5688.7980839, -6891.54713795, 1034.20565382)
(5688.84464147, -6891.50141149, 1034.20565382)
(5688.90563432, -6891.44150084, 1034.20565382)
(5688.96132467, -6891.38679992, 1034.20565382)
(5689.0281787, -6891.32107282, 1034.20565382)
(5689.08208901, -6891.26809613, 1034.20565382)
(5689.15571824, -6891.19570878, 1034.20565382)
(5689.2084447, -6891.14388396, 1034.20565382)
(5689.27646795, -6891.07698428, 1034.20565381)
(5689.3328707, -6891.02072434, 1034.20565383)
(5689.41445854, -6890.93882603, 1034.20565382)
(5689.46208577, -6890.89124328, 1034.20565383)
(5689.519358, -6890.8340312, 1034.20565382)
(5689.56640114, -6890.78703443, 1034.20565382)
(5689.63535919, -6890.71814299, 1034.20565383)
(5689.69127181, -6890.66247578, 1034.20565383)
(5689.76013621, -6890.59405562, 1034.20565383)
(5689.81024641, -6890.54427638, 1034.20565382)
(5689.87096197, -6890.48406749, 1034.20565382)
(5689.91750969, -6890.43775361, 1034.20565382)
(5689.97979386, -6890.37564138, 1034.20565383)
(5690.0336571, -6890.32202943, 1034.20565383)
(5690.1007267, -6890.25533396, 1034.20565383)
(5690.14821113, -6890.20818527, 1034.20565383)
(5690.20043577, -6890.15642723, 1034.20565382)
(5690.25431025, -6890.10283737, 1034.20565382)
(5690.32597264, -6890.03141243, 1034.20565382)
(5690.37507881, -6889.98240218, 1034.20565382)
(5690.44165783, -6889.91582621, 1034.20565382)
(5690.48608147, -6889.87146641, 1034.20565382)
(5690.55472, -6889.80284939, 1034.20565382)
(5690.60643593, -6889.75117983, 1034.20565382)
(5690.67038097, -6889.68721355, 1034.20565382)
(5690.72295929, -6889.63465242, 1034.20565382)
(5690.79245726, -6889.56513607, 1034.20565382)
(5690.83831031, -6889.51928501, 1034.20565382)
(5690.89963857, -6889.45795114, 1034.20565382)
(5690.95074829, -6889.40684206, 1034.20565382)
(5691.0228818, -6889.33470202, 1034.20565382)
(5691.07165401, -6889.28592901, 1034.20565382)
(5691.13882122, -6889.21875365, 1034.20565382)
(5691.18525694, -6889.17231637, 1034.20565382)
(5691.24454054, -6889.11302675, 1034.20565382)
(5691.29827708, -6889.05928799, 1034.20565382)
(5691.35376399, -6889.00379617, 1034.20565382)
(5691.41071345, -6888.94684525, 1034.20565382)
(5691.48284742, -6888.87470516, 1034.20565382)
(5691.5392125, -6888.81833804, 1034.20565382)
(5691.60375127, -6888.75379133, 1034.20565382)
(5691.6496026, -6888.70793809, 1034.20565382)
(5691.7097645, -6888.64777434, 1034.20565382)
(5691.78832513, -6888.56921117, 1034.20565382)
(5691.84673483, -6888.51080051, 1034.20565382)
(5691.91361281, -6888.44391893, 1034.20565382)
(5691.96851818, -6888.3890124, 1034.20565382)
(5692.02196199, -6888.33556548, 1034.20565382)
(5692.07131816, -6888.28620822, 1034.20565382)
(5692.13761209, -6888.21991115, 1034.20565382)
(5692.19806652, -6888.15945572, 1034.20565382)
(5692.27341372, -6888.08410425, 1034.20565382)
(5692.32744256, -6888.03007431, 1034.20565382)
(5692.40629372, -6887.95121771, 1034.20565382)
(5692.49682885, -6887.86068016, 1034.20565382)
(5692.56224765, -6887.7952603, 1034.20565382)
(5692.65336444, -6887.70413703, 1034.20565382)
(5692.7281297, -6887.62937142, 1034.20565382)
(5692.84582249, -6887.51167152, 1034.20565382)
(5692.90189627, -6887.4555971, 1034.20565382)
(5692.99710249, -6887.36038539, 1034.20565382)
(5693.05376032, -6887.30372717, 1034.20565382)
(5693.13144462, -6887.22604032, 1034.20565382)
(5693.19511183, -6887.16237264, 1034.20565382)
(5693.27629979, -6887.08118008, 1034.20565382)
(5693.32974527, -6887.02773471, 1034.20565382)
(5693.38143783, -6886.97604117, 1034.20565382)
(5693.43079471, -6886.92668417, 1034.20565382)
(5693.49971835, -6886.85775949, 1034.20565382)
(5693.55725242, -6886.80022539, 1034.20565382)
(5693.63084854, -6886.72662772, 1034.20565382)
(5693.68838278, -6886.66909329, 1034.20565382)
(5693.75350925, -6886.60396482, 1034.20565382)
(5693.80403395, -6886.55343981, 1034.20565382)
(5693.8647796, -6886.49269228, 1034.20565382)
(5693.93633237, -6886.42113919, 1034.20565382)
(5693.98539722, -6886.37207463, 1034.20565382)
(5694.05636526, -6886.30110603, 1034.20565382)
(5694.1063062, -6886.25116536, 1034.20565382)
(5694.16851298, -6886.18895795, 1034.20565382)
(5694.22049837, -6886.13697276, 1034.20565382)
(5694.28854583, -6886.06892459, 1034.20565382)
(5694.34432771, -6886.01314283, 1034.20565382)
(5694.41208332, -6885.94538624, 1034.20565382)
(5694.45939582, -6885.89807379, 1034.20565382)
(5694.53182385, -6885.82564462, 1034.20565382)
(5694.57972027, -6885.77774822, 1034.20565382)
(5694.65098028, -6885.70648689, 1034.20565382)
(5694.70734636, -6885.65012077, 1034.20565382)
(5694.77013648, -6885.58732912, 1034.20565382)
(5694.81744875, -6885.54001671, 1034.20565382)
(5694.87673465, -6885.48072964, 1034.20565382)
(5694.934269, -6885.42319532, 1034.20565382)
(5694.99034223, -6885.36712092, 1034.20565382)
(5695.04729218, -6885.31017089, 1034.20565382)
(5695.10424156, -6885.25322033, 1034.20565382)
(5695.15651892, -6885.20094287, 1034.20565382)
(5695.22686886, -6885.13053481, 1034.20565383)
(5695.27807732, -6885.07717532, 1034.20565385)
(5695.33701959, -6885.01155277, 1034.20565383)
(5695.39849406, -6884.93797279, 1034.20565382)
(5695.43872235, -6884.88794692, 1034.20565383)
(5695.50099957, -6884.80953334, 1034.20565378)
(5695.55047343, -6884.74860975, 1034.20565383)
(5695.61627887, -6884.66799503, 1034.20565384)
(5695.66717598, -6884.60558002, 1034.20565382)
(5695.72987755, -6884.52880705, 1034.20565382)
(5695.77241499, -6884.4766259, 1034.20565382)
(5695.82043287, -6884.4177219, 1034.20565382)
(5695.86527424, -6884.36262611, 1034.20565382)
(5695.92490194, -6884.28920953, 1034.20565382)
(5695.96770287, -6884.23670744, 1034.20565382)
(5696.0293843, -6884.16123675, 1034.20565382)
(5696.0735052, -6884.10714979, 1034.20565382)
(5696.12963463, -6884.03834016, 1034.20565382)
(5696.16560325, -6883.99412801, 1034.20565382)
(5696.22756467, -6883.91781768, 1034.20565382)
(5696.27610529, -6883.86051128, 1034.20565385)
(5696.35147544, -6883.77492638, 1034.20565381)
(5696.42472501, -6883.69584863, 1034.20565383)
(5696.48443484, -6883.63329228, 1034.20565385)
(5696.56896152, -6883.54594676, 1034.20565384)
(5696.62601905, -6883.48572686, 1034.20565382)
(5696.70822481, -6883.39815024, 1034.20565382)
(5696.77341757, -6883.3295952, 1034.20565383)
(5696.8518784, -6883.24743484, 1034.20565382)
(5696.91478218, -6883.1812975, 1034.20565382)
(5696.98296365, -6883.10936061, 1034.20565382)
(5697.02306436, -6883.0671293, 1034.20565382)
(5697.10127535, -6882.98476575, 1034.20565382)
(5697.1666884, -6882.91587998, 1034.20565382)
(5697.24404594, -6882.83441446, 1034.20565382)
(5697.30830725, -6882.768221, 1034.20565382)
(5697.38001178, -6882.69545981, 1034.20565383)
(5697.43576483, -6882.63903435, 1034.20565383)
(5697.50310832, -6882.57085098, 1034.20565382)
(5697.5452241, -6882.52826245, 1034.20565383)
(5697.60047117, -6882.47251204, 1034.20565382)
(5697.65770852, -6882.41467887, 1034.20565382)
(5697.72926273, -6882.34253135, 1034.20565382)
(5697.78972474, -6882.2815004, 1034.20565383)
(5697.86593524, -6882.20466932, 1034.20565382)
(5697.91767979, -6882.15244616, 1034.20565383)
(5697.97143181, -6882.0981443, 1034.20565382)
(5698.02166976, -6882.0473405, 1034.20565382)
(5698.09420225, -6881.97386594, 1034.20565382)
(5698.15285768, -6881.91453262, 1034.20565382)
(5698.22429551, -6881.84228368, 1034.20565383)
(5698.28644453, -6881.77999451, 1034.20565383)
(5698.34986478, -6881.71662216, 1034.20565382)
(5698.39420507, -6881.67217601, 1034.20565383)
(5698.45229003, -6881.61401837, 1034.20565382)
(5698.50015195, -6881.56608653, 1034.20565382)
(5698.57231269, -6881.4939604, 1034.20565382)
(5698.62749496, -6881.43874619, 1034.20565382)
(5698.7005174, -6881.36573952, 1034.20565382)
(5698.76242622, -6881.30381921, 1034.20565382)
(5698.80856563, -6881.25767015, 1034.20565382)
(5698.87164581, -6881.19458289, 1034.20565382)
(5698.92625457, -6881.13996483, 1034.20565382)
(5698.99166986, -6881.0745461, 1034.20565382)
(5699.04881879, -6881.01722775, 1034.20565382)
(5699.10649356, -6880.95926783, 1034.20565382)
(5699.1603383, -6880.90507038, 1034.20565382)
(5699.22634924, -6880.83850877, 1034.20565382)
(5699.27793245, -6880.78669589, 1034.20565383)
(5699.34706582, -6880.71737964, 1034.20565382)
(5699.40397228, -6880.66037575, 1034.20565383)
(5699.46414896, -6880.60021256, 1034.20565382)
(5699.52135422, -6880.54293676, 1034.20565383)
(5699.59291872, -6880.47138696, 1034.20565383)
(5699.64781097, -6880.4164677, 1034.20565382)
(5699.70301961, -6880.36127805, 1034.20565382)
(5699.754416, -6880.3098728, 1034.20565382)
(5699.8248033, -6880.23949002, 1034.20565383)
(5699.87941433, -6880.18487412, 1034.20565382)
(5699.96149782, -6880.10282466, 1034.20565382)
(5700.0117335, -6880.05259522, 1034.20565382)
(5700.07803454, -6879.98630416, 1034.20565382)
(5700.127686, -6879.93665829, 1034.20565382)
(5700.19777662, -6879.86656521, 1034.20565382)
(5700.24391598, -6879.81767851, 1034.20565382)
(5700.30668594, -6879.74476573, 1034.20565383)
(5700.34148823, -6879.69355952, 1034.20565388)
(5700.37080502, -6879.60952046, 1034.20565393)
(5700.38074246, -6879.53533266, 1034.20565391)
(5700.39501506, -6879.44172911, 1034.20565379)
(5700.41240015, -6879.37025903, 1034.20565389)
(5700.43809355, -6879.28830913, 1034.20565399)
(5700.45185265, -6879.22087426, 1034.20565384)
(5700.4633552, -6879.13026767, 1034.20565386)
(5700.48603431, -6879.02283562, 1034.20565379)
(5700.50481462, -6878.94426613, 1034.20565381)
(5700.51239493, -6878.86150687, 1034.20565384)
(5700.50906643, -6878.76213217, 1034.20565384)
(5700.51530337, -6878.67497851, 1034.20565389)
(5700.5302992, -6878.57353182, 1034.20565385)
(5700.5344115, -6878.50546351, 1034.20565395)
(5700.53406377, -6878.38393774, 1034.20565378)
(5700.54095697, -6878.31271354, 1034.20565383)
(5700.55437355, -6878.20106924, 1034.20565388)
(5700.55723326, -6878.0903111, 1034.2056538)
(5700.56107001, -6878.00576547, 1034.20565383)
(5700.56438258, -6877.93893676, 1034.20565382)
(5700.56934839, -6877.83910637, 1034.20565382)
(5700.57032576, -6877.77148021, 1034.20565383)
(5700.57174323, -6877.67704096, 1034.20565381)
(5700.57367349, -6877.59941514, 1034.20565383)
(5700.57622686, -6877.50691738, 1034.20565382)
(5700.5774488, -6877.43385729, 1034.20565382)
(5700.57943875, -6877.33393796, 1034.20565382)
(5700.5811436, -6877.24681349, 1034.20565382)
(5700.58245144, -6877.17785624, 1034.20565382)
(5700.58423438, -6877.07958134, 1034.20565382)
(5700.5851584, -6877.00692026, 1034.20565382)
(5700.5863586, -6876.91896727, 1034.20565382)
(5700.58685069, -6876.8479546, 1034.20565382)
(5700.5876116, -6876.75628477, 1034.20565382)
(5700.58825369, -6876.67864615, 1034.20565382)
(5700.58907207, -6876.56796881, 1034.20565382)
(5700.58964258, -6876.48867424, 1034.20565382)
(5700.59011551, -6876.41103375, 1034.20565382)
(5700.59061384, -6876.33958259, 1034.20565382)
(5700.59122717, -6876.23715995, 1034.20565383)
(5700.59167203, -6876.16818611, 1034.20565382)
(5700.59226615, -6876.07154201, 1034.20565381)
(5700.5921581, -6876.00093962, 1034.20565382)
(5700.59210513, -6875.9001831, 1034.20565383)
(5700.59219465, -6875.81675207, 1034.20565382)
(5700.59229127, -6875.72877835, 1034.20565382)
(5700.592374, -6875.64493551, 1034.20565382)
(5700.59237807, -6875.55737891, 1034.20565382)
(5700.59241628, -6875.48468672, 1034.20565382)
(5700.59241467, -6875.39382386, 1034.20565383)
(5700.59243363, -6875.32278364, 1034.20565382)
(5700.59243805, -6875.23976704, 1034.20565382)
(5700.592451, -6875.16748777, 1034.20565382)
(5700.59244603, -6875.06629794, 1034.20565382)
(5700.59245147, -6874.9874104, 1034.20565382)
(5700.59243812, -6874.90728491, 1034.20565382)
(5700.59243696, -6874.843679, 1034.20565382)
(5700.59243216, -6874.7437276, 1034.20565382)
(5700.59243065, -6874.67144805, 1034.20565382)
(5700.59242277, -6874.56199742, 1034.20565382)
(5700.59242019, -6874.48310978, 1034.20565382)
(5700.59240929, -6874.39637517, 1034.20565382)
(5700.59240557, -6874.331943, 1034.20565382)
(5700.59239775, -6874.24025225, 1034.20565382)
(5700.59239345, -6874.15599519, 1034.20565382)
(5700.59238439, -6874.05356573, 1034.20565382)
(5700.59237899, -6873.95113536, 1034.20565382)
(5700.59237676, -6873.88629066, 1034.20565382)
(5700.59237163, -6873.79005642, 1034.20565382)
(5700.5923693, -6873.72232035, 1034.20565382)
(5700.59236446, -6873.6240209, 1034.20565382)
(5700.59236178, -6873.54224212, 1034.20565382)
(5700.59235664, -6873.44394283, 1034.20565382)
(5700.59235417, -6873.36959842, 1034.20565382)
(5700.5923489, -6873.26634268, 1034.20565382)
(5700.59234669, -6873.19901968, 1034.20565382)
(5700.59234153, -6873.09824216, 1034.20565382)
(5700.59233959, -6873.03133222, 1034.20565382)
(5700.59233436, -6872.92394619, 1034.20565382)
(5700.59233125, -6872.80788649, 1034.20565382)
(5700.59232959, -6872.72817304, 1034.20565382)
(5700.59232704, -6872.65382889, 1034.20565382)
(5700.59232524, -6872.56296365, 1034.20565382)
(5700.59232207, -6872.46466421, 1034.20565382)
(5700.59231992, -6872.36182136, 1034.20565382)
(5700.59231511, -6872.24163147, 1034.20565382)
(5700.59231381, -6872.15117923, 1034.20565382)
(5700.59231153, -6872.06361846, 1034.20565382)
(5700.5923098, -6871.95664528, 1034.20565382)
(5700.59230896, -6871.87693178, 1034.20565382)
(5700.59230742, -6871.78152345, 1034.20565382)
(5700.59230649, -6871.70304898, 1034.20565382)
(5700.59230511, -6871.61961825, 1034.20565382)
(5700.59230442, -6871.5502303, 1034.20565382)
(5700.59230318, -6871.46019128, 1034.20565382)
(5700.59230239, -6871.385021, 1034.20565382)
(5700.59230105, -6871.29126476, 1034.20565382)
(5700.59230043, -6871.22683308, 1034.20565382)
(5700.59229935, -6871.13472892, 1034.20565382)
(5700.59229875, -6871.06203678, 1034.20565382)
(5700.59229767, -6870.97323678, 1034.20565382)
(5700.59229701, -6870.88939301, 1034.20565382)
(5700.59229603, -6870.7948107, 1034.20565382)
(5700.59229539, -6870.70972789, 1034.20565382)
(5700.59229421, -6870.61060234, 1034.20565382)
(5700.59229364, -6870.534193, 1034.20565382)
(5700.59229331, -6870.46728323, 1034.20565382)
(5700.59229283, -6870.39211301, 1034.20565382)
(5700.59229181, -6870.29381345, 1034.20565382)
(5700.59229117, -6870.18849247, 1034.20565382)
(5700.59229084, -6870.10960503, 1034.20565382)
(5700.59229031, -6870.02080503, 1034.20565382)
(5700.59229, -6869.96050362, 1034.20565382)
(5700.59228943, -6869.86096504, 1034.20565382)
(5700.59228912, -6869.78042551, 1034.20565382)
(5700.59228858, -6869.67262643, 1034.20565382)
(5700.59228819, -6869.59249988, 1034.20565382)
(5700.59228764, -6869.48470079, 1034.20565382)
(5700.59228734, -6869.39548776, 1034.20565382)
(5700.59228711, -6869.32568683, 1034.20565382)
(5700.59228674, -6869.23564776, 1034.20565382)
(5700.5922865, -6869.16171661, 1034.20565382)
(5700.59228624, -6869.07043849, 1034.20565382)
(5700.59228605, -6868.99733336, 1034.20565382)
(5700.59228571, -6868.90068587, 1034.20565382)
(5700.59228547, -6868.82179841, 1034.20565382)
(5700.59228524, -6868.71606447, 1034.20565382)
(5700.59228507, -6868.63965516, 1034.20565382)
(5700.59228481, -6868.54672492, 1034.20565382)
(5700.59228464, -6868.47940215, 1034.20565382)
(5700.59228449, -6868.38605891, 1034.20565382)
(5700.59228435, -6868.30675844, 1034.20565382)
(5700.59228413, -6868.20598072, 1034.20565382)
(5700.59228396, -6868.12750628, 1034.20565382)
(5700.59228389, -6868.0354022, 1034.20565382)
(5700.59994478, -6867.96354653, 1034.20565389)
(5700.62582478, -6867.88507662, 1034.2056538)
(5700.66217762, -6867.81749721, 1034.20565404)
(5700.71613024, -6867.72100038, 1034.20565382)
(5700.75357948, -6867.65729342, 1034.2056538)
(5700.80618553, -6867.56608088, 1034.20565406)
(5700.84073874, -6867.51440377, 1034.20565372)
(5700.89241308, -6867.44227097, 1034.20565386)
(5700.93687341, -6867.37931807, 1034.20565384)
(5701.00762334, -6867.27806347, 1034.20565384)
(5701.05439482, -6867.21323334, 1034.20565383)
(5701.1334864, -6867.10369381, 1034.20565382)
(5701.19444355, -6867.0188209, 1034.20565382)
(5701.25567945, -6866.93365767, 1034.20565391)
(5701.31688979, -6866.8551402, 1034.20565384)
(5701.40964914, -6866.7432299, 1034.20565386)
(5701.47665254, -6866.66959236, 1034.20565384)
(5701.53594689, -6866.60737661, 1034.2056539)
(5701.58976884, -6866.54983976, 1034.20565381)
(5701.65881171, -6866.47497302, 1034.20565383)
(5701.71726836, -6866.41202062, 1034.20565382)
(5701.78992378, -6866.33405927, 1034.20565383)
(5701.84225087, -6866.27781474, 1034.20565382)
(5701.8945781, -6866.22156931, 1034.20565382)
(5701.94458909, -6866.1676905, 1034.20565382)
(5702.01838722, -6866.08799481, 1034.20565382)
(5702.07183726, -6866.03052908, 1034.20565382)
(5702.13043201, -6865.96769151, 1034.20565382)
(5702.19710999, -6865.89602915, 1034.20565382)
(5702.26373256, -6865.82431903, 1034.20565382)
(5702.31076825, -6865.77481568, 1034.20565381)
(5702.36775962, -6865.71594215, 1034.20565381)
(5702.42160853, -6865.66105778, 1034.20565382)
(5702.49728869, -6865.58423252, 1034.20565383)
(5702.54643347, -6865.5340853, 1034.20565382)
(5702.61523686, -6865.46387846, 1034.20565382)
(5702.67134651, -6865.40667427, 1034.20565382)
(5702.73823533, -6865.33862813, 1034.20565383)
(5702.79176704, -6865.28410792, 1034.20565383)
(5702.86794034, -6865.20665646, 1034.20565382)
(5702.9183125, -6865.15539927, 1034.20565382)
(5702.98577446, -6865.08677209, 1034.20565383)
(5703.03556974, -6865.0361059, 1034.20565382)
(5703.103027, -6864.9674712, 1034.20565382)
(5703.15919178, -6864.91032451, 1034.20565382)
(5703.22233474, -6864.84613387, 1034.20565382)
(5703.26603487, -6864.80217897, 1034.20565383)
(5703.32968256, -6864.73844241, 1034.20565382)
(5703.38713661, -6864.68081015, 1034.20565382)
(5703.46361505, -6864.60423252, 1034.20565382)
(5703.521393, -6864.54635341, 1034.20565382)
(5703.58741369, -6864.48035176, 1034.20565383)
(5703.6355782, -6864.43214242, 1034.20565382)
(5703.7059698, -6864.36176048, 1034.20565382)
(5703.7590957, -6864.30858332, 1034.20565382)
(5703.84684959, -6864.22054169, 1034.20565382)
(5703.89453355, -6864.17246082, 1034.20565382)
(5703.95725205, -6864.10904684, 1034.20565383)
(5704.00999332, -6864.0560497, 1034.20565382)
(5704.07361449, -6863.99231381, 1034.20565383)
(5704.12926058, -6863.93640055, 1034.20565382)
(5704.18602842, -6863.87927691, 1034.20565382)
(5704.23525561, -6863.82978997, 1034.20565382)
(5704.30050308, -6863.76419868, 1034.20565382)
(5704.35239429, -6863.71211215, 1034.20565382)
(5704.41601454, -6863.64838439, 1034.20565382)
(5704.46942085, -6863.59489459, 1034.20565383)
(5704.52930248, -6863.53502228, 1034.20565383)
(5704.57892313, -6863.4853472, 1034.20565382)
(5704.64581061, -6863.41846854, 1034.20565382)
(5704.7030395, -6863.36121421, 1034.20565383)
(5704.76876823, -6863.29551414, 1034.20565382)
(5704.81929185, -6863.24498795, 1034.20565382)
(5704.8855908, -6863.17869913, 1034.20565382)
(5704.9355312, -6863.12875894, 1034.20565382)
(5704.99131403, -6863.07298639, 1034.20565382)
(5705.04738924, -6863.01691358, 1034.20565382)
(5705.11106012, -6862.9532523, 1034.20565382)
(5705.16392286, -6862.90039311, 1034.20565382)
(5705.2436588, -6862.82067205, 1034.20565382)
(5705.31930278, -6862.7450334, 1034.20565382)
(5705.39173573, -6862.67260884, 1034.20565382)
(5705.45423688, -6862.61011248, 1034.20565382)
(5705.54886834, -6862.51549383, 1034.20565382)
(5705.6137055, -6862.45066025, 1034.20565382)
(5705.68204863, -6862.38232376, 1034.20565382)
(5705.72001632, -6862.34435821, 1034.20565382)
(5705.77726114, -6862.28711826, 1034.20565382)
(5705.8336286, -6862.23075396, 1034.20565382)
(5705.9045998, -6862.15978826, 1034.20565382)
(5705.96155118, -6862.1028399, 1034.20565382)
(5706.03223086, -6862.03216607, 1034.20565382)
(5706.08976644, -6861.97463342, 1034.20565382)
(5706.16015373, -6861.90425209, 1034.20565382)
(5706.21739673, -6861.84701128, 1034.20565382)
(5706.27522443, -6861.78918631, 1034.20565382)
(5706.31523613, -6861.74917587, 1034.20565382)
(5706.3716032, -6861.69281108, 1034.20565382)
(5706.43381095, -6861.63060513, 1034.20565382)
(5706.50127624, -6861.56314245, 1034.20565382)
(5706.55968742, -6861.50473291, 1034.20565382)
(5706.61663856, -6861.44778397, 1034.20565382)
(5706.67037666, -6861.3940473, 1034.20565382)
(5706.72528331, -6861.33914255, 1034.20565382)
(5706.7743486, -6861.29007845, 1034.20565382)
(5706.84035329, -6861.22407576, 1034.20565382)
(5706.90080855, -6861.16362187, 1034.20565382)
(5706.96710524, -6861.09732716, 1034.20565382)
(5707.0258083, -6861.03862541, 1034.20565382)
(5707.086848, -6860.97758747, 1034.20565382)
(5707.13357666, -6860.93085978, 1034.20565382)
(5707.18731481, -6860.87712302, 1034.20565382)
(5707.23784023, -6860.8265986, 1034.20565382)
(5707.30647318, -6860.75796717, 1034.20565382)
(5707.36400777, -6860.70043355, 1034.20565382)
(5707.42563125, -6860.63881139, 1034.20565382)
(5707.47294399, -6860.59149943, 1034.20565382)
(5707.5205489, -6860.5438954, 1034.20565382)
(5707.57895965, -6860.48548552, 1034.20565382)
(5707.64291942, -6860.42152681, 1034.20565382)
(5707.69957778, -6860.36486922, 1034.20565382)
(5707.75068724, -6860.31376054, 1034.20565382)
(5707.79507937, -6860.26936897, 1034.20565382)
(5707.85465826, -6860.20979087, 1034.20565382)
(5707.90576753, -6860.1586822, 1034.20565382)
(5707.97907293, -6860.08537768, 1034.20565382)
(5708.03777565, -6860.02667559, 1034.20565382)
(5708.10962071, -6859.95483133, 1034.20565382)
(5708.16189816, -6859.9025544, 1034.20565382)
(5708.21972467, -6859.84472846, 1034.20565382)
(5708.25856773, -6859.80588576, 1034.20565382)
(5708.32603194, -6859.73842214, 1034.20565382)
(5708.38064577, -6859.68380878, 1034.20565382)
(5708.44752582, -6859.61692924, 1034.20565382)
(5708.49600661, -6859.56844884, 1034.20565382)
(5708.55003634, -6859.51441946, 1034.20565382)
(5708.60026938, -6859.4641868, 1034.20565382)
(5708.66072421, -6859.40373234, 1034.20565382)
(5708.71592216, -6859.34853477, 1034.20565382)
(5708.77929753, -6859.28515973, 1034.20565382)
(5708.84296495, -6859.22149271, 1034.20565382)
(5708.93350108, -6859.13095694, 1034.20565382)
(5709.00038113, -6859.06407728, 1034.20565382)
(5709.06288028, -6859.00157836, 1034.20565382)
(5709.1055199, -6858.95893895, 1034.20565382)
(5709.16977134, -6858.89468774, 1034.20565382)
(5709.23519108, -6858.82926833, 1034.20565382)
(5709.32426687, -6858.74019269, 1034.20565382)
(5709.39874014, -6858.66571972, 1034.20565382)
(5709.46240754, -6858.60205261, 1034.20565382)
(5709.51877353, -6858.54568667, 1034.20565382)
(5709.55907672, -6858.50538362, 1034.20565382)
(5709.62770887, -6858.43675159, 1034.20565382)
(5709.67210079, -6858.39235983, 1034.20565382)
(5709.74482169, -6858.31963902, 1034.20565382)
(5709.79826721, -6858.26619367, 1034.20565382)
(5709.86135033, -6858.20311057, 1034.20565382)
(5709.90807866, -6858.1563824, 1034.20565382)
(5709.97116181, -6858.09329926, 1034.20565382)
(5710.01905835, -6858.04540285, 1034.20565382)
(5710.08330968, -6857.98115152, 1034.20565382)
(5710.13441877, -6857.93004257, 1034.20565382)
(5710.20566105, -6857.85876738, 1034.20565381)
(5710.26151063, -6857.79868431, 1034.20565379)
(5710.32034276, -6857.72795694, 1034.20565379)
(5710.35852661, -6857.66877898, 1034.20565379)
(5710.37963361, -6857.60058026, 1034.20565375)
(5710.38229485, -6857.52094068, 1034.20565426)
(5710.39172127, -6857.45043614, 1034.20565403)
(5710.41822501, -6857.36770758, 1034.20565381)
(5710.43482123, -6857.29991334, 1034.20565398)
(5710.44587547, -6857.2256457, 1034.20565388)
(5710.46111264, -6857.14603114, 1034.20565383)
(5710.48040688, -6857.05827523, 1034.20565384)
(5710.50385584, -6856.97699038, 1034.20565382)
(5710.52875646, -6856.88711941, 1034.20565382)
(5710.55331389, -6856.82396436, 1034.2056543)
(5710.59308703, -6856.76318684, 1034.20565714)
(5710.64108026, -6856.70209211, 1034.20566143)
(5710.70597478, -6856.63006354, 1034.2056539)
(5710.75172969, -6856.57222003, 1034.20565361)
(5710.80601839, -6856.49427865, 1034.20565381)
(5710.84603172, -6856.43930435, 1034.20565388)
(5710.89681587, -6856.37325209, 1034.20565375)
(5710.94020661, -6856.31730807, 1034.20565381)
(5710.99528038, -6856.24608427, 1034.20565383)
(5711.03806376, -6856.19041265, 1034.20565382)
(5711.09814921, -6856.112092, 1034.20565382)
(5711.13915545, -6856.05869762, 1034.20565382)
(5711.19072881, -6855.99154703, 1034.20565382)
(5711.23425431, -6855.93488007, 1034.20565382)
(5711.29013084, -6855.86218656, 1034.20565381)
(5711.33734957, -6855.80702826, 1034.20565362)
(5711.39963649, -6855.74181734, 1034.20565401)
(5711.44370951, -6855.69640408, 1034.20565372)
(5711.50283932, -6855.63465369, 1034.20565384)
(5711.55281633, -6855.58188987, 1034.20565382)
(5711.61742372, -6855.51339843, 1034.20565382)
(5711.67198858, -6855.45585302, 1034.20565382)
(5711.73056279, -6855.39414063, 1034.20565383)
(5711.77803499, -6855.34410625, 1034.20565383)
(5711.83493134, -6855.28421677, 1034.20565382)
(5711.89180323, -6855.22430737, 1034.20565383)
(5711.9506801, -6855.16231462, 1034.20565383)
(5711.99959408, -6855.11079746, 1034.20565383)
(5712.0587532, -6855.04850463, 1034.20565383)
(5712.11250396, -6854.99189709, 1034.20565383)
(5712.20266288, -6854.89696545, 1034.20565382)
(5712.25442418, -6854.84245604, 1034.20565382)
(5712.33121583, -6854.76159195, 1034.20565383)
(5712.38184026, -6854.70828065, 1034.20565382)
(5712.43815535, -6854.6489817, 1034.20565382)
(5712.50072484, -6854.583092, 1034.20565382)
(5712.58437441, -6854.49506202, 1034.20565381)
(5712.65807961, -6854.41955648, 1034.20565382)
(5712.73610362, -6854.34139424, 1034.20565381)
(5712.81426386, -6854.26191629, 1034.20565383)
(5712.8703906, -6854.20475948, 1034.20565382)
(5712.92908443, -6854.14490756, 1034.20565383)
(5712.97541187, -6854.09778071, 1034.20565382)
(5713.04113954, -6854.03092111, 1034.20565382)
(5713.09046175, -6853.98093181, 1034.20565383)
(5713.15204029, -6853.91866155, 1034.20565383)
(5713.20694583, -6853.86316284, 1034.20565383)
(5713.27674097, -6853.7927567, 1034.20565382)
(5713.32692891, -6853.74191203, 1034.20565382)
(5713.38516213, -6853.68276294, 1034.20565383)
(5713.42433579, -6853.64308131, 1034.20565382)
(5713.49026909, -6853.57641497, 1034.20565383)
(5713.54121869, -6853.52512243, 1034.20565383)
(5713.60681404, -6853.45926294, 1034.20565383)
(5713.65378124, -6853.41217312, 1034.20565383)
(5713.71072118, -6853.35519296, 1034.20565383)
(5713.76207454, -6853.30374036, 1034.20565383)
(5713.82194044, -6853.24385369, 1034.20565382)
(5713.86863607, -6853.19709472, 1034.20565382)
(5713.93289373, -6853.13284187, 1034.20565382)
(5713.98106684, -6853.08463862, 1034.20565382)
(5714.04327694, -6853.02243085, 1034.20565383)
(5714.08941308, -6852.97627859, 1034.20565382)
(5714.14986739, -6852.91582275, 1034.20565383)
(5714.1998021, -6852.86587673, 1034.20565382)
(5714.27865816, -6852.78702555, 1034.20565382)
(5714.32918134, -6852.73649853, 1034.20565383)
(5714.39168986, -6852.67400834, 1034.20565382)
(5714.43601165, -6852.62956077, 1034.20565383)
(5714.50299258, -6852.56222187, 1034.20565382)
(5714.55606369, -6852.50898415, 1034.20565382)
(5714.6181804, -6852.44669132, 1034.20565382)
(5714.66662459, -6852.39816976, 1034.20565383)
(5714.73117898, -6852.33362492, 1034.20565383)
(5714.78021793, -6852.28453686, 1034.20565383)
(5714.84271956, -6852.22203529, 1034.20565383)
(5714.89381533, -6852.17091326, 1034.20565382)
(5714.95602591, -6852.10870766, 1034.20565382)
(5715.00420796, -6852.06051284, 1034.20565383)
(5715.06583444, -6851.99889134, 1034.20565383)
(5715.11431149, -6851.95040775, 1034.20565382)
(5715.17710401, -6851.88762061, 1034.20565383)
(5715.22353833, -6851.84118328, 1034.20565382)
(5715.28457682, -6851.78015063, 1034.20565382)
(5715.34123418, -6851.7234921, 1034.20565382)
(5715.40168633, -6851.66304783, 1034.20565382)
(5715.44812266, -6851.61661243, 1034.20565382)
(5715.50711752, -6851.5576247, 1034.20565382)
(5715.5541388, -6851.51060535, 1034.20565382)
(5715.61255215, -6851.45219784, 1034.20565382)
(5715.6700883, -6851.39466627, 1034.20565382)
(5715.72382768, -6851.34093089, 1034.20565382)
(5715.781364, -6851.28339861, 1034.20565382)
(5715.8491224, -6851.21564491, 1034.20565382)
(5715.90665748, -6851.15811206, 1034.20565382)
(5715.97208003, -6851.09269546, 1034.20565382)
(5716.03808544, -6851.02669333, 1034.20565382)
(5716.11373123, -6850.95105624, 1034.20565382)
(5716.16922229, -6850.89556818, 1034.20565382)
(5716.25742627, -6850.8073845, 1034.20565382)
(5716.31204239, -6850.75277358, 1034.20565382)
(5716.39411403, -6850.67071236, 1034.20565382)
(5716.45866024, -6850.60617204, 1034.20565382)
(5716.55183218, -6850.51301462, 1034.20565382)
(5716.60878412, -6850.45606668, 1034.20565382)
(5716.66310854, -6850.40174805, 1034.20565382)
(5716.71655576, -6850.34830461, 1034.20565382)
(5716.78373106, -6850.28113581, 1034.20565382)
(5716.84447979, -6850.22039119, 1034.20565382)
(5716.90785795, -6850.15701917, 1034.20565382)
(5716.95750826, -6850.10737216, 1034.20565382)
(5717.01650544, -6850.04838018, 1034.20565382)
(5717.0717048, -6849.99318417, 1034.20565382)
(5717.13654281, -6849.92835137, 1034.20565382)
(5717.18998964, -6849.8749076, 1034.20565382)
(5717.25628791, -6849.80861424, 1034.20565382)
(5717.3103188, -6849.75458608, 1034.20565382)
(5717.36259782, -6849.7023106, 1034.20565382)
(5717.42159351, -6849.64331775, 1034.20565382)
(5717.47533216, -6849.5895814, 1034.20565382)
(5717.55740109, -6849.50751717, 1034.20565382)
(5717.61727265, -6849.44764774, 1034.20565382)
(5717.67948089, -6849.38544208, 1034.20565382)
(5717.72650198, -6849.33842259, 1034.20565382)
(5717.78754195, -6849.2773849, 1034.20565382)
(5717.84420082, -6849.22072782, 1034.20565382)
(5717.9201355, -6849.14479575, 1034.20565382)
(5717.98146723, -6849.08346583, 1034.20565382)
(5718.04455142, -6849.02038368, 1034.20565382)
(5718.0939088, -6848.97102769, 1034.20565382)
(5718.15786897, -6848.90706934, 1034.20565382)
(5718.22124496, -6848.84369496, 1034.20565382)
(5718.29922368, -6848.7657181, 1034.20565382)
(5718.34974916, -6848.71519377, 1034.20565382)
(5718.42247076, -6848.64247372, 1034.20565382)
(5718.47212005, -6848.59282548, 1034.20565382)
(5718.53666405, -6848.52828269, 1034.20565382)
(5718.59186232, -6848.47308549, 1034.20565382)
(5718.67305329, -6848.39189582, 1034.20565382)
(5718.72649919, -6848.33845084, 1034.20565382)
(5718.78841446, -6848.27653627, 1034.20565382)
(5718.85587891, -6848.20907287, 1034.20565382)
(5718.90874069, -6848.15621199, 1034.20565382)
(5718.97620502, -6848.08874852, 1034.20565382)
(5719.0281906, -6848.03676374, 1034.20565382)
(5719.09390254, -6847.97105251, 1034.20565382)
(5719.1464722, -6847.91848359, 1034.20565382)
(5719.20167018, -6847.86328612, 1034.20565382)
(5719.25716036, -6847.80779667, 1034.20565382)
(5719.32024374, -6847.7447138, 1034.20565382)
(5719.3769021, -6847.68805612, 1034.20565382)
(5719.44641056, -6847.61854807, 1034.20565382)
(5719.49693575, -6847.5680234, 1034.20565382)
(5719.5568064, -6847.50815296, 1034.20565382)
(5719.60616339, -6847.45879648, 1034.20565382)
(5719.67830023, -6847.38665988, 1034.20565382)
(5719.73379028, -6847.33117032, 1034.20565382)
(5719.80300646, -6847.2619541, 1034.20565382)
(5719.85061108, -6847.21434985, 1034.20565382)
(5719.91895106, -6847.14600973, 1034.20565382)
(5719.99167214, -6847.07328909, 1034.20565382)
(5720.04161319, -6847.02334852, 1034.20565382)
(5720.11433416, -6846.95062779, 1034.20565382)
(5720.17099243, -6846.89397003, 1034.20565382)
(5720.24955426, -6846.81540821, 1034.20565382)
(5720.32840842, -6846.73655454, 1034.20565382)
(5720.39528777, -6846.66967421, 1034.20565382)
(5720.43792748, -6846.62703474, 1034.20565382)
(5720.52028515, -6846.54467547, 1034.20565382)
(5720.58284119, -6846.46669973, 1034.20565382)
(5720.64196655, -6846.32541023, 1034.20565401)
(5720.6509765, -6846.22187107, 1034.20565473)
(5720.67899837, -6846.10759666, 1034.20565398)
(5720.7026475, -6846.03030363, 1034.2056538)
(5720.72849241, -6845.93423316, 1034.20565375)
(5720.7428415, -6845.86063719, 1034.20565379)
(5720.76211944, -6845.7619758, 1034.20565387)
(5720.77822296, -6845.69297188, 1034.20565384)
(5720.79841395, -6845.60799801, 1034.20565381)
(5720.80523073, -6845.50531162, 1034.20565378)
(5720.80565287, -6845.43182273, 1034.20565386)
(5720.81358011, -6845.32744285, 1034.20565378)
(5720.81984573, -6845.25165935, 1034.2056538)
(5720.82830915, -6845.14665936, 1034.20565381)
(5720.83255735, -6845.07050034, 1034.20565383)
(5720.83782701, -6844.98727027, 1034.20565382)
(5720.84248848, -6844.9155635, 1034.20565382)
(5720.84904107, -6844.81294457, 1034.20565382)
(5720.85455515, -6844.72968317, 1034.20565383)
(5720.86298341, -6844.60563003, 1034.2056538)
(5720.86239588, -6844.52010748, 1034.20565379)
(5720.8628983, -6844.43221405, 1034.20565384)
(5720.86500865, -6844.36734399, 1034.20565383)
(5720.86791687, -6844.27731082, 1034.20565381)
(5720.8690338, -6844.19808079, 1034.20565382)
(5720.87100103, -6844.09073176, 1034.20565382)
(5720.87234186, -6844.02300835, 1034.20565383)
(5720.87496747, -6843.8912783, 1034.20565383)
(5720.87670523, -6843.81528518, 1034.20565383)
(5720.87877038, -6843.72855088, 1034.20565384)
(5720.88770074, -6843.64620664, 1034.20565379)
(5720.89722357, -6843.55783108, 1034.20565406)
(5720.91221549, -6843.49085835, 1034.20565368)
(5720.949269, -6843.41826597, 1034.20565388)
(5720.99802125, -6843.35431384, 1034.20565375)
(5721.06344019, -6843.27164353, 1034.20565394)
(5721.10931542, -6843.2038661, 1034.20565374)
(5721.16845793, -6843.10987734, 1034.20565383)
(5721.2189267, -6843.04099365, 1034.20565403)
(5721.27958375, -6842.96784766, 1034.20565399)
(5721.32578769, -6842.90910275, 1034.20565384)
(5721.3751151, -6842.84430001, 1034.2056538)
(5721.4212354, -6842.78388999, 1034.20565382)
(5721.47549213, -6842.71307332, 1034.20565382)
(5721.52801739, -6842.64457077, 1034.20565383)
(5721.58513168, -6842.57022584, 1034.20565382)
(5721.62882291, -6842.51857067, 1034.20565375)
(5721.68902101, -6842.45394623, 1034.20565391)
(5721.73892164, -6842.40142938, 1034.20565378)
(5721.80107267, -6842.33514033, 1034.20565383)
(5721.8632511, -6842.26834451, 1034.20565383)
(5721.92223967, -6842.20477939, 1034.20565382)
(5721.97262525, -6842.15067767, 1034.20565383)
(5722.04166196, -6842.07668877, 1034.20565382)
(5722.09450865, -6842.02034514, 1034.20565383)
(5722.15789607, -6841.95293415, 1034.20565383)
(5722.21217197, -6841.89511586, 1034.20565382)
(5722.27583897, -6841.82741451, 1034.20565383)
(5722.34560934, -6841.75299671, 1034.20565382)
(5722.40175169, -6841.69297838, 1034.20565382)
(5722.45314776, -6841.6381232, 1034.20565382)
(5722.55086177, -6841.53384326, 1034.20565384)
(5722.61193409, -6841.47027989, 1034.20565382)
(5722.69516476, -6841.38560564, 1034.20565383)
(5722.76407084, -6841.3155016, 1034.20565382)
(5722.86128889, -6841.21647874, 1034.20565382)
(5722.92380585, -6841.15283304, 1034.20565382)
(5723.00513715, -6841.07003778, 1034.20565382)
(5723.04855281, -6841.02584139, 1034.20565382)
(5723.10673135, -6840.96661969, 1034.20565382)
(5723.16433053, -6840.90798701, 1034.20565382)
(5723.23958939, -6840.83139193, 1034.20565383)
(5723.29574511, -6840.77423738, 1034.20565383)
(5723.36641314, -6840.7023837, 1034.20565382)
(5723.4376415, -6840.62992724, 1034.20565382)
(5723.49717537, -6840.56969531, 1034.20565383)
(5723.55504319, -6840.51130325, 1034.20565383)
(5723.60052796, -6840.46565006, 1034.20565382)
(5723.66242184, -6840.4036758, 1034.20565382)
(5723.71550329, -6840.35044143, 1034.20565382)
(5723.79052233, -6840.27532851, 1034.20565382)
(5723.84247212, -6840.22330292, 1034.20565383)
(5723.91141015, -6840.15437909, 1034.20565382)
(5723.95928744, -6840.10646449, 1034.20565383)
(5724.01652763, -6840.04921794, 1034.20565383)
(5724.06236776, -6840.00335424, 1034.20565382)
(5724.13392342, -6839.93180278, 1034.20565382)
(5724.18648664, -6839.87922767, 1034.20565383)
(5724.25512939, -6839.8106042, 1034.20565382)
(5724.30331746, -6839.76241583, 1034.20565382)
(5724.37370774, -6839.69203953, 1034.20565382)
(5724.41973741, -6839.64580175, 1034.20565382)
(5724.48665949, -6839.57840877, 1034.20565382)
(5724.53415892, -6839.53069893, 1034.20565382)
(5724.60875907, -6839.45576835, 1034.20565382)
(5724.66651306, -6839.3978628, 1034.20565382)
(5724.73370273, -6839.33068864, 1034.20565382)
(5724.7894464, -6839.27487036, 1034.20565382)
(5724.85222353, -6839.21206021, 1034.20565382)
(5724.90389176, -6839.16034599, 1034.20565383)
(5724.96464824, -6839.09960326, 1034.20565382)
(5725.02012755, -6839.04410297, 1034.20565382)
(5725.0782518, -6838.98598924, 1034.20565382)
(5725.13169282, -6838.93253966, 1034.20565382)
(5725.19302684, -6838.87121246, 1034.20565382)
(5725.25055917, -6838.81367683, 1034.20565382)
(5725.32065674, -6838.74359105, 1034.20565382)
(5725.37176636, -6838.69248275, 1034.20565382)
(5725.43310114, -6838.6311613, 1034.20565383)
(5725.47953887, -6838.58472702, 1034.20565382)
(5725.55255421, -6838.51172727, 1034.20565382)
(5725.60366592, -6838.46062154, 1034.20565382)
(5725.66704513, -6838.39725625, 1034.20565382)
(5725.72078587, -6838.34352244, 1034.20565382)
(5725.79351427, -6838.27080903, 1034.20565382)
(5725.85134434, -6838.2129869, 1034.20565382)
(5725.927286, -6838.13706158, 1034.20565382)
(5725.97343253, -6838.09092025, 1034.20565382)
(5726.04119286, -6838.02316872, 1034.20565382)
(5726.08996786, -6837.97439863, 1034.20565382)
(5726.15772813, -6837.90664673, 1034.20565382)
(5726.21322055, -6837.85115975, 1034.20565382)
(5726.28799021, -6837.77639895, 1034.20565382)
(5726.33793338, -6837.72646065, 1034.20565382)
(5726.39663913, -6837.66776153, 1034.20565382)
(5726.44044873, -6837.62395584, 1034.20565382)
(5726.5362463, -6837.52816768, 1034.20565382)
(5726.60225263, -6837.4621667, 1034.20565382)
(5726.68812061, -6837.37630816, 1034.20565382)
(5726.75821537, -6837.30621848, 1034.20565382)
(5726.84028514, -6837.22415522, 1034.20565382)
(5726.91008761, -6837.15435713, 1034.20565382)
(5726.99799785, -6837.06645238, 1034.20565382)
(5727.08561578, -6836.97883941, 1034.20565382)
(5727.15979885, -6836.90466028, 1034.20565382)
(5727.22814044, -6836.83632178, 1034.20565382)
(5727.28012688, -6836.78433788, 1034.20565382)
(5727.33182114, -6836.73264591, 1034.20565382)
(5727.37942666, -6836.68504258, 1034.20565382)
(5727.457406, -6836.60706642, 1034.20565382)
(5727.50676376, -6836.55771076, 1034.20565382)
(5727.575105, -6836.48937191, 1034.20565382)
(5727.62825945, -6836.43621955, 1034.20565382)
(5727.68783884, -6836.37664194, 1034.20565382)
(5727.7418694, -6836.32261341, 1034.20565382)
(5727.80875003, -6836.25573447, 1034.20565382)
(5727.85489498, -6836.20959106, 1034.20565382)
(5727.92936891, -6836.13511878, 1034.20565382)
(5727.9798946, -6836.08459459, 1034.20565382)
(5728.05232391, -6836.01216638, 1034.20565382)
(5728.10109719, -6835.96339439, 1034.20565382)
(5728.17148186, -6835.89301031, 1034.20565382)
(5728.21529012, -6835.84920298, 1034.20565382)
(5728.27924954, -6835.78524393, 1034.20565382)
(5728.32831478, -6835.73617969, 1034.20565382)
(5728.38205237, -6835.68244242, 1034.20565382)
(5728.43286999, -6835.631626, 1034.20565382)
(5728.49157253, -6835.57292389, 1034.20565382)
(5728.541806, -6835.52269151, 1034.20565382)
(5728.59758799, -6835.46690994, 1034.20565382)
(5728.64752937, -6835.41696958, 1034.20565382)
(5728.71148887, -6835.35301056, 1034.20565382)
(5728.76376666, -6835.3007338, 1034.20565382)
(5728.82363734, -6835.24086344, 1034.20565382)
(5728.87795944, -6835.1865423, 1034.20565382)
(5728.94892804, -6835.11557389, 1034.20565382)
(5729.00441833, -6835.06008448, 1034.20565382)
(5729.06925355, -6834.99524894, 1034.20565382)
(5729.12065502, -6834.94384812, 1034.20565382)
(5729.18256965, -6834.88193304, 1034.20565382)
(5729.22929822, -6834.83520498, 1034.20565382)
(5729.28946061, -6834.77504221, 1034.20565382)
(5729.34086205, -6834.72364136, 1034.20565382)
(5729.40336083, -6834.66114219, 1034.20565382)
(5729.45388616, -6834.61061754, 1034.20565382)
(5729.51959752, -6834.5449058, 1034.20565382)
(5729.57742411, -6834.48707986, 1034.20565382)
(5729.65540126, -6834.40910165, 1034.20565382)
(5729.70767899, -6834.35682468, 1034.20565382)
(5729.7850728, -6834.27943123, 1034.20565382)
(5729.84465176, -6834.21985317, 1034.20565382)
(5729.92204518, -6834.14245929, 1034.20565382)
(5729.97286238, -6834.09164253, 1034.20565382)
(5730.03944959, -6834.02505431, 1034.20565382)
(5730.09289521, -6833.9716089, 1034.20565382)
(5730.16561522, -6833.89888735, 1034.20565382)
(5730.23746021, -6833.8270428, 1034.20565382)
(5730.28944575, -6833.77505799, 1034.20565382)
(5730.3519446, -6833.71255889, 1034.20565382)
(5730.40509832, -6833.6594057, 1034.20565382)
(5730.47577455, -6833.58872908, 1034.20565382)
(5730.53184873, -6833.53265533, 1034.20565382)
(5730.59843601, -6833.46606721, 1034.20565382)
(5730.64458039, -6833.41992321, 1034.20565382)
(5730.71262796, -6833.35187485, 1034.20565382)
(5730.77133053, -6833.29317254, 1034.20565382)
(5730.84113005, -6833.22337163, 1034.20565382)
(5730.90859449, -6833.15590801, 1034.20565382)
(5730.98715619, -6833.07734604, 1034.20565382)
(5731.05140781, -6833.01309496, 1034.20565382)
(5731.130845, -6832.93365621, 1034.20565382)
(5731.20181361, -6832.8626877, 1034.20565382)
(5731.29497508, -6832.76952042, 1034.20565382)
(5731.34433201, -6832.72016364, 1034.20565382)
(5731.41442365, -6832.6500707, 1034.20565382)
(5731.47896749, -6832.58552752, 1034.20565382)
(5731.55665311, -6832.50784178, 1034.20565382)
(5731.61915244, -6832.44534305, 1034.20565382)
(5731.68603176, -6832.3784628, 1034.20565382)
(5731.7409376, -6832.32355715, 1034.20565382)
(5731.79905528, -6832.2654384, 1034.20565382)
(5731.86797972, -6832.19651437, 1034.20565382)
(5731.92113348, -6832.14336133, 1034.20565382)
(5731.99268609, -6832.07180873, 1034.20565382)
(5732.05226493, -6832.01223049, 1034.20565382)
(5732.12527754, -6831.93921741, 1034.20565382)
(5732.17171392, -6831.89278131, 1034.20565382)
(5732.23888543, -6831.82560912, 1034.20565382)
(5732.29495954, -6831.7695354, 1034.20565382)
(5732.36008655, -6831.70440754, 1034.20565382)
(5732.4167447, -6831.64774956, 1034.20565382)
(5732.48625227, -6831.57824068, 1034.20565382)
(5732.5543004, -6831.51019262, 1034.20565382)
(5732.61183486, -6831.45265879, 1034.20565382)
(5732.67959066, -6831.38490267, 1034.20565382)
(5732.7269032, -6831.33759044, 1034.20565382)
(5732.79232252, -6831.27217073, 1034.20565382)
(5732.84401587, -6831.22047777, 1034.20565382)
(5732.91323178, -6831.15126133, 1034.20565382)
(5732.9695979, -6831.09489541, 1034.20565382)
(5733.02888397, -6831.03560866, 1034.20565382)
(5733.07765673, -6830.98683611, 1034.20565382)
(5733.13577467, -6830.92871764, 1034.20565382)
(5733.18776002, -6830.87673247, 1034.20565382)
(5733.25347129, -6830.81102063, 1034.20565382)
(5733.30428841, -6830.76020375, 1034.20565382)
(5733.35977791, -6830.70471375, 1034.20565382)
(5733.41351558, -6830.65097634, 1034.20565382)
(5733.47776661, -6830.58672475, 1034.20565382)
(5733.5335486, -6830.53094295, 1034.20565382)
(5733.60072003, -6830.46377077, 1034.20565382)
(5733.65474971, -6830.40974127, 1034.20565382)
(5733.71140725, -6830.3530829, 1034.20565382)
(5733.76426867, -6830.30022152, 1034.20565382)
(5733.82267857, -6830.24181095, 1034.20565382)
(5733.86940693, -6830.19508267, 1034.20565382)
(5733.94008303, -6830.12440588, 1034.20565382)
(5733.99498879, -6830.06950018, 1034.20565382)
(5734.07442619, -6829.99006163, 1034.20565382)
(5734.1448107, -6829.91967717, 1034.20565382)
(5734.19825634, -6829.86623192, 1034.20565382)
(5734.26951671, -6829.79497117, 1034.20565382)
(5734.3223782, -6829.74210999, 1034.20565382)
(5734.3740711, -6829.69041668, 1034.20565382)
(5734.423428, -6829.64106003, 1034.20565382)
(5734.49848501, -6829.56600262, 1034.20565382)
(5734.5560193, -6829.5084686, 1034.20565382)
(5734.62260665, -6829.44188046, 1034.20565382)
(5734.67751243, -6829.38697479, 1034.20565382)
(5734.73855072, -6829.32593562, 1034.20565382)
(5734.78732336, -6829.27716294, 1034.20565382)
(5734.85069811, -6829.21378741, 1034.20565382)
(5734.90531182, -6829.15917372, 1034.20565382)
(5734.99175837, -6829.07272583, 1034.20565382)
(5735.04841657, -6829.01606791, 1034.20565382)
(5735.12172133, -6828.94276282, 1034.20565382)
(5735.18422051, -6828.88026389, 1034.20565382)
(5735.28088892, -6828.78359428, 1034.20565382)
(5735.34017557, -6828.72430791, 1034.20565382)
(5735.39975397, -6828.66472923, 1034.20565382)
(5735.44881882, -6828.61566472, 1034.20565382)
(5735.52533297, -6828.5391442, 1034.20565382)
(5735.58169911, -6828.46929109, 1034.20565383)
(5735.6384748, -6828.33576801, 1034.20565387)
(5735.64781253, -6828.25018531, 1034.20565403)
(5735.66794101, -6828.13686622, 1034.20565359)
(5735.70183007, -6828.03607487, 1034.2056539)
(5735.72272916, -6827.9475464, 1034.20565372)
(5735.73912992, -6827.84688465, 1034.20565379)
(5735.75974487, -6827.7606676, 1034.20565383)
(5735.79103064, -6827.65798151, 1034.20565383)
(5735.80400876, -6827.56787459, 1034.20565386)
(5735.79542155, -6827.46880511, 1034.20565391)
(5735.79609457, -6827.40673064, 1034.20565392)
(5735.81681126, -6827.3188168, 1034.20565401)
(5735.82723884, -6827.24251392, 1034.2056537)
(5735.82294802, -6827.14585097, 1034.20565368)
(5735.82757002, -6827.06680794, 1034.20565384)
(5735.86121903, -6826.96601579, 1034.20565366)
(5735.89318206, -6826.87089629, 1034.20565388)
(5735.90712117, -6826.80482504, 1034.20565391)
(5735.9111047, -6826.71907111, 1034.20565412)
(5735.92417813, -6826.63859216, 1034.20565325)
(5735.96283023, -6826.5471738, 1034.20572729)
(5736.00946639, -6826.47905972, 1034.20565343)
(5736.05655066, -6826.41124863, 1034.2056538)
(5736.09204334, -6826.3479855, 1034.20565381)
(5736.1286358, -6826.26814849, 1034.20565389)
(5736.16653114, -6826.19644237, 1034.20565361)
(5736.20380948, -6826.1322011, 1034.20565379)
(5736.24072016, -6826.06529784, 1034.20565382)
(5736.28584185, -6825.98264855, 1034.20565382)
(5736.32239044, -6825.91601816, 1034.20565382)
(5736.36609725, -6825.83635426, 1034.20565383)
(5736.40018413, -6825.77356296, 1034.20565382)
(5736.43911079, -6825.7016433, 1034.20565383)
(5736.47534909, -6825.63532694, 1034.20565383)
(5736.52259916, -6825.54915115, 1034.20565382)
(5736.55944896, -6825.48174567, 1034.20565382)
(5736.59845758, -6825.41033954, 1034.20565382)
(5736.63309455, -6825.34689615, 1034.20565383)
(5736.68251987, -6825.2562224, 1034.2056538)
(5736.72448644, -6825.19539387, 1034.205654)
(5736.80243384, -6825.11131214, 1034.20565381)
(5736.85159496, -6825.05685242, 1034.20565378)
(5736.90990313, -6824.9897363, 1034.2056538)
(5736.95791206, -6824.93405463, 1034.20565383)
(5737.01198692, -6824.87161196, 1034.20565382)
(5737.06172762, -6824.81469103, 1034.20565383)
(5737.12436351, -6824.74325791, 1034.20565382)
(5737.17523366, -6824.68514075, 1034.20565383)
(5737.24114089, -6824.6099918, 1034.20565382)
(5737.29545564, -6824.54829646, 1034.20565383)
(5737.34629231, -6824.49069444, 1034.20565383)
(5737.38924405, -6824.44211045, 1034.20565383)
(5737.45772879, -6824.36482571, 1034.20565382)
(5737.51106822, -6824.30448331, 1034.20565382)
(5737.58135314, -6824.22493918, 1034.20565383)
(5737.619569, -6824.17490382, 1034.20565364)
(5737.6501493, -6824.10839285, 1034.20565387)
(5737.66245351, -6824.03284843, 1034.20565382)
(5737.67147491, -6823.91735414, 1034.2056539)
(5737.69114321, -6823.83139917, 1034.20565376)
(5737.71096709, -6823.75978011, 1034.20565384)
(5737.73591326, -6823.66068738, 1034.20565381)
(5737.75269924, -6823.56820642, 1034.20565384)
(5737.77463545, -6823.45446206, 1034.20565383)
(5737.78892419, -6823.38809332, 1034.20565384)
(5737.80319574, -6823.32181223, 1034.20565381)
(5737.83400276, -6823.23767512, 1034.20565429)
(5737.89636743, -6823.13866805, 1034.20565364)
(5737.9528244, -6823.06583762, 1034.20565407)
(5738.04408166, -6822.95708572, 1034.20565384)
(5738.09341095, -6822.89242808, 1034.20565382)
(5738.14527784, -6822.80817513, 1034.20565382)
(5738.18937443, -6822.74546496, 1034.20565398)
(5738.23119979, -6822.69666218, 1034.20565302)
(5738.28422712, -6822.63500586, 1034.20565388)
(5738.34706507, -6822.560492, 1034.20565379)
(5738.40046269, -6822.49465968, 1034.20565383)
(5738.46738281, -6822.40910133, 1034.20565385)
(5738.51529287, -6822.34899473, 1034.20565383)
(5738.55740353, -6822.29686788, 1034.20565384)
(5738.59956066, -6822.23884654, 1034.20565381)
(5738.64564642, -6822.16694406, 1034.2056538)
(5738.67789449, -6822.09949298, 1034.20565368)
(5738.6911683, -6822.00730312, 1034.20565536)
(5738.70011086, -6821.93431222, 1034.20565402)
(5738.72018263, -6821.85163467, 1034.20565376)
(5738.73637806, -6821.76990404, 1034.20565386)
(5738.75191264, -6821.68530179, 1034.20565383)
(5738.76378726, -6821.61468746, 1034.20565384)
(5738.77695625, -6821.53949437, 1034.20565383)
(5738.78988904, -6821.46302017, 1034.20565382)
(5738.80561152, -6821.37229383, 1034.20565382)
(5738.83057083, -6821.29192559, 1034.20565345)
(5738.8889025, -6821.20332021, 1034.20565383)
(5738.93505454, -6821.1467106, 1034.20565352)
(5738.98148091, -6821.08433758, 1034.20565388)
(5739.02816124, -6821.01814784, 1034.20565386)
(5739.0853829, -6820.93571544, 1034.20565383)
(5739.12914861, -6820.87618687, 1034.20565385)
(5739.18121298, -6820.80734722, 1034.20565382)
(5739.22260941, -6820.75265376, 1034.2056538)
(5739.27440104, -6820.68412147, 1034.20565383)
(5739.32005615, -6820.62389257, 1034.20565383)
(5739.37052465, -6820.5574669, 1034.20565383)
(5739.41273971, -6820.50188622, 1034.20565382)
(5739.46774956, -6820.42957305, 1034.20565382)
(5739.51399223, -6820.36874843, 1034.20565382)
(5739.57204944, -6820.29252518, 1034.20565382)
(5739.61121865, -6820.23113149, 1034.20565398)
(5739.6361163, -6820.16288154, 1034.20565381)
(5739.64777805, -6820.09572447, 1034.20565381)
(5739.66343136, -6820.00232028, 1034.20565376)
(5739.68163527, -6819.92867886, 1034.2056539)
(5739.70916069, -6819.83569186, 1034.20565379)
(5739.72286663, -6819.76528484, 1034.20565393)
(5739.7339547, -6819.69148122, 1034.20565386)
(5739.74623918, -6819.62971929, 1034.2056538)
(5739.76850432, -6819.52774907, 1034.20565383)
(5739.78290866, -6819.44788874, 1034.20565382)
(5739.79975908, -6819.35536574, 1034.2056538)
(5739.80564153, -6819.2746777, 1034.20565405)
(5739.80863729, -6819.19269276, 1034.20565383)
(5739.81458822, -6819.12223173, 1034.2056539)
(5739.8242601, -6819.02223412, 1034.20565384)
(5739.82762275, -6818.9501676, 1034.20565381)
(5739.83225052, -6818.84592609, 1034.20565378)
(5739.8405477, -6818.73783812, 1034.20565383)
(5739.84513566, -6818.6587251, 1034.20565381)
(5739.84992848, -6818.57505396, 1034.20565382)
(5739.85424985, -6818.50043734, 1034.20565382)
(5739.86030233, -6818.39447759, 1034.20565383)
(5739.86123353, -6818.31653559, 1034.2056538)
(5739.86249402, -6818.23447785, 1034.20565382)
(5739.86510616, -6818.14033868, 1034.20565383)
(5739.86866558, -6818.02843034, 1034.20565382)
(5739.86949911, -6817.95171635, 1034.20565384)
(5739.87101594, -6817.86708009, 1034.20565382)
(5739.87271895, -6817.78077436, 1034.20565383)
(5739.87474959, -6817.67795176, 1034.20565382)
(5739.87628005, -6817.59990641, 1034.20565383)
(5739.87889726, -6817.45414488, 1034.20565383)
(5739.87976999, -6817.38602456, 1034.20565382)
(5739.88082914, -6817.30303188, 1034.20565382)
(5739.88132795, -6817.23036719, 1034.20565382)
(5739.88206161, -6817.14571251, 1034.20565382)
(5739.88260643, -6817.07716077, 1034.20565382)
(5739.88321873, -6816.99374052, 1034.20565382)
(5739.88377243, -6816.91775047, 1034.20565382)
(5739.88435107, -6816.82937128, 1034.20565383)
(5739.8848886, -6816.75379027, 1034.20565382)
(5739.88547247, -6816.65756302, 1034.20565382)
(5739.88591631, -6816.59024157, 1034.20565382)
(5739.8864879, -6816.4952511, 1034.20565383)
(5739.88672621, -6816.42009569, 1034.20565382)
(5739.88700661, -6816.33336893, 1034.20565382)
(5739.88704624, -6816.27019105, 1034.20565383)
(5739.88709125, -6816.17644526, 1034.20565382)
(5739.88721426, -6816.09755792, 1034.20565382)
(5739.88727001, -6816.00669649, 1034.20565382)
(5739.88737119, -6815.9278076, 1034.20565383)
(5739.88750615, -6815.84478799, 1034.20565383)
(5739.88799394, -6815.77041776, 1034.20565383)
(5739.88843073, -6815.68987144, 1034.20565383)
(5739.8885023, -6815.61141571, 1034.20565382)
(5739.88856959, -6815.53129679, 1034.20565382)
(5739.88869624, -6815.46768978, 1034.20565383)
(5739.88887855, -6815.38301987, 1034.20565383)
(5739.88903059, -6815.3045474, 1034.20565382)
(5739.8891961, -6815.21492195, 1034.20565382)
(5739.88922833, -6815.15214686, 1034.20565382)
(5739.88919523, -6815.06376712, 1034.20565382)
(5739.88922716, -6815.00222635, 1034.20565382)
(5739.88926925, -6814.91838294, 1034.20565382)
(5739.88930544, -6814.84651685, 1034.20565382)
(5739.88930095, -6814.74243762, 1034.20565383)
(5739.88931621, -6814.66933232, 1034.20565382)
(5739.88931593, -6814.58507658, 1034.20565382)
(5739.88932276, -6814.52849209, 1034.20565382)
(5739.88933039, -6814.43639072, 1034.20565381)
(5739.89936632, -6814.35754701, 1034.20565382)
(5739.93012019, -6814.26692398, 1034.20565384)
(5739.96779234, -6814.19657459, 1034.20565348)
(5740.00550888, -6814.12544366, 1034.20565375)
(5740.0366848, -6814.07356788, 1034.20565396)
(5740.08063552, -6814.00260496, 1034.20565378)
(5740.11726188, -6813.94679538, 1034.20565387)
(5740.1652988, -6813.87648655, 1034.20565382)
(5740.20473899, -6813.81997398, 1034.20565383)
(5740.24556089, -6813.76246953, 1034.20565381)
(5740.28843054, -6813.70255423, 1034.20565382)
(5740.33078137, -6813.64384848, 1034.20565383)
(5740.3889294, -6813.56351828, 1034.20565381)
(5740.43530783, -6813.5001229, 1034.20565383)
(5740.49908059, -6813.41322557, 1034.20565382)
(5740.54400919, -6813.35141666, 1034.20565382)
(5740.58477526, -6813.29526108, 1034.20565381)
(5740.62450184, -6813.24792211, 1034.20565418)
(5740.68514635, -6813.1856971, 1034.20565378)
(5740.75391744, -6813.12190152, 1034.20565404)
(5740.81913965, -6813.06384427, 1034.20565375)
(5740.88982905, -6813.00223264, 1034.20565382)
(5740.94196121, -6812.95701498, 1034.20565383)
(5740.9971951, -6812.90909065, 1034.20565382)
(5741.04904926, -6812.86419827, 1034.20565382)
(5741.12814526, -6812.79585855, 1034.20565382)
(5741.18747009, -6812.74449067, 1034.20565382)
(5741.25928305, -6812.68230568, 1034.20565382)
(5741.31353766, -6812.63519973, 1034.20565382)
(5741.37957723, -6812.57773959, 1034.20565383)
(5741.43909598, -6812.52597454, 1034.20565382)
(5741.50510887, -6812.46846981, 1034.20565383)
(5741.56680152, -6812.41478929, 1034.20565383)
(5741.64246746, -6812.34886425, 1034.20565383)
(5741.69148653, -6812.3063789, 1034.20565383)
(5741.75714049, -6812.24964505, 1034.20565383)
(5741.81451645, -6812.19860986, 1034.20565382)
(5741.88733959, -6812.13203754, 1034.20565383)
(5741.94861961, -6812.07422755, 1034.20565381)
(5742.0197025, -6812.00531312, 1034.20565381)
(5742.07233511, -6811.9540215, 1034.20565382)
(5742.12647247, -6811.90129562, 1034.20565382)
(5742.17359081, -6811.85554547, 1034.20565383)
(5742.22905868, -6811.80178866, 1034.20565382)
(5742.29285858, -6811.74000952, 1034.20565382)
(5742.35164849, -6811.68314739, 1034.20565382)
(5742.4012309, -6811.635191, 1034.20565383)
(5742.45322522, -6811.58497222, 1034.20565382)
(5742.51240463, -6811.52791815, 1034.20565383)
(5742.54983744, -6811.49176599, 1034.20565382)
(5742.60984891, -6811.43380611, 1034.20565382)
(5742.65262866, -6811.39248792, 1034.20565382)
(5742.71709526, -6811.33022335, 1034.20565382)
(5742.76314247, -6811.28574833, 1034.20565382)
(5742.82343732, -6811.22749078, 1034.20565382)
(5742.86527091, -6811.18647079, 1034.20565383)
(5742.92992144, -6811.12270216, 1034.20565382)
(5742.97252845, -6811.08064057, 1034.20565383)
(5743.03447445, -6811.01937903, 1034.20565382)
(5743.07913185, -6810.97526489, 1034.20565382)
(5743.14048512, -6810.91456031, 1034.20565382)
(5743.19126415, -6810.8642989, 1034.20565383)
(5743.23935543, -6810.81661039, 1034.20565382)
(5743.28367266, -6810.77273002, 1034.20565383)
(5743.34174213, -6810.71515817, 1034.20565382)
(5743.39162316, -6810.66574308, 1034.20565382)
(5743.451456, -6810.60642383, 1034.20565382)
(5743.50778341, -6810.55060384, 1034.20565382)
(5743.56262408, -6810.49622183, 1034.20565382)
(5743.60480519, -6810.45430409, 1034.20565382)
(5743.65134412, -6810.40798508, 1034.20565382)
(5743.69580765, -6810.36367737, 1034.20565383)
(5743.75396346, -6810.30561594, 1034.20565382)
(5743.79742939, -6810.25987216, 1034.20565384)
(5743.84847211, -6810.20173004, 1034.20565383)
(5743.88231263, -6810.15614967, 1034.20565386)
(5743.90986118, -6810.09572836, 1034.20565377)
(5743.92338398, -6810.0331144, 1034.20565376)
(5743.93437382, -6809.9633357, 1034.20565392)
(5743.95331387, -6809.88502902, 1034.20565376)
(5743.97171941, -6809.8217987, 1034.20565382)
(5743.99224897, -6809.75490676, 1034.20565385)
(5744.00690416, -6809.69183601, 1034.20565377)
(5744.02387653, -6809.60995911, 1034.20565385)
(5744.0405671, -6809.53837372, 1034.20565383)
(5744.0578476, -6809.46479244, 1034.20565381)
(5744.07449461, -6809.40793321, 1034.20565381)
(5744.09137179, -6809.35241073, 1034.20565379)
(5744.11760804, -6809.26469305, 1034.20565383)
(5744.14604402, -6809.19600645, 1034.20565439)
(5744.19972467, -6809.12105941, 1034.20565598)
(5744.24570522, -6809.06421292, 1034.20565386)
(5744.29512647, -6809.00419297, 1034.2056537)
(5744.33513768, -6808.95311811, 1034.20565382)
(5744.37397838, -6808.90240098, 1034.2056538)
(5744.41530415, -6808.84975099, 1034.20565382)
(5744.47634212, -6808.77265914, 1034.20565382)
(5744.53227662, -6808.7021005, 1034.20565383)
(5744.59084827, -6808.62836776, 1034.20565382)
(5744.6461061, -6808.55886191, 1034.20565382)
(5744.68470969, -6808.51041176, 1034.20565382)
(5744.72582674, -6808.45867893, 1034.20565382)
(5744.77593476, -6808.3956249, 1034.20565382)
(5744.81983267, -6808.34030095, 1034.20565382)
(5744.88623761, -6808.25643457, 1034.20565382)
(5744.93064081, -6808.18644448, 1034.20565378)
(5744.95852537, -6808.10994827, 1034.20565375)
(5744.96964345, -6808.04745814, 1034.20565372)
(5744.98114964, -6807.97332371, 1034.20565398)
(5744.99585179, -6807.90636972, 1034.2056539)
(5745.01189325, -6807.84339813, 1034.20565379)
(5745.02355378, -6807.78392893, 1034.20565381)
(5745.03558968, -6807.71787485, 1034.2056538)
(5745.04800863, -6807.65430582, 1034.20565383)
(5745.06250062, -6807.58265889, 1034.20565382)
(5745.07370679, -6807.51898608, 1034.20565384)
(5745.08458913, -6807.45646871, 1034.20565382)
(5745.09876353, -6807.39759695, 1034.20565382)
(5745.11442081, -6807.33909971, 1034.20565382)
(5745.13573179, -6807.2555744, 1034.20565383)
(5745.15355025, -6807.20166632, 1034.20565373)
(5745.19398211, -6807.13469798, 1034.20565366)
(5745.22705499, -6807.09282473, 1034.20565189)
(5745.28106961, -6807.03357285, 1034.20565403)
(5745.31910591, -6806.98477205, 1034.20565356)
(5745.35897589, -6806.93078821, 1034.20565387)
(5745.39994332, -6806.87368881, 1034.20565385)
(5745.43528664, -6806.82761156, 1034.2056538)
(5745.47526423, -6806.77666799, 1034.20565383)
(5745.51734113, -6806.72343271, 1034.20565382)
(5745.55811554, -6806.67191178, 1034.20565384)
(5745.60915485, -6806.60749876, 1034.20565383)
(5745.64956047, -6806.55625651, 1034.20565382)
(5745.69072871, -6806.5040363, 1034.20565382)
(5745.72269602, -6806.46349436, 1034.20565382)
(5745.7595239, -6806.41679307, 1034.20565382)
(5745.79942357, -6806.36620704, 1034.20565382)
(5745.84981419, -6806.3023365, 1034.20565381)
(5745.88689229, -6806.2449834, 1034.20565385)
(5745.91607179, -6806.17389796, 1034.20565385)
(5745.93035223, -6806.11172943, 1034.20565382)
(5745.9410918, -6806.05258438, 1034.20565387)
(5745.95228715, -6806.00239841, 1034.20565383)
(5745.96817273, -6805.9392945, 1034.20565381)
(5745.99051946, -6805.85464335, 1034.20565382)
(5746.00414242, -6805.7897247, 1034.20565383)
(5746.02052713, -6805.70602348, 1034.20565381)
(5746.03502483, -6805.63819762, 1034.20565382)
(5746.05075987, -6805.56512752, 1034.20565381)
(5746.06090043, -6805.5146195, 1034.20565382)
(5746.0753087, -6805.44260704, 1034.20565382)
(5746.08470172, -6805.37527821, 1034.20565377)
(5746.09469038, -6805.29229663, 1034.20565381)
(5746.0994561, -6805.22359826, 1034.20565383)
(5746.10445868, -6805.15913047, 1034.20565384)
(5746.10800141, -6805.11104865, 1034.20565382)
(5746.11337268, -6805.03949619, 1034.20565383)
(5746.11815677, -6804.97653193, 1034.20565382)
(5746.12452638, -6804.89378789, 1034.20565382)
(5746.1282788, -6804.83123506, 1034.20565382)
(5746.13251606, -6804.76326752, 1034.20565382)
(5746.13571278, -6804.71341127, 1034.20565382)
(5746.13920625, -6804.65942804, 1034.20565382)
(5746.14378046, -6804.58772146, 1034.20565382)
(5746.14921338, -6804.50199875, 1034.20565382)
(5746.15898124, -6804.43195135, 1034.2056538)
(5746.17184826, -6804.3495989, 1034.20565368)
(5746.18835736, -6804.28417934, 1034.20565333)
(5746.22451325, -6804.21529742, 1034.20565687)
(5746.25672394, -6804.17038847, 1034.20565466)
(5746.29193683, -6804.12406264, 1034.20565388)
(5746.32903324, -6804.06764351, 1034.20565382)
(5746.36540772, -6804.01209306, 1034.20565379)
(5746.40538431, -6803.95161613, 1034.20565383)
(5746.43938211, -6803.90249955, 1034.20565381)
(5746.48320184, -6803.84154421, 1034.20565382)
(5746.53423377, -6803.77158903, 1034.20565383)
(5746.59111193, -6803.69343991, 1034.20565381)
(5746.62538899, -6803.64636509, 1034.20565383)
(5746.67088078, -6803.58396188, 1034.20565383)
(5746.71053118, -6803.52956428, 1034.20565382)
(5746.74997681, -6803.47552937, 1034.20565382)
(5746.80507407, -6803.40019584, 1034.20565382)
(5746.84425339, -6803.34647014, 1034.20565382)
(5746.88071495, -6803.29638045, 1034.20565382)
(5746.91963983, -6803.24297614, 1034.20565382)
(5746.96440481, -6803.18156346, 1034.20565382)
(5746.99505694, -6803.13950757, 1034.20565382)
(5747.03834266, -6803.08008435, 1034.20565382)
(5747.07820308, -6803.0253183, 1034.20565382)
(5747.12144398, -6802.96585935, 1034.20565382)
