(5686.58998676, -6923.06000054, 1034.20565382)
(5686.66098286, -6923.06001132, 1034.20568754)
(5686.76630353, -6923.06003797, 1034.20565455)
(5686.83735047, -6923.06017922, 1034.20565369)
(5686.94061367, -6923.06041309, 1034.20565381)
(5687.01704355, -6923.06084938, 1034.20565382)
(5687.1029593, -6923.06130079, 1034.20565382)
(5687.16821186, -6923.05454473, 1034.20565377)
(5687.25986714, -6923.02268645, 1034.2056539)
(5687.32313929, -6922.98597384, 1034.2056541)
(5687.40504305, -6922.93440584, 1034.20565373)
(5687.45940033, -6922.90013165, 1034.20565387)
(5687.54311945, -6922.84829368, 1034.20565404)
(5687.60943205, -6922.80146883, 1034.2056538)
(5687.69055575, -6922.74129264, 1034.20565382)
(5687.76296855, -6922.68708349, 1034.20565383)
(5687.82146228, -6922.64330734, 1034.20565383)
(5687.88653179, -6922.5945543, 1034.20565383)
(5687.95250224, -6922.54494921, 1034.20565382)
(5688.0306249, -6922.4860667, 1034.20565382)
(5688.09005947, -6922.44140512, 1034.20565382)
(5688.15209746, -6922.39472584, 1034.2056538)
(5688.20574908, -6922.35017565, 1034.20565371)
(5688.27435532, -6922.2887993, 1034.20565385)
(5688.32526553, -6922.24230643, 1034.20565385)
(5688.39433756, -6922.17842918, 1034.20565383)
(5688.44293436, -6922.1330886, 1034.20565383)
(5688.51213893, -6922.06864787, 1034.20565383)
(5688.56565667, -6922.01885476, 1034.20565382)
(5688.61701972, -6921.97099647, 1034.20565382)
(5688.67231173, -6921.91947265, 1034.20565383)
(5688.74476626, -6921.85184373, 1034.20565383)
(5688.80427432, -6921.79635396, 1034.20565383)
(5688.87160411, -6921.73351166, 1034.20565382)
(5688.93050609, -6921.67858123, 1034.20565383)
(5689.00634037, -6921.60789375, 1034.20565383)
(5689.05544674, -6921.56240356, 1034.20565383)
(5689.1249599, -6921.49820866, 1034.20565383)
(5689.18540031, -6921.44193704, 1034.20565382)
(5689.25330097, -6921.37853445, 1034.20565384)
(5689.33484453, -6921.3001754, 1034.20565381)
(5689.3908723, -6921.24479737, 1034.20565382)
(5689.45589073, -6921.17970874, 1034.20565383)
(5689.5215584, -6921.11507479, 1034.20565381)
(5689.61697437, -6921.02178599, 1034.20565382)
(5689.66972011, -6920.96998678, 1034.20565383)
(5689.73384134, -6920.9067983, 1034.20565382)
(5689.7942037, -6920.84742272, 1034.20565382)
(5689.86016005, -6920.78254506, 1034.20565382)
(5689.91139648, -6920.73215044, 1034.20565382)
(5689.9688164, -6920.67567417, 1034.20565382)
(5690.02034848, -6920.62499141, 1034.20565382)
(5690.0810097, -6920.56533142, 1034.20565382)
(5690.138727, -6920.50856805, 1034.20565382)
(5690.20292975, -6920.44544163, 1034.20565382)
(5690.25478232, -6920.39757922, 1034.20565384)
(5690.32573009, -6920.33812506, 1034.20565383)
(5690.38101571, -6920.30067609, 1034.20565387)
(5690.46151932, -6920.27371553, 1034.20565355)
(5690.53596729, -6920.26667837, 1034.20565358)
(5690.6278606, -6920.25460814, 1034.20565403)
(5690.71056888, -6920.23333925, 1034.20565378)
(5690.78968417, -6920.20903543, 1034.20565405)
(5690.84884411, -6920.1966064, 1034.20565393)
(5690.9393402, -6920.18641571, 1034.20565382)
(5691.02605353, -6920.16994488, 1034.20565386)
(5691.11540189, -6920.14875181, 1034.20565385)
(5691.19226492, -6920.14085237, 1034.20565376)
(5691.28752942, -6920.14962869, 1034.20565382)
(5691.38725302, -6920.14422479, 1034.20565379)
(5691.4553744, -6920.13389448, 1034.20565384)
(5691.53008193, -6920.12473207, 1034.20565383)
(5691.60479866, -6920.12048345, 1034.20565388)
(5691.7128606, -6920.11612541, 1034.20565387)
(5691.78371106, -6920.11098383, 1034.20565382)
(5691.87266239, -6920.10434934, 1034.20565385)
(5691.94609729, -6920.10050591, 1034.20565382)
(5692.03809683, -6920.09571064, 1034.2056538)
(5692.10924934, -6920.0839573, 1034.205654)
(5692.20120745, -6920.04371192, 1034.20565373)
(5692.26451151, -6920.00420257, 1034.20565353)
(5692.34774473, -6919.95581754, 1034.20565376)
(5692.40644228, -6919.91857937, 1034.20565384)
(5692.47789023, -6919.8725798, 1034.20565385)
(5692.53842981, -6919.83101892, 1034.20565383)
(5692.62245598, -6919.77067011, 1034.20565383)
(5692.67790624, -6919.73035682, 1034.20565382)
(5692.7537955, -6919.6754203, 1034.20565383)
(5692.80446844, -6919.63838697, 1034.20565381)
(5692.88102921, -6919.58221532, 1034.20565381)
(5692.95097272, -6919.53098812, 1034.20565382)
(5693.01990869, -6919.48046004, 1034.20565383)
(5693.07624345, -6919.43924785, 1034.20565383)
(5693.15824978, -6919.37925759, 1034.20565381)
(5693.21925429, -6919.329294, 1034.20565396)
(5693.29472744, -6919.26207272, 1034.2056539)
(5693.34934987, -6919.21230632, 1034.2056538)
(5693.41337433, -6919.15387563, 1034.20565384)
(5693.46512091, -6919.1064619, 1034.20565383)
(5693.53867392, -6919.03885798, 1034.20565383)
(5693.59544995, -6918.98654403, 1034.20565383)
(5693.66884429, -6918.9187474, 1034.20565383)
(5693.72346468, -6918.86832839, 1034.20565382)
(5693.78804314, -6918.80861177, 1034.20565382)
(5693.83324957, -6918.76685681, 1034.20565383)
(5693.90691691, -6918.69870723, 1034.20565382)
(5693.96060101, -6918.64908531, 1034.20565383)
(5694.02789272, -6918.58681144, 1034.20565382)
(5694.08793133, -6918.5312856, 1034.20565382)
(5694.13249681, -6918.49005418, 1034.20565383)
(5694.20526075, -6918.42273735, 1034.20565381)
(5694.28798183, -6918.34451117, 1034.20565383)
(5694.35976734, -6918.2751381, 1034.20565382)
(5694.45088183, -6918.1848484, 1034.20565384)
(5694.5265533, -6918.11037331, 1034.20565382)
(5694.59445613, -6918.04391165, 1034.20565383)
(5694.63539207, -6918.00366117, 1034.20565382)
(5694.71166766, -6917.92865944, 1034.20565382)
(5694.76880154, -6917.87248091, 1034.20565382)
(5694.85244238, -6917.79024207, 1034.20565382)
(5694.91487777, -6917.72885254, 1034.20565382)
(5694.99262984, -6917.65240655, 1034.20565382)
(5695.04976579, -6917.59622989, 1034.20565382)
(5695.10631398, -6917.54063979, 1034.20565383)
(5695.15049182, -6917.49720592, 1034.20565382)
(5695.21675841, -6917.43206635, 1034.20565382)
(5695.27415221, -6917.37502505, 1034.20565383)
(5695.34427849, -6917.3050008, 1034.20565382)
(5695.40274777, -6917.24666793, 1034.20565382)
(5695.47955692, -6917.16988161, 1034.20565382)
(5695.53018524, -6917.11945032, 1034.20565383)
(5695.58818936, -6917.0617875, 1034.20565382)
(5695.63830192, -6917.01200925, 1034.20565382)
(5695.70224417, -6916.94860154, 1034.20565382)
(5695.76196852, -6916.88918181, 1034.20565382)
(5695.82660046, -6916.82474401, 1034.20565382)
(5695.87871037, -6916.77288443, 1034.20565382)
(5695.93875623, -6916.71318661, 1034.20565383)
(5695.99738022, -6916.65498085, 1034.20565383)
(5696.06075923, -6916.59217796, 1034.20565382)
(5696.11410741, -6916.53922183, 1034.20565382)
(5696.17594426, -6916.47781349, 1034.20565382)
(5696.2297144, -6916.4241375, 1034.20565382)
(5696.30064225, -6916.3531633, 1034.20565382)
(5696.35501147, -6916.29888944, 1034.20565383)
(5696.42715919, -6916.22677035, 1034.20565382)
(5696.47799926, -6916.175977, 1034.20565383)
(5696.54776048, -6916.10614973, 1034.20565382)
(5696.59507456, -6916.05883834, 1034.20565382)
(5696.6704258, -6915.98349051, 1034.20565382)
(5696.71423494, -6915.93968406, 1034.20565382)
(5696.78345186, -6915.87046945, 1034.20565382)
(5696.8348546, -6915.81906982, 1034.20565382)
(5696.89706258, -6915.75686338, 1034.20565382)
(5696.95430646, -6915.69962271, 1034.20565382)
(5697.01680541, -6915.63712462, 1034.20565382)
(5697.06703953, -6915.58689291, 1034.20565382)
(5697.12545035, -6915.52848259, 1034.20565382)
(5697.1686753, -6915.48525968, 1034.20565382)
(5697.23905989, -6915.4148762, 1034.20565382)
(5697.29075411, -6915.36318434, 1034.20565382)
(5697.35792623, -6915.2960125, 1034.20565382)
(5697.40231924, -6915.25162112, 1034.20565382)
(5697.46423402, -6915.1897065, 1034.20565382)
(5697.51300754, -6915.14093494, 1034.20565382)
(5697.57930318, -6915.07463947, 1034.20565382)
(5697.6301214, -6915.023823, 1034.20565382)
(5697.70021354, -6914.95373042, 1034.20565382)
(5697.75278348, -6914.90116212, 1034.20565382)
(5697.82433508, -6914.82960895, 1034.20565382)
(5697.86288656, -6914.79105803, 1034.20565382)
(5697.92509307, -6914.72885032, 1034.20565382)
(5697.97445039, -6914.67949428, 1034.20565382)
(5698.05359517, -6914.600348, 1034.20565382)
(5698.10382884, -6914.55011522, 1034.20565382)
(5698.17973781, -6914.47416257, 1034.20565381)
(5698.22844853, -6914.42357603, 1034.20565383)
(5698.30285573, -6914.34073061, 1034.20565383)
(5698.34275366, -6914.29309172, 1034.20565381)
(5698.39673602, -6914.22668238, 1034.20565383)
(5698.46186707, -6914.14436124, 1034.20565382)
(5698.52056489, -6914.07261486, 1034.20565383)
(5698.58980442, -6913.98876931, 1034.2056538)
(5698.64805475, -6913.91743151, 1034.20565382)
(5698.73162577, -6913.81450887, 1034.20565383)
(5698.79684848, -6913.73499391, 1034.20565383)
(5698.87969192, -6913.6341467, 1034.20565383)
(5698.94227287, -6913.55781027, 1034.20565382)
(5699.01445658, -6913.46958387, 1034.20565382)
(5699.07308435, -6913.39801297, 1034.20565382)
(5699.13805428, -6913.31882489, 1034.20565383)
(5699.19479993, -6913.24998756, 1034.20565382)
(5699.2635093, -6913.16693519, 1034.20565386)
(5699.31092295, -6913.11194164, 1034.20565383)
(5699.35077115, -6913.06765615, 1034.20565388)
(5699.40642883, -6913.00818935, 1034.20565379)
(5699.46664262, -6912.9455513, 1034.20565384)
(5699.54168038, -6912.86755955, 1034.20565383)
(5699.60105492, -6912.80548274, 1034.20565382)
(5699.66747591, -6912.73586099, 1034.20565382)
(5699.71586662, -6912.68499852, 1034.20565382)
(5699.76364581, -6912.63469412, 1034.20565382)
(5699.82178085, -6912.57370037, 1034.20565382)
(5699.88854259, -6912.503807, 1034.20565382)
(5699.94477761, -6912.44499584, 1034.20565382)
(5700.01364656, -6912.3731158, 1034.20565382)
(5700.06103201, -6912.32356692, 1034.20565382)
(5700.12179886, -6912.25995829, 1034.20565383)
(5700.17170693, -6912.20767986, 1034.20565382)
(5700.22640521, -6912.15027253, 1034.20565383)
(5700.28553626, -6912.08950178, 1034.20565382)
(5700.35807555, -6912.01585091, 1034.20565382)
(5700.43293516, -6911.93944224, 1034.20565382)
(5700.49186051, -6911.87977307, 1034.20565383)
(5700.54213233, -6911.82896774, 1034.20565383)
(5700.58947721, -6911.78109148, 1034.20565382)
(5700.65460249, -6911.7153603, 1034.20565382)
(5700.70741762, -6911.66187831, 1034.20565382)
(5700.77929962, -6911.58892341, 1034.20565382)
(5700.82514766, -6911.54248084, 1034.20565382)
(5700.8922485, -6911.47464521, 1034.20565382)
(5700.93990357, -6911.42650284, 1034.20565383)
(5701.00389861, -6911.36198034, 1034.20565382)
(5701.05649533, -6911.30885842, 1034.20565382)
(5701.12303083, -6911.24163653, 1034.20565383)
(5701.17383547, -6911.1902312, 1034.20565382)
(5701.24633972, -6911.11672557, 1034.20565382)
(5701.29912028, -6911.06376255, 1034.20565381)
(5701.36689192, -6910.99598612, 1034.20565382)
(5701.41327467, -6910.94949132, 1034.20565382)
(5701.47517187, -6910.88754523, 1034.20565382)
(5701.54609036, -6910.81652166, 1034.20565382)
(5701.60155488, -6910.76100249, 1034.20565382)
(5701.67109761, -6910.69151804, 1034.20565382)
(5701.7207401, -6910.64186378, 1034.20565382)
(5701.78527831, -6910.57732082, 1034.20565383)
(5701.83842662, -6910.52416265, 1034.20565382)
(5701.90559779, -6910.45699533, 1034.20565382)
(5701.96137641, -6910.40121116, 1034.20565382)
(5702.02972499, -6910.33287821, 1034.20565382)
(5702.07615245, -6910.28643483, 1034.20565383)
(5702.13742362, -6910.2250519, 1034.20565382)
(5702.18776204, -6910.17436702, 1034.20565383)
(5702.24966692, -6910.11188809, 1034.20565382)
(5702.30622197, -6910.05511312, 1034.20565382)
(5702.37016657, -6909.99111711, 1034.20565382)
(5702.41802235, -6909.94317671, 1034.20565382)
(5702.48492108, -6909.87629956, 1034.20565382)
(5702.55849338, -6909.8026736, 1034.20565382)
(5702.62247779, -6909.73873288, 1034.20565382)
(5702.67153792, -6909.68966476, 1034.20565382)
(5702.74571432, -6909.61547838, 1034.20565382)
(5702.80879272, -6909.55239009, 1034.20565382)
(5702.88121966, -6909.47996167, 1034.20565382)
(5702.93787451, -6909.42330127, 1034.20565382)
(5703.02344683, -6909.33773853, 1034.20565382)
(5703.09295492, -6909.26823023, 1034.20565382)
(5703.14435486, -6909.21682864, 1034.20565382)
(5703.2334329, -6909.12775486, 1034.20565382)
(5703.3055699, -6909.0556181, 1034.20565382)
(5703.35521793, -6909.00596889, 1034.20565382)
(5703.41917761, -6908.94201043, 1034.20565382)
(5703.47233045, -6908.88885677, 1034.20565382)
(5703.53775129, -6908.82343743, 1034.20565382)
(5703.58214267, -6908.77904548, 1034.20565382)
(5703.65574014, -6908.70544965, 1034.20565382)
(5703.70830898, -6908.65288014, 1034.20565382)
(5703.77898721, -6908.58220431, 1034.20565382)
(5703.83214027, -6908.52905082, 1034.20565382)
(5703.89113695, -6908.47005892, 1034.20565382)
(5703.94721087, -6908.41398557, 1034.20565382)
(5704.01380126, -6908.34739928, 1034.20565382)
(5704.06666294, -6908.29453836, 1034.20565382)
(5704.13792575, -6908.22328074, 1034.20565382)
(5704.18260982, -6908.17859758, 1034.20565382)
(5704.24043911, -6908.12077334, 1034.20565382)
(5704.30264668, -6908.05856683, 1034.20565382)
(5704.38354839, -6907.97767253, 1034.20565382)
(5704.44225079, -6907.91897096, 1034.20565382)
(5704.5143895, -6907.8468352, 1034.20565382)
(5704.56695909, -6907.79426639, 1034.20565382)
(5704.63004359, -6907.73118515, 1034.20565382)
(5704.67940044, -6907.68182902, 1034.20565382)
(5704.74569816, -6907.61553444, 1034.20565382)
(5704.80177242, -6907.55946097, 1034.20565382)
(5704.86660939, -6907.49462743, 1034.20565382)
(5704.92063912, -6907.44059856, 1034.20565382)
(5704.99102591, -6907.3702157, 1034.20565382)
(5705.04242739, -6907.31881501, 1034.20565382)
(5705.11369005, -6907.24755698, 1034.20565382)
(5705.16538296, -6907.19586434, 1034.20565382)
(5705.23051131, -6907.13073713, 1034.20565382)
(5705.28278858, -6907.07845979, 1034.20565382)
(5705.35697022, -6907.00427966, 1034.20565382)
(5705.41654859, -6906.94470123, 1034.20565382)
(5705.47875681, -6906.882495, 1034.20565382)
(5705.52344077, -6906.83781109, 1034.20565382)
(5705.59178164, -6906.76947209, 1034.20565382)
(5705.64084616, -6906.72040774, 1034.20565382)
(5705.71736512, -6906.64389117, 1034.20565382)
(5705.77402335, -6906.58723325, 1034.20565382)
(5705.85521529, -6906.50604498, 1034.20565382)
(5705.90895247, -6906.45230765, 1034.20565382)
(5705.97203633, -6906.38922471, 1034.20565382)
(5706.01905657, -6906.34220429, 1034.20565382)
(5706.08798114, -6906.27328075, 1034.20565382)
(5706.14785146, -6906.21341032, 1034.20565382)
(5706.22144957, -6906.13981391, 1034.20565382)
(5706.28132023, -6906.07994324, 1034.20565382)
(5706.34732484, -6906.01394099, 1034.20565382)
(5706.3998941, -6905.96137211, 1034.20565382)
(5706.45801254, -6905.90325376, 1034.20565382)
(5706.53336207, -6905.82790445, 1034.20565382)
(5706.59264818, -6905.76861801, 1034.20565382)
(5706.65193507, -6905.70933206, 1034.20565382)
(5706.70012358, -6905.6611435, 1034.20565382)
(5706.77167695, -6905.58959114, 1034.20565382)
(5706.82629038, -6905.53497759, 1034.20565382)
(5706.89346276, -6905.46780653, 1034.20565382)
(5706.95917444, -6905.40209485, 1034.20565382)
(5707.04007422, -6905.32119769, 1034.20565382)
(5707.1081222, -6905.25315032, 1034.20565382)
(5707.15514235, -6905.20612995, 1034.20565382)
(5707.22581959, -6905.13545362, 1034.20565382)
(5707.28948668, -6905.07178634, 1034.20565382)
(5707.36191611, -6904.99935861, 1034.20565382)
(5707.42003442, -6904.94124043, 1034.20565382)
(5707.49334098, -6904.86793641, 1034.20565382)
(5707.5491225, -6904.81215458, 1034.20565382)
(5707.61921496, -6904.74206266, 1034.20565382)
(5707.67937747, -6904.68189983, 1034.20565382)
(5707.75852438, -6904.60275426, 1034.20565382)
(5707.80963327, -6904.55164544, 1034.20565382)
(5707.87709789, -6904.48418252, 1034.20565382)
(5707.92441031, -6904.43687021, 1034.20565382)
(5707.98632628, -6904.37495573, 1034.20565382)
(5708.04298414, -6904.31829793, 1034.20565382)
(5708.10694324, -6904.25433879, 1034.20565382)
(5708.1516272, -6904.20965486, 1034.20565382)
(5708.22026052, -6904.14102329, 1034.20565382)
(5708.27136931, -6904.08991428, 1034.20565382)
(5708.34642646, -6904.01485727, 1034.20565382)
(5708.39899556, -6903.96228784, 1034.20565382)
(5708.46383146, -6903.89745238, 1034.20565382)
(5708.52399386, -6903.83728965, 1034.20565382)
(5708.58736921, -6903.77391501, 1034.20565382)
(5708.6317609, -6903.72952314, 1034.20565382)
(5708.6881273, -6903.67315723, 1034.20565382)
(5708.74653747, -6903.6147467, 1034.20565382)
(5708.81195718, -6903.54932758, 1034.20565382)
(5708.8709514, -6903.49033319, 1034.20565382)
(5708.94016833, -6903.42111723, 1034.20565382)
(5708.98514428, -6903.37614123, 1034.20565382)
(5709.04559925, -6903.3156871, 1034.20565382)
(5709.10021267, -6903.26107361, 1034.20565382)
(5709.17527074, -6903.18601669, 1034.20565382)
(5709.232805, -6903.12848253, 1034.20565382)
(5709.31049153, -6903.05079797, 1034.20565382)
(5709.36043212, -6903.0008573, 1034.20565382)
(5709.42030298, -6902.94098666, 1034.20565382)
(5709.47053575, -6902.89075358, 1034.20565382)
(5709.53245071, -6902.82883887, 1034.20565382)
(5709.58764814, -6902.7736411, 1034.20565382)
(5709.65482031, -6902.70646933, 1034.20565382)
(5709.70826572, -6902.65302364, 1034.20565382)
(5709.77572985, -6902.58556007, 1034.20565382)
(5709.83121939, -6902.53007036, 1034.20565382)
(5709.88875395, -6902.47253642, 1034.20565382)
(5709.94190733, -6902.41938286, 1034.20565382)
(5710.00119411, -6902.36009665, 1034.20565382)
(5710.0563916, -6902.30489901, 1034.20565382)
(5710.11772274, -6902.24356853, 1034.20565382)
(5710.17379668, -6902.18749446, 1034.20565382)
(5710.24390424, -6902.11742064, 1034.20565381)
(5710.29454856, -6902.07461709, 1034.20565385)
(5710.36986218, -6902.03118278, 1034.20565393)
(5710.44365159, -6902.00627992, 1034.20565395)
(5710.52538929, -6901.99820056, 1034.20565365)
(5710.60446411, -6901.98252883, 1034.205654)
(5710.68531766, -6901.95584176, 1034.20565373)
(5710.77094456, -6901.93674682, 1034.20565372)
(5710.88150606, -6901.92055901, 1034.20565398)
(5710.96301617, -6901.90191347, 1034.20565379)
(5711.06424008, -6901.87382511, 1034.20565381)
(5711.1565586, -6901.84811491, 1034.20565381)
(5711.23243283, -6901.82820946, 1034.20565381)
(5711.31474915, -6901.79169636, 1034.20565398)
(5711.39079259, -6901.73077558, 1034.20565971)
(5711.47014692, -6901.67411918, 1034.20565429)
(5711.56000272, -6901.62393572, 1034.20565402)
(5711.64437094, -6901.57284242, 1034.20565372)
(5711.75668806, -6901.49881066, 1034.20565379)
(5711.84721409, -6901.44100773, 1034.20565382)
(5711.95921446, -6901.37001039, 1034.20565386)
(5712.02276531, -6901.32835054, 1034.20565384)
(5712.10345169, -6901.27517832, 1034.20565382)
(5712.15660435, -6901.24096949, 1034.20565383)
(5712.23660674, -6901.18966673, 1034.20565382)
(5712.30180773, -6901.14753044, 1034.20565383)
(5712.39014172, -6901.09026266, 1034.20565383)
(5712.45353365, -6901.04913971, 1034.20565382)
(5712.54075683, -6900.99244414, 1034.20565381)
(5712.60933458, -6900.95822888, 1034.20565379)
(5712.70121757, -6900.9518353, 1034.20565324)
(5712.77307255, -6900.9478283, 1034.20565392)
(5712.87096675, -6900.92770762, 1034.20565388)
(5712.94960754, -6900.91234353, 1034.20565378)
(5713.04700165, -6900.8938743, 1034.2056538)
(5713.12258708, -6900.88319646, 1034.20565383)
(5713.21406803, -6900.87022528, 1034.20565383)
(5713.28459791, -6900.85877165, 1034.20565382)
(5713.37706194, -6900.84326721, 1034.20565381)
(5713.4519306, -6900.8361626, 1034.2056539)
(5713.56582994, -6900.82729828, 1034.20565382)
(5713.63677123, -6900.82488719, 1034.20565383)
(5713.73413669, -6900.82053158, 1034.20565384)
(5713.8141344, -6900.81600325, 1034.20565382)
(5713.91926013, -6900.8097284, 1034.20565381)
(5713.99810671, -6900.80648321, 1034.20565382)
(5714.07775651, -6900.80285488, 1034.20565383)
(5714.14749859, -6900.7997295, 1034.20565383)
(5714.24735342, -6900.79521058, 1034.20565383)
(5714.3282197, -6900.79148789, 1034.20565383)
(5714.42640676, -6900.78695819, 1034.2056538)
(5714.53482656, -6900.76271378, 1034.20565397)
(5714.59561459, -6900.72996033, 1034.20566251)
(5714.66027893, -6900.6783031, 1034.20565379)
(5714.72123738, -6900.63237991, 1034.20565395)
(5714.81017792, -6900.57226393, 1034.20565378)
(5714.8770123, -6900.52488003, 1034.20565383)
(5714.95455703, -6900.46845858, 1034.20565383)
(5715.02154874, -6900.41870474, 1034.20565383)
(5715.11496664, -6900.34851463, 1034.20565383)
(5715.17554776, -6900.30331749, 1034.20565383)
(5715.24539246, -6900.25120047, 1034.20565383)
(5715.2964999, -6900.21272606, 1034.20565383)
(5715.37027452, -6900.15701501, 1034.20565381)
(5715.42705561, -6900.11432205, 1034.20565382)
(5715.50193736, -6900.05793593, 1034.20565379)
(5715.54576898, -6900.02169974, 1034.20565388)
(5715.61608436, -6899.9590863, 1034.20565384)
(5715.6630997, -6899.9156398, 1034.2056538)
(5715.73622199, -6899.84764391, 1034.20565381)
(5715.79083702, -6899.79664282, 1034.20565384)
(5715.86143056, -6899.73067505, 1034.20565382)
(5715.91061153, -6899.6847157, 1034.20565382)
(5715.97995175, -6899.61980858, 1034.20565382)
(5716.02672665, -6899.57609851, 1034.20565382)
(5716.09311593, -6899.51405997, 1034.20565382)
(5716.14130633, -6899.46886247, 1034.20565382)
(5716.20780416, -6899.40636297, 1034.20565383)
(5716.26198486, -6899.3554657, 1034.20565383)
(5716.339584, -6899.28245468, 1034.20565382)
(5716.38931243, -6899.23584236, 1034.20565383)
(5716.46955639, -6899.1607777, 1034.20565382)
(5716.50989843, -6899.12237963, 1034.20565383)
(5716.58215196, -6899.0528908, 1034.20565383)
(5716.63919096, -6898.9973391, 1034.20565383)
(5716.72576611, -6898.91181021, 1034.20565383)
(5716.79202649, -6898.8466398, 1034.20565382)
(5716.87376935, -6898.7665651, 1034.20565382)
(5716.94362705, -6898.69799716, 1034.20565382)
(5717.00434548, -6898.63839575, 1034.20565382)
(5717.04266177, -6898.60078275, 1034.20565382)
(5717.09481609, -6898.54955819, 1034.20565383)
(5717.16111784, -6898.48444162, 1034.20565382)
(5717.21650106, -6898.43001923, 1034.20565383)
(5717.28240953, -6898.36510839, 1034.20565382)
(5717.34807873, -6898.30052639, 1034.20565382)
(5717.40373656, -6898.24579252, 1034.20565382)
(5717.46263182, -6898.18787329, 1034.20565382)
(5717.50113061, -6898.14987131, 1034.20565382)
(5717.5586815, -6898.09296353, 1034.20565382)
(5717.6163462, -6898.03558588, 1034.20565382)
(5717.67628722, -6897.97581995, 1034.20565383)
(5717.73501781, -6897.91717105, 1034.20565383)
(5717.80462735, -6897.84777115, 1034.20565382)
(5717.8478795, -6897.80458477, 1034.20565382)
(5717.90423969, -6897.74822652, 1034.20565382)
(5717.95859726, -6897.69394086, 1034.20565383)
(5718.01290958, -6897.63961983, 1034.20565382)
(5718.08669892, -6897.56565265, 1034.20565383)
(5718.14420936, -6897.50809331, 1034.20565382)
(5718.20376743, -6897.44849374, 1034.20565382)
(5718.24586102, -6897.40646746, 1034.20565383)
(5718.30906253, -6897.34348346, 1034.20565382)
(5718.36297013, -6897.28989618, 1034.20565383)
(5718.42661101, -6897.22676564, 1034.20565383)
(5718.48109267, -6897.17260589, 1034.20565382)
(5718.54699152, -6897.10708313, 1034.20565382)
(5718.59203563, -6897.06218645, 1034.20565382)
(5718.64785127, -6897.00645382, 1034.20565382)
(5718.69695733, -6896.95743581, 1034.20565383)
(5718.76296208, -6896.89144791, 1034.20565382)
(5718.81643722, -6896.83803271, 1034.20565383)
(5718.8745536, -6896.77991847, 1034.20565382)
(5718.91545577, -6896.73904522, 1034.20565382)
(5718.97591184, -6896.67859582, 1034.20565382)
(5719.0381282, -6896.61639856, 1034.20565382)
(5719.10296724, -6896.5515674, 1034.20565383)
(5719.15466764, -6896.49988037, 1034.20565382)
(5719.23174756, -6896.42276086, 1034.20565382)
(5719.2863571, -6896.36814356, 1034.20565382)
(5719.33891928, -6896.31556731, 1034.20565382)
(5719.382724, -6896.2717556, 1034.20565382)
(5719.45339392, -6896.20107216, 1034.20565382)
(5719.5065435, -6896.14791501, 1034.20565382)
(5719.57984113, -6896.07460364, 1034.20565382)
(5719.63649559, -6896.01794141, 1034.20565382)
(5719.69519261, -6895.95923328, 1034.20565382)
(5719.74045775, -6895.91396232, 1034.20565382)
(5719.7968187, -6895.85759231, 1034.20565382)
(5719.84909307, -6895.80531173, 1034.20565382)
(5719.91538426, -6895.73901098, 1034.20565382)
(5719.96970301, -6895.68468635, 1034.20565382)
(5720.03394952, -6895.62043102, 1034.20565382)
(5720.10082602, -6895.5535477, 1034.20565382)
(5720.1758784, -6895.47848499, 1034.20565382)
(5720.24655141, -6895.40780498, 1034.20565382)
(5720.28831304, -6895.36603999, 1034.20565382)
(5720.36044643, -6895.2938998, 1034.20565382)
(5720.41797848, -6895.23636319, 1034.20565382)
(5720.49274014, -6895.16159475, 1034.20565382)
(5720.55640495, -6895.09792518, 1034.20565382)
(5720.61189235, -6895.04243287, 1034.20565382)
(5720.66212357, -6894.99219806, 1034.20565382)
(5720.75265588, -6894.90165869, 1034.20565382)
(5720.80288723, -6894.85142424, 1034.20565382)
(5720.86888892, -6894.78541848, 1034.20565382)
(5720.91707613, -6894.73722857, 1034.20565382)
(5720.99008692, -6894.66421368, 1034.20565382)
(5721.03126508, -6894.62303336, 1034.20565382)
(5721.09171824, -6894.56257715, 1034.20565382)
(5721.14048968, -6894.51380331, 1034.20565382)
(5721.20707591, -6894.44721401, 1034.20565382)
(5721.25789171, -6894.3963959, 1034.20565382)
(5721.32477016, -6894.32951471, 1034.20565382)
(5721.37441789, -6894.27986487, 1034.20565382)
(5721.44158854, -6894.21269178, 1034.20565382)
(5721.48422721, -6894.17005143, 1034.20565382)
(5721.55139799, -6894.10287847, 1034.20565382)
(5721.60367424, -6894.05060031, 1034.20565382)
(5721.67172129, -6893.98255131, 1034.20565382)
(5721.71640443, -6893.9378667, 1034.20565382)
(5721.77627431, -6893.87799534, 1034.20565382)
(5721.82329383, -6893.8309743, 1034.20565382)
(5721.88345573, -6893.77081097, 1034.20565382)
(5721.93485598, -6893.71940912, 1034.20565382)
(5722.01049665, -6893.64376691, 1034.20565382)
(5722.06306518, -6893.59119697, 1034.20565382)
(5722.12906832, -6893.5251929, 1034.20565382)
(5722.16995501, -6893.48430525, 1034.20565382)
(5722.23391398, -6893.42034541, 1034.20565382)
(5722.28005756, -6893.37420073, 1034.20565382)
(5722.34343236, -6893.31082518, 1034.20565382)
(5722.39424869, -6893.2600077, 1034.20565382)
(5722.45207468, -6893.20218112, 1034.20565382)
(5722.49821831, -6893.15603651, 1034.20565382)
(5722.56480572, -6893.08944837, 1034.20565382)
(5722.61737438, -6893.03687864, 1034.20565382)
(5722.68133344, -6892.97291909, 1034.20565382)
(5722.71988386, -6892.93436789, 1034.20565382)
(5722.7806304, -6892.87362079, 1034.20565382)
(5722.82735813, -6892.82689218, 1034.20565382)
(5722.89745017, -6892.75679952, 1034.20565382)
(5722.94388595, -6892.71036293, 1034.20565382)
(5723.01397821, -6892.64027022, 1034.20565382)
(5723.05866168, -6892.59558606, 1034.20565382)
(5723.11765588, -6892.53659155, 1034.20565382)
(5723.16584394, -6892.48840268, 1034.20565382)
(5723.22542244, -6892.42882387, 1034.20565382)
(5723.27331875, -6892.38092723, 1034.20565382)
(5723.32647184, -6892.32777365, 1034.20565382)
(5723.38429845, -6892.26994796, 1034.20565382)
(5723.43628341, -6892.21796266, 1034.20565382)
(5723.50754476, -6892.1467024, 1034.20565382)
(5723.55777745, -6892.0964696, 1034.20565382)
(5723.61677226, -6892.03747584, 1034.20565382)
(5723.66379238, -6891.99045543, 1034.20565382)
(5723.73622195, -6891.91802699, 1034.20565382)
(5723.78119775, -6891.873051, 1034.20565382)
(5723.84252898, -6891.81172077, 1034.20565382)
(5723.8915934, -6891.76265611, 1034.20565382)
(5723.95292485, -6891.70132547, 1034.20565382)
(5724.01425546, -6891.63999447, 1034.20565382)
(5724.0849325, -6891.5693189, 1034.20565382)
(5724.12552729, -6891.5287236, 1034.20565382)
(5724.19007064, -6891.4641799, 1034.20565382)
(5724.26892442, -6891.38532574, 1034.20565382)
(5724.34310502, -6891.31114425, 1034.20565382)
(5724.4178708, -6891.23637954, 1034.20565382)
(5724.5098669, -6891.14438311, 1034.20565382)
(5724.57557814, -6891.07867132, 1034.20565382)
(5724.64304264, -6891.01120807, 1034.20565382)
(5724.68509802, -6890.96915258, 1034.20565382)
(5724.74263285, -6890.91161869, 1034.20565382)
(5724.80045885, -6890.85379252, 1034.20565382)
(5724.87259612, -6890.78165649, 1034.20565382)
(5724.92107666, -6890.73317596, 1034.20565382)
(5724.98562099, -6890.6686331, 1034.20565382)
(5725.04695154, -6890.60730228, 1034.20565382)
(5725.08579408, -6890.56845924, 1034.20565382)
(5725.14215997, -6890.51209317, 1034.20565382)
(5725.19414512, -6890.46010776, 1034.20565382)
(5725.25372422, -6890.40052963, 1034.20565382)
(5725.30016022, -6890.35409349, 1034.20565382)
(5725.36003109, -6890.29422332, 1034.20565382)
(5725.41493663, -6890.23931753, 1034.20565382)
(5725.48094087, -6890.17331408, 1034.20565382)
(5725.53380201, -6890.12045276, 1034.20565382)
(5725.59133645, -6890.06291915, 1034.20565382)
(5725.6366043, -6890.01765108, 1034.20565382)
(5725.70523699, -6889.94901911, 1034.20565382)
(5725.75839022, -6889.89586567, 1034.20565382)
(5725.81563259, -6889.83862403, 1034.20565382)
(5725.85885604, -6889.7954004, 1034.20565382)
(5725.92661245, -6889.72764453, 1034.20565382)
(5725.98297827, -6889.67127846, 1034.20565382)
(5726.05044248, -6889.60381506, 1034.20565382)
(5726.1071003, -6889.54715709, 1034.20565382)
(5726.15733371, -6889.49692445, 1034.20565382)
(5726.21048704, -6889.44377099, 1034.20565382)
(5726.27765931, -6889.37659957, 1034.20565382)
(5726.33314889, -6889.32110986, 1034.20565382)
(5726.3895154, -6889.26474424, 1034.20565382)
(5726.43361514, -6889.22064442, 1034.20565382)
(5726.49377813, -6889.16048202, 1034.20565382)
(5726.54284256, -6889.11141742, 1034.20565382)
(5726.60913851, -6889.04512203, 1034.20565382)
(5726.65294617, -6889.00131418, 1034.20565382)
(5726.70931249, -6888.94494829, 1034.20565382)
(5726.76217361, -6888.89208689, 1034.20565382)
(5726.82671709, -6888.82754378, 1034.20565382)
(5726.87286111, -6888.78139954, 1034.20565382)
(5726.93156378, -6888.72269719, 1034.20565382)
(5726.97829188, -6888.67596886, 1034.20565382)
(5727.03816247, -6888.61609848, 1034.20565382)
(5727.08810305, -6888.56615761, 1034.20565382)
(5727.14388508, -6888.51037573, 1034.20565382)
(5727.20025088, -6888.45400954, 1034.20565382)
(5727.26391818, -6888.39034243, 1034.20565382)
(5727.31093823, -6888.34332208, 1034.20565382)
(5727.36847251, -6888.28578795, 1034.20565382)
(5727.41344833, -6888.24081183, 1034.20565382)
(5727.47302694, -6888.18123328, 1034.20565382)
(5727.52968481, -6888.12457539, 1034.20565382)
(5727.5805017, -6888.07375846, 1034.20565382)
(5727.63599152, -6888.01826857, 1034.20565382)
(5727.68797676, -6887.96628326, 1034.20565382)
(5727.75106043, -6887.90320068, 1034.20565382)
(5727.80508983, -6887.84917128, 1034.20565382)
(5727.8886175, -6887.76564521, 1034.20565382)
(5727.9467356, -6887.70752682, 1034.20565382)
(5728.02588172, -6887.6283812, 1034.20565382)
(5728.09743421, -6887.55682851, 1034.20565382)
(5728.16314674, -6887.49111735, 1034.20565382)
(5728.21337948, -6887.44088448, 1034.20565382)
(5728.29982669, -6887.35443744, 1034.20565382)
(5728.36436996, -6887.28989387, 1034.20565382)
(5728.4464372, -6887.20782775, 1034.20565382)
(5728.50017445, -6887.15409031, 1034.20565382)
(5728.57464762, -6887.07961735, 1034.20565382)
(5728.62780092, -6887.02646377, 1034.20565382)
(5728.69468108, -6886.95958405, 1034.20565382)
(5728.73556817, -6886.91869685, 1034.20565382)
(5728.79835934, -6886.85590602, 1034.20565382)
(5728.85530928, -6886.79895586, 1034.20565382)
(5728.92861464, -6886.72565103, 1034.20565382)
(5728.98147583, -6886.67278971, 1034.20565382)
(5729.05390489, -6886.60036144, 1034.20565382)
(5729.10735033, -6886.54691599, 1034.20565382)
(5729.17452289, -6886.47974444, 1034.20565382)
(5729.21394982, -6886.44031757, 1034.20565382)
(5729.27440475, -6886.37986335, 1034.20565382)
(5729.33193881, -6886.32232923, 1034.20565382)
(5729.40991731, -6886.24435176, 1034.20565382)
(5729.48847909, -6886.16579004, 1034.20565382)
(5729.54338458, -6886.1108843, 1034.20565382)
(5729.61230911, -6886.04196031, 1034.20565382)
(5729.65670093, -6885.99756835, 1034.20565382)
(5729.71832404, -6885.93594569, 1034.20565382)
(5729.77731828, -6885.87695133, 1034.20565382)
(5729.85325214, -6885.80101822, 1034.20565382)
(5729.91604326, -6885.73822708, 1034.20565382)
(5729.9893481, -6885.66492223, 1034.20565382)
(5730.0454218, -6885.60884827, 1034.20565382)
(5730.10149593, -6885.55277441, 1034.20565382)
(5730.15932208, -6885.49494804, 1034.20565382)
(5730.22298947, -6885.43128101, 1034.20565382)
(5730.27935525, -6885.3749151, 1034.20565382)
(5730.34798772, -6885.30628315, 1034.20565382)
(5730.39442394, -6885.25984688, 1034.20565382)
(5730.4583631, -6885.19587212, 1034.20565381)
(5730.51472275, -6885.13741709, 1034.20565382)
(5730.57965315, -6885.06660001, 1034.20565384)
(5730.62328276, -6885.01560912, 1034.20565382)
(5730.67988151, -6884.94504408, 1034.2056539)
(5730.73126718, -6884.88140633, 1034.20565381)
(5730.79804044, -6884.79990519, 1034.20565383)
(5730.84745013, -6884.73947127, 1034.20565382)
(5730.90004359, -6884.67524119, 1034.20565383)
(5730.94343842, -6884.62216403, 1034.20565382)
(5730.99472088, -6884.55952978, 1034.20565382)
(5731.0441475, -6884.49911771, 1034.20565383)
(5731.10486054, -6884.42498658, 1034.20565382)
(5731.14881092, -6884.37129411, 1034.20565382)
(5731.19696213, -6884.31250149, 1034.20565382)
(5731.24327337, -6884.25593626, 1034.20565382)
(5731.30895475, -6884.17573129, 1034.20565383)
(5731.36024031, -6884.11309739, 1034.20565382)
(5731.42803025, -6884.03035189, 1034.20565382)
(5731.48240349, -6883.96437181, 1034.20565383)
(5731.54634418, -6883.88701088, 1034.20565382)
(5731.59006439, -6883.83596697, 1034.20565381)
(5731.65037498, -6883.76801255, 1034.20565382)
(5731.70238728, -6883.71163519, 1034.20565382)
(5731.77385534, -6883.63726726, 1034.20565382)
(5731.83023554, -6883.57917051, 1034.20565382)
(5731.91110603, -6883.49482062, 1034.20565382)
(5731.98000881, -6883.42244698, 1034.20565383)
(5732.0780707, -6883.31910025, 1034.20565383)
(5732.1471676, -6883.24685737, 1034.20565383)
(5732.23606214, -6883.15411189, 1034.20565383)
(5732.30773325, -6883.07920927, 1034.20565382)
(5732.4133832, -6882.96879624, 1034.20565382)
(5732.47606396, -6882.90302985, 1034.20565382)
(5732.53500797, -6882.84110655, 1034.2056538)
(5732.5883907, -6882.78626917, 1034.20565382)
(5732.66305445, -6882.71060881, 1034.20565384)
(5732.71983553, -6882.65290295, 1034.20565383)
(5732.77427713, -6882.59754255, 1034.20565382)
(5732.83583704, -6882.53525206, 1034.20565383)
(5732.90385702, -6882.46657051, 1034.20565383)
(5732.96336566, -6882.40634124, 1034.20565382)
(5733.03013106, -6882.33876543, 1034.20565382)
(5733.0812195, -6882.28705373, 1034.20565382)
(5733.14275662, -6882.22476301, 1034.20565382)
(5733.19240406, -6882.17452756, 1034.20565382)
(5733.2647562, -6882.10143151, 1034.20565382)
(5733.32230198, -6882.04332328, 1034.20565382)
(5733.39826806, -6881.96682137, 1034.20565383)
(5733.4470184, -6881.91746261, 1034.20565382)
(5733.49947178, -6881.86421785, 1034.20565382)
(5733.55214603, -6881.81114626, 1034.20565383)
(5733.6337829, -6881.72919484, 1034.20565383)
(5733.6927044, -6881.67010791, 1034.20565382)
(5733.75577124, -6881.6069886, 1034.20565383)
(5733.80012585, -6881.56255761, 1034.20565382)
(5733.86554462, -6881.49712663, 1034.20565382)
(5733.92041905, -6881.44219192, 1034.20565382)
(5733.99461993, -6881.36802118, 1034.20565382)
(5734.04396789, -6881.31865691, 1034.20565382)
(5734.11640216, -6881.24623166, 1034.20565382)
(5734.16809261, -6881.19453524, 1034.20565383)
(5734.24550404, -6881.11715665, 1034.20565382)
(5734.3065453, -6881.05612164, 1034.20565382)
(5734.37839269, -6880.98428174, 1034.20565382)
(5734.42966345, -6880.93277334, 1034.20565382)
(5734.47884558, -6880.88326362, 1034.20565382)
(5734.53217996, -6880.82970673, 1034.20565382)
(5734.60329628, -6880.7583023, 1034.20565382)
(5734.6537298, -6880.70768472, 1034.20565382)
(5734.72315013, -6880.6380823, 1034.20565382)
(5734.77948861, -6880.58168142, 1034.20565382)
(5734.82828873, -6880.53292428, 1034.20565382)
(5734.88142402, -6880.47975132, 1034.20565383)
(5734.95063624, -6880.41052636, 1034.20565382)
(5735.00494501, -6880.35619294, 1034.20565383)
(5735.06862751, -6880.29253811, 1034.20565383)
(5735.1171063, -6880.24405569, 1034.20565382)
(5735.18135971, -6880.17981016, 1034.20565382)
(5735.23684849, -6880.12432025, 1034.20565382)
(5735.30811334, -6880.05307066, 1034.20565382)
(5735.37587109, -6879.98531676, 1034.20565382)
(5735.4301937, -6879.93099577, 1034.20565382)
(5735.50204082, -6879.85915398, 1034.20565382)
(5735.54351256, -6879.81768364, 1034.20565382)
(5735.6103949, -6879.75080593, 1034.20565382)
(5735.67201888, -6879.68918377, 1034.20565382)
(5735.73598057, -6879.62522712, 1034.20565382)
(5735.78738214, -6879.5738273, 1034.20565382)
(5735.85426472, -6879.50694991, 1034.20565382)
(5735.91004757, -6879.45116877, 1034.20565382)
(5735.99795866, -6879.36326519, 1034.20565382)
(5736.06600768, -6879.29521881, 1034.20565382)
(5736.11945377, -6879.24177381, 1034.20565382)
(5736.21700201, -6879.14423115, 1034.20565382)
(5736.26986388, -6879.09137095, 1034.20565382)
(5736.3420043, -6879.01923776, 1034.20565382)
(5736.38814876, -6878.97309394, 1034.20565382)
(5736.46495978, -6878.89628565, 1034.20565382)
(5736.53417617, -6878.82707014, 1034.20565382)
(5736.61390898, -6878.74734208, 1034.20565382)
(5736.69159579, -6878.66965742, 1034.20565382)
(5736.7546791, -6878.60657485, 1034.20565382)
(5736.82097621, -6878.54028076, 1034.20565382)
(5736.85981941, -6878.50143814, 1034.20565382)
(5736.92991347, -6878.4313468, 1034.20565382)
(5736.98365118, -6878.37761004, 1034.20565382)
(5737.0549132, -6878.30635114, 1034.20565382)
(5737.11274002, -6878.24852534, 1034.20565382)
(5737.19451685, -6878.16675288, 1034.20565382)
(5737.25234298, -6878.10892729, 1034.20565382)
(5737.31630307, -6878.04496879, 1034.20565382)
(5737.36332362, -6877.99794855, 1034.20565382)
(5737.41647781, -6877.9447956, 1034.20565382)
(5737.47021526, -6877.8910584, 1034.20565382)
(5737.53446711, -6877.82680784, 1034.20565382)
(5737.59083324, -6877.77044201, 1034.20565382)
(5737.65566964, -6877.70560706, 1034.20565382)
(5737.70707069, -6877.6542062, 1034.20565382)
(5737.76285297, -6877.59842512, 1034.20565382)
(5737.81571437, -6877.54556401, 1034.20565382)
(5737.87704607, -6877.48423345, 1034.20565382)
(5737.9401293, -6877.42115046, 1034.20565382)
(5737.99970833, -6877.36157283, 1034.20565382)
(5738.05607436, -6877.30520712, 1034.20565382)
(5738.10835241, -6877.25293024, 1034.20565382)
(5738.16062977, -6877.20065312, 1034.20565382)
(5738.22283718, -6877.13844688, 1034.20565382)
(5738.2771587, -6877.08412555, 1034.20565382)
(5738.34929634, -6877.01198926, 1034.20565382)
(5738.4024499, -6876.95883594, 1034.20565382)
(5738.4602767, -6876.90101046, 1034.20565382)
(5738.5125539, -6876.8487336, 1034.20565382)
(5738.58089484, -6876.78039409, 1034.20565382)
(5738.63054382, -6876.73074542, 1034.20565382)
(5738.7018051, -6876.65948567, 1034.20565382)
(5738.74590484, -6876.61538624, 1034.20565382)
(5738.81307751, -6876.54821499, 1034.20565382)
(5738.86827548, -6876.49301727, 1034.20565382)
(5738.94654626, -6876.41474849, 1034.20565382)
(5739.00203579, -6876.35925883, 1034.20565382)
(5739.06716364, -6876.29413146, 1034.20565382)
(5739.11330783, -6876.24798721, 1034.20565382)
(5739.17668326, -6876.18461226, 1034.20565382)
(5739.23246488, -6876.12883051, 1034.20565382)
(5739.2917516, -6876.06954431, 1034.20565382)
(5739.34081631, -6876.02047952, 1034.20565382)
(5739.4033157, -6875.9579806, 1034.20565382)
(5739.45880531, -6875.90249093, 1034.20565382)
(5739.52221306, -6875.8391656, 1034.20565381)
(5739.57515663, -6875.79455898, 1034.2056538)
(5739.65242411, -6875.7475765, 1034.20565387)
(5739.7199866, -6875.72062114, 1034.20565385)
(5739.82294734, -6875.70265902, 1034.20565399)
(5739.90036109, -6875.68755753, 1034.20565338)
(5739.99825615, -6875.65317137, 1034.20565386)
(5740.08338804, -6875.63276688, 1034.20565386)
(5740.16324101, -6875.62197373, 1034.20565377)
(5740.22548764, -6875.60943444, 1034.20565394)
(5740.31166228, -6875.58952425, 1034.20565384)
(5740.45032452, -6875.56040711, 1034.20565383)
(5740.53579484, -6875.52967922, 1034.20565419)
(5740.64223474, -6875.45590553, 1034.205654)
(5740.73115916, -6875.4006786, 1034.20565392)
(5740.8363913, -6875.34446861, 1034.20565384)
(5740.91584693, -6875.29419216, 1034.20565369)
(5741.0132669, -6875.22534217, 1034.20565395)
(5741.09371328, -6875.17355845, 1034.20565372)
(5741.20490837, -6875.10842958, 1034.20565381)
(5741.2605583, -6875.0726979, 1034.20565378)
(5741.32580054, -6875.02783624, 1034.20565373)
(5741.39033024, -6874.98528929, 1034.20565382)
(5741.46680138, -6874.93628188, 1034.20565384)
(5741.53397937, -6874.89260606, 1034.20565382)
(5741.60114366, -6874.84891218, 1034.20565382)
(5741.65723229, -6874.81242811, 1034.20565382)
(5741.72682484, -6874.76716455, 1034.20565382)
(5741.79522896, -6874.72821219, 1034.20565379)
(5741.87618098, -6874.68668149, 1034.20565382)
(5741.94648991, -6874.66258012, 1034.20565429)
(5742.02895408, -6874.65468338, 1034.20565379)
(5742.10394472, -6874.64428739, 1034.20565377)
(5742.19270603, -6874.62281134, 1034.20565388)
(5742.25958535, -6874.61086535, 1034.20565389)
(5742.36040242, -6874.5976597, 1034.20565377)
(5742.42921772, -6874.58596513, 1034.20565378)
(5742.52317558, -6874.56887344, 1034.20565381)
(5742.60001432, -6874.55806346, 1034.20565379)
(5742.67854872, -6874.55104424, 1034.20565381)
(5742.76169489, -6874.54536017, 1034.20565383)
(5742.85351841, -6874.53890775, 1034.20565384)
(5742.92813236, -6874.5348037, 1034.20565384)
(5743.02298083, -6874.52907833, 1034.20565383)
(5743.09104257, -6874.52529767, 1034.20565383)
(5743.17929983, -6874.52024079, 1034.20565383)
(5743.24903098, -6874.51673183, 1034.20565383)
(5743.33565699, -6874.51218159, 1034.20565383)
(5743.40620148, -6874.50858196, 1034.20565383)
(5743.49654386, -6874.50399358, 1034.20565383)
(5743.57657498, -6874.49998508, 1034.20565383)
(5743.67309704, -6874.49520188, 1034.2056538)
(5743.75112657, -6874.48133999, 1034.20565386)
(5743.83435305, -6874.44823712, 1034.20565376)
(5743.897526, -6874.41152776, 1034.20565433)
(5743.97941804, -6874.3607468, 1034.20565372)
(5744.03352733, -6874.32507242, 1034.20565382)
(5744.10595812, -6874.27843502, 1034.20565393)
(5744.16632697, -6874.23637567, 1034.20565387)
(5744.23750048, -6874.18434042, 1034.20565375)
(5744.30688167, -6874.13291675, 1034.20565384)
(5744.38521442, -6874.07428241, 1034.20565382)
(5744.44928248, -6874.02624092, 1034.20565382)
(5744.52292399, -6873.97101176, 1034.20565383)
(5744.60527861, -6873.90885834, 1034.20565381)
(5744.66723612, -6873.86210778, 1034.20565382)
(5744.72949095, -6873.81506152, 1034.20565382)
(5744.79430232, -6873.76372525, 1034.20565384)
(5744.88284014, -6873.69035234, 1034.20565383)
(5744.94140402, -6873.6386811, 1034.20565387)
(5745.01324012, -6873.57177038, 1034.20565376)
(5745.06481253, -6873.52242086, 1034.2056538)
(5745.1403257, -6873.45079281, 1034.20565382)
(5745.19575899, -6873.39875876, 1034.20565382)
(5745.26365147, -6873.33525118, 1034.20565383)
(5745.3194225, -6873.28300402, 1034.20565382)
(5745.39064433, -6873.21642997, 1034.20565382)
(5745.43765982, -6873.1723758, 1034.20565383)
(5745.50511329, -6873.10906938, 1034.20565382)
(5745.56710561, -6873.05080913, 1034.20565382)
(5745.64677972, -6872.97578795, 1034.20565382)
(5745.70799562, -6872.91846501, 1034.20565383)
(5745.80340756, -6872.8293637, 1034.20565381)
(5745.86422215, -6872.77118596, 1034.20565384)
(5745.93291107, -6872.70395417, 1034.20565382)
(5745.97874145, -6872.65869639, 1034.20565383)
(5746.05517435, -6872.58328937, 1034.20565382)
(5746.11903966, -6872.52040961, 1034.20565383)
(5746.21034473, -6872.43063723, 1034.20565382)
(5746.28189502, -6872.36025434, 1034.20565382)
(5746.36882443, -6872.27487257, 1034.20565382)
(5746.43215543, -6872.21262687, 1034.20565382)
(5746.50403085, -6872.14198554, 1034.20565382)
(5746.55175013, -6872.09508391, 1034.20565382)
(5746.62156291, -6872.02646996, 1034.20565382)
(5746.67016595, -6871.97869984, 1034.20565382)
(5746.74351429, -6871.906611, 1034.20565382)
(5746.81833291, -6871.83307383, 1034.20565382)
(5746.87400829, -6871.7778042, 1034.20565382)
(5746.94976244, -6871.70231196, 1034.20565382)
(5747.0038598, -6871.64837276, 1034.20565383)
(5747.06726915, -6871.58505325, 1034.20565383)
(5747.12192882, -6871.53049306, 1034.20565383)
(5747.1867616, -6871.46567062, 1034.20565382)
(5747.23994733, -6871.41255147, 1034.20565382)
(5747.29951128, -6871.352967, 1034.20565382)
(5747.35443319, -6871.29807633, 1034.20565382)
(5747.41779757, -6871.23469463, 1034.20565383)
(5747.4721236, -6871.18037792, 1034.20565382)
(5747.52965328, -6871.12284047, 1034.20565383)
(5747.58896275, -6871.06357461, 1034.20565383)
(5747.63872932, -6871.01402643, 1034.20565383)
(5747.71259568, -6870.94066857, 1034.20565383)
(5747.77179421, -6870.88186851, 1034.20565382)
(5747.82391878, -6870.83002481, 1034.20565382)
(5747.89445964, -6870.75980046, 1034.20565383)
(5747.94648589, -6870.70787246, 1034.20565382)
(5748.01598947, -6870.6383808, 1034.20565383)
(5748.07386033, -6870.58059881, 1034.20565383)
(5748.12729732, -6870.52715361, 1034.20565382)
(5748.17462873, -6870.47986126, 1034.20565383)
(5748.24296226, -6870.41152182, 1034.20565382)
(5748.298171, -6870.35633455, 1034.20565382)
(5748.36766724, -6870.2868159, 1034.20565382)
(5748.42461856, -6870.2298675, 1034.20565382)
(5748.49032006, -6870.16414786, 1034.20565382)
(5748.53792304, -6870.11654124, 1034.20565382)
(5748.60070902, -6870.05374424, 1034.20565382)
(5748.65678069, -6869.99766807, 1034.20565382)
(5748.72219456, -6869.93224421, 1034.20565382)
(5748.76862901, -6869.88580582, 1034.20565382)
(5748.82937196, -6869.82505465, 1034.20565382)
(5748.88223149, -6869.77219082, 1034.20565382)
(5748.95874346, -6869.69566922, 1034.20565382)
(5749.00108944, -6869.65332003, 1034.20565382)
(5749.06504522, -6869.5893565, 1034.20565382)
(5749.12053354, -6869.53386453, 1034.20565382)
(5749.17923396, -6869.47516074, 1034.20565382)
(5749.24260713, -6869.41178389, 1034.20565382)
(5749.31474211, -6869.33964472, 1034.20565382)
(5749.3719832, -6869.28240139, 1034.20565382)
(5749.4356478, -6869.21873229, 1034.20565382)
(5749.47974665, -6869.17463155, 1034.20565382)
(5749.53552691, -6869.11884789, 1034.20565382)
(5749.59393643, -6869.06043618, 1034.20565382)
(5749.66402648, -6868.99034204, 1034.20565382)
(5749.72506402, -6868.92930225, 1034.20565382)
(5749.78493285, -6868.86942968, 1034.20565382)
(5749.83808552, -6868.81627504, 1034.20565382)
(5749.90291882, -6868.75143793, 1034.20565382)
(5749.95928365, -6868.69507106, 1034.20565382)
(5750.02849792, -6868.62585266, 1034.20565382)
(5750.11085538, -6868.54349242, 1034.20565382)
(5750.17627398, -6868.47807228, 1034.20565382)
(5750.25103741, -6868.40330554, 1034.20565382)
(5750.31295169, -6868.34138954, 1034.20565382)
(5750.38041381, -6868.27392393, 1034.20565382)
(5750.44583231, -6868.20850353, 1034.20565382)
(5750.50424221, -6868.15009269, 1034.20565382)
(5750.59390084, -6868.06043125, 1034.20565382)
(5750.65318654, -6868.00114422, 1034.20565382)
(5750.73642209, -6867.91791109, 1034.20565382)
(5750.80149935, -6867.85694696, 1034.20565381)
(5750.88431752, -6867.78656017, 1034.2056538)
(5750.94591239, -6867.74651378, 1034.20565392)
(5751.04461372, -6867.72248352, 1034.20565371)
(5751.13725122, -6867.71358954, 1034.20565365)
(5751.19997767, -6867.70027602, 1034.20565374)
(5751.26894033, -6867.67625927, 1034.20565379)
(5751.34716084, -6867.65664991, 1034.20565376)
(5751.410233, -6867.64342761, 1034.20565388)
(5751.494204, -6867.62562839, 1034.20565382)
(5751.56773921, -6867.60781096, 1034.20565382)
(5751.67597422, -6867.58089116, 1034.20565381)
(5751.73858522, -6867.57237782, 1034.20565408)
(5751.84867599, -6867.57082451, 1034.20565384)
(5751.93039383, -6867.56302292, 1034.20565381)
(5752.03523466, -6867.5443612, 1034.20565383)
(5752.09929938, -6867.53864453, 1034.20565417)
(5752.17712698, -6867.54021042, 1034.20565404)
(5752.24813102, -6867.53574184, 1034.2056538)
(5752.35539224, -6867.52190803, 1034.20565392)
(5752.43106061, -6867.51814037, 1034.20565375)
(5752.52551122, -6867.51492709, 1034.20565388)
(5752.59314424, -6867.50925453, 1034.20565385)
(5752.68819363, -6867.50084245, 1034.20565377)
(5752.79651649, -6867.47191699, 1034.20565391)
(5752.85902808, -6867.434063, 1034.20565463)
(5752.93335447, -6867.37603014, 1034.2056539)
(5752.9940993, -6867.33487987, 1034.20565385)
(5753.07128091, -6867.28798117, 1034.20565383)
(5753.13071682, -6867.24811788, 1034.20565375)
(5753.20244636, -6867.19672692, 1034.20565382)
(5753.25621511, -6867.15748393, 1034.20565383)
(5753.32395333, -6867.10736, 1034.20565383)
(5753.38212188, -6867.06453687, 1034.20565382)
(5753.46450908, -6867.00376538, 1034.20565382)
(5753.52273284, -6866.96093538, 1034.20565382)
(5753.59293431, -6866.90929741, 1034.20565382)
(5753.65335482, -6866.86463994, 1034.20565382)
(5753.7269932, -6866.81009201, 1034.20565381)
(5753.79234185, -6866.7668284, 1034.20565381)
(5753.87429083, -6866.71713573, 1034.20565379)
(5753.93368984, -6866.68977948, 1034.2056542)
(5754.02636377, -6866.67801255, 1034.20565415)
(5754.09764897, -6866.66974834, 1034.20565364)
(5754.17525519, -6866.65061891, 1034.20565371)
(5754.2463082, -6866.63486526, 1034.20565378)
(5754.34837962, -6866.61507413, 1034.20565383)
(5754.42727498, -6866.60124984, 1034.20565381)
(5754.51908317, -6866.5842934, 1034.20565382)
(5754.59514841, -6866.57095204, 1034.20565382)
(5754.68010367, -6866.55563593, 1034.20565381)
(5754.74721735, -6866.54970222, 1034.20565359)
(5754.86652721, -6866.54580265, 1034.20565382)
(5754.94254568, -6866.53897826, 1034.20565391)
(5755.04608486, -6866.52710863, 1034.20565384)
(5755.12874183, -6866.52392739, 1034.20565378)
(5755.21374669, -6866.52108916, 1034.20565384)
(5755.29495521, -6866.51633472, 1034.20565383)
(5755.3938472, -6866.50975328, 1034.20565383)
(5755.45576234, -6866.5069533, 1034.20565383)
(5755.5676028, -6866.50173606, 1034.20565383)
(5755.65007163, -6866.4910696, 1034.20565386)
(5755.75417197, -6866.47634328, 1034.20565374)
(5755.84464682, -6866.45064865, 1034.20565403)
(5755.9446188, -6866.38108372, 1034.20565357)
(5756.04497391, -6866.30892651, 1034.20565385)
(5756.12476391, -6866.25504873, 1034.20565383)
(5756.18526486, -6866.2155877, 1034.2056538)
(5756.24282134, -6866.17430599, 1034.20565384)
(5756.30525263, -6866.12722832, 1034.20565383)
(5756.39458799, -6866.05744679, 1034.20565383)
(5756.46215068, -6866.00659725, 1034.20565382)
(5756.54114281, -6865.94978452, 1034.20565386)
(5756.61286483, -6865.89677925, 1034.20565383)
(5756.68315938, -6865.8439275, 1034.20565381)
(5756.7394229, -6865.80195868, 1034.20565382)
(5756.80334205, -6865.7543343, 1034.20565382)
(5756.86439177, -6865.70333323, 1034.20565384)
(5756.93099279, -6865.64155706, 1034.20565392)
(5756.98207819, -6865.59351162, 1034.20565391)
(5757.04075342, -6865.538946, 1034.20565385)
(5757.09368998, -6865.48973171, 1034.20565383)
(5757.16598076, -6865.42251189, 1034.20565383)
(5757.22578136, -6865.36675114, 1034.20565382)
(5757.28462066, -6865.31178, 1034.20565382)
(5757.33234821, -6865.2672752, 1034.20565382)
(5757.40421708, -6865.20021403, 1034.20565383)
(5757.46492255, -6865.14358611, 1034.20565383)
(5757.53373887, -6865.07931472, 1034.20565382)
(5757.60982861, -6865.00829711, 1034.20565382)
(5757.66659459, -6864.95531654, 1034.20565382)
(5757.72484068, -6864.90090485, 1034.20565383)
(5757.77811635, -6864.85035073, 1034.20565383)
(5757.84647528, -6864.7850651, 1034.20565382)
(5757.89870721, -6864.73463284, 1034.20565382)
(5757.96273307, -6864.67205883, 1034.20565382)
(5758.01255852, -6864.62320629, 1034.20565383)
(5758.06850649, -6864.56821592, 1034.20565382)
(5758.11863275, -6864.51905777, 1034.20565382)
(5758.18288372, -6864.45599041, 1034.20565383)
(5758.23535241, -6864.4044979, 1034.20565382)
(5758.30103258, -6864.33994137, 1034.20565382)
(5758.35319424, -6864.28872047, 1034.20565382)
(5758.41739749, -6864.2256, 1034.20565382)
(5758.47543686, -6864.16857566, 1034.20565382)
(5758.54199494, -6864.10313699, 1034.20565382)
(5758.58352975, -6864.06231596, 1034.20565382)
(5758.64774331, -6863.99919775, 1034.20565382)
(5758.70194389, -6863.94592701, 1034.20565382)
(5758.76703446, -6863.88193572, 1034.20565382)
(5758.81840464, -6863.83112196, 1034.20565382)
(5758.87469039, -6863.77529143, 1034.20565382)
(5758.91944229, -6863.73069493, 1034.20565382)
(5758.98166554, -6863.66854665, 1034.20565383)
(5759.04073077, -6863.60963691, 1034.20565382)
(5759.11173015, -6863.5387152, 1034.20565382)
(5759.16813557, -6863.48239134, 1034.20565383)
(5759.21982018, -6863.43070016, 1034.20565382)
(5759.27271654, -6863.37787148, 1034.20565383)
(5759.33760217, -6863.31308605, 1034.20565383)
(5759.38654122, -6863.26445914, 1034.20565383)
(5759.45167554, -6863.19989381, 1034.20565383)
(5759.50588723, -6863.14604257, 1034.20565382)
(5759.56366953, -6863.0887471, 1034.20565382)
(5759.6160669, -6863.0366026, 1034.20565383)
(5759.68156329, -6862.97127767, 1034.20565382)
(5759.73045378, -6862.92262166, 1034.20565383)
(5759.79960138, -6862.85391162, 1034.20565383)
(5759.86168409, -6862.79216581, 1034.20565382)
(5759.93196704, -6862.72226478, 1034.20565382)
(5759.99628055, -6862.6580967, 1034.20565382)
(5760.05354505, -6862.60089195, 1034.20565382)
(5760.12214886, -6862.53224812, 1034.20565382)
(5760.17590646, -6862.47853015, 1034.20565382)
(5760.23870822, -6862.41575327, 1034.20565383)
(5760.29363003, -6862.36086432, 1034.20565383)
(5760.36546017, -6862.28900889, 1034.20565382)
(5760.42270641, -6862.23177036, 1034.20565382)
(5760.52255918, -6862.13186716, 1034.20565382)
(5760.57132687, -6862.08308874, 1034.20565382)
(5760.6279785, -6862.02642393, 1034.20565382)
(5760.6790827, -6861.9753097, 1034.20565382)
(5760.74245083, -6861.9119282, 1034.20565382)
(5760.79063502, -6861.86373518, 1034.20565382)
(5760.84641166, -6861.80794784, 1034.20565382)
(5760.89576442, -6861.75858681, 1034.20565382)
(5760.95971805, -6861.69462212, 1034.20565382)
(5761.01286725, -6861.64146462, 1034.20565382)
(5761.07390121, -6861.58042098, 1034.20565382)
(5761.1182899, -6861.53602578, 1034.20565382)
(5761.18604097, -6861.46826493, 1034.20565382)
(5761.23218195, -6861.42211765, 1034.20565382)
(5761.29876533, -6861.3555255, 1034.20565382)
(5761.35220739, -6861.3020766, 1034.20565382)
(5761.42463191, -6861.22964347, 1034.20565382)
(5761.47515385, -6861.17911557, 1034.20565382)
(5761.53210095, -6861.12216251, 1034.20565382)
(5761.57649028, -6861.07776828, 1034.20565382)
(5761.64511903, -6861.00913281, 1034.20565382)
(5761.6985617, -6860.95568455, 1034.20565382)
(5761.75434128, -6860.8999002, 1034.20565382)
(5761.79989906, -6860.85433802, 1034.20565382)
(5761.86706815, -6860.7871635, 1034.20565382)
(5761.92021909, -6860.73400771, 1034.20565382)
(5761.9830082, -6860.67121427, 1034.20565382)
(5762.03732739, -6860.61689044, 1034.20565382)
(5762.10128465, -6860.55292938, 1034.20565382)
(5762.1453826, -6860.50882794, 1034.20565382)
(5762.20612794, -6860.44807927, 1034.20565382)
(5762.25577486, -6860.39842868, 1034.20565382)
(5762.31389163, -6860.34030904, 1034.20565382)
(5762.3588658, -6860.29533173, 1034.20565382)
(5762.4166907, -6860.23750393, 1034.20565382)
(5762.45699288, -6860.19719969, 1034.20565382)
(5762.52153629, -6860.1326558, 1034.20565382)
(5762.5758563, -6860.07833326, 1034.20565382)
(5762.64565649, -6860.00853293, 1034.20565382)
(5762.71457926, -6859.93960722, 1034.20565382)
(5762.76568673, -6859.88849662, 1034.20565382)
(5762.82584831, -6859.82833333, 1034.20565382)
(5762.87053074, -6859.78364831, 1034.20565382)
(5762.92339149, -6859.73078591, 1034.20565382)
(5762.98472139, -6859.66945384, 1034.20565382)
(5763.03057269, -6859.62360104, 1034.20565382)
(5763.09015321, -6859.56402488, 1034.20565382)
(5763.13512871, -6859.519049, 1034.20565382)
(5763.19178808, -6859.46239139, 1034.20565382)
(5763.2393921, -6859.4147867, 1034.20565382)
(5763.30130752, -6859.35287246, 1034.20565382)
(5763.35650446, -6859.29767457, 1034.20565382)
(5763.42280129, -6859.23137935, 1034.20565382)
(5763.47157351, -6859.18260628, 1034.20565382)
(5763.51362949, -6859.14055123, 1034.20565382)
(5763.56590578, -6859.08827378, 1034.20565382)
(5763.63950316, -6859.01467712, 1034.20565382)
(5763.69762096, -6858.95655814, 1034.20565382)
(5763.7703431, -6858.88383831, 1034.20565382)
(5763.83371771, -6858.82046318, 1034.20565382)
(5763.90994841, -6858.74424187, 1034.20565382)
(5763.96339427, -6858.69079728, 1034.20565382)
(5764.03319585, -6858.62099825, 1034.20565382)
(5764.0770036, -6858.57719101, 1034.20565382)
(5764.14008798, -6858.51410897, 1034.20565382)
(5764.19791441, -6858.45628279, 1034.20565382)
(5764.27209708, -6858.38210319, 1034.20565382)
(5764.32028569, -6858.33391526, 1034.20565382)
(5764.37840538, -6858.27579833, 1034.20565382)
(5764.4347716, -6858.21943261, 1034.20565382)
(5764.51070687, -6858.14350086, 1034.20565382)
(5764.57174574, -6858.08246279, 1034.20565382)
(5764.63307893, -6858.02113383, 1034.20565382)
(5764.69032104, -6857.96389201, 1034.20565382)
(5764.76245851, -6857.89175592, 1034.20565382)
(5764.8126912, -6857.84152322, 1034.20565382)
(5764.86380085, -6857.79041473, 1034.20565382)
(5764.91169732, -6857.74251831, 1034.20565382)
(5764.97565735, -6857.67855937, 1034.20565382)
(5765.02705826, -6857.6271585, 1034.20565382)
(5765.08400869, -6857.57020905, 1034.20565382)
(5765.15789829, -6857.49632035, 1034.20565382)
(5765.21163588, -6857.44258275, 1034.20565382)
(5765.2720912, -6857.38212894, 1034.20565382)
(5765.31765109, -6857.33656911, 1034.20565382)
(5765.36730039, -6857.28692073, 1034.20565382)
(5765.41198426, -6857.2422368, 1034.20565382)
(5765.45988113, -6857.19434043, 1034.20565382)
(5765.5261783, -6857.12804656, 1034.20565382)
(5765.57582707, -6857.07839828, 1034.20565382)
(5765.63190221, -6857.0223252, 1034.20565382)
(5765.66986912, -6856.98435874, 1034.20565382)
(5765.72623585, -6856.92799329, 1034.20565382)
(5765.77179574, -6856.88243348, 1034.20565382)
(5765.83341901, -6856.82081117, 1034.20565382)
(5765.87839489, -6856.77583517, 1034.20565382)
(5765.94177072, -6856.7124602, 1034.20565382)
(5765.9861624, -6856.66806837, 1034.20565382)
(5766.03610334, -6856.6181279, 1034.20565382)
(5766.07669853, -6856.57753295, 1034.20565382)
(5766.1345258, -6856.51970735, 1034.20565382)
(5766.17979393, -6856.47443946, 1034.20565382)
(5766.23294786, -6856.42128655, 1034.20565382)
(5766.27763154, -6856.37660282, 1034.20565382)
(5766.33575015, -6856.31848495, 1034.20565382)
(5766.3839386, -6856.27029638, 1034.20565382)
(5766.44030501, -6856.21393051, 1034.20565382)
(5766.49491871, -6856.15931716, 1034.20565382)
(5766.53931054, -6856.11492555, 1034.20565382)
(5766.58574748, -6856.06849005, 1034.20565382)
(5766.63422816, -6856.02000965, 1034.20565382)
(5766.69497567, -6855.95926325, 1034.20565382)
(5766.74082767, -6855.91341134, 1034.20565382)
(5766.80011261, -6855.85412369, 1034.20565382)
(5766.84095698, -6855.81101904, 1034.20565382)
(5766.89460665, -6855.74969774, 1034.20565382)
(5766.92844804, -6855.70868542, 1034.20565382)
(5766.9750354, -6855.65165, 1034.20565385)
(5767.01342908, -6855.6046161, 1034.20565382)
(5767.07273107, -6855.53200246, 1034.20565382)
(5767.11251682, -6855.48343871, 1034.20565382)
(5767.15596844, -6855.43040406, 1034.20565382)
(5767.19575507, -6855.38184174, 1034.20565382)
(5767.24915235, -6855.31666526, 1034.20565382)
(5767.29391145, -6855.26203216, 1034.20565382)
(5767.33631375, -6855.21027421, 1034.20565382)
(5767.37949978, -6855.15755626, 1034.20565382)
(5767.41588212, -6855.11314552, 1034.20565382)
(5767.4674442, -6855.050203, 1034.20565382)
(5767.5101078, -6854.99812425, 1034.20565382)
(5767.56219058, -6854.93454235, 1034.20565382)
(5767.60537657, -6854.88182371, 1034.20565382)
(5767.65562623, -6854.82047491, 1034.20565382)
(5767.68991266, -6854.7786184, 1034.20565382)
(5767.74173137, -6854.71535335, 1034.20565382)
(5767.79302646, -6854.65272725, 1034.20565382)
(5767.86126301, -6854.56927583, 1034.20565382)
(5767.91335161, -6854.50569742, 1034.20565383)
(5767.96887543, -6854.43799381, 1034.20565383)
(5768.00425617, -6854.39489943, 1034.20565383)
(5768.04882854, -6854.3406486, 1034.20565383)
(5768.0941988, -6854.28545102, 1034.20565382)
