(5642.00021081, -6911.77000054, 1034.20565533)
(5642.07385099, -6911.76965857, 1034.20564)
(5642.18617222, -6911.76915272, 1034.20565385)
(5642.25266694, -6911.76884518, 1034.20565398)
(5642.34972608, -6911.76841448, 1034.2056538)
(5642.41787046, -6911.76804144, 1034.20565381)
(5642.49965923, -6911.76741755, 1034.20565382)
(5642.57699361, -6911.75648147, 1034.20565378)
(5642.66390788, -6911.72578902, 1034.20565375)
(5642.72869071, -6911.68943531, 1034.20565401)
(5642.80670206, -6911.64222626, 1034.20565379)
(5642.86461598, -6911.60469278, 1034.20565377)
(5642.95274695, -6911.54954024, 1034.20565403)
(5643.01420518, -6911.50660466, 1034.20565394)
(5643.08435774, -6911.45518134, 1034.20565381)
(5643.13580262, -6911.416957, 1034.20565381)
(5643.20788532, -6911.36306711, 1034.20565382)
(5643.27827091, -6911.31037251, 1034.20565382)
(5643.37269135, -6911.23953604, 1034.20565383)
(5643.43560347, -6911.19203124, 1034.20565382)
(5643.51291931, -6911.13348444, 1034.2056538)
(5643.56381475, -6911.0931871, 1034.20565381)
(5643.63338711, -6911.03596127, 1034.20565385)
(5643.68631099, -6910.98967246, 1034.2056538)
(5643.75380461, -6910.92774225, 1034.20565383)
(5643.80801825, -6910.87698111, 1034.20565382)
(5643.86969193, -6910.81902711, 1034.20565382)
(5643.9243313, -6910.76800384, 1034.20565382)
(5643.98683166, -6910.70966479, 1034.20565383)
(5644.03362772, -6910.66597812, 1034.20565383)
(5644.09914774, -6910.60482501, 1034.20565383)
(5644.15439837, -6910.55324905, 1034.20565383)
(5644.22445453, -6910.48787378, 1034.20565383)
(5644.28997528, -6910.42671921, 1034.20565383)
(5644.37181502, -6910.35036036, 1034.20565383)
(5644.42918751, -6910.29681958, 1034.20565383)
(5644.50650634, -6910.22469503, 1034.20565382)
(5644.55603059, -6910.17848405, 1034.20565382)
(5644.64631818, -6910.09422953, 1034.20565382)
(5644.70066235, -6910.042417, 1034.20565383)
(5644.79106211, -6909.95371395, 1034.20565382)
(5644.84333038, -6909.90201127, 1034.20565382)
(5644.93246166, -6909.81413977, 1034.20565382)
(5644.99341286, -6909.75416667, 1034.20565382)
(5645.06976707, -6909.67921709, 1034.20565383)
(5645.13661537, -6909.61347961, 1034.20565382)
(5645.18962267, -6909.56135216, 1034.20565382)
(5645.24027615, -6909.51154276, 1034.20565382)
(5645.29681847, -6909.45594095, 1034.20565382)
(5645.3666159, -6909.38731479, 1034.20565382)
(5645.42639944, -6909.32853036, 1034.20565382)
(5645.49120529, -6909.26483638, 1034.20565382)
(5645.54893439, -6909.20808491, 1034.20565383)
(5645.61168043, -6909.14642204, 1034.20565382)
(5645.66312364, -6909.0956688, 1034.20565382)
(5645.73270027, -6909.02684212, 1034.20565382)
(5645.78620968, -6908.97349577, 1034.20565383)
(5645.84371435, -6908.91595525, 1034.20565383)
(5645.89692178, -6908.86286517, 1034.20565382)
(5645.96089847, -6908.79893875, 1034.20565382)
(5646.02139264, -6908.73852843, 1034.20565382)
(5646.08736531, -6908.67250646, 1034.20565383)
(5646.13862756, -6908.62152863, 1034.20565383)
(5646.1846497, -6908.57583045, 1034.20565383)
(5646.25390962, -6908.50721588, 1034.20565382)
(5646.32276678, -6908.43881268, 1034.20565383)
(5646.37753141, -6908.38435538, 1034.20565383)
(5646.44571025, -6908.31645138, 1034.20565382)
(5646.50076273, -6908.26169078, 1034.20565382)
(5646.56401625, -6908.19878321, 1034.20565382)
(5646.61086831, -6908.15217964, 1034.20565382)
(5646.66943396, -6908.09392512, 1034.20565382)
(5646.7221011, -6908.04146228, 1034.20565382)
(5646.78728863, -6907.97640988, 1034.20565382)
(5646.84340423, -6907.92038613, 1034.20565382)
(5646.9126083, -6907.8511734, 1034.20565382)
(5646.96257554, -6907.8012594, 1034.20565383)
(5647.02360687, -6907.74022132, 1034.20565382)
(5647.07735867, -6907.686498, 1034.20565382)
(5647.14393751, -6907.6199039, 1034.20565382)
(5647.19914032, -6907.56471112, 1034.20565382)
(5647.258711, -6907.50512655, 1034.20565382)
(5647.3069001, -6907.45693836, 1034.20565382)
(5647.36764405, -6907.3961888, 1034.20565382)
(5647.42547051, -6907.338362, 1034.20565382)
(5647.49497435, -6907.26885069, 1034.20565382)
(5647.54520663, -6907.21861714, 1034.20565382)
(5647.6056572, -6907.15815776, 1034.20565382)
(5647.65618119, -6907.10763114, 1034.20565382)
(5647.71780044, -6907.04600521, 1034.20565382)
(5647.76861631, -6906.99518713, 1034.20565382)
(5647.8328645, -6906.93093272, 1034.20565382)
(5647.88455692, -6906.87923802, 1034.20565382)
(5647.95435369, -6906.80943471, 1034.20565382)
(5648.0212321, -6906.74255351, 1034.20565382)
(5648.08460618, -6906.67917701, 1034.20565382)
(5648.13600704, -6906.62777532, 1034.20565382)
(5648.19178747, -6906.57199227, 1034.20565382)
(5648.24873696, -6906.51504177, 1034.20565382)
(5648.31386292, -6906.44991289, 1034.20565382)
(5648.36993659, -6906.39383823, 1034.20565382)
(5648.42805348, -6906.33571858, 1034.20565382)
(5648.4733211, -6906.29045027, 1034.20565382)
(5648.53465052, -6906.2291185, 1034.20565382)
(5648.59831762, -6906.16545071, 1034.20565382)
(5648.67746177, -6906.08630281, 1034.20565382)
(5648.73324293, -6906.03052048, 1034.20565382)
(5648.80333291, -6905.96042601, 1034.20565382)
(5648.88335445, -6905.88040268, 1034.20565382)
(5648.96483108, -6905.79891551, 1034.20565382)
(5649.0270376, -6905.73670794, 1034.20565382)
(5649.08778266, -6905.67595929, 1034.20565382)
(5649.15086539, -6905.61287527, 1034.20565382)
(5649.21891306, -6905.54482719, 1034.20565382)
(5649.28403948, -6905.47969884, 1034.20565382)
(5649.32259019, -6905.44114764, 1034.20565382)
(5649.40115114, -6905.36258461, 1034.20565382)
(5649.45664056, -6905.3070946, 1034.20565382)
(5649.53461683, -6905.22911564, 1034.20565382)
(5649.60237253, -6905.16135906, 1034.20565382)
(5649.6800559, -6905.08367115, 1034.20565382)
(5649.73963419, -6905.02409242, 1034.20565382)
(5649.79337101, -6904.97035427, 1034.20565382)
(5649.83747083, -6904.92625417, 1034.20565382)
(5649.90435002, -6904.85937371, 1034.20565382)
(5649.9607158, -6904.8030077, 1034.20565382)
(5650.02934702, -6904.73437497, 1034.20565382)
(5650.09009372, -6904.67362782, 1034.20565382)
(5650.14821116, -6904.61550874, 1034.20565382)
(5650.19377103, -6904.56994855, 1034.20565382)
(5650.25364075, -6904.51007749, 1034.20565382)
(5650.30913054, -6904.45458742, 1034.20565382)
(5650.3727972, -6904.39091938, 1034.20565382)
(5650.4271186, -6904.33659765, 1034.20565382)
(5650.48932467, -6904.27439015, 1034.20565382)
(5650.53926543, -6904.22444907, 1034.20565382)
(5650.60439235, -6904.15932076, 1034.20565382)
(5650.65258077, -6904.11113204, 1034.20565382)
(5650.7121585, -6904.05155317, 1034.20565382)
(5650.76764823, -6903.99606325, 1034.20565382)
(5650.83219114, -6903.93151909, 1034.20565382)
(5650.88388424, -6903.87982574, 1034.20565382)
(5650.95047116, -6903.81323754, 1034.20565382)
(5650.99573908, -6903.7679695, 1034.20565382)
(5651.06699909, -6903.69670816, 1034.20565382)
(5651.12949813, -6903.6342089, 1034.20565382)
(5651.20251076, -6903.56119601, 1034.20565382)
(5651.25245162, -6903.51125527, 1034.20565382)
(5651.31524255, -6903.44846383, 1034.20565382)
(5651.3692722, -6903.3944342, 1034.20565382)
(5651.44082434, -6903.32288139, 1034.20565382)
(5651.48901283, -6903.27469296, 1034.20565382)
(5651.55998107, -6903.20372394, 1034.20565382)
(5651.61225837, -6903.15144659, 1034.20565382)
(5651.67038385, -6903.09333697, 1034.20565382)
(5651.71884769, -6903.05165364, 1034.20565388)
(5651.80148325, -6903.00208132, 1034.20565386)
(5651.86909078, -6902.97639096, 1034.20565395)
(5651.96483991, -6902.9639046, 1034.20565352)
(5652.03171877, -6902.95292843, 1034.2056537)
(5652.11571992, -6902.92963998, 1034.20565393)
(5652.17890098, -6902.91604947, 1034.20565376)
(5652.27764316, -6902.90020493, 1034.20565382)
(5652.34745651, -6902.8868259, 1034.20565379)
(5652.43563798, -6902.86814656, 1034.2056538)
(5652.50629435, -6902.84882645, 1034.20565387)
(5652.59901111, -6902.8228684, 1034.20565374)
(5652.66599271, -6902.79525885, 1034.20566528)
(5652.73445149, -6902.74824612, 1034.20565737)
(5652.79456567, -6902.70769771, 1034.20565397)
(5652.87045896, -6902.66325757, 1034.20565382)
(5652.94041605, -6902.62092313, 1034.20565382)
(5653.01763238, -6902.57386163, 1034.20565385)
(5653.0693829, -6902.54118641, 1034.20565382)
(5653.14212928, -6902.49469674, 1034.20565382)
(5653.21582431, -6902.44822788, 1034.20565383)
(5653.30839213, -6902.38985326, 1034.20565383)
(5653.38003542, -6902.34472554, 1034.20565382)
(5653.48214189, -6902.28050236, 1034.20565382)
(5653.54800154, -6902.23869504, 1034.20565382)
(5653.62044558, -6902.1926081, 1034.20565382)
(5653.67948463, -6902.15531164, 1034.20565382)
(5653.7508234, -6902.11037968, 1034.20565383)
(5653.83487, -6902.0577071, 1034.20565383)
(5653.94012497, -6902.00402035, 1034.20565382)
(5654.03323835, -6901.97607604, 1034.20565402)
(5654.16172439, -6901.95906027, 1034.20566185)
(5654.25837829, -6901.94294672, 1034.20565367)
(5654.36125564, -6901.91159966, 1034.20565385)
(5654.45034181, -6901.89657497, 1034.20565357)
(5654.55653846, -6901.89609804, 1034.20565391)
(5654.64183039, -6901.8851158, 1034.20565382)
(5654.71625786, -6901.85796953, 1034.20565404)
(5654.78480694, -6901.84264464, 1034.20565471)
(5654.8669549, -6901.83401745, 1034.20565685)
(5654.95035022, -6901.8357662, 1034.20565375)
(5655.04315693, -6901.83269847, 1034.20565394)
(5655.11984131, -6901.82635494, 1034.20565386)
(5655.18900116, -6901.82076298, 1034.20565383)
(5655.27030283, -6901.81716605, 1034.20565382)
(5655.37472526, -6901.81242083, 1034.20565384)
(5655.45596858, -6901.80811912, 1034.20565381)
(5655.55410772, -6901.80271896, 1034.20565383)
(5655.6411767, -6901.79850501, 1034.20565383)
(5655.74636576, -6901.79339389, 1034.20565381)
(5655.81283336, -6901.78274364, 1034.20565385)
(5655.8853429, -6901.75514101, 1034.20565394)
(5655.95799239, -6901.7124369, 1034.20565368)
(5656.03569642, -6901.66817683, 1034.20565389)
(5656.09640387, -6901.63173179, 1034.20565378)
(5656.17537881, -6901.58389137, 1034.20565404)
(5656.2431928, -6901.53775328, 1034.20565375)
(5656.30248064, -6901.49613121, 1034.20565379)
(5656.37192159, -6901.44678247, 1034.20565383)
(5656.45593987, -6901.38607362, 1034.20565384)
(5656.52109445, -6901.33876946, 1034.20565382)
(5656.59863294, -6901.28256995, 1034.20565386)
(5656.64886204, -6901.24560771, 1034.20565383)
(5656.71426268, -6901.19723685, 1034.20565381)
(5656.77765224, -6901.15037379, 1034.20565382)
(5656.85456598, -6901.09334314, 1034.20565378)
(5656.91398538, -6901.0464793, 1034.20565386)
(5656.99980558, -6900.97462321, 1034.20565379)
(5657.06424056, -6900.91633239, 1034.20565375)
(5657.13184108, -6900.85228334, 1034.20565382)
(5657.1839468, -6900.80278835, 1034.20565383)
(5657.24555338, -6900.74465857, 1034.20565382)
(5657.30106655, -6900.69268555, 1034.20565382)
(5657.35544562, -6900.64194571, 1034.20565382)
(5657.41608282, -6900.58522483, 1034.20565382)
(5657.48913247, -6900.51698077, 1034.20565382)
(5657.54978612, -6900.46028963, 1034.20565382)
(5657.62227257, -6900.39265729, 1034.20565382)
(5657.67358612, -6900.34473118, 1034.20565382)
(5657.73639595, -6900.2861156, 1034.20565382)
(5657.79386467, -6900.23265268, 1034.20565382)
(5657.86532593, -6900.1663311, 1034.20565383)
(5657.9410687, -6900.09451561, 1034.20565384)
(5657.98983309, -6900.04762234, 1034.20565383)
(5658.05705935, -6899.98185012, 1034.20565382)
(5658.10855802, -6899.93116395, 1034.20565382)
(5658.17357918, -6899.86713512, 1034.20565383)
(5658.22632911, -6899.81533378, 1034.20565382)
(5658.28438388, -6899.75832527, 1034.20565382)
(5658.33448119, -6899.70912977, 1034.20565382)
(5658.39518417, -6899.64951306, 1034.20565382)
(5658.44970045, -6899.59597389, 1034.20565382)
(5658.52127204, -6899.52562025, 1034.20565382)
(5658.5928616, -6899.4552793, 1034.20565383)
(5658.64144259, -6899.40749188, 1034.20565383)
(5658.69151606, -6899.35827053, 1034.20565382)
(5658.78370688, -6899.267644, 1034.20565382)
(5658.84143809, -6899.21089556, 1034.20565382)
(5658.91092579, -6899.14254339, 1034.20565382)
(5658.95968942, -6899.09437049, 1034.20565382)
(5659.02864749, -6899.02609858, 1034.20565382)
(5659.09222732, -6898.96296148, 1034.20565382)
(5659.17535249, -6898.88023347, 1034.20565382)
(5659.23774173, -6898.81821188, 1034.20565383)
(5659.30594576, -6898.75032881, 1034.20565382)
(5659.35956071, -6898.69704983, 1034.20565382)
(5659.42347657, -6898.63362414, 1034.20565382)
(5659.47299782, -6898.58443393, 1034.20565382)
(5659.53687604, -6898.52097881, 1034.20565382)
(5659.58814894, -6898.47003603, 1034.20565382)
(5659.64466597, -6898.41382663, 1034.20565383)
(5659.70149975, -6898.35734337, 1034.20565382)
(5659.76829522, -6898.29096424, 1034.20565382)
(5659.82600442, -6898.23360694, 1034.20565382)
(5659.89044683, -6898.16954835, 1034.20565382)
(5659.93867691, -6898.12141889, 1034.20565382)
(5660.00175094, -6898.0583504, 1034.20565382)
(5660.05435939, -6898.00582469, 1034.20565382)
(5660.11393434, -6897.94625337, 1034.20565382)
(5660.16419193, -6897.89604511, 1034.20565383)
(5660.22784983, -6897.83237407, 1034.20565383)
(5660.28218131, -6897.77806266, 1034.20565382)
(5660.35664478, -6897.70358362, 1034.20565382)
(5660.41184586, -6897.64838842, 1034.20565382)
(5660.47112, -6897.58909193, 1034.20565382)
(5660.52105877, -6897.53914881, 1034.20565382)
(5660.58793251, -6897.47226426, 1034.20565382)
(5660.64166798, -6897.41852415, 1034.20565382)
(5660.70912722, -6897.35105498, 1034.20565382)
(5660.7818453, -6897.27833123, 1034.20565382)
(5660.83061656, -6897.22955741, 1034.20565382)
(5660.90041399, -6897.15975404, 1034.20565382)
(5660.94684918, -6897.11331627, 1034.20565382)
(5661.01869075, -6897.0414689, 1034.20565382)
(5661.06804615, -6896.99211101, 1034.20565382)
(5661.13346308, -6896.92668878, 1034.20565382)
(5661.18194269, -6896.87820687, 1034.20565382)
(5661.25466072, -6896.80548336, 1034.20565382)
(5661.30606051, -6896.75408119, 1034.20565382)
(5661.36709694, -6896.69304011, 1034.20565382)
(5661.41966536, -6896.64046948, 1034.20565382)
(5661.49092332, -6896.56920644, 1034.20565382)
(5661.54845611, -6896.51167107, 1034.20565382)
(5661.61474926, -6896.44537293, 1034.20565382)
(5661.68892921, -6896.37119007, 1034.20565382)
(5661.73799321, -6896.32212476, 1034.20565382)
(5661.80224292, -6896.25787225, 1034.20565382)
(5661.84751033, -6896.21260355, 1034.20565382)
(5661.91877388, -6896.14134603, 1034.20565382)
(5661.97687816, -6896.09202473, 1034.20565378)
(5662.0527097, -6896.04509816, 1034.20565366)
(5662.12225938, -6896.01815319, 1034.20565409)
(5662.20989871, -6896.00126333, 1034.20566591)
(5662.28459592, -6895.98672695, 1034.20565398)
(5662.38243588, -6895.95861341, 1034.20565373)
(5662.46194197, -6895.94065453, 1034.20565373)
(5662.54709583, -6895.92417355, 1034.20565389)
(5662.61085975, -6895.91027704, 1034.20565382)
(5662.70074525, -6895.89022871, 1034.20565382)
(5662.78362807, -6895.87320255, 1034.20565384)
(5662.89609774, -6895.85005248, 1034.20565382)
(5662.96175733, -6895.84450447, 1034.2056536)
(5663.05521548, -6895.85034352, 1034.20565378)
(5663.13613425, -6895.84664834, 1034.20565371)
(5663.23066028, -6895.82900102, 1034.20565401)
(5663.3081334, -6895.82327641, 1034.20565363)
(5663.42187768, -6895.8266182, 1034.20565391)
(5663.51905416, -6895.81773479, 1034.20565388)
(5663.61482723, -6895.80121908, 1034.20565382)
(5663.68075585, -6895.79701042, 1034.20565454)
(5663.77685698, -6895.80170565, 1034.20565394)
(5663.87103251, -6895.79839192, 1034.20565377)
(5663.98234056, -6895.78827327, 1034.20565384)
(5664.07449393, -6895.78837893, 1034.20565383)
(5664.17699442, -6895.79212147, 1034.20565387)
(5664.25244084, -6895.78898665, 1034.20565385)
(5664.35269129, -6895.78217222, 1034.20565387)
(5664.44047414, -6895.78227435, 1034.20565378)
(5664.54257397, -6895.78191816, 1034.20565381)
(5664.60857926, -6895.77991496, 1034.20565382)
(5664.70475444, -6895.77725953, 1034.20565383)
(5664.77585006, -6895.77690619, 1034.20565382)
(5664.8613685, -6895.77600318, 1034.20565383)
(5664.94482628, -6895.77537424, 1034.20565383)
(5665.02908816, -6895.77463668, 1034.20565383)
(5665.1220308, -6895.77398553, 1034.20565383)
(5665.18976953, -6895.77351184, 1034.20565383)
(5665.29798704, -6895.77282839, 1034.20565383)
(5665.37109028, -6895.77232118, 1034.20565383)
(5665.45534718, -6895.77178201, 1034.20565383)
(5665.5263856, -6895.77131143, 1034.20565383)
(5665.63996844, -6895.77064425, 1034.20565382)
(5665.71100679, -6895.77020154, 1034.20565383)
(5665.80269848, -6895.76965989, 1034.20565383)
(5665.86797699, -6895.7697145, 1034.20565384)
(5665.96092796, -6895.7697251, 1034.20565383)
(5666.03692395, -6895.76960644, 1034.20565383)
(5666.1352235, -6895.76946015, 1034.20565382)
(5666.21863508, -6895.76905119, 1034.20565382)
(5666.325186, -6895.76851267, 1034.20565382)
(5666.42803143, -6895.76812348, 1034.20565383)
(5666.51685644, -6895.76815397, 1034.20565383)
(5666.61598526, -6895.76808847, 1034.20565382)
(5666.69402066, -6895.767609, 1034.20565382)
(5666.77331415, -6895.76718503, 1034.20565382)
(5666.85552931, -6895.76716574, 1034.20565383)
(5666.94186178, -6895.76713707, 1034.20565383)
(5667.01414122, -6895.76704693, 1034.20565383)
(5667.09881595, -6895.76703186, 1034.20565383)
(5667.18183394, -6895.76697559, 1034.20565383)
(5667.29377003, -6895.76704862, 1034.20565383)
(5667.3685265, -6895.76704882, 1034.20565382)
(5667.46476097, -6895.76704907, 1034.20565382)
(5667.53167068, -6895.76704878, 1034.20565382)
(5667.6295573, -6895.76704926, 1034.20565382)
(5667.7001842, -6895.76704907, 1034.20565382)
(5667.79352754, -6895.76704964, 1034.20565382)
(5667.87241492, -6895.76704942, 1034.20565382)
(5667.97195356, -6895.76705025, 1034.20565382)
(5668.05001488, -6895.76705015, 1034.20565382)
(5668.13840192, -6895.76705118, 1034.20565382)
(5668.20200735, -6895.76705125, 1034.20565382)
(5668.30154607, -6895.76705228, 1034.20565382)
(5668.36515157, -6895.7670523, 1034.20565382)
(5668.45725583, -6895.76705323, 1034.20565382)
(5668.52664365, -6895.76705314, 1034.20565382)
(5668.62989958, -6895.76705423, 1034.20565382)
(5668.72159067, -6895.76705428, 1034.20565382)
(5668.82897464, -6895.76704635, 1034.20565381)
(5668.91469345, -6895.75612698, 1034.20565379)
(5669.02911818, -6895.70213901, 1034.20565358)
(5669.07569004, -6895.65654888, 1034.20565365)
(5669.17138486, -6895.56106206, 1034.20565421)
(5669.21847106, -6895.51787129, 1034.20565396)
(5669.31065226, -6895.46538878, 1034.20565393)
(5669.38525236, -6895.42530062, 1034.20565355)
(5669.48279507, -6895.35644335, 1034.20565365)
(5669.58206079, -6895.28402027, 1034.20565387)
(5669.66465683, -6895.22473991, 1034.20565382)
(5669.74627251, -6895.16699783, 1034.20565382)
(5669.80666638, -6895.12298904, 1034.20565383)
(5669.86580949, -6895.07778711, 1034.20565386)
(5669.9474912, -6895.01245736, 1034.20565383)
(5670.01312771, -6894.95617531, 1034.20565383)
(5670.0832468, -6894.89284395, 1034.20565383)
(5670.13465632, -6894.84512458, 1034.20565378)
(5670.1978088, -6894.78634023, 1034.20565383)
(5670.25563161, -6894.73269342, 1034.20565382)
(5670.32734193, -6894.66608562, 1034.20565382)
(5670.3830507, -6894.61439614, 1034.20565383)
(5670.45080574, -6894.55141356, 1034.20565383)
(5670.50620674, -6894.49999572, 1034.20565382)
(5670.56469393, -6894.44581905, 1034.20565383)
(5670.62668422, -6894.38817024, 1034.20565382)
(5670.70156453, -6894.31831604, 1034.20565383)
(5670.75843873, -6894.2654419, 1034.20565382)
(5670.82656598, -6894.20222175, 1034.20565382)
(5670.87461144, -6894.15692762, 1034.20565382)
(5670.94345798, -6894.09156801, 1034.20565381)
(5670.99551398, -6894.04155569, 1034.20565382)
(5671.06694863, -6893.9718238, 1034.20565381)
(5671.11849344, -6893.92118559, 1034.20565382)
(5671.1891803, -6893.85172903, 1034.20565381)
(5671.24698506, -6893.79505512, 1034.20565383)
(5671.32626683, -6893.71722793, 1034.20565383)
(5671.3875576, -6893.65703665, 1034.20565382)
(5671.45288528, -6893.5927159, 1034.20565382)
(5671.49647942, -6893.5498649, 1034.20565382)
(5671.56334278, -6893.48414177, 1034.20565382)
(5671.61783516, -6893.43057919, 1034.20565382)
(5671.68676007, -6893.36282933, 1034.20565382)
(5671.74184176, -6893.30868749, 1034.20565382)
(5671.79810122, -6893.25338726, 1034.20565382)
(5671.84670264, -6893.2056152, 1034.20565382)
(5671.91150287, -6893.14191928, 1034.20565382)
(5671.9623319, -6893.0917239, 1034.20565382)
(5672.03363633, -6893.02112569, 1034.20565382)
(5672.08169611, -6892.9734179, 1034.20565382)
(5672.15633521, -6892.89914886, 1034.20565382)
(5672.21141329, -6892.84442027, 1034.20565382)
(5672.27347516, -6892.78266201, 1034.20565382)
(5672.32239811, -6892.73403826, 1034.20565383)
(5672.3906608, -6892.66620395, 1034.20565383)
(5672.44635057, -6892.6109108, 1034.20565382)
(5672.50210168, -6892.55567257, 1034.20565382)
(5672.55009673, -6892.50789235, 1034.20565382)
(5672.61292683, -6892.44516671, 1034.20565383)
(5672.66621707, -6892.39214351, 1034.20565382)
(5672.73187515, -6892.32695125, 1034.20565383)
(5672.78786134, -6892.27136991, 1034.20565383)
(5672.84244238, -6892.21729576, 1034.20565382)
(5672.88751021, -6892.17242944, 1034.20565382)
(5672.95326182, -6892.10678357, 1034.20565383)
(5673.01054724, -6892.04959527, 1034.20565382)
(5673.07390948, -6891.98622449, 1034.20565382)
(5673.12358827, -6891.93660749, 1034.20565382)
(5673.18724886, -6891.87294178, 1034.20565382)
(5673.2380817, -6891.82213998, 1034.20565383)
(5673.2929802, -6891.76722973, 1034.20565382)
(5673.34292793, -6891.71729624, 1034.20565382)
(5673.4124383, -6891.64779105, 1034.20565382)
(5673.46705772, -6891.59318217, 1034.20565382)
(5673.55231192, -6891.50788279, 1034.20565382)
(5673.62707111, -6891.43311144, 1034.20565382)
(5673.693652, -6891.36651682, 1034.20565382)
(5673.75702263, -6891.30313647, 1034.20565382)
(5673.84550468, -6891.21463587, 1034.20565382)
(5673.88814138, -6891.17199343, 1034.20565382)
(5673.95121996, -6891.10890558, 1034.20565382)
(5674.00904282, -6891.05107553, 1034.20565382)
(5674.07387369, -6890.98623578, 1034.20565382)
(5674.13169651, -6890.92840631, 1034.20565382)
(5674.19360755, -6890.86648742, 1034.20565382)
(5674.2283599, -6890.83173125, 1034.20565382)
(5674.28559881, -6890.77448592, 1034.20565382)
(5674.34166987, -6890.71840922, 1034.20565382)
(5674.40562586, -6890.65444673, 1034.20565382)
(5674.46111315, -6890.59895424, 1034.20565382)
(5674.52945012, -6890.53061098, 1034.20565382)
(5674.58143302, -6890.47862357, 1034.20565382)
(5674.62903544, -6890.43101723, 1034.20565382)
(5674.67605382, -6890.38399501, 1034.20565382)
(5674.74906396, -6890.31097932, 1034.20565382)
(5674.80221533, -6890.25782392, 1034.20565382)
(5674.87347359, -6890.18656093, 1034.20565382)
(5674.92136838, -6890.13866283, 1034.20565382)
(5674.98474175, -6890.07528582, 1034.20565382)
(5675.03263663, -6890.02738784, 1034.20565382)
(5675.09075348, -6889.96926798, 1034.20565382)
(5675.14069275, -6889.91932571, 1034.20565382)
(5675.20961528, -6889.85039998, 1034.20565382)
(5675.26043079, -6889.79958167, 1034.20565382)
(5675.32351282, -6889.7364972, 1034.20565382)
(5675.36644325, -6889.69356446, 1034.20565382)
(5675.42543661, -6889.63456896, 1034.20565382)
(5675.47742039, -6889.58258259, 1034.20565382)
(5675.54634352, -6889.51365724, 1034.20565382)
(5675.59920361, -6889.46079465, 1034.20565382)
(5675.66958719, -6889.39040938, 1034.20565382)
(5675.71485412, -6889.34514055, 1034.20565382)
(5675.76421039, -6889.29578332, 1034.20565382)
(5675.81561039, -6889.24438126, 1034.20565382)
(5675.89125107, -6889.16873893, 1034.20565382)
(5675.94119084, -6889.11879729, 1034.20565382)
(5676.00777818, -6889.0522092, 1034.20565382)
(5676.05100111, -6889.00898485, 1034.20565382)
(5676.10824312, -6888.95174227, 1034.20565382)
(5676.15146592, -6888.90851804, 1034.20565382)
(5676.2165928, -6888.8433902, 1034.20565382)
(5676.27529409, -6888.78468686, 1034.20565382)
(5676.34334215, -6888.71663834, 1034.20565382)
(5676.39123786, -6888.66874126, 1034.20565382)
(5676.4394262, -6888.62055272, 1034.20565382)
(5676.49520706, -6888.56477026, 1034.20565382)
(5676.55858232, -6888.50139459, 1034.20565382)
(5676.6172839, -6888.44269148, 1034.20565382)
(5676.67102135, -6888.38895412, 1034.20565382)
(5676.71161585, -6888.34835871, 1034.20565382)
(5676.77294656, -6888.28702753, 1034.20565382)
(5676.82814362, -6888.23182899, 1034.20565382)
(5676.89122669, -6888.16874568, 1034.20565382)
(5676.93883032, -6888.12114088, 1034.20565382)
(5676.99986898, -6888.06010199, 1034.20565382)
(5677.04747282, -6888.01249698, 1034.20565382)
(5677.09975014, -6887.96021943, 1034.20565382)
(5677.17247043, -6887.88749846, 1034.20565382)
(5677.24519109, -6887.81477765, 1034.20565382)
(5677.31411481, -6887.74585277, 1034.20565382)
(5677.38800508, -6887.67196471, 1034.20565382)
(5677.440282, -6887.61968762, 1034.20565382)
(5677.49314449, -6887.56682738, 1034.20565382)
(5677.55038657, -6887.5095852, 1034.20565382)
(5677.64559743, -6887.41437837, 1034.20565382)
(5677.70488313, -6887.35509179, 1034.20565382)
(5677.78140165, -6887.27857469, 1034.20565382)
(5677.83163442, -6887.22834166, 1034.20565382)
(5677.8894616, -6887.17051637, 1034.20565382)
(5677.93823378, -6887.12174396, 1034.20565382)
(5677.99401642, -6887.06596269, 1034.20565382)
(5678.0506742, -6887.0093044, 1034.20565382)
(5678.11901525, -6886.94096508, 1034.20565382)
(5678.16953973, -6886.89044024, 1034.20565382)
(5678.22911906, -6886.8308626, 1034.20565382)
(5678.27730741, -6886.78267392, 1034.20565382)
(5678.32987761, -6886.73010491, 1034.20565382)
(5678.38361464, -6886.67636738, 1034.20565382)
(5678.44757432, -6886.61240876, 1034.20565382)
(5678.50364796, -6886.5563347, 1034.20565382)
(5678.57111293, -6886.48887124, 1034.20565382)
(5678.62076131, -6886.43922231, 1034.20565382)
(5678.67274698, -6886.38723789, 1034.20565382)
(5678.73057281, -6886.32941169, 1034.20565382)
(5678.78927613, -6886.27070961, 1034.20565382)
(5678.83921667, -6886.22076855, 1034.20565382)
(5678.90726514, -6886.15272134, 1034.20565382)
(5678.96100227, -6886.09898378, 1034.20565382)
(5679.01649306, -6886.04349442, 1034.20565382)
(5679.06701781, -6885.99296936, 1034.20565382)
(5679.12893328, -6885.93105503, 1034.20565382)
(5679.18588287, -6885.8741051, 1034.20565382)
(5679.24925902, -6885.81073047, 1034.20565382)
(5679.29832358, -6885.76166559, 1034.20565382)
(5679.35498227, -6885.70500813, 1034.20565382)
(5679.40258624, -6885.65740375, 1034.20565382)
(5679.46683807, -6885.59315294, 1034.20565382)
(5679.51823901, -6885.54175158, 1034.20565382)
(5679.58599576, -6885.47399607, 1034.20565382)
(5679.63359978, -6885.42639167, 1034.20565382)
(5679.69463902, -6885.36535363, 1034.20565382)
(5679.74545583, -6885.31453646, 1034.20565382)
(5679.80824781, -6885.25174564, 1034.20565382)
(5679.85380759, -6885.2061856, 1034.20565382)
(5679.91106456, -6885.14896231, 1034.20565381)
(5679.96023319, -6885.10682403, 1034.20565383)
(5680.03319476, -6885.06136028, 1034.20565382)
(5680.10828415, -6885.03122149, 1034.20565403)
(5680.19670011, -6885.01870689, 1034.20565315)
(5680.26452794, -6885.00366297, 1034.20565401)
(5680.34411823, -6884.97792306, 1034.20565403)
(5680.41243402, -6884.96105889, 1034.205654)
(5680.49627485, -6884.94407919, 1034.20565377)
(5680.5675785, -6884.92784991, 1034.20565381)
(5680.65476605, -6884.90712034, 1034.20565381)
(5680.73097491, -6884.8903371, 1034.20565384)
(5680.80236173, -6884.87453565, 1034.20565383)
(5680.87562643, -6884.86546585, 1034.20565345)
(5680.96155443, -6884.86180375, 1034.20565389)
(5681.04147713, -6884.85429494, 1034.2056538)
(5681.13460549, -6884.84321556, 1034.20565384)
(5681.2013339, -6884.83865475, 1034.20565387)
(5681.28456513, -6884.83353894, 1034.20565382)
(5681.35333319, -6884.8282187, 1034.20565383)
(5681.44476027, -6884.82121462, 1034.20565383)
(5681.5263786, -6884.81580599, 1034.20565382)
(5681.61537608, -6884.80955183, 1034.20565384)
(5681.70073169, -6884.80428036, 1034.20565383)
(5681.78313755, -6884.79894004, 1034.2056538)
(5681.85507839, -6884.78508611, 1034.20565391)
(5681.95527233, -6884.73671193, 1034.20565379)
(5682.04735351, -6884.67362544, 1034.20565382)
(5682.13444641, -6884.60943695, 1034.20565351)
(5682.22029749, -6884.55449795, 1034.2056538)
(5682.27443211, -6884.5153825, 1034.20565391)
(5682.33754127, -6884.46410059, 1034.20565374)
(5682.39714854, -6884.41631531, 1034.20565377)
(5682.45465366, -6884.37055104, 1034.20565383)
(5682.52125821, -6884.31761729, 1034.20565381)
(5682.57591844, -6884.27420603, 1034.20565382)
(5682.63931112, -6884.22386072, 1034.20565382)
(5682.69298289, -6884.18120428, 1034.20565383)
(5682.76405266, -6884.12461126, 1034.20565382)
(5682.82778729, -6884.07401161, 1034.20565382)
(5682.89288241, -6884.02244876, 1034.20565383)
(5682.94048782, -6883.98474681, 1034.20565382)
(5682.99850105, -6883.93888341, 1034.20565382)
(5683.06391434, -6883.88709414, 1034.20565382)
(5683.12773324, -6883.83661043, 1034.20565387)
(5683.17917619, -6883.7943064, 1034.20565383)
(5683.23981587, -6883.74307444, 1034.20565383)
(5683.29494657, -6883.69455649, 1034.20565385)
(5683.36232559, -6883.63261801, 1034.20565383)
(5683.41299315, -6883.58472242, 1034.20565381)
(5683.47682788, -6883.52373529, 1034.20565383)
(5683.53079115, -6883.47258292, 1034.20565383)
(5683.59714921, -6883.40987897, 1034.20565382)
(5683.6554516, -6883.35488744, 1034.20565382)
(5683.72133125, -6883.29287714, 1034.20565382)
(5683.76604004, -6883.25060151, 1034.20565382)
(5683.8337838, -6883.18640783, 1034.20565382)
(5683.89472397, -6883.12881659, 1034.20565382)
(5683.95812477, -6883.06900825, 1034.20565383)
(5684.01067124, -6883.01937899, 1034.20565382)
(5684.06501964, -6882.96804803, 1034.20565382)
(5684.1199664, -6882.916148, 1034.20565382)
(5684.18391492, -6882.85573343, 1034.20565382)
(5684.23344434, -6882.80837858, 1034.20565382)
(5684.29091934, -6882.75317892, 1034.20565381)
(5684.33888035, -6882.70662832, 1034.20565382)
(5684.40750437, -6882.63931667, 1034.20565383)
(5684.46116345, -6882.58670201, 1034.20565383)
(5684.52839501, -6882.52078479, 1034.20565382)
(5684.57910808, -6882.47104567, 1034.20565382)
(5684.63890818, -6882.41229408, 1034.20565382)
(5684.69019721, -6882.36195693, 1034.20565383)
(5684.75410288, -6882.29912983, 1034.20565382)
(5684.80263732, -6882.25130488, 1034.20565382)
(5684.85964482, -6882.19501912, 1034.20565382)
(5684.91072901, -6882.14449023, 1034.20565382)
(5684.98376763, -6882.07211454, 1034.20565383)
(5685.03308816, -6882.02330837, 1034.20565383)
(5685.08706299, -6881.96981778, 1034.20565383)
(5685.13759811, -6881.91987796, 1034.20565383)
(5685.19583918, -6881.86245072, 1034.20565382)
(5685.24857173, -6881.8100769, 1034.20565382)
(5685.30707256, -6881.75178856, 1034.20565382)
(5685.35356576, -6881.7054258, 1034.20565382)
(5685.4140431, -6881.64501631, 1034.20565382)
(5685.46958357, -6881.58958474, 1034.20565382)
(5685.53705076, -6881.52213747, 1034.20565382)
(5685.58935913, -6881.46989146, 1034.20565382)
(5685.67638071, -6881.38286211, 1034.20565382)
(5685.73714077, -6881.32212984, 1034.20565382)
(5685.8165399, -6881.24265945, 1034.20565383)
(5685.87786408, -6881.18132107, 1034.20565382)
(5685.94152348, -6881.11764657, 1034.20565382)
(5685.98707903, -6881.07208183, 1034.20565382)
(5686.06915293, -6880.99001773, 1034.20565383)
(5686.13945191, -6880.92010042, 1034.20565383)
(5686.21655296, -6880.84355434, 1034.20565382)
(5686.27685382, -6880.78353399, 1034.20565383)
(5686.34645574, -6880.71413026, 1034.20565382)
(5686.39672086, -6880.66394127, 1034.20565382)
(5686.45744662, -6880.60319229, 1034.20565382)
(5686.5024508, -6880.55824412, 1034.20565382)
(5686.56991815, -6880.49078898, 1034.20565382)
(5686.62250538, -6880.43823816, 1034.20565382)
(5686.68673883, -6880.37397747, 1034.20565383)
(5686.7384361, -6880.32228814, 1034.20565382)
(5686.79801419, -6880.26270794, 1034.20565382)
(5686.85263095, -6880.20809693, 1034.20565382)
(5686.91191254, -6880.14880728, 1034.20565383)
(5686.96973931, -6880.09098151, 1034.20565382)
(5687.03135892, -6880.02935301, 1034.20565383)
(5687.08451182, -6879.97619832, 1034.20565382)
(5687.14087379, -6879.91982966, 1034.20565382)
(5687.19636229, -6879.86433863, 1034.20565382)
(5687.26820377, -6879.79249021, 1034.20565382)
(5687.3283656, -6879.73232613, 1034.20565382)
(5687.39115071, -6879.66952999, 1034.20565382)
(5687.45890466, -6879.60177203, 1034.20565382)
(5687.50621637, -6879.55445863, 1034.20565382)
(5687.57075773, -6879.48991281, 1034.20565382)
(5687.62799869, -6879.43266962, 1034.20565382)
(5687.69312346, -6879.36754021, 1034.20565382)
(5687.75065672, -6879.31000475, 1034.20565382)
(5687.8014721, -6879.25918567, 1034.20565382)
(5687.85812919, -6879.20252667, 1034.20565382)
(5687.9285109, -6879.13214034, 1034.20565382)
(5687.98253963, -6879.07810976, 1034.20565382)
(5688.05116967, -6879.00947482, 1034.20565382)
(5688.09877327, -6878.96186954, 1034.20565382)
(5688.16623439, -6878.89440378, 1034.20565382)
(5688.219971, -6878.84066527, 1034.20565382)
(5688.28597266, -6878.77465896, 1034.20565382)
(5688.33562071, -6878.72500918, 1034.20565382)
(5688.39461267, -6878.66601324, 1034.20565382)
(5688.45506643, -6878.60555756, 1034.20565382)
(5688.54121916, -6878.51939908, 1034.20565382)
(5688.59729261, -6878.46332441, 1034.20565382)
(5688.66533895, -6878.39527549, 1034.20565382)
(5688.71644757, -6878.3441659, 1034.20565382)
(5688.78274219, -6878.27786862, 1034.20565382)
(5688.82684165, -6878.23376831, 1034.20565382)
(5688.88817104, -6878.17243672, 1034.20565382)
(5688.94833319, -6878.11227359, 1034.20565382)
(5689.01754837, -6878.04305584, 1034.20565382)
(5689.06894911, -6877.99165416, 1034.20565382)
(5689.12765002, -6877.93295095, 1034.20565382)
(5689.17788246, -6877.88271774, 1034.20565382)
(5689.24446919, -6877.81612868, 1034.20565382)
(5689.30171103, -6877.75888593, 1034.20565382)
(5689.37209391, -6877.68850051, 1034.20565382)
(5689.42407862, -6877.63651492, 1034.20565382)
(5689.47606291, -6877.58452871, 1034.20565382)
(5689.54177435, -6877.51881637, 1034.20565382)
(5689.59580347, -6877.46478666, 1034.20565382)
(5689.67202716, -6877.38855997, 1034.20565382)
(5689.73248191, -6877.32810506, 1034.20565382)
(5689.81659209, -6877.24399338, 1034.20565382)
(5689.87967482, -6877.18091014, 1034.20565382)
(5689.96758094, -6877.09300113, 1034.20565382)
(5690.01722979, -6877.04335205, 1034.20565382)
(5690.07359527, -6876.98698576, 1034.20565382)
(5690.13843047, -6876.92215034, 1034.20565382)
(5690.23013402, -6876.83044529, 1034.20565382)
(5690.3089877, -6876.7515911, 1034.20565382)
(5690.39630839, -6876.66426563, 1034.20565382)
(5690.44566514, -6876.61490876, 1034.20565382)
(5690.52948336, -6876.53108897, 1034.20565382)
(5690.57737981, -6876.48319249, 1034.20565382)
(5690.64834792, -6876.41222395, 1034.20565382)
(5690.69653648, -6876.36403538, 1034.20565382)
(5690.76575257, -6876.29481875, 1034.20565382)
(5690.81744568, -6876.24312562, 1034.20565382)
(5690.89162626, -6876.16894437, 1034.20565382)
(5690.94215124, -6876.11841939, 1034.20565382)
(5690.98975551, -6876.07081462, 1034.20565382)
(5691.04728973, -6876.01328038, 1034.20565382)
(5691.11124854, -6875.949321, 1034.20565382)
(5691.16498599, -6875.89558354, 1034.20565382)
(5691.22894511, -6875.83162382, 1034.20565382)
(5691.28151445, -6875.77905441, 1034.20565382)
(5691.34956193, -6875.71100624, 1034.20565382)
(5691.40680397, -6875.65376413, 1034.20565382)
(5691.48478139, -6875.57578566, 1034.20565382)
(5691.54903285, -6875.51153428, 1034.20565382)
(5691.61036337, -6875.45020349, 1034.20565382)
(5691.65475522, -6875.4058117, 1034.20565382)
(5691.71813037, -6875.34243628, 1034.20565382)
(5691.77654081, -6875.28402591, 1034.20565382)
(5691.84575667, -6875.21480968, 1034.20565382)
(5691.90591929, -6875.1546471, 1034.20565382)
(5691.96812614, -6875.09243971, 1034.20565382)
(5692.02273984, -6875.03782596, 1034.20565382)
(5692.09078739, -6874.96977783, 1034.20565382)
(5692.15971151, -6874.90085366, 1034.20565382)
(5692.20819223, -6874.85237309, 1034.20565382)
(5692.27010715, -6874.79045804, 1034.20565382)
(5692.32384465, -6874.73672069, 1034.20565382)
(5692.38926402, -6874.67130116, 1034.20565382)
(5692.44563013, -6874.61493517, 1034.20565382)
(5692.51893504, -6874.54163, 1034.20565382)
(5692.57150427, -6874.48906084, 1034.20565382)
(5692.63195867, -6874.42860613, 1034.20565382)
(5692.68160753, -6874.37895731, 1034.20565382)
(5692.74352241, -6874.31704213, 1034.20565382)
(5692.79930425, -6874.26126033, 1034.20565382)
(5692.86735195, -6874.19321227, 1034.20565382)
(5692.91262001, -6874.14794426, 1034.20565382)
(5692.97657926, -6874.08398466, 1034.20565382)
(5693.0253519, -6874.03521202, 1034.20565382)
(5693.09690416, -6873.96365939, 1034.20565382)
(5693.1509337, -6873.90962984, 1034.20565382)
(5693.21284853, -6873.84771456, 1034.20565382)
(5693.26308145, -6873.79748167, 1034.20565382)
(5693.32645627, -6873.73410641, 1034.20565382)
(5693.38486658, -6873.67569611, 1034.20565382)
(5693.46518058, -6873.59538145, 1034.20565382)
(5693.52242277, -6873.53813933, 1034.20565382)
(5693.59455927, -6873.46600269, 1034.20565382)
(5693.64303986, -6873.41752216, 1034.20565382)
(5693.70466274, -6873.35589907, 1034.20565382)
(5693.7560639, -6873.30449799, 1034.20565382)
(5693.83053677, -6873.23002487, 1034.20565382)
(5693.88310608, -6873.17745562, 1034.20565382)
(5693.96166787, -6873.09889337, 1034.20565382)
(5694.02883972, -6873.03172149, 1034.20565382)
(5694.0764441, -6872.98411724, 1034.20565382)
(5694.161139, -6872.89942222, 1034.20565382)
(5694.21750509, -6872.84305622, 1034.20565382)
(5694.29285413, -6872.76770684, 1034.20565382)
(5694.35768951, -6872.70287146, 1034.20565382)
(5694.46078341, -6872.59977654, 1034.20565382)
(5694.5136448, -6872.54691527, 1034.20565382)
(5694.56855022, -6872.49200959, 1034.20565382)
(5694.62433208, -6872.43622778, 1034.20565382)
(5694.69822106, -6872.36233843, 1034.20565382)
(5694.77269422, -6872.2878653, 1034.20565382)
(5694.8354853, -6872.22507439, 1034.20565382)
(5694.89944455, -6872.16111495, 1034.20565382)
(5694.95639475, -6872.10416483, 1034.20565382)
(5695.00516724, -6872.05539217, 1034.20565382)
(5695.060657, -6871.99990249, 1034.20565382)
(5695.1316254, -6871.92893389, 1034.20565382)
(5695.18915969, -6871.87139966, 1034.20565382)
(5695.26129621, -6871.79926279, 1034.20565382)
(5695.31883028, -6871.74172869, 1034.20565382)
(5695.39125884, -6871.6692996, 1034.20565382)
(5695.44762495, -6871.61293358, 1034.20565382)
(5695.51246032, -6871.54809813, 1034.20565382)
(5695.54867469, -6871.51188383, 1034.20565382)
(5695.61613854, -6871.44441995, 1034.20565382)
(5695.66753975, -6871.39301884, 1034.20565382)
(5695.74201287, -6871.31854563, 1034.20565382)
(5695.79399803, -6871.26656057, 1034.20565382)
(5695.85854132, -6871.20201714, 1034.20565382)
(5695.90468557, -6871.15587293, 1034.20565382)
(5695.96543229, -6871.09512608, 1034.20565382)
(5696.02179824, -6871.03876024, 1034.20565382)
(5696.09218247, -6870.96837582, 1034.20565382)
(5696.14153927, -6870.91901906, 1034.20565382)
(5696.21250775, -6870.84805035, 1034.20565382)
(5696.26741341, -6870.79314473, 1034.20565382)
(5696.34188631, -6870.71867148, 1034.20565382)
(5696.38978284, -6870.67077494, 1034.20565382)
(5696.45695456, -6870.60360281, 1034.20565382)
(5696.51215233, -6870.54840514, 1034.20565382)
(5696.57465126, -6870.4859062, 1034.20565382)
(5696.62605243, -6870.43450513, 1034.20565382)
(5696.67920586, -6870.38135166, 1034.20565382)
(5696.73411161, -6870.32644603, 1034.20565382)
(5696.79106155, -6870.26949606, 1034.20565382)
(5696.86845491, -6870.19210205, 1034.20565382)
(5696.92394484, -6870.13661215, 1034.20565382)
(5696.97330151, -6870.08725543, 1034.20565382)
(5697.02733103, -6870.03322601, 1034.20565382)
(5697.08895384, -6869.97160315, 1034.20565382)
(5697.14561197, -6869.91494513, 1034.20565382)
(5697.2127838, -6869.84777319, 1034.20565382)
(5697.26360075, -6869.79695631, 1034.20565382)
(5697.33340095, -6869.72715596, 1034.20565382)
(5697.38889086, -6869.67166609, 1034.20565382)
(5697.44992959, -6869.61062719, 1034.20565382)
(5697.49811807, -6869.56243874, 1034.20565382)
(5697.56236923, -6869.49818741, 1034.20565382)
(5697.61727499, -6869.44328169, 1034.20565382)
(5697.69057989, -6869.36997656, 1034.20565382)
(5697.74052067, -6869.3200358, 1034.20565382)
(5697.81090488, -6869.2496513, 1034.20565382)
(5697.85062394, -6869.20993224, 1034.20565382)
(5697.92013217, -6869.14042375, 1034.20565382)
(5697.96919683, -6869.09135909, 1034.20565382)
(5698.04104124, -6869.0195144, 1034.20565382)
(5698.13887861, -6868.92167706, 1034.20565382)
(5698.19991742, -6868.86063829, 1034.20565382)
(5698.27731082, -6868.78324458, 1034.20565382)
(5698.33367679, -6868.7268786, 1034.20565382)
(5698.38537003, -6868.67518544, 1034.20565382)
(5698.46101137, -6868.59954405, 1034.20565382)
(5698.52613883, -6868.5344167, 1034.20565382)
(5698.59973574, -6868.46081959, 1034.20565382)
(5698.663111, -6868.39744434, 1034.20565382)
(5698.72268931, -6868.33786573, 1034.20565382)
(5698.7854804, -6868.27507472, 1034.20565382)
(5698.85206818, -6868.20848689, 1034.20565382)
(5698.91077066, -6868.14978449, 1034.20565382)
(5698.97589804, -6868.08465701, 1034.20565382)
(5699.03343217, -6868.02712295, 1034.20565382)
(5699.09885168, -6867.96170329, 1034.20565382)
(5699.14733232, -6867.91322269, 1034.20565382)
(5699.21012328, -6867.85043157, 1034.20565382)
(5699.27145407, -6867.78910081, 1034.20565382)
(5699.34183842, -6867.71871622, 1034.20565382)
(5699.41309909, -6867.64745555, 1034.20565382)
(5699.46274786, -6867.59780686, 1034.20565382)
(5699.53371628, -6867.5268384, 1034.20565382)
(5699.58190484, -6867.4786499, 1034.20565382)
(5699.64907672, -6867.41147793, 1034.20565382)
(5699.69405268, -6867.36650203, 1034.20565382)
(5699.76034827, -6867.30020636, 1034.20565382)
(5699.81320965, -6867.24734504, 1034.20565382)
(5699.87833718, -6867.1822174, 1034.20565382)
(5699.92652572, -6867.1340289, 1034.20565382)
(5699.9849359, -6867.07561864, 1034.20565382)
(5700.03692108, -6867.02363352, 1034.20565382)
(5700.09533139, -6866.96522312, 1034.20565382)
(5700.15169742, -6866.90885715, 1034.20565382)
(5700.20631097, -6866.85424352, 1034.20565382)
(5700.25771203, -6866.8028425, 1034.20565382)
(5700.32313158, -6866.73742288, 1034.20565382)
(5700.37686915, -6866.68368535, 1034.20565382)
(5700.43440325, -6866.62615116, 1034.20565382)
(5700.48551225, -6866.57504223, 1034.20565382)
(5700.55589661, -6866.50465778, 1034.20565382)
(5700.6058375, -6866.45471693, 1034.20565382)
(5700.67563776, -6866.38491654, 1034.20565382)
(5700.72966727, -6866.33088706, 1034.20565382)
(5700.78690929, -6866.27364491, 1034.20565382)
(5700.83480581, -6866.22574839, 1034.20565382)
(5700.89759689, -6866.16295721, 1034.20565382)
(5700.9516264, -6866.10892773, 1034.20565382)
(5701.00799223, -6866.0525618, 1034.20565382)
(5701.0596854, -6866.00086867, 1034.20565382)
(5701.13211418, -6865.92843976, 1034.20565382)
(5701.18672781, -6865.87382615, 1034.20565382)
(5701.25535977, -6865.80519401, 1034.20565382)
(5701.30997345, -6865.75058032, 1034.20565382)
(5701.358454, -6865.70209963, 1034.20565382)
(5701.41073125, -6865.64982239, 1034.20565382)
(5701.48082345, -6865.57973004, 1034.20565382)
(5701.54595096, -6865.51460255, 1034.20565382)
(5701.63473452, -6865.42581862, 1034.20565382)
(5701.6890561, -6865.37149708, 1034.20565382)
(5701.75038684, -6865.31016626, 1034.20565382)
(5701.7991595, -6865.26139362, 1034.20565382)
(5701.86954395, -6865.19100908, 1034.20565382)
(5701.9276622, -6865.13289086, 1034.20565382)
(5701.9924975, -6865.06805543, 1034.20565382)
(5702.03834961, -6865.02220332, 1034.20565382)
(5702.1046453, -6864.95590749, 1034.20565382)
(5702.16305561, -6864.89749719, 1034.20565382)
(5702.24366164, -6864.81689091, 1034.20565382)
(5702.30061178, -6864.75994083, 1034.20565382)
(5702.375377, -6864.68517555, 1034.20565382)
(5702.43086679, -6864.62968581, 1034.20565382)
(5702.512057, -6864.54849548, 1034.20565382)
(5702.55732503, -6864.50322747, 1034.20565382)
(5702.61894786, -6864.44160448, 1034.20565382)
(5702.67852636, -6864.38202599, 1034.20565382)
(5702.76993831, -6864.29061374, 1034.20565382)
(5702.8344818, -6864.22607028, 1034.20565382)
(5702.92180511, -6864.13874682, 1034.20565382)
(5703.00942053, -6864.05113141, 1034.20565382)
(5703.07250374, -6863.98804825, 1034.20565382)
(5703.13120604, -6863.92934581, 1034.20565382)
(5703.17559785, -6863.884954, 1034.20565382)
(5703.24627423, -6863.81427749, 1034.20565382)
(5703.31257002, -6863.74798173, 1034.20565382)
(5703.37944985, -6863.68110191, 1034.20565382)
(5703.43406348, -6863.62648835, 1034.20565382)
(5703.49218168, -6863.56837012, 1034.20565382)
(5703.5485477, -6863.51200416, 1034.20565382)
(5703.61221494, -6863.44833687, 1034.20565382)
(5703.67529807, -6863.3852538, 1034.20565382)
(5703.74013346, -6863.32041834, 1034.20565382)
(5703.78598561, -6863.27456621, 1034.20565382)
(5703.85403362, -6863.20651811, 1034.20565382)
(5703.90631084, -6863.15424093, 1034.20565382)
(5703.97085413, -6863.08969756, 1034.20565382)
(5704.0254678, -6863.03508391, 1034.20565382)
(5704.09439194, -6862.96615963, 1034.20565382)
(5704.1548466, -6862.90570498, 1034.20565382)
(5704.22873563, -6862.83181598, 1034.20565382)
(5704.27692419, -6862.78362746, 1034.20565382)
(5704.34029941, -6862.72025221, 1034.20565382)
(5704.39316074, -6862.66739092, 1034.20565382)
(5704.45916432, -6862.60138732, 1034.20565382)
(5704.51407004, -6862.54648163, 1034.20565382)
(5704.58708294, -6862.47346866, 1034.20565382)
(5704.63556349, -6862.42498813, 1034.20565382)
(5704.7006909, -6862.35986063, 1034.20565382)
(5704.74683508, -6862.31371648, 1034.20565382)
(5704.81225465, -6862.24829683, 1034.20565382)
(5704.86774446, -6862.19280704, 1034.20565382)
(5704.93871286, -6862.12183854, 1034.20565382)
(5704.98660932, -6862.07394209, 1034.20565382)
(5705.04794014, -6862.01261117, 1034.20565382)
(5705.09992533, -6861.96062598, 1034.20565382)
(5705.16768118, -6861.89287002, 1034.20565382)
(5705.22317098, -6861.83738022, 1034.20565382)
(5705.30436129, -6861.75618972, 1034.20565382)
(5705.35926702, -6861.70128405, 1034.20565382)
(5705.4264388, -6861.63411224, 1034.20565382)
(5705.4722909, -6861.58826018, 1034.20565382)
(5705.53946278, -6861.52108826, 1034.20565382)
(5705.59553671, -6861.46501436, 1034.20565382)
(5705.66825746, -6861.39229355, 1034.20565382)
(5705.710897, -6861.34965402, 1034.20565382)
(5705.77514836, -6861.2854026, 1034.20565382)
(5705.82917793, -6861.23137304, 1034.20565382)
(5705.89722585, -6861.16332504, 1034.20565382)
(5705.95242358, -6861.10812733, 1034.20565382)
(5706.02076361, -6861.03978718, 1034.20565382)
(5706.07858985, -6860.98196095, 1034.20565382)
(5706.14926619, -6860.91128444, 1034.20565382)
(5706.19365804, -6860.86689262, 1034.20565382)
(5706.24885582, -6860.81169484, 1034.20565382)
(5706.32508132, -6860.73546935, 1034.20565382)
(5706.37794264, -6860.68260807, 1034.20565382)
(5706.44803496, -6860.61251573, 1034.20565382)
(5706.504693, -6860.55585772, 1034.20565382)
(5706.5715728, -6860.48897786, 1034.20565382)
(5706.62005335, -6860.44049733, 1034.20565382)
(5706.69219001, -6860.36836058, 1034.20565382)
(5706.74446728, -6860.31608332, 1034.20565382)
(5706.83587938, -6860.22467108, 1034.20565382)
(5706.89428967, -6860.16626082, 1034.20565382)
(5706.96788662, -6860.09266383, 1034.20565382)
(5707.03535059, -6860.02519991, 1034.20565382)
(5707.12588645, -6859.93466387, 1034.20565382)
(5707.18721728, -6859.87333307, 1034.20565382)
(5707.26519508, -6859.79535521, 1034.20565382)
(5707.31221541, -6859.74833491, 1034.20565382)
(5707.37821896, -6859.68233127, 1034.20565382)
(5707.44918748, -6859.61136277, 1034.20565382)
(5707.52132425, -6859.539226, 1034.20565382)
(5707.58061073, -6859.47993955, 1034.20565382)
(5707.63201175, -6859.42853849, 1034.20565382)
(5707.67640359, -6859.38414667, 1034.20565382)
(5707.73685829, -6859.32369195, 1034.20565382)
(5707.79731302, -6859.26323726, 1034.20565382)
(5707.87529071, -6859.18525953, 1034.20565382)
(5707.93194871, -6859.12860156, 1034.20565382)
(5707.990359, -6859.07019119, 1034.20565382)
(5708.04146805, -6859.01908215, 1034.20565382)
(5708.09900215, -6858.96154799, 1034.20565382)
(5708.15361578, -6858.90693437, 1034.20565382)
(5708.21231814, -6858.84823195, 1034.20565382)
(5708.26780798, -6858.79274212, 1034.20565382)
(5708.31307595, -6858.74747411, 1034.20565382)
(5708.36914982, -6858.69140026, 1034.20565382)
(5708.44479113, -6858.61575891, 1034.20565382)
(5708.49911275, -6858.5614373, 1034.20565382)
(5708.55810714, -6858.50244284, 1034.20565382)
(5708.60804794, -6858.45250205, 1034.20565382)
(5708.67113103, -6858.3894189, 1034.20565382)
(5708.72778908, -6858.33276086, 1034.20565382)
(5708.79379271, -6858.26675715, 1034.20565382)
(5708.84811428, -6858.21243558, 1034.20565382)
(5708.90214374, -6858.15840605, 1034.20565382)
(5708.95558919, -6858.1049606, 1034.20565382)
(5709.00932667, -6858.05122306, 1034.20565382)
(5709.06627673, -6857.99427302, 1034.20565382)
(5709.13082005, -6857.92972962, 1034.20565382)
(5709.1825132, -6857.87803649, 1034.20565382)
(5709.24880891, -6857.8117407, 1034.20565382)
(5709.31481257, -6857.74573706, 1034.20565382)
(5709.38110823, -6857.6794414, 1034.20565382)
(5709.42871265, -6857.63183702, 1034.20565382)
(5709.49325607, -6857.5672936, 1034.20565382)
(5709.54699357, -6857.51355612, 1034.20565382)
(5709.61942231, -6857.44112736, 1034.20565382)
(5709.67111546, -6857.38943423, 1034.20565382)
(5709.74179196, -6857.31875769, 1034.20565382)
(5709.79552946, -6857.26502021, 1034.20565382)
(5709.85598406, -6857.20456556, 1034.20565382)
(5709.91176591, -6857.14878373, 1034.20565382)
(5709.97776955, -6857.08278003, 1034.20565382)
(5710.03588782, -6857.02466176, 1034.20565382)
(5710.10130729, -6856.95924221, 1034.20565382)
(5710.16701891, -6856.89353059, 1034.20565382)
(5710.22718158, -6856.83336795, 1034.20565382)
(5710.30194677, -6856.75860274, 1034.20565382)
(5710.3594809, -6856.70106864, 1034.20565382)
(5710.42898914, -6856.63156035, 1034.20565382)
(5710.47600947, -6856.58454003, 1034.20565382)
(5710.5341277, -6856.52642175, 1034.20565382)
(5710.59808698, -6856.46246249, 1034.20565382)
(5710.66263035, -6856.39791905, 1034.20565382)
(5710.71987249, -6856.34067691, 1034.20565382)
(5710.77244175, -6856.28810759, 1034.20565382)
(5710.82530306, -6856.23524629, 1034.20565382)
(5710.89597947, -6856.16456981, 1034.20565382)
(5710.94825672, -6856.11229256, 1034.20565382)
(5711.01396828, -6856.04658091, 1034.20565382)
(5711.07938783, -6855.98116139, 1034.20565382)
(5711.15970201, -6855.9008472, 1034.20565382)
(5711.21928057, -6855.84126865, 1034.20565382)
(5711.29988675, -6855.7606624, 1034.20565382)
(5711.34544677, -6855.71510239, 1034.20565382)
(5711.41845961, -6855.64208946, 1034.20565382)
(5711.47453355, -6855.58601555, 1034.20565382)
(5711.56273309, -6855.497816, 1034.20565382)
(5711.62523212, -6855.43531698, 1034.20565382)
(5711.69941322, -6855.3611358, 1034.20565382)
(5711.76015997, -6855.30038907, 1034.20565382)
(5711.83434102, -6855.22620801, 1034.20565382)
(5711.896548, -6855.16400106, 1034.20565382)
(5711.96839268, -6855.09215632, 1034.20565382)
(5712.02884736, -6855.03170166, 1034.20565382)
(5712.08842581, -6854.97212313, 1034.20565382)
(5712.13223356, -6854.92831539, 1034.20565382)
(5712.19969751, -6854.86085145, 1034.20565382)
(5712.26278066, -6854.79776832, 1034.20565382)
(5712.31476582, -6854.74578318, 1034.20565382)
(5712.3798933, -6854.6806557, 1034.20565382)
(5712.43830364, -6854.62224539, 1034.20565382)
(5712.49672168, -6854.56384397, 1034.20565382)
(5712.55741853, -6854.51249018, 1034.20565383)
(5712.63694808, -6854.4635826, 1034.20565361)
(5712.7109843, -6854.43487431, 1034.20565397)
(5712.78338692, -6854.41867637, 1034.20569268)
(5712.85516175, -6854.4060011, 1034.2056541)
(5712.93998183, -6854.38248399, 1034.20565387)
(5713.02599753, -6854.36219125, 1034.20565384)
(5713.12247288, -6854.33943379, 1034.20565384)
(5713.20546146, -6854.32103929, 1034.20565382)
(5713.2791566, -6854.30421523, 1034.20565384)
(5713.35342422, -6854.28815056, 1034.20565383)
(5713.44177385, -6854.26871958, 1034.20565382)
(5713.51528588, -6854.24319128, 1034.20565328)
(5713.59007981, -6854.1939067, 1034.2056539)
(5713.6655665, -6854.13009688, 1034.20565386)
(5713.72082488, -6854.08905877, 1034.20565396)
(5713.79715499, -6854.03456424, 1034.20565381)
(5713.85831641, -6853.98854271, 1034.20565383)
(5713.94086174, -6853.92425413, 1034.20565381)
(5713.99717523, -6853.87966546, 1034.2056538)
(5714.06645812, -6853.82489869, 1034.20565383)
(5714.12272768, -6853.78028307, 1034.20565382)
(5714.1873629, -6853.72892364, 1034.20565382)
(5714.24652299, -6853.68191847, 1034.20565382)
(5714.32564608, -6853.61889839, 1034.20565382)
(5714.38578721, -6853.571098, 1034.20565382)
(5714.46112553, -6853.51122138, 1034.20565382)
(5714.50737725, -6853.47308096, 1034.20565383)
(5714.57143911, -6853.41834332, 1034.20565381)
(5714.62766457, -6853.36802762, 1034.20565383)
(5714.7040605, -6853.29597969, 1034.20565383)
(5714.76157379, -6853.24024549, 1034.20565383)
(5714.82942177, -6853.17493566, 1034.20565382)
(5714.89149572, -6853.11604258, 1034.20565382)
(5714.94097412, -6853.06913634, 1034.20565382)
(5715.01175292, -6853.0020803, 1034.20565382)
(5715.06268901, -6852.95374921, 1034.20565382)
(5715.12536245, -6852.89437404, 1034.20565383)
(5715.18665762, -6852.83652652, 1034.20565383)
(5715.25131059, -6852.77562459, 1034.20565383)
(5715.30746757, -6852.72260056, 1034.20565382)
(5715.3705309, -6852.66305267, 1034.20565382)
(5715.43088901, -6852.60605503, 1034.20565382)
(5715.48674003, -6852.5533079, 1034.20565382)
(5715.54647538, -6852.49581127, 1034.20565383)
(5715.63632573, -6852.40775235, 1034.20565381)
(5715.70500777, -6852.34035809, 1034.20565382)
(5715.78788279, -6852.25910769, 1034.20565382)
(5715.85034662, -6852.19775709, 1034.20565382)
(5715.92452601, -6852.1247662, 1034.20565382)
(5715.98373975, -6852.06657976, 1034.20565382)
(5716.06622072, -6851.9855148, 1034.20565382)
(5716.12219235, -6851.93051121, 1034.20565382)
(5716.20054993, -6851.85350426, 1034.20565382)
(5716.25151311, -6851.80342096, 1034.20565382)
(5716.31012792, -6851.74580274, 1034.20565382)
(5716.36167785, -6851.69513812, 1034.20565382)
(5716.42764637, -6851.63027433, 1034.20565383)
(5716.47547782, -6851.58293058, 1034.20565382)
(5716.53468272, -6851.52418246, 1034.20565382)
(5716.58585095, -6851.4731527, 1034.20565383)
(5716.64628835, -6851.41271975, 1034.20565382)
(5716.69656797, -6851.36254376, 1034.20565382)
(5716.76083408, -6851.29832048, 1034.20565383)
(5716.81051903, -6851.24870803, 1034.20565383)
(5716.87387945, -6851.1853301, 1034.20565382)
(5716.92354439, -6851.13569843, 1034.20565383)
(5716.98136981, -6851.07787443, 1034.20565382)
(5717.03161371, -6851.02765144, 1034.20565382)
(5717.10549356, -6850.95375749, 1034.20565382)
(5717.15952548, -6850.89973074, 1034.20565382)
(5717.22493273, -6850.83430117, 1034.20565383)
(5717.27136735, -6850.78786217, 1034.20565382)
(5717.33240173, -6850.72681923, 1034.20565382)
(5717.38469717, -6850.67455525, 1034.20565383)
(5717.44465225, -6850.61475668, 1034.20565382)
(5717.5024054, -6850.55741414, 1034.20565383)
(5717.55904485, -6850.50129807, 1034.20565383)
(5717.60819665, -6850.45233571, 1034.20565383)
(5717.66807767, -6850.39250046, 1034.20565382)
(5717.72068989, -6850.33998017, 1034.20565383)
(5717.78230151, -6850.27835873, 1034.20565382)
(5717.82642611, -6850.23428368, 1034.20565382)
(5717.88979038, -6850.17090636, 1034.20565382)
(5717.93623802, -6850.12448188, 1034.20565382)
(5717.99698349, -6850.06373538, 1034.20565383)
(5718.04868422, -6850.0120489, 1034.20565382)
(5718.11643605, -6849.94429171, 1034.20565382)
(5718.16258289, -6849.89815067, 1034.20565382)
(5718.2195302, -6849.84119802, 1034.20565383)
(5718.26450749, -6849.79622229, 1034.20565382)
(5718.33021812, -6849.73051001, 1034.20565382)
(5718.38366435, -6849.67706566, 1034.20565382)
(5718.44470062, -6849.61602522, 1034.20565382)
(5718.49026144, -6849.57046506, 1034.20565382)
(5718.5466267, -6849.51409807, 1034.20565382)
(5718.59919647, -6849.46152918, 1034.20565382)
(5718.65848148, -6849.40224253, 1034.20565382)
(5718.70258179, -6849.35814289, 1034.20565382)
(5718.75836345, -6849.30236013, 1034.20565382)
(5718.80567574, -6849.2550473, 1034.20565382)
(5718.85882881, -6849.20189415, 1034.20565382)
(5718.90730914, -6849.15341395, 1034.20565382)
(5718.97593618, -6849.08477515, 1034.20565382)
(5719.02792048, -6849.03278819, 1034.20565382)
(5719.08194511, -6848.97875466, 1034.20565382)
(5719.12487518, -6848.93582155, 1034.20565382)
(5719.18357417, -6848.8771165, 1034.20565382)
(5719.24052299, -6848.8201643, 1034.20565382)
(5719.31499247, -6848.74568733, 1034.20565382)
(5719.37340084, -6848.68727561, 1034.20565382)
(5719.43998443, -6848.620684, 1034.20565382)
(5719.49021618, -6848.57044906, 1034.20565382)
(5719.53402161, -6848.52663884, 1034.20565382)
(5719.58834199, -6848.4723159, 1034.20565382)
(5719.65521842, -6848.40543376, 1034.20565382)
(5719.71041511, -6848.35023446, 1034.20565382)
(5719.76707104, -6848.29357369, 1034.20565382)
(5719.81730307, -6848.24333981, 1034.20565382)
(5719.88943652, -6848.17120087, 1034.20565382)
(5719.95427102, -6848.1063641, 1034.20565382)
(5720.01881157, -6848.04181723, 1034.20565382)
(5720.06466326, -6847.99596423, 1034.20565382)
(5720.13270973, -6847.92791546, 1034.20565382)
(5720.19170373, -6847.86892046, 1034.20565382)
(5720.26296313, -6847.79765815, 1034.20565382)
(5720.3088148, -6847.75180559, 1034.20565382)
(5720.3800735, -6847.68054391, 1034.20565382)
(5720.4399436, -6847.62067257, 1034.20565382)
(5720.50273341, -6847.55787975, 1034.20565382)
(5720.55150554, -6847.50910648, 1034.20565382)
(5720.6052415, -6847.45536818, 1034.20565382)
(5720.65196933, -6847.40863944, 1034.20565382)
(5720.71767999, -6847.34292656, 1034.20565382)
(5720.76499218, -6847.29561366, 1034.20565382)
(5720.83625135, -6847.22435224, 1034.20565382)
(5720.89320092, -6847.16740185, 1034.20565382)
(5720.95277851, -6847.10782209, 1034.20565382)
(5721.00096689, -6847.05963296, 1034.20565382)
(5721.04915456, -6847.01144387, 1034.20565382)
(5721.09383813, -6846.96675977, 1034.20565382)
(5721.14815901, -6846.91243779, 1034.20565382)
(5721.2004362, -6846.86016017, 1034.20565382)
(5721.25826202, -6846.80233332, 1034.20565382)
(5721.29944117, -6846.76115394, 1034.20565382)
(5721.34500074, -6846.71559379, 1034.20565382)
(5721.39990532, -6846.66068727, 1034.20565382)
(5721.45072224, -6846.60986976, 1034.20565382)
(5721.51438885, -6846.54620166, 1034.20565382)
(5721.55907252, -6846.5015176, 1034.20565382)
(5721.62186273, -6846.43872614, 1034.20565382)
(5721.66800682, -6846.39258178, 1034.20565382)
(5721.72670882, -6846.33387874, 1034.20565382)
(5721.76233908, -6846.29824824, 1034.20565382)
(5721.82191706, -6846.23866956, 1034.20565382)
(5721.8709816, -6846.18960487, 1034.20565382)
(5721.9156653, -6846.14492077, 1034.20565382)
(5721.96210098, -6846.09848374, 1034.20565382)
(5722.00620073, -6846.05438358, 1034.20565382)
(5722.06723887, -6845.99334458, 1034.20565382)
(5722.11893182, -6845.94165141, 1034.20565382)
(5722.17237696, -6845.88820559, 1034.20565382)
(5722.21472453, -6845.84585791, 1034.20565382)
(5722.26116054, -6845.7994215, 1034.20565382)
(5722.30701242, -6845.75356935, 1034.20565382)
(5722.36688224, -6845.69369843, 1034.20565382)
(5722.41331841, -6845.64726196, 1034.20565382)
(5722.4679318, -6845.59264777, 1034.20565382)
(5722.51115541, -6845.54942398, 1034.20565382)
(5722.56138788, -6845.49919102, 1034.20565382)
(5722.60110682, -6845.45947205, 1034.20565382)
(5722.65688853, -6845.40369006, 1034.20565382)
(5722.69923604, -6845.36134237, 1034.20565382)
(5722.75589364, -6845.3046839, 1034.20565382)
(5722.79824101, -6845.26233638, 1034.20565382)
(5722.85022577, -6845.21035112, 1034.20565382)
(5722.89929047, -6845.16128634, 1034.20565382)
(5722.96354174, -6845.0970346, 1034.20565382)
(5723.01173028, -6845.04884605, 1034.20565382)
(5723.06400717, -6844.99656883, 1034.20565382)
(5723.10080562, -6844.95977036, 1034.20565382)
(5723.14987022, -6844.91070561, 1034.20565382)
(5723.20769611, -6844.8528788, 1034.20565382)
(5723.25384026, -6844.8067345, 1034.20565382)
(5723.29063849, -6844.76993599, 1034.20565382)
(5723.33911899, -6844.72145548, 1034.20565382)
(5723.38876765, -6844.67180662, 1034.20565382)
(5723.44922193, -6844.61135121, 1034.20565382)
(5723.49857863, -6844.56199428, 1034.20565382)
(5723.57421924, -6844.48635269, 1034.20565382)
(5723.61510636, -6844.44546539, 1034.20565382)
(5723.67205614, -6844.38851488, 1034.20565382)
(5723.72374932, -6844.33682151, 1034.20565382)
(5723.8031867, -6844.25738324, 1034.20565382)
(5723.87065048, -6844.18991923, 1034.20565382)
(5723.91825503, -6844.14231474, 1034.20565382)
(5723.98542683, -6844.07514267, 1034.20565382)
(5724.04266888, -6844.01790068, 1034.20565382)
(5724.1142212, -6843.94634797, 1034.20565382)
(5724.16620648, -6843.89436269, 1034.20565382)
(5724.2190677, -6843.84150108, 1034.20565382)
(5724.26345953, -6843.79710927, 1034.20565382)
(5724.32011725, -6843.74045129, 1034.20565382)
(5724.36100451, -6843.69956407, 1034.20565382)
(5724.41006921, -6843.65049926, 1034.20565382)
(5724.4521247, -6843.60844372, 1034.20565382)
(5724.51316316, -6843.54740478, 1034.20565382)
(5724.55901515, -6843.50155275, 1034.20565382)
(5724.61479679, -6843.44577077, 1034.20565382)
(5724.65743643, -6843.40313116, 1034.20565382)
(5724.7135103, -6843.34705708, 1034.20565382)
(5724.75206112, -6843.30850632, 1034.20565382)
(5724.79499256, -6843.26557483, 1034.20565382)
(5724.84902175, -6843.21154509, 1034.20565382)
(5724.90129909, -6843.1592677, 1034.20565382)
(5724.95737292, -6843.10319355, 1034.20565382)
(5724.99972039, -6843.06084609, 1034.20565382)
(5725.04936893, -6843.01119738, 1034.20565382)
(5725.08733564, -6842.97323073, 1034.20565382)
(5725.13085135, -6842.92971501, 1034.20565382)
(5725.186341, -6842.87422484, 1034.20565382)
(5725.23598979, -6842.82457606, 1034.20565382)
(5725.29206342, -6842.76850217, 1034.20565382)
(5725.334995, -6842.72557061, 1034.20565382)
(5725.38551992, -6842.67504555, 1034.20565382)
(5725.42407085, -6842.63649466, 1034.20565382)
(5725.46525013, -6842.59531537, 1034.20565382)
(5725.52044753, -6842.54011756, 1034.20565382)
(5725.56892804, -6842.49163706, 1034.20565382)
(5725.62617008, -6842.43439482, 1034.20565382)
(5725.67494283, -6842.38562213, 1034.20565382)
(5725.73160073, -6842.32896407, 1034.20565382)
(5725.77248793, -6842.28807694, 1034.20565382)
(5725.80811813, -6842.25244671, 1034.20565382)
(5725.85572236, -6842.20484211, 1034.20565382)
(5725.90128253, -6842.15928192, 1034.20565382)
(5725.96524177, -6842.09532251, 1034.20565382)
(5726.01284614, -6842.04771819, 1034.20565382)
(5726.07476088, -6841.9858033, 1034.20565382)
(5726.12440976, -6841.93615451, 1034.20565382)
(5726.17814727, -6841.88241688, 1034.20565382)
(5726.21669805, -6841.84386604, 1034.20565382)
(5726.26079777, -6841.79976633, 1034.20565382)
(5726.31599527, -6841.74456854, 1034.20565382)
(5726.37090105, -6841.68966275, 1034.20565382)
(5726.4342762, -6841.6262873, 1034.20565382)
(5726.48012828, -6841.58043523, 1034.20565382)
(5726.54116678, -6841.51939649, 1034.20565382)
(5726.58322221, -6841.47734105, 1034.20565382)
(5726.6369597, -6841.42360341, 1034.20565382)
(5726.67375829, -6841.38680487, 1034.20565382)
(5726.71289317, -6841.34766997, 1034.20565382)
(5726.76633828, -6841.29422448, 1034.20565382)
(5726.81043804, -6841.2501247, 1034.20565382)
(5726.86738809, -6841.19317449, 1034.20565382)
(5726.9047708, -6841.15579182, 1034.20565382)
(5726.9439057, -6841.11665689, 1034.20565382)
(5726.98508493, -6841.07547767, 1034.20565382)
(5727.04057451, -6841.01998791, 1034.20565382)
(5727.08817895, -6840.9723835, 1034.20565382)
(5727.1404562, -6840.92010613, 1034.20565382)
(5727.19068909, -6840.86987318, 1034.20565382)
(5727.22836368, -6840.83219857, 1034.20565382)
(5727.26749839, -6840.79306366, 1034.20565382)
(5727.31189023, -6840.74867181, 1034.20565382)
(5727.3592026, -6840.70135937, 1034.20565382)
(5727.40476272, -6840.65579921, 1034.20565382)
(5727.44886252, -6840.61169942, 1034.20565382)
(5727.51691021, -6840.5436514, 1034.20565382)
(5727.56655897, -6840.49400265, 1034.20565382)
(5727.60919845, -6840.45136299, 1034.20565382)
(5727.66906913, -6840.39149233, 1034.20565382)
(5727.72747927, -6840.333082, 1034.20565382)
(5727.77157902, -6840.28898228, 1034.20565382)
(5727.83437005, -6840.2261911, 1034.20565382)
(5727.88051433, -6840.1800469, 1034.20565382)
(5727.92403, -6840.13653115, 1034.20565382)
(5727.97922767, -6840.08133345, 1034.20565382)
(5728.02537173, -6840.03518939, 1034.20565382)
(5728.06596677, -6839.99459414, 1034.20565382)
(5728.12174873, -6839.93881219, 1034.20565382)
(5728.17431795, -6839.88624279, 1034.20565382)
(5728.22805541, -6839.83250537, 1034.20565382)
(5728.27887224, -6839.78168842, 1034.20565382)
(5728.31917541, -6839.74138529, 1034.20565382)
(5728.35246933, -6839.70809135, 1034.20565382)
(5728.3939406, -6839.66661985, 1034.20565382)
(5728.43599605, -6839.62456439, 1034.20565382)
(5728.48097189, -6839.57958853, 1034.20565382)
(5728.53646138, -6839.52409864, 1034.20565382)
(5728.58464992, -6839.47591004, 1034.20565382)
(5728.63926352, -6839.42129621, 1034.20565382)
(5728.68394743, -6839.3766123, 1034.20565382)
(5728.74060526, -6839.31995433, 1034.20565382)
(5728.78645736, -6839.27410227, 1034.20565382)
(5728.82617638, -6839.2343832, 1034.20565382)
(5728.86239084, -6839.19816872, 1034.20565382)
(5728.91437596, -6839.14618342, 1034.20565382)
(5728.95789161, -6839.10266777, 1034.20565382)
(5729.01659381, -6839.04396546, 1034.20565382)
(5729.05894132, -6839.00161799, 1034.20565382)
(5729.10362524, -6838.95693403, 1034.20565382)
(5729.14976928, -6838.91078969, 1034.20565382)
(5729.19182469, -6838.86873424, 1034.20565382)
(5729.22920718, -6838.83135169, 1034.20565382)
(5729.26980234, -6838.79075655, 1034.20565382)
(5729.30747701, -6838.75308189, 1034.20565382)
(5729.34953243, -6838.71102632, 1034.20565382)
(5729.38983562, -6838.67072313, 1034.20565382)
(5729.4301387, -6838.63042004, 1034.20565382)
(5729.47978725, -6838.58077127, 1034.20565382)
(5729.51746189, -6838.54309665, 1034.20565382)
(5729.56126961, -6838.49928889, 1034.20565382)
(5729.59865227, -6838.46190623, 1034.20565382)
(5729.64216792, -6838.41839044, 1034.20565382)
(5729.67633795, -6838.3842204, 1034.20565382)
(5729.71810125, -6838.3424571, 1034.20565382)
(5729.76512137, -6838.29543675, 1034.20565382)
(5729.80717684, -6838.25338125, 1034.20565382)
(5729.85156872, -6838.20898932, 1034.20565382)
(5729.89479238, -6838.16576563, 1034.20565382)
(5729.93334317, -6838.12721487, 1034.20565382)
(5729.97890306, -6838.08165486, 1034.20565382)
(5730.01745386, -6838.04310409, 1034.20565382)
(5730.06096955, -6837.99958838, 1034.20565382)
(5730.1085739, -6837.95198379, 1034.20565382)
(5730.148585, -6837.91197267, 1034.20565382)
(5730.18859599, -6837.87196163, 1034.20565382)
(5730.22597853, -6837.83457908, 1034.20565382)
(5730.26628156, -6837.79427594, 1034.20565382)
(5730.30804499, -6837.75251251, 1034.20565382)
(5730.35944612, -6837.70111134, 1034.20565382)
(5730.40325387, -6837.65730359, 1034.20565382)
(5730.44063633, -6837.61992099, 1034.20565382)
(5730.47714274, -6837.58341458, 1034.20565382)
(5730.52387094, -6837.53668636, 1034.20565382)
(5730.56913898, -6837.49141831, 1034.20565382)
(5730.61878771, -6837.44176941, 1034.20565382)
(5730.65763057, -6837.40292653, 1034.20565382)
(5730.6985177, -6837.36203935, 1034.20565382)
(5730.73823667, -6837.32232038, 1034.20565382)
(5730.78262844, -6837.27792846, 1034.20565382)
(5730.82205548, -6837.23850144, 1034.20565382)
(5730.85680965, -6837.20374725, 1034.20565382)
(5730.89798893, -6837.16256796, 1034.20565382)
(5730.94530115, -6837.11525564, 1034.20565382)
(5730.99232142, -6837.0682354, 1034.20565382)
(5731.03554504, -6837.02501176, 1034.20565382)
(5731.07146742, -6836.98908936, 1034.20565382)
(5731.11761155, -6836.94294511, 1034.20565382)
(5731.15265775, -6836.90789892, 1034.20565382)
(5731.19266874, -6836.86788791, 1034.20565382)
(5731.23180362, -6836.82875304, 1034.20565382)
(5731.2726908, -6836.78786578, 1034.20565382)
(5731.30802911, -6836.75252749, 1034.20565382)
(5731.34482765, -6836.71572895, 1034.20565382)
(5731.38454661, -6836.67600987, 1034.20565382)
(5731.42338945, -6836.63716704, 1034.20565382)
(5731.45755943, -6836.60299707, 1034.20565382)
(5731.4999068, -6836.56064959, 1034.20565382)
(5731.53856029, -6836.52555512, 1034.20565374)
(5731.57550482, -6836.49703772, 1034.20565382)
(5731.61906679, -6836.46880781, 1034.20565382)
(5731.66175354, -6836.44312809, 1034.20565355)
(5731.71678947, -6836.42426987, 1034.20565397)
(5731.78234223, -6836.40851413, 1034.20565336)
(5731.82954491, -6836.39707671, 1034.2056536)
(5731.87404001, -6836.38632039, 1034.20565379)
(5731.94945663, -6836.36793242, 1034.20565378)
(5732.00578138, -6836.35483948, 1034.20565379)
(5732.06602958, -6836.34066192, 1034.20565384)
(5732.11593329, -6836.3293947, 1034.20565383)
(5732.18964415, -6836.31289086, 1034.20565383)
(5732.24259841, -6836.30196713, 1034.20565382)
(5732.31860576, -6836.2864351, 1034.20565382)
(5732.39221411, -6836.26450587, 1034.20565379)
(5732.46038998, -6836.23450561, 1034.20565386)
(5732.51382507, -6836.20339995, 1034.20565384)
(5732.57292715, -6836.16589539, 1034.20565377)
(5732.62245117, -6836.13252114, 1034.20565381)
(5732.67694121, -6836.09315594, 1034.20565376)
(5732.72000699, -6836.06228083, 1034.20565381)
(5732.76155495, -6836.03219302, 1034.20565384)
(5732.80328267, -6836.00167532, 1034.20565384)
(5732.84382634, -6835.97168764, 1034.20565383)
(5732.88187681, -6835.94324895, 1034.20565381)
(5732.9244034, -6835.91117257, 1034.20565383)
(5732.96087918, -6835.88342916, 1034.20565382)
(5733.00316216, -6835.85106204, 1034.20565382)
(5733.04963322, -6835.81532129, 1034.20565382)
(5733.08868027, -6835.78549687, 1034.20565382)
(5733.12902597, -6835.75465592, 1034.20565383)
(5733.17295209, -6835.72102571, 1034.20565382)
(5733.20769162, -6835.69440844, 1034.20565382)
(5733.2463431, -6835.66475458, 1034.20565382)
(5733.29086186, -6835.63054249, 1034.20565382)
(5733.32985705, -6835.60063107, 1034.20565383)
(5733.37571628, -6835.56542683, 1034.20565382)
(5733.41279284, -6835.5387278, 1034.20565384)
(5733.45632083, -6835.50924368, 1034.20565382)
(5733.50372627, -6835.47854314, 1034.20565381)
(5733.54339287, -6835.45536493, 1034.205654)
(5733.58711925, -6835.43935464, 1034.20565396)
(5733.63811169, -6835.42610697, 1034.20565403)
(5733.68425335, -6835.41610509, 1034.20565397)
(5733.73632412, -6835.40526499, 1034.20565382)
(5733.78908036, -6835.39344504, 1034.20565386)
(5733.83291773, -6835.38324886, 1034.20565379)
(5733.88554548, -6835.37090452, 1034.20565383)
(5733.94259491, -6835.35731235, 1034.20565384)
(5733.98892403, -6835.34706008, 1034.20565382)
(5734.04050799, -6835.33570434, 1034.20565383)
(5734.08750161, -6835.32646688, 1034.20565382)
(5734.1320913, -6835.31790547, 1034.20565382)
(5734.1928751, -6835.30620996, 1034.20565383)
(5734.24232975, -6835.29654023, 1034.20565383)
(5734.29258621, -6835.28665473, 1034.20565383)
(5734.34486324, -6835.27634904, 1034.20565383)
(5734.39485185, -6835.26305475, 1034.20565375)
(5734.45213737, -6835.23640817, 1034.2056539)
(5734.50804516, -6835.20950751, 1034.20565373)
(5734.55482577, -6835.18299839, 1034.20565421)
(5734.60178696, -6835.15184811, 1034.20565378)
(5734.64651205, -6835.12151483, 1034.2056538)
(5734.69491422, -6835.08955267, 1034.20565396)
(5734.73351735, -6835.06263468, 1034.20565388)
(5734.77356797, -6835.03369203, 1034.20565382)
(5734.81947245, -6834.9996826, 1034.20565386)
(5734.85981087, -6834.9693865, 1034.20565385)
(5734.90001483, -6834.93896265, 1034.20565383)
(5734.94234228, -6834.90659566, 1034.20565383)
(5734.98193442, -6834.87612969, 1034.20565384)
(5735.02213426, -6834.84509488, 1034.20565384)
(5735.06228485, -6834.81399227, 1034.20565382)
(5735.10540578, -6834.78068314, 1034.20565382)
(5735.14753497, -6834.74811208, 1034.20565382)
(5735.18963533, -6834.71550425, 1034.20565382)
(5735.22719283, -6834.68644595, 1034.20565382)
(5735.27027791, -6834.65306587, 1034.20565382)
(5735.30881321, -6834.62323549, 1034.20565383)
(5735.34798631, -6834.592885, 1034.20565383)
(5735.39431898, -6834.55695055, 1034.20565382)
(5735.43559456, -6834.52678227, 1034.20565383)
(5735.47587206, -6834.498752, 1034.20565382)
(5735.51874967, -6834.47018985, 1034.20565382)
(5735.55820689, -6834.44626569, 1034.205654)
(5735.60272763, -6834.42873943, 1034.20565393)
(5735.6521868, -6834.41562622, 1034.205654)
(5735.70415639, -6834.40434174, 1034.20565366)
(5735.753774, -6834.39410164, 1034.20565381)
(5735.80333183, -6834.38311838, 1034.20565379)
(5735.85254565, -6834.3703157, 1034.20565382)
(5735.90154963, -6834.35695596, 1034.20565383)
(5735.94791066, -6834.34678629, 1034.20565383)
(5735.99785561, -6834.33746146, 1034.20565383)
(5736.05789714, -6834.32611584, 1034.20565384)
(5736.1121747, -6834.31533709, 1034.20565382)
(5736.17007642, -6834.3036558, 1034.20565382)
(5736.22634031, -6834.29222062, 1034.20565383)
(5736.27866505, -6834.28248293, 1034.20565383)
(5736.33429774, -6834.27221706, 1034.20565383)
(5736.38224531, -6834.26045781, 1034.20565376)
(5736.43261516, -6834.24540889, 1034.20565381)
(5736.48018712, -6834.22864524, 1034.20565654)
(5736.52466535, -6834.20522793, 1034.20566553)
(5736.57385761, -6834.17466171, 1034.20565383)
(5736.61762441, -6834.14576404, 1034.20565396)
(5736.65592371, -6834.11883885, 1034.20565388)
(5736.69839833, -6834.08889973, 1034.2056538)
(5736.74419695, -6834.05842703, 1034.20565375)
(5736.78823375, -6834.02819475, 1034.20565384)
(5736.83248946, -6833.99689293, 1034.20565383)
(5736.8790729, -6833.96316058, 1034.20565383)
(5736.92124088, -6833.93180895, 1034.20565383)
(5736.96208684, -6833.90076792, 1034.20565383)
(5737.00105557, -6833.87077307, 1034.20565382)
(5737.04116396, -6833.83959173, 1034.20565382)
(5737.08500409, -6833.80517174, 1034.20565383)
(5737.1254526, -6833.7737614, 1034.20565383)
(5737.16623131, -6833.74210402, 1034.20565383)
(5737.20594974, -6833.7111378, 1034.20565382)
(5737.25084269, -6833.67606882, 1034.20565382)
(5737.29473002, -6833.64172378, 1034.20565382)
(5737.34509849, -6833.60225674, 1034.20565382)
(5737.4022568, -6833.55739646, 1034.20565382)
(5737.441525, -6833.52652033, 1034.20565382)
(5737.48595492, -6833.49152503, 1034.20565382)
(5737.53308055, -6833.45863878, 1034.20565391)
(5737.58039061, -6833.43463536, 1034.20565382)
(5737.62622509, -6833.41717843, 1034.20565382)
(5737.67562585, -6833.40340021, 1034.20565383)
(5737.72188192, -6833.3928499, 1034.20565384)
(5737.76738799, -6833.38354619, 1034.20565373)
(5737.81625895, -6833.37335753, 1034.20565371)
(5737.86394379, -6833.361318, 1034.20565377)
(5737.91264433, -6833.34836253, 1034.2056538)
(5737.95902561, -6833.33858845, 1034.20565378)
(5738.00334068, -6833.33072658, 1034.2056538)
(5738.04966052, -6833.3225245, 1034.2056538)
(5738.09420136, -6833.31352181, 1034.20565383)
(5738.14071163, -6833.30388632, 1034.20565384)
(5738.18697893, -6833.29530403, 1034.20565382)
(5738.23205807, -6833.28723286, 1034.20565383)
(5738.27838447, -6833.27894148, 1034.20565383)
(5738.32535277, -6833.27229235, 1034.2056538)
(5738.37244549, -6833.26651381, 1034.20565381)
(5738.41969907, -6833.26180947, 1034.20565381)
(5738.4697963, -6833.25703028, 1034.20565381)
(5738.51467488, -6833.25390935, 1034.20565382)
(5738.56200877, -6833.25075583, 1034.20565383)
(5738.61183819, -6833.24733069, 1034.20565383)
(5738.66084321, -6833.24341329, 1034.20565384)
(5738.7110636, -6833.23926546, 1034.20565383)
(5738.75680347, -6833.2363993, 1034.20565383)
(5738.80173373, -6833.23380421, 1034.20565383)
(5738.84998717, -6833.23097618, 1034.20565383)
(5738.89573792, -6833.22798326, 1034.20565383)
(5738.94477924, -6833.22472343, 1034.20565383)
(5738.99138624, -6833.22202425, 1034.20565383)
(5739.03717141, -6833.2194409, 1034.20565383)
(5739.08501947, -6833.21673372, 1034.20565384)
(5739.13202164, -6833.21393654, 1034.20565383)
(5739.18232092, -6833.21093861, 1034.20565383)
(5739.22851468, -6833.2083382, 1034.20565382)
(5739.27677035, -6833.20565127, 1034.20565381)
(5739.32584997, -6833.2029319, 1034.20565383)
(5739.37052866, -6833.19794164, 1034.20565371)
(5739.42006014, -6833.18987953, 1034.20565378)
(5739.46567904, -6833.17967526, 1034.20565366)
(5739.50965548, -6833.16171521, 1034.20565366)
(5739.5545122, -6833.14016602, 1034.20565388)
(5739.59794294, -6833.11692415, 1034.20565384)
(5739.64135778, -6833.09378173, 1034.20565386)
(5739.68169735, -6833.07024544, 1034.20565351)
(5739.72233792, -6833.04246841, 1034.20565368)
(5739.76712244, -6833.01012586, 1034.20565387)
(5739.80613031, -6832.98343841, 1034.20565385)
(5739.84619126, -6832.95626727, 1034.20565384)
(5739.8884866, -6832.92725046, 1034.20565384)
(5739.92684392, -6832.9005507, 1034.20565382)
(5739.96804881, -6832.87147589, 1034.20565382)
(5740.00663209, -6832.84363458, 1034.20565383)
(5740.04460314, -6832.81564809, 1034.20565383)
(5740.08430924, -6832.78586686, 1034.20565384)
(5740.12098145, -6832.75837175, 1034.20565382)
(5740.15994842, -6832.72912773, 1034.20565382)
(5740.19616869, -6832.70171685, 1034.20565383)
(5740.23330983, -6832.67346912, 1034.20565382)
(5740.2726977, -6832.64340473, 1034.20565383)
(5740.31015491, -6832.61491622, 1034.20565383)
(5740.35021841, -6832.5844044, 1034.20565383)
(5740.38501084, -6832.55787046, 1034.20565383)
(5740.42109405, -6832.5303075, 1034.20565382)
(5740.45879117, -6832.50145932, 1034.20565383)
(5740.49584986, -6832.47311635, 1034.20565382)
(5740.53682286, -6832.44173873, 1034.20565382)
(5740.5728616, -6832.4141048, 1034.20565382)
(5740.60953446, -6832.38594387, 1034.20565382)
(5740.64814738, -6832.35624515, 1034.20565382)
(5740.68582024, -6832.32732669, 1034.20565384)
(5740.72413771, -6832.29789479, 1034.20565383)
(5740.76049664, -6832.26997421, 1034.20565383)
(5740.79847911, -6832.24078236, 1034.20565383)
(5740.83742406, -6832.21081586, 1034.20565382)
(5740.8757416, -6832.18137157, 1034.20565382)
(5740.91306385, -6832.1526708, 1034.20565383)
(5740.9517048, -6832.12297039, 1034.20565382)
(5740.98870432, -6832.09452439, 1034.20565383)
(5741.02601365, -6832.0658113, 1034.20565383)
(5741.06366561, -6832.03685726, 1034.20565382)
(5741.10065733, -6832.00840129, 1034.20565383)
(5741.13798088, -6831.97969676, 1034.20565382)
(5741.17922313, -6831.94796182, 1034.20565384)
(5741.21588957, -6831.91975812, 1034.20565382)
(5741.25222862, -6831.89180724, 1034.20565382)
(5741.2937994, -6831.85982083, 1034.20565383)
(5741.33079208, -6831.83136386, 1034.20565382)
(5741.37040222, -6831.80089011, 1034.20565383)
(5741.40608573, -6831.77344017, 1034.20565382)
(5741.44144149, -6831.74624255, 1034.20565382)
(5741.48039652, -6831.71627286, 1034.20565382)
(5741.51640651, -6831.68857068, 1034.20565382)
(5741.55765334, -6831.65683906, 1034.20565382)
(5741.5936638, -6831.6291372, 1034.20565382)
(5741.63131083, -6831.60017654, 1034.20565382)
(5741.6699392, -6831.57045926, 1034.20565382)
(5741.70529474, -6831.5432605, 1034.20565382)
(5741.74490539, -6831.51278811, 1034.20565382)
(5741.78579136, -6831.48431058, 1034.20565384)
(5741.82474951, -6831.46349747, 1034.20565384)
(5741.86983939, -6831.4441959, 1034.20565382)
(5741.91168206, -6831.42803043, 1034.20565379)
(5741.9563417, -6831.41347692, 1034.20565376)
(5741.9996223, -6831.40159582, 1034.2056537)
(5742.04570634, -6831.39227104, 1034.20565364)
(5742.09423352, -6831.38275504, 1034.20565368)
(5742.14641431, -6831.36950863, 1034.20565373)
(5742.19822274, -6831.35542109, 1034.20565378)
(5742.24215493, -6831.34586014, 1034.20565379)
(5742.28970575, -6831.33715236, 1034.20565383)
(5742.33923368, -6831.32809111, 1034.20565382)
(5742.38499778, -6831.31914708, 1034.20565382)
(5742.43322155, -6831.30969587, 1034.20565382)
(5742.47901301, -6831.30065498, 1034.20565383)
(5742.52361614, -6831.29199627, 1034.20565383)
(5742.57390217, -6831.28225378, 1034.20565382)
(5742.62794862, -6831.2727625, 1034.20565382)
(5742.67429898, -6831.26479427, 1034.20565382)
(5742.72273253, -6831.25650008, 1034.20565383)
(5742.77401918, -6831.2476432, 1034.20565383)
(5742.82120316, -6831.2393258, 1034.20565383)
(5742.87081682, -6831.23053063, 1034.20565382)
(5742.9220344, -6831.22132344, 1034.20565382)
(5742.96670992, -6831.21309949, 1034.20565384)
(5743.01217802, -6831.20460557, 1034.20565382)
