(5656.30144195, -6914.06000056, 1034.20571099)
(5656.36850469, -6914.06001112, 1034.20575049)
(5656.45730569, -6914.06002965, 1034.20565447)
(5656.55147394, -6914.06004675, 1034.20565392)
(5656.61840354, -6914.06036798, 1034.20565374)
(5656.70143947, -6914.06081414, 1034.20565382)
(5656.77536897, -6914.06107909, 1034.20565381)
(5656.88151438, -6914.06143867, 1034.20565383)
(5656.94510797, -6914.06146225, 1034.20565383)
(5657.03265819, -6914.06144374, 1034.20565382)
(5657.09667692, -6914.06150864, 1034.20565382)
(5657.19910632, -6914.06161214, 1034.20565382)
(5657.26931915, -6914.06166145, 1034.20565382)
(5657.36265622, -6914.06161098, 1034.20565382)
(5657.43039239, -6914.06162366, 1034.20565382)
(5657.52745261, -6914.06163994, 1034.20565382)
(5657.60634029, -6914.06165419, 1034.20565382)
(5657.70711723, -6914.06166003, 1034.20565382)
(5657.76948397, -6914.06166774, 1034.20565382)
(5657.8512616, -6914.06166277, 1034.20565382)
(5657.92767131, -6914.06166632, 1034.20565382)
(5658.03133975, -6914.06166221, 1034.20565382)
(5658.11270542, -6914.06166397, 1034.20565382)
(5658.19778711, -6914.06164412, 1034.20565383)
(5658.26098024, -6914.06163918, 1034.20565382)
(5658.33945438, -6914.06163146, 1034.20565382)
(5658.41338594, -6914.06162669, 1034.20565382)
(5658.50590291, -6914.06161866, 1034.20565382)
(5658.57363904, -6914.06161462, 1034.20565382)
(5658.67235151, -6914.06160674, 1034.20565382)
(5658.7396745, -6914.06160321, 1034.20565382)
(5658.83425671, -6914.06159623, 1034.20565382)
(5658.89621043, -6914.0615931, 1034.20565382)
(5658.99079257, -6914.06158691, 1034.20565382)
(5659.07422349, -6914.06158305, 1034.20565382)
(5659.17954434, -6914.0615762, 1034.20565382)
(5659.25925788, -6914.06157289, 1034.20565382)
(5659.37077409, -6914.06156516, 1034.20565382)
(5659.43190182, -6914.0615629, 1034.20565382)
(5659.54920039, -6914.0615582, 1034.20565382)
(5659.61817538, -6914.06155592, 1034.20565382)
(5659.73051761, -6914.06155137, 1034.20565382)
(5659.80320978, -6914.06154905, 1034.20565382)
(5659.93248597, -6914.06154385, 1034.20565382)
(5660.02335124, -6914.06154146, 1034.20565382)
(5660.1394108, -6914.06153799, 1034.20565382)
(5660.19847317, -6914.06153656, 1034.20565382)
(5660.26662199, -6914.06153469, 1034.20565382)
(5660.34922671, -6914.06153286, 1034.20565382)
(5660.45330854, -6914.06153038, 1034.20565382)
(5660.53095692, -6914.06152881, 1034.20565382)
(5660.6358648, -6914.06152655, 1034.20565382)
(5660.71062206, -6914.0615252, 1034.20565382)
(5660.80726953, -6914.06152353, 1034.20565382)
(5660.86881002, -6914.06152251, 1034.20565382)
(5660.96958772, -6914.06152094, 1034.20565382)
(5661.04310587, -6914.06151983, 1034.20565382)
(5661.12405843, -6914.06151872, 1034.20565382)
(5661.20335887, -6914.0615176, 1034.20565382)
(5661.30496258, -6914.06151637, 1034.20565382)
(5661.37435048, -6914.06151549, 1034.20565382)
(5661.47182401, -6914.06151449, 1034.20565382)
(5661.53047331, -6914.06151381, 1034.20565382)
(5661.61762128, -6914.06151303, 1034.20565382)
(5661.70063895, -6914.06151212, 1034.20565382)
(5661.80265569, -6914.06151139, 1034.20565382)
(5661.88195612, -6914.06151061, 1034.20565382)
(5661.97158219, -6914.0615102, 1034.20565382)
(5662.04675239, -6914.06150958, 1034.20565382)
(5662.1330743, -6914.06150937, 1034.20565382)
(5662.22063519, -6914.06150869, 1034.20565382)
(5662.28300171, -6914.06150808, 1034.20565382)
(5662.37469292, -6914.06150745, 1034.20565382)
(5662.4597757, -6914.06150689, 1034.20565382)
(5662.52875057, -6914.06150646, 1034.20565382)
(5662.60350776, -6914.06150597, 1034.20565382)
(5662.67743892, -6914.06150549, 1034.20565382)
(5662.77408641, -6914.06150557, 1034.20565382)
(5662.87775519, -6914.06150506, 1034.20565382)
(5662.94673009, -6914.06150455, 1034.20565382)
(5663.04750781, -6914.06150424, 1034.20565382)
(5663.12433012, -6914.06150375, 1034.20565382)
(5663.20982596, -6914.06150365, 1034.20565382)
(5663.28251798, -6914.06150325, 1034.20565382)
(5663.37710034, -6914.06150317, 1034.20565382)
(5663.45185751, -6914.06150283, 1034.20565382)
(5663.54396174, -6914.06150287, 1034.20565382)
(5663.61913194, -6914.06150254, 1034.20565382)
(5663.70380178, -6914.06150265, 1034.20565382)
(5663.7777329, -6914.06150236, 1034.20565382)
(5663.86405482, -6914.0615025, 1034.20565382)
(5663.9326166, -6914.06150229, 1034.20565382)
(5664.02843802, -6914.06150242, 1034.20565382)
(5664.11641192, -6914.06150215, 1034.20565382)
(5664.21471152, -6914.06150261, 1034.20565382)
(5664.31714123, -6914.06150244, 1034.20565382)
(5664.38942032, -6914.06150211, 1034.20565382)
(5664.47574222, -6914.06150213, 1034.20565382)
(5664.54430404, -6914.06150189, 1034.20565382)
(5664.64797288, -6914.06150194, 1034.20565382)
(5664.72190399, -6914.06150169, 1034.20565382)
(5664.81937751, -6914.0615019, 1034.20565382)
(5664.89413469, -6914.06150172, 1034.20565382)
(5664.97426125, -6914.06150195, 1034.20565382)
(5665.03993192, -6914.06150179, 1034.20565382)
(5665.15599151, -6914.06150205, 1034.20565382)
(5665.23942219, -6914.06150192, 1034.20565382)
(5665.35259054, -6914.06150269, 1034.20565382)
(5665.43684723, -6914.06150262, 1034.20565382)
(5665.53184258, -6914.06150234, 1034.20565382)
(5665.64129375, -6914.06150271, 1034.20565382)
(5665.72844171, -6914.06150255, 1034.20565382)
(5665.85069663, -6914.06150352, 1034.20565382)
(5665.91141096, -6914.06150343, 1034.20565382)
(5666.04192633, -6914.06150365, 1034.20565382)
(5666.13113933, -6914.06150357, 1034.20565382)
(5666.26082866, -6914.0615046, 1034.20565382)
(5666.34384627, -6914.06150449, 1034.20565382)
(5666.44834122, -6914.06150488, 1034.20565382)
(5666.53796727, -6914.0615048, 1034.20565382)
(5666.64659239, -6914.06150571, 1034.20565382)
(5666.71680627, -6914.06150554, 1034.20565382)
(5666.77834674, -6914.06150558, 1034.20565382)
(5666.86136436, -6914.06150532, 1034.20565382)
(5666.93199139, -6914.06150534, 1034.20565382)
(5667.0501161, -6914.06150648, 1034.20565382)
(5667.11248252, -6914.06150644, 1034.20565382)
(5667.20334769, -6914.06150651, 1034.20565382)
(5667.27232256, -6914.06150637, 1034.20565382)
(5667.36731792, -6914.0615065, 1034.20565382)
(5667.44661833, -6914.06150636, 1034.20565382)
(5667.54822206, -6914.0615066, 1034.20565382)
(5667.61554481, -6914.06150652, 1034.20565382)
(5667.71177926, -6914.06150681, 1034.20565382)
(5667.78240623, -6914.06150672, 1034.20565382)
(5667.88111886, -6914.06150707, 1034.20565382)
(5667.95257186, -6914.06150704, 1034.20565382)
(5668.04426306, -6914.06150747, 1034.20565382)
(5668.11695508, -6914.06150747, 1034.20565382)
(5668.22103695, -6914.06150795, 1034.20565382)
(5668.28712061, -6914.06150797, 1034.20565382)
(5668.38500717, -6914.06150853, 1034.20565382)
(5668.48330667, -6914.0615085, 1034.20565382)
(5668.55888995, -6914.06150834, 1034.20565382)
(5668.64355976, -6914.06150847, 1034.20565382)
(5668.71005647, -6914.06150839, 1034.20565382)
(5668.80422578, -6914.0615085, 1034.20565382)
(5668.88022201, -6914.0615084, 1034.20565382)
(5668.9760434, -6914.06150856, 1034.20565382)
(5669.0458443, -6914.06150846, 1034.20565382)
(5669.14744807, -6914.06150867, 1034.20565382)
(5669.217249, -6914.06150859, 1034.20565382)
(5669.3176137, -6914.06150889, 1034.20565382)
(5669.39319694, -6914.06150885, 1034.20565382)
(5669.4791058, -6914.06150921, 1034.20565382)
(5669.54560248, -6914.06150921, 1034.20565382)
(5669.64638016, -6914.06150957, 1034.20565382)
(5669.71742012, -6914.06150957, 1034.20565382)
(5669.81489365, -6914.06150997, 1034.20565382)
(5669.89088993, -6914.06150998, 1034.20565382)
(5669.98423323, -6914.06151045, 1034.20565382)
(5670.05403415, -6914.06151049, 1034.20565382)
(5670.16513743, -6914.0615111, 1034.20565382)
(5670.23369919, -6914.06151108, 1034.20565382)
(5670.32208617, -6914.06151115, 1034.20565382)
(5670.38982195, -6914.06151105, 1034.20565382)
(5670.48688245, -6914.06151114, 1034.20565382)
(5670.55420523, -6914.06151106, 1034.20565382)
(5670.65704808, -6914.06151118, 1034.20565382)
(5670.7128062, -6914.06151115, 1034.20565382)
(5670.79706297, -6914.06151125, 1034.20565382)
(5670.869342, -6914.06151116, 1034.20565382)
(5670.98209734, -6914.06151128, 1034.20565382)
(5671.05355032, -6914.06151123, 1034.20565382)
(5671.16217547, -6914.06151148, 1034.20565382)
(5671.22991127, -6914.06151147, 1034.20565382)
(5671.3397755, -6914.0615118, 1034.20565382)
(5671.40131598, -6914.0615118, 1034.20565382)
(5671.4971374, -6914.06151217, 1034.20565382)
(5671.59295874, -6914.06151222, 1034.20565382)
(5671.69497546, -6914.06151227, 1034.20565382)
(5671.78707963, -6914.06151218, 1034.20565382)
(5671.89942198, -6914.0615125, 1034.20565382)
(5671.98698293, -6914.06151251, 1034.20565382)
(5672.05347973, -6914.06151286, 1034.20565382)
(5672.14723595, -6914.0615129, 1034.20565382)
(5672.24429641, -6914.06151277, 1034.20565382)
(5672.36076896, -6914.06151294, 1034.20565382)
(5672.44585172, -6914.06151293, 1034.20565382)
(5672.54662941, -6914.06151331, 1034.20565382)
(5672.60858288, -6914.06151334, 1034.20565382)
(5672.68664434, -6914.0615136, 1034.20565382)
(5672.76511873, -6914.06151362, 1034.20565382)
(5672.88159134, -6914.06151403, 1034.20565382)
(5672.95056617, -6914.06151399, 1034.20565382)
(5673.05630011, -6914.06151406, 1034.20565382)
(5673.13560054, -6914.06151399, 1034.20565382)
(5673.23348706, -6914.06151416, 1034.20565382)
(5673.28965821, -6914.06151413, 1034.20565382)
(5673.37928431, -6914.06151425, 1034.20565382)
(5673.46188896, -6914.06151421, 1034.20565382)
(5673.56307969, -6914.0615144, 1034.20565382)
(5673.63535874, -6914.0615144, 1034.20565382)
(5673.72952803, -6914.06151463, 1034.20565382)
(5673.79106845, -6914.06151463, 1034.20565382)
(5673.88110754, -6914.06151482, 1034.20565382)
(5673.95958193, -6914.06151483, 1034.20565382)
(5674.06159872, -6914.06151508, 1034.20565382)
(5674.13181268, -6914.06151509, 1034.20565382)
(5674.21772155, -6914.06151535, 1034.20565382)
(5674.2829792, -6914.06151535, 1034.20565382)
(5674.37590944, -6914.06151559, 1034.20565382)
(5674.45314474, -6914.06151558, 1034.20565382)
(5674.57292149, -6914.06151593, 1034.20565382)
(5674.65470007, -6914.06151586, 1034.20565382)
(5674.75093452, -6914.06151595, 1034.20565382)
(5674.82775685, -6914.06151589, 1034.20565382)
(5674.90623131, -6914.061516, 1034.20565382)
(5674.97438012, -6914.06151599, 1034.20565382)
(5675.06937548, -6914.06151609, 1034.20565382)
(5675.14578475, -6914.06151606, 1034.20565382)
(5675.23375869, -6914.06151618, 1034.20565382)
(5675.31553728, -6914.06151616, 1034.20565382)
(5675.41094568, -6914.06151632, 1034.20565382)
(5675.4716601, -6914.06151632, 1034.20565382)
(5675.5687206, -6914.06151647, 1034.20565382)
(5675.63439129, -6914.06151646, 1034.20565382)
(5675.73269084, -6914.06151663, 1034.20565382)
(5675.80579592, -6914.06151662, 1034.20565382)
(5675.90863871, -6914.06151684, 1034.20565382)
(5676.00900332, -6914.06151685, 1034.20565382)
(5676.08995589, -6914.06151677, 1034.20565382)
(5676.179995, -6914.06151683, 1034.20565382)
(5676.24277454, -6914.0615168, 1034.20565382)
(5676.33322666, -6914.06151686, 1034.20565382)
(5676.40798385, -6914.06151683, 1034.20565382)
(5676.50669639, -6914.06151691, 1034.20565382)
(5676.58475776, -6914.06151686, 1034.20565382)
(5676.67438381, -6914.06151698, 1034.20565382)
(5676.74170658, -6914.06151696, 1034.20565382)
(5676.84661453, -6914.06151708, 1034.20565382)
(5676.91558943, -6914.06151708, 1034.20565382)
(5677.01141086, -6914.06151724, 1034.20565382)
(5677.0783206, -6914.06151725, 1034.20565382)
(5677.16505549, -6914.0615174, 1034.20565382)
(5677.23568243, -6914.06151739, 1034.20565382)
(5677.33398195, -6914.06151754, 1034.20565382)
(5677.40873915, -6914.06151753, 1034.20565382)
(5677.49010476, -6914.06151768, 1034.20565382)
(5677.59088246, -6914.06151768, 1034.20565382)
(5677.69413829, -6914.06151794, 1034.20565382)
(5677.79450292, -6914.06151787, 1034.20565382)
(5677.87256433, -6914.06151795, 1034.20565382)
(5677.93864801, -6914.06151794, 1034.20565382)
(5678.04149079, -6914.06151803, 1034.20565382)
(5678.11831311, -6914.06151801, 1034.20565382)
(5678.26163222, -6914.0615182, 1034.20565382)
(5678.35786666, -6914.06151816, 1034.20565382)
(5678.49416434, -6914.0615183, 1034.20565382)
(5678.56355223, -6914.06151832, 1034.20565382)
(5678.65937363, -6914.06151863, 1034.20565382)
(5678.73867404, -6914.06151862, 1034.20565382)
(5678.81921359, -6914.06151865, 1034.20565382)
(5678.88818847, -6914.06151862, 1034.20565382)
(5678.9910313, -6914.06151867, 1034.20565382)
(5679.05587596, -6914.06151864, 1034.20565382)
(5679.15128435, -6914.0615187, 1034.20565382)
(5679.22315038, -6914.06151868, 1034.20565382)
(5679.32103688, -6914.06151876, 1034.20565382)
(5679.39538103, -6914.06151874, 1034.20565382)
(5679.49037639, -6914.06151884, 1034.20565382)
(5679.55935127, -6914.06151883, 1034.20565382)
(5679.65393363, -6914.06151893, 1034.20565382)
(5679.72373457, -6914.06151893, 1034.20565382)
(5679.82657739, -6914.06151906, 1034.20565382)
(5679.9050518, -6914.06151908, 1034.20565382)
(5680.00748154, -6914.06151926, 1034.20565382)
(5680.08678197, -6914.06151927, 1034.20565382)
(5680.15699591, -6914.06151923, 1034.20565382)
(5680.25281733, -6914.06151924, 1034.20565382)
(5680.33500897, -6914.0615192, 1034.20565382)
(5680.42587412, -6914.06151924, 1034.20565382)
(5680.50641366, -6914.06151921, 1034.20565382)
(5680.59810483, -6914.06151929, 1034.20565382)
(5680.67657922, -6914.06151928, 1034.20565382)
(5680.76620525, -6914.06151937, 1034.20565382)
(5680.84261454, -6914.06151935, 1034.20565382)
(5680.93471873, -6914.06151945, 1034.20565382)
(5681.01319317, -6914.06151944, 1034.20565382)
(5681.1073625, -6914.06151955, 1034.20565382)
(5681.18377181, -6914.06151956, 1034.20565382)
(5681.27835415, -6914.06151971, 1034.20565382)
(5681.37087133, -6914.06151972, 1034.20565382)
(5681.44397642, -6914.06151968, 1034.20565382)
(5681.53773269, -6914.06151971, 1034.20565382)
(5681.62075036, -6914.06151968, 1034.20565382)
(5681.71946097, -6914.06147904, 1034.20565385)
(5681.79071155, -6914.05571276, 1034.20565387)
(5681.8955679, -6914.04487744, 1034.20565405)
(5681.96059975, -6914.03009453, 1034.20565366)
(5682.05078186, -6913.98039136, 1034.20565364)
(5682.12581069, -6913.9179463, 1034.20565356)
(5682.18635224, -6913.86971705, 1034.20565397)
(5682.25826537, -6913.81945395, 1034.20565381)
(5682.31134964, -6913.78069284, 1034.20565382)
(5682.38575676, -6913.72486336, 1034.20565383)
(5682.44925833, -6913.67586921, 1034.20565384)
(5682.52993663, -6913.61207328, 1034.20565383)
(5682.59310446, -6913.56215832, 1034.20565382)
(5682.67636772, -6913.49636555, 1034.20565382)
(5682.73612746, -6913.44884085, 1034.20565383)
(5682.79970331, -6913.39814263, 1034.20565382)
(5682.86111344, -6913.34929759, 1034.20565382)
(5682.9470211, -6913.28084761, 1034.20565383)
(5683.01164998, -6913.22940211, 1034.20565382)
(5683.0762617, -6913.1779394, 1034.20565382)
(5683.1279589, -6913.13677595, 1034.20565382)
(5683.20676746, -6913.07397319, 1034.20565383)
(5683.26754823, -6913.03390418, 1034.20565381)
(5683.35839059, -6912.99689902, 1034.20565374)
(5683.45395851, -6912.98047074, 1034.20565402)
(5683.56858875, -6912.95391023, 1034.2056538)
(5683.64902345, -6912.93333786, 1034.20565383)
(5683.73902429, -6912.91019296, 1034.20565382)
(5683.8188516, -6912.8975607, 1034.20565389)
(5683.92968703, -6912.88509202, 1034.20565382)
(5684.01345293, -6912.86824981, 1034.2056538)
(5684.13936622, -6912.8345595, 1034.20565382)
(5684.2383062, -6912.82541532, 1034.20565385)
(5684.32304775, -6912.84476898, 1034.20565384)
(5684.38675365, -6912.85367024, 1034.20565392)
(5684.49994577, -6912.83982533, 1034.20565381)
(5684.60865332, -6912.81295168, 1034.20565377)
(5684.68664521, -6912.80505834, 1034.20565397)
(5684.7838973, -6912.819016, 1034.20565393)
(5684.85742649, -6912.82341273, 1034.205654)
(5684.94950486, -6912.8051768, 1034.20565384)
(5685.01660613, -6912.79333374, 1034.205654)
(5685.11098099, -6912.79212803, 1034.20565395)
(5685.19213645, -6912.78275676, 1034.20565383)
(5685.27779352, -6912.74944181, 1034.20565378)
(5685.34228497, -6912.70431858, 1034.20565359)
(5685.41588098, -6912.64791887, 1034.20565362)
(5685.46850668, -6912.61272052, 1034.20565386)
(5685.54483875, -6912.56193773, 1034.20565381)
(5685.63370708, -6912.49652822, 1034.20565384)
(5685.68803865, -6912.45526834, 1034.20565381)
(5685.76136591, -6912.3988564, 1034.20565383)
(5685.82413013, -6912.35105178, 1034.20565382)
(5685.89325887, -6912.29860746, 1034.20565383)
(5685.94488022, -6912.2593649, 1034.20565382)
(5686.0241184, -6912.19912167, 1034.20565382)
(5686.09085921, -6912.14837427, 1034.20565382)
(5686.17303541, -6912.08585889, 1034.2056538)
(5686.23616608, -6912.03510484, 1034.20565383)
(5686.29433966, -6911.98621293, 1034.2056538)
(5686.35136055, -6911.9350858, 1034.20565387)
(5686.42016567, -6911.87031744, 1034.2056538)
(5686.47990104, -6911.81330979, 1034.20565384)
(5686.5628784, -6911.73454288, 1034.20565383)
(5686.60981278, -6911.69036222, 1034.20565382)
(5686.67942294, -6911.62505367, 1034.20565383)
(5686.7296318, -6911.57776213, 1034.20565382)
(5686.80479564, -6911.50696514, 1034.20565382)
(5686.85711054, -6911.45769026, 1034.20565382)
(5686.92627544, -6911.39256925, 1034.20565383)
(5686.97588889, -6911.34585025, 1034.20565383)
(5687.05320244, -6911.27311155, 1034.20565382)
(5687.11154909, -6911.21819334, 1034.20565383)
(5687.17684769, -6911.15680595, 1034.20565381)
(5687.23320396, -6911.10803066, 1034.20565379)
(5687.30377007, -6911.05376808, 1034.20565381)
(5687.39717608, -6911.00683705, 1034.20565357)
(5687.47211345, -6910.99888006, 1034.20565363)
(5687.55969389, -6910.99271257, 1034.20565428)
(5687.63087801, -6910.97745927, 1034.20565385)
(5687.71770172, -6910.94314265, 1034.20565406)
(5687.78296927, -6910.92629935, 1034.20565381)
(5687.8657724, -6910.91776495, 1034.20565387)
(5687.94788219, -6910.90300596, 1034.20565401)
(5688.04844716, -6910.87506719, 1034.20565376)
(5688.14170015, -6910.84781825, 1034.20565374)
(5688.23573264, -6910.82379579, 1034.20565382)
(5688.32238065, -6910.7889972, 1034.20565378)
(5688.40325942, -6910.72433713, 1034.20566386)
(5688.44470452, -6910.68065295, 1034.20565379)
(5688.51661154, -6910.61509103, 1034.2056538)
(5688.58572358, -6910.55867764, 1034.20565381)
(5688.68740583, -6910.48593971, 1034.20565382)
(5688.76727089, -6910.42474126, 1034.20565366)
(5688.84632418, -6910.36022267, 1034.2056538)
(5688.95122167, -6910.27190197, 1034.20565384)
(5689.02767409, -6910.2101656, 1034.20565383)
(5689.12794811, -6910.13408739, 1034.20565382)
(5689.17843236, -6910.09471468, 1034.20565382)
(5689.25742348, -6910.03136059, 1034.20565373)
(5689.30435111, -6909.98978131, 1034.20565373)
(5689.38296145, -6909.9138576, 1034.20565381)
(5689.43827998, -6909.85999168, 1034.20565381)
(5689.51146275, -6909.78998956, 1034.20565381)
(5689.56177693, -6909.74214273, 1034.20565382)
(5689.63741984, -6909.67056951, 1034.20565383)
(5689.69547668, -6909.61534574, 1034.20565382)
(5689.75533186, -6909.55841572, 1034.20565383)
(5689.81758518, -6909.49922018, 1034.20565382)
(5689.8954941, -6909.42529733, 1034.20565382)
(5689.95185584, -6909.37187239, 1034.20565382)
(5690.01306849, -6909.31395306, 1034.20565383)
(5690.06324237, -6909.26660039, 1034.20565383)
(5690.13391909, -6909.20004633, 1034.20565382)
(5690.18462125, -6909.1515499, 1034.20565383)
(5690.25038578, -6909.08830422, 1034.20565382)
(5690.30423862, -6909.03596813, 1034.20565383)
(5690.36968599, -6908.97184337, 1034.20565383)
(5690.42337503, -6908.91926423, 1034.20565382)
(5690.50269623, -6908.84150293, 1034.20565382)
(5690.55872314, -6908.78656655, 1034.20565382)
(5690.62235501, -6908.72405391, 1034.20565383)
(5690.67157846, -6908.67573932, 1034.20565383)
(5690.74107459, -6908.60740734, 1034.20565383)
(5690.80295196, -6908.5466275, 1034.20565382)
(5690.88511077, -6908.46583405, 1034.20565382)
(5690.94402458, -6908.40793149, 1034.20565382)
(5691.01147797, -6908.34163193, 1034.20565382)
(5691.0547237, -6908.29902658, 1034.20565382)
(5691.12085039, -6908.23375197, 1034.20565382)
(5691.17545116, -6908.17973206, 1034.20565382)
(5691.24612209, -6908.10966251, 1034.20565382)
(5691.299032, -6908.05687424, 1034.20565383)
(5691.3682093, -6907.98765616, 1034.20565382)
(5691.41617327, -6907.93982659, 1034.20565382)
(5691.48599659, -6907.87006412, 1034.20565383)
(5691.53362633, -6907.8224873, 1034.20565383)
(5691.59784787, -6907.75821751, 1034.20565382)
(5691.66824728, -6907.68784789, 1034.20565382)
(5691.72345686, -6907.63266275, 1034.20565382)
(5691.79502066, -6907.56112077, 1034.20565382)
(5691.8373763, -6907.51878058, 1034.20565382)
(5691.8984133, -6907.45774208, 1034.20565382)
(5691.94660634, -6907.40955843, 1034.20565382)
(5692.0129022, -6907.34326312, 1034.20565382)
(5692.06431336, -6907.2918711, 1034.20565383)
(5692.13530118, -6907.22092984, 1034.20565383)
(5692.19039259, -6907.16617987, 1034.20565383)
(5692.24965156, -6907.10742374, 1034.20565382)
(5692.29647868, -6907.06079935, 1034.20565382)
(5692.36080368, -6906.99663521, 1034.20565382)
(5692.41165646, -6906.9458655, 1034.20565382)
(5692.46830494, -6906.88921458, 1034.20565383)
(5692.51886416, -6906.83872281, 1034.20565383)
(5692.58428083, -6906.77330655, 1034.20565382)
(5692.62868848, -6906.72893044, 1034.20565382)
(5692.70140367, -6906.65621025, 1034.20565382)
(5692.75076815, -6906.60686107, 1034.20565382)
(5692.81355213, -6906.54406407, 1034.20565383)
(5692.87342545, -6906.48419571, 1034.20565382)
(5692.95956773, -6906.39803154, 1034.20565382)
(5693.01009051, -6906.34750401, 1034.20565382)
(5693.05534782, -6906.30222541, 1034.20565383)
(5693.1143362, -6906.24322414, 1034.20565382)
(5693.19317968, -6906.16436123, 1034.20565382)
(5693.27582302, -6906.08170257, 1034.20565382)
(5693.33773338, -6906.01978258, 1034.20565382)
(5693.40110212, -6905.9564016, 1034.20565382)
(5693.45249923, -6905.90499666, 1034.20565382)
(5693.49805534, -6905.85943271, 1034.20565382)
(5693.54857704, -6905.80890397, 1034.20565382)
(5693.61603596, -6905.74143512, 1034.20565382)
(5693.67444254, -6905.68302115, 1034.20565382)
(5693.74073367, -6905.61672099, 1034.20565382)
(5693.79797259, -6905.55947528, 1034.20565382)
(5693.8680606, -6905.48937858, 1034.20565382)
(5693.93960933, -6905.41782215, 1034.20565382)
(5693.99947693, -6905.35794857, 1034.20565382)
(5694.07161025, -6905.28580828, 1034.20565382)
(5694.12388507, -6905.23352864, 1034.20565382)
(5694.19046999, -6905.16693806, 1034.20565382)
(5694.23632015, -6905.121084, 1034.20565382)
(5694.29297606, -6905.06442383, 1034.20565382)
(5694.34379099, -6905.01360484, 1034.20565382)
(5694.41125267, -6904.94613861, 1034.20565382)
(5694.46586428, -6904.89152299, 1034.20565382)
(5694.5336183, -6904.82376516, 1034.20565382)
(5694.58209718, -6904.77528301, 1034.20565382)
(5694.63262097, -6904.72475671, 1034.20565382)
(5694.68460448, -6904.67276996, 1034.20565382)
(5694.7503146, -6904.60705681, 1034.20565382)
(5694.79937774, -6904.55799079, 1034.20565382)
(5694.86713249, -6904.49023342, 1034.20565382)
(5694.92116057, -6904.43620244, 1034.20565382)
(5694.97664959, -6904.38071179, 1034.20565382)
(5695.02804925, -6904.32930961, 1034.20565382)
(5695.08704292, -6904.27031435, 1034.20565382)
(5695.14194731, -6904.2154074, 1034.20565382)
(5695.21057882, -6904.1467744, 1034.20565382)
(5695.26081048, -6904.09654058, 1034.20565382)
(5695.31951241, -6904.03783783, 1034.20565382)
(5695.36507145, -6903.9922769, 1034.20565382)
(5695.4278623, -6903.92948506, 1034.20565382)
(5695.47488164, -6903.88246408, 1034.20565382)
(5695.53387548, -6903.82346933, 1034.20565382)
(5695.58907206, -6903.76827053, 1034.20565382)
(5695.63550816, -6903.72183381, 1034.20565382)
(5695.69158097, -6903.66575891, 1034.20565382)
(5695.75699997, -6903.60033895, 1034.20565382)
(5695.81132047, -6903.54601654, 1034.20565382)
(5695.86681022, -6903.49052631, 1034.20565382)
(5695.90506834, -6903.45226696, 1034.20565382)
(5695.97691248, -6903.38042177, 1034.20565382)
(5696.03298525, -6903.3243471, 1034.20565382)
(5696.09723658, -6903.26009544, 1034.20565382)
(5696.15126544, -6903.20606513, 1034.20565382)
(5696.2175787, -6903.13979143, 1034.20565381)
(5696.2706989, -6903.09473186, 1034.20565382)
(5696.32887463, -6903.05762254, 1034.20565386)
(5696.38763974, -6903.02883205, 1034.20565415)
(5696.47637261, -6903.00826808, 1034.20566532)
(5696.56853507, -6902.99088442, 1034.20565389)
(5696.66840774, -6902.96613236, 1034.20565385)
(5696.75281955, -6902.94614583, 1034.20565381)
(5696.81871712, -6902.93046265, 1034.20565382)
(5696.90395981, -6902.91260282, 1034.20565383)
(5696.99476318, -6902.89278093, 1034.20565383)
(5697.09125844, -6902.87194115, 1034.20565382)
(5697.22160196, -6902.84351955, 1034.20565382)
(5697.31460282, -6902.8099689, 1034.20565379)
(5697.4106112, -6902.72857205, 1034.20589865)
(5697.45227568, -6902.67448575, 1034.20567796)
(5697.51695848, -6902.611695, 1034.2056567)
(5697.56768854, -6902.57025262, 1034.20575441)
(5697.63466351, -6902.52523513, 1034.20566304)
(5697.69987456, -6902.47774953, 1034.20565353)
(5697.77598024, -6902.41538619, 1034.20565385)
(5697.834285, -6902.36864353, 1034.20565385)
(5697.90557782, -6902.31164068, 1034.20565383)
(5697.95240158, -6902.2742808, 1034.20565383)
(5698.01057997, -6902.22795573, 1034.20565382)
(5698.06837928, -6902.18185244, 1034.20565383)
(5698.13363603, -6902.12985608, 1034.20565382)
(5698.19765989, -6902.0830336, 1034.20565386)
(5698.278185, -6902.0285595, 1034.20565379)
(5698.3374111, -6901.99714727, 1034.20565396)
(5698.41090741, -6901.98090108, 1034.20565442)
(5698.48927017, -6901.97055246, 1034.20565382)
(5698.5696462, -6901.95342751, 1034.2056537)
(5698.63900717, -6901.93806347, 1034.2056538)
(5698.73129539, -6901.91733633, 1034.2056538)
(5698.80322432, -6901.90459621, 1034.20565384)
(5698.87635763, -6901.89165629, 1034.20565382)
(5698.94990294, -6901.87821536, 1034.20565383)
(5699.03433834, -6901.86237638, 1034.20565382)
(5699.11203244, -6901.83731526, 1034.20565403)
(5699.18793169, -6901.79679392, 1034.20565381)
(5699.24290844, -6901.76123747, 1034.20565387)
(5699.31204204, -6901.71557854, 1034.20565382)
(5699.37497222, -6901.67394152, 1034.2056538)
(5699.44991364, -6901.62374215, 1034.20565389)
(5699.51247731, -6901.57951583, 1034.20565383)
(5699.58920973, -6901.52325158, 1034.20565383)
(5699.63889118, -6901.48622318, 1034.20565383)
(5699.70834195, -6901.43431086, 1034.20565383)
(5699.77044322, -6901.38777555, 1034.20565382)
(5699.83053944, -6901.34270574, 1034.20565382)
(5699.87935481, -6901.30598633, 1034.20565382)
(5699.93538288, -6901.26374373, 1034.20565382)
(5700.00397105, -6901.2120596, 1034.20565382)
(5700.06330331, -6901.16729971, 1034.20565382)
(5700.13543643, -6901.11278239, 1034.20565381)
(5700.18559453, -6901.07871242, 1034.20565382)
(5700.25674496, -6901.03595151, 1034.20565381)
(5700.3201051, -6901.00670133, 1034.20565382)
(5700.41357913, -6900.99393485, 1034.20566894)
(5700.4775313, -6900.98529421, 1034.20565363)
(5700.55587503, -6900.96508795, 1034.20565378)
(5700.6209718, -6900.95098136, 1034.20565385)
(5700.71443004, -6900.93228089, 1034.20565381)
(5700.78817182, -6900.91812142, 1034.20565381)
(5700.87693326, -6900.90062765, 1034.2056538)
(5700.94430996, -6900.88797687, 1034.20565382)
(5701.03072883, -6900.87146768, 1034.20565381)
(5701.10486733, -6900.86208898, 1034.20565385)
(5701.18557143, -6900.8523499, 1034.20565384)
(5701.25563911, -6900.84783158, 1034.20565384)
(5701.33961629, -6900.84214874, 1034.20565382)
(5701.41789512, -6900.83664793, 1034.20565383)
(5701.51509053, -6900.82917493, 1034.20565383)
(5701.5851708, -6900.82520757, 1034.20565383)
(5701.65527857, -6900.82101931, 1034.20565382)
(5701.73853295, -6900.81559529, 1034.20565383)
(5701.84982024, -6900.80842364, 1034.20565383)
(5701.94100622, -6900.80375665, 1034.20565383)
(5702.02635788, -6900.79880915, 1034.20565382)
(5702.11506658, -6900.78131221, 1034.20565387)
(5702.21594424, -6900.73879046, 1034.20565382)
(5702.29063296, -6900.69494919, 1034.20565413)
(5702.39803635, -6900.64123892, 1034.20565387)
(5702.46499934, -6900.59895475, 1034.20565454)
(5702.53693857, -6900.53935496, 1034.20565389)
(5702.59495658, -6900.49628682, 1034.20565389)
(5702.66164079, -6900.44968652, 1034.20565378)
(5702.71432652, -6900.41194753, 1034.20565384)
(5702.7892635, -6900.35777961, 1034.20565382)
(5702.84860324, -6900.31439869, 1034.20565382)
(5702.92616894, -6900.25751411, 1034.20565382)
(5702.97949024, -6900.21851399, 1034.20565382)
(5703.04277056, -6900.17215381, 1034.20565383)
(5703.09305048, -6900.13528608, 1034.20565382)
(5703.17357623, -6900.07613315, 1034.20565383)
(5703.23623258, -6900.03820507, 1034.20565387)
(5703.32052939, -6900.00836007, 1034.20565382)
(5703.39028644, -6899.99497477, 1034.20565387)
(5703.46984548, -6899.97862012, 1034.20565386)
(5703.53668865, -6899.96341613, 1034.20565384)
(5703.62856886, -6899.94098022, 1034.20565375)
(5703.6898226, -6899.92952208, 1034.2056538)
(5703.77553784, -6899.91395811, 1034.20565381)
(5703.84654839, -6899.90050265, 1034.20565383)
(5703.94144797, -6899.88215951, 1034.20565384)
(5704.01906723, -6899.86826075, 1034.20565383)
(5704.10848623, -6899.85206263, 1034.2056538)
(5704.17290682, -6899.83268317, 1034.20565367)
(5704.2595105, -6899.78361385, 1034.20565367)
(5704.32303695, -6899.73932461, 1034.20565371)
(5704.4049649, -6899.68346924, 1034.20565388)
(5704.46614413, -6899.64089683, 1034.20565386)
(5704.52925778, -6899.59615049, 1034.20565383)
(5704.58083738, -6899.55798947, 1034.20565381)
(5704.65475074, -6899.50077866, 1034.20565381)
(5704.71447402, -6899.45382962, 1034.2056538)
(5704.79735624, -6899.38894752, 1034.20565382)
(5704.85824725, -6899.34143278, 1034.20565382)
(5704.91685932, -6899.29569801, 1034.20565382)
(5704.97576591, -6899.24967953, 1034.20565383)
(5705.0463119, -6899.19443574, 1034.20565383)
(5705.11138091, -6899.14354973, 1034.20565382)
(5705.17384267, -6899.09469517, 1034.20565382)
(5705.23766315, -6899.0500585, 1034.20565379)
(5705.30446564, -6899.01417541, 1034.20565391)
(5705.37569103, -6898.99156499, 1034.20565378)
(5705.4459723, -6898.9790512, 1034.20565388)
(5705.53269864, -6898.95976103, 1034.2056539)
(5705.60811229, -6898.9431401, 1034.2056539)
(5705.69291222, -6898.92300465, 1034.2056538)
(5705.76238101, -6898.91070821, 1034.20565381)
(5705.84919369, -6898.89683266, 1034.20565385)
(5705.91414655, -6898.88464082, 1034.20565384)
(5705.99719894, -6898.86828685, 1034.2056538)
(5706.06200281, -6898.85093938, 1034.2056538)
(5706.14599924, -6898.82722888, 1034.20565383)
(5706.21027205, -6898.80234171, 1034.2056543)
(5706.29807023, -6898.74646011, 1034.20567017)
(5706.37632049, -6898.68244015, 1034.20565391)
(5706.46728052, -6898.61170211, 1034.20565377)
(5706.53929556, -6898.5585648, 1034.20565383)
(5706.62180822, -6898.50027158, 1034.20565381)
(5706.67535554, -6898.46078002, 1034.20565385)
(5706.74900461, -6898.40451267, 1034.20565386)
(5706.85385833, -6898.32476434, 1034.20565383)
(5706.92803238, -6898.2686977, 1034.20565382)
(5707.02071645, -6898.19876268, 1034.20565382)
(5707.08859198, -6898.1474605, 1034.20565382)
(5707.17264922, -6898.0840384, 1034.20565382)
(5707.24108137, -6898.04407361, 1034.20565388)
(5707.33489076, -6898.01390526, 1034.20565384)
(5707.39334163, -6898.00309036, 1034.20565382)
(5707.47370878, -6897.98641625, 1034.20565381)
(5707.55261386, -6897.9683767, 1034.20565383)
(5707.65162274, -6897.94377424, 1034.2056538)
(5707.72511283, -6897.93026017, 1034.20565378)
(5707.83601638, -6897.9101726, 1034.20565384)
(5707.9130025, -6897.89495277, 1034.20565382)
(5708.015499, -6897.87459522, 1034.20565379)
(5708.08308383, -6897.85626798, 1034.20565373)
(5708.17060845, -6897.83034894, 1034.2056537)
(5708.2385302, -6897.80072692, 1034.2056658)
(5708.3252802, -6897.73824334, 1034.20565861)
(5708.39240674, -6897.68825695, 1034.20565376)
(5708.48668474, -6897.62403971, 1034.20565379)
(5708.55236749, -6897.57474634, 1034.20565385)
(5708.63447968, -6897.5099944, 1034.20565384)
(5708.69953781, -6897.45907361, 1034.2056538)
(5708.7688934, -6897.40557994, 1034.20565383)
(5708.8250431, -6897.36203615, 1034.20565383)
(5708.89099315, -6897.31091366, 1034.20565382)
(5708.94679585, -6897.26762229, 1034.20565382)
(5709.01860644, -6897.21193993, 1034.20565382)
(5709.07115132, -6897.17118575, 1034.20565382)
(5709.15147825, -6897.10895628, 1034.20565381)
(5709.21246464, -6897.0667493, 1034.20565384)
(5709.29139799, -6897.0186176, 1034.20565383)
(5709.39633124, -6896.98132783, 1034.20565416)
(5709.46741079, -6896.97730006, 1034.20565371)
(5709.54933156, -6896.96896582, 1034.20565382)
(5709.63141085, -6896.95025365, 1034.20565379)
(5709.73102386, -6896.91775489, 1034.20565389)
(5709.81121432, -6896.90193147, 1034.20565374)
(5709.91642869, -6896.89674975, 1034.20565375)
(5709.98457986, -6896.8856194, 1034.20565382)
(5710.09248643, -6896.84484962, 1034.20565367)
(5710.16105783, -6896.82538236, 1034.20565363)
(5710.25934352, -6896.82059302, 1034.20575521)
(5710.32936039, -6896.83208084, 1034.20565338)
(5710.42816781, -6896.83418309, 1034.20565372)
(5710.49700764, -6896.82671481, 1034.20565381)
(5710.58836715, -6896.81518496, 1034.20565388)
(5710.65431913, -6896.8127993, 1034.20565388)
(5710.74472277, -6896.81294124, 1034.20565381)
(5710.82621516, -6896.80803946, 1034.20565383)
(5710.93375371, -6896.79865965, 1034.20565381)
(5711.01967938, -6896.79541987, 1034.20565379)
(5711.11836942, -6896.79212549, 1034.20565382)
(5711.23244759, -6896.76751733, 1034.20565393)
(5711.29511718, -6896.73285011, 1034.20566458)
(5711.37242875, -6896.67072779, 1034.20565421)
(5711.43384103, -6896.63428828, 1034.20565409)
(5711.51230942, -6896.59491163, 1034.20565346)
(5711.57680677, -6896.55858143, 1034.2056536)
(5711.67173646, -6896.50043085, 1034.20565385)
(5711.75292262, -6896.45190543, 1034.20565382)
(5711.81745013, -6896.4133452, 1034.20565382)
(5711.89863617, -6896.36406041, 1034.20565383)
(5711.99072051, -6896.30814533, 1034.20565383)
(5712.07163133, -6896.25916474, 1034.20565383)
(5712.17087983, -6896.19902236, 1034.20565383)
(5712.26586416, -6896.14140925, 1034.20565383)
(5712.34793823, -6896.09186267, 1034.20565383)
(5712.42548244, -6896.04520273, 1034.20565381)
(5712.49755723, -6896.0128691, 1034.20565385)
(5712.57313711, -6895.9920952, 1034.20565365)
(5712.65847562, -6895.96391242, 1034.20565385)
(5712.75168129, -6895.94413564, 1034.2056538)
(5712.83071831, -6895.93465283, 1034.20565386)
(5712.91067611, -6895.92133478, 1034.20565375)
(5712.99029867, -6895.90673049, 1034.20565382)
(5713.09341286, -6895.88748276, 1034.20565382)
(5713.16850226, -6895.87608533, 1034.20565383)
(5713.27135349, -6895.86026586, 1034.20565383)
(5713.34278705, -6895.84916135, 1034.20565382)
(5713.42031267, -6895.83702311, 1034.20565378)
(5713.49018304, -6895.83306206, 1034.2056537)
(5713.59220492, -6895.83167721, 1034.20565383)
(5713.67400882, -6895.82505346, 1034.20565379)
(5713.76163947, -6895.81653919, 1034.20565387)
(5713.82407376, -6895.81450063, 1034.2056538)
(5713.90703233, -6895.81142605, 1034.20565385)
(5713.99860241, -6895.80677691, 1034.20565382)
(5714.11612647, -6895.80041529, 1034.20565382)
(5714.19376015, -6895.79755621, 1034.20565382)
(5714.2812807, -6895.79408756, 1034.20565382)
(5714.34167966, -6895.78682098, 1034.20565379)
(5714.42559833, -6895.77361846, 1034.20565379)
(5714.5096678, -6895.7483463, 1034.2056538)
(5714.59092137, -6895.70026123, 1034.20565389)
(5714.66202324, -6895.65257406, 1034.2056539)
(5714.74362974, -6895.60410396, 1034.20565408)
(5714.80560723, -6895.56288114, 1034.20565391)
(5714.87901367, -6895.51251738, 1034.20565384)
(5714.95536883, -6895.45775651, 1034.20565383)
(5715.00399619, -6895.42196696, 1034.20565381)
(5715.07681459, -6895.36761365, 1034.20565381)
(5715.15589007, -6895.3092186, 1034.20565382)
(5715.21910236, -6895.26267166, 1034.20565382)
(5715.29668696, -6895.20567191, 1034.20565382)
(5715.35879586, -6895.1598037, 1034.20565382)
(5715.43476115, -6895.10353415, 1034.20565378)
(5715.48269627, -6895.06614806, 1034.20565381)
(5715.5525508, -6895.00926083, 1034.20565386)
(5715.61240475, -6894.95686363, 1034.20565387)
(5715.68502924, -6894.89019699, 1034.20565387)
(5715.73852523, -6894.83989084, 1034.20565383)
(5715.80643278, -6894.77590608, 1034.20565382)
(5715.85838482, -6894.72742418, 1034.20565383)
(5715.92523384, -6894.66522982, 1034.20565383)
(5715.98412135, -6894.61028672, 1034.20565383)
(5716.05780503, -6894.54153457, 1034.20565382)
(5716.13118539, -6894.47306295, 1034.20565382)
(5716.19611007, -6894.41248049, 1034.20565382)
(5716.2631481, -6894.34992517, 1034.20565382)
(5716.31357744, -6894.30286776, 1034.20565382)
(5716.38031263, -6894.24059351, 1034.20565382)
(5716.43255363, -6894.19184482, 1034.20565382)
(5716.50170669, -6894.12731852, 1034.20565382)
(5716.56515067, -6894.07864151, 1034.20565379)
(5716.64348607, -6894.04016252, 1034.20565389)
(5716.7262513, -6894.01945932, 1034.20565399)
(5716.82958557, -6894.00650874, 1034.20565384)
(5716.92419685, -6893.9808642, 1034.20565387)
(5717.03069416, -6893.95180498, 1034.20565377)
(5717.11964072, -6893.92986206, 1034.20565393)
(5717.18034251, -6893.9175141, 1034.20565381)
(5717.26757179, -6893.89926496, 1034.20565386)
(5717.35105466, -6893.88082479, 1034.20565382)
(5717.48494493, -6893.85122514, 1034.20565382)
(5717.56864373, -6893.82194943, 1034.20565395)
(5717.65092787, -6893.75724381, 1034.20565788)
(5717.69046592, -6893.71501809, 1034.20565223)
(5717.76311906, -6893.64665119, 1034.20565386)
(5717.82871142, -6893.59273867, 1034.20565379)
(5717.92643204, -6893.53109907, 1034.20565383)
(5717.9943077, -6893.48467758, 1034.20565382)
(5718.07188251, -6893.41589632, 1034.20565394)
(5718.13708285, -6893.36030615, 1034.20565385)
(5718.21134304, -6893.30029148, 1034.20565382)
(5718.26769566, -6893.25641022, 1034.20565381)
(5718.33027317, -6893.20833565, 1034.20565382)
(5718.38272538, -6893.16685269, 1034.20565383)
(5718.45602121, -6893.10843958, 1034.20565382)
(5718.52281578, -6893.06083884, 1034.20565382)
(5718.60208983, -6893.01078175, 1034.20565383)
(5718.69167554, -6892.97363439, 1034.20565393)
(5718.7753732, -6892.97016797, 1034.20565377)
(5718.87050569, -6892.96344325, 1034.20565398)
(5718.93223625, -6892.95183109, 1034.20565387)
(5719.01800961, -6892.91883361, 1034.20565356)
(5719.08404708, -6892.9016888, 1034.20565415)
(5719.1877096, -6892.89533906, 1034.20565398)
(5719.25637503, -6892.88574273, 1034.20565383)
(5719.35853845, -6892.8556038, 1034.20565397)
(5719.41084666, -6892.84260417, 1034.2056537)
(5719.49793954, -6892.82367326, 1034.20565387)
(5719.56714053, -6892.80190412, 1034.20565395)
(5719.65642362, -6892.74069671, 1034.20565347)
(5719.71547484, -6892.6861869, 1034.20565371)
(5719.79572007, -6892.62248557, 1034.20565378)
(5719.87577344, -6892.56277048, 1034.2056538)
(5719.93260922, -6892.51950064, 1034.20565381)
(5720.00582933, -6892.46302026, 1034.20565384)
(5720.05851207, -6892.42181953, 1034.2056538)
(5720.13281111, -6892.36334534, 1034.20565381)
(5720.19383408, -6892.31539178, 1034.20565382)
(5720.27072366, -6892.25488335, 1034.20565381)
(5720.33005139, -6892.20810361, 1034.20565382)
(5720.40682293, -6892.14743644, 1034.20565382)
(5720.45872015, -6892.10652349, 1034.20565383)
(5720.53397595, -6892.04720772, 1034.20565382)
(5720.59062293, -6892.00972182, 1034.20565385)
(5720.68825893, -6891.97654311, 1034.20565387)
(5720.76776277, -6891.96707909, 1034.20565372)
(5720.85594258, -6891.95110417, 1034.2056537)
(5720.92581426, -6891.93413417, 1034.20565379)
(5721.01358792, -6891.9118556, 1034.20565382)
(5721.10550664, -6891.89783428, 1034.2056538)
(5721.18133172, -6891.88578334, 1034.20565382)
(5721.27208073, -6891.86999883, 1034.20565383)
(5721.34210343, -6891.85295351, 1034.20565379)
(5721.44474625, -6891.82565685, 1034.2056537)
(5721.50884158, -6891.80069529, 1034.20566345)
(5721.58981236, -6891.74438626, 1034.20565455)
(5721.63859278, -6891.70683608, 1034.20565375)
(5721.7227498, -6891.64873438, 1034.2056538)
(5721.7798675, -6891.60842458, 1034.20565383)
(5721.86198688, -6891.5491953, 1034.20565383)
(5721.93886646, -6891.49178781, 1034.20565384)
(5722.04669444, -6891.40904999, 1034.20565382)
(5722.11131046, -6891.36020244, 1034.20565383)
(5722.17412483, -6891.31312077, 1034.20565383)
(5722.24774831, -6891.25718237, 1034.20565382)
(5722.34292216, -6891.18457473, 1034.20565383)
(5722.41696946, -6891.12784158, 1034.20565382)
(5722.49851526, -6891.06525749, 1034.20565381)
(5722.56861602, -6891.02269768, 1034.2056537)
(5722.64284182, -6891.00124841, 1034.20565388)
(5722.75273153, -6890.99021799, 1034.20565408)
(5722.82867085, -6890.97700429, 1034.2056537)
(5722.91905702, -6890.94750638, 1034.20565411)
(5722.99024351, -6890.93165788, 1034.20565396)
(5723.07277634, -6890.91858066, 1034.20565382)
(5723.14825567, -6890.90403136, 1034.20565377)
(5723.23251321, -6890.88726191, 1034.20565385)
(5723.30842929, -6890.8734198, 1034.20565382)
(5723.40104731, -6890.8563268, 1034.20565381)
(5723.465448, -6890.83731382, 1034.20565398)
(5723.54934542, -6890.78838298, 1034.2056541)
(5723.61325366, -6890.74272084, 1034.20565384)
(5723.68117653, -6890.69860562, 1034.20565387)
(5723.74163854, -6890.65644915, 1034.20565384)
(5723.80860838, -6890.60779732, 1034.20565382)
(5723.87095831, -6890.56068926, 1034.20565383)
(5723.93548369, -6890.51094949, 1034.20565383)
(5723.99282672, -6890.46631052, 1034.20565381)
(5724.06285645, -6890.41182349, 1034.20565383)
(5724.12179856, -6890.36590577, 1034.20565383)
(5724.18589652, -6890.3158575, 1034.20565383)
(5724.23828564, -6890.27493958, 1034.20565383)
(5724.31144861, -6890.21769183, 1034.20565382)
(5724.36773747, -6890.17368719, 1034.20565382)
(5724.43862951, -6890.11820124, 1034.20565382)
(5724.49507456, -6890.07783775, 1034.20565383)
(5724.56822865, -6890.03008119, 1034.20565382)
(5724.62980447, -6889.99842378, 1034.20565401)
(5724.72331268, -6889.98100686, 1034.20565759)
(5724.79070101, -6889.97128091, 1034.20565389)
(5724.87766163, -6889.95064968, 1034.20565377)
(5724.95564353, -6889.93420653, 1034.20565385)
(5725.04780417, -6889.91526643, 1034.20565381)
(5725.12139284, -6889.90224387, 1034.20565382)
(5725.21646128, -6889.88492066, 1034.20565382)
(5725.28150814, -6889.87324098, 1034.20565383)
(5725.37172084, -6889.85681053, 1034.20565381)
(5725.43991911, -6889.83875094, 1034.20565385)
(5725.53356163, -6889.81109682, 1034.2056537)
(5725.61919874, -6889.77068297, 1034.20565912)
(5725.67922285, -6889.72851031, 1034.20565466)
(5725.74974705, -6889.66559951, 1034.20565441)
(5725.80486035, -6889.61951592, 1034.20565395)
(5725.87548718, -6889.56364707, 1034.20565382)
(5725.94399173, -6889.51113639, 1034.20565385)
(5726.02743257, -6889.4474824, 1034.20565381)
(5726.09747543, -6889.39230348, 1034.2056538)
(5726.17944301, -6889.32693025, 1034.20565382)
(5726.23649173, -6889.28186506, 1034.20565382)
(5726.315789, -6889.21957919, 1034.20565382)
(5726.374476, -6889.17328721, 1034.20565382)
(5726.45027629, -6889.11336876, 1034.20565382)
(5726.50780836, -6889.07570206, 1034.20565383)
(5726.59148254, -6889.04042543, 1034.20565382)
(5726.65878778, -6889.02464152, 1034.20565379)
(5726.75781937, -6889.00567603, 1034.20565394)
(5726.83665442, -6888.98487569, 1034.20565375)
(5726.93313444, -6888.95413149, 1034.20565381)
(5727.01010343, -6888.93745333, 1034.20565378)
(5727.10548356, -6888.92523426, 1034.20565389)
(5727.17771982, -6888.91022789, 1034.2056538)
(5727.28267384, -6888.87985635, 1034.20565396)
(5727.35336727, -6888.86777955, 1034.20565415)
(5727.4686041, -6888.86605105, 1034.20565381)
(5727.55747042, -6888.85729745, 1034.20565385)
(5727.67144705, -6888.83561339, 1034.2056538)
(5727.79915363, -6888.83190241, 1034.20565393)
(5727.89553476, -6888.8296245, 1034.20565393)
(5728.03402377, -6888.81551733, 1034.20565381)
(5728.13485493, -6888.81139693, 1034.20565388)
(5728.26036895, -6888.80783133, 1034.20565385)
(5728.33965708, -6888.80116139, 1034.20565383)
(5728.44044898, -6888.79213827, 1034.20565378)
(5728.50152823, -6888.78038203, 1034.20565382)
(5728.58841073, -6888.74180956, 1034.20565384)
(5728.65804232, -6888.69693539, 1034.2056534)
(5728.74003019, -6888.6410287, 1034.20565377)
(5728.82457239, -6888.58475561, 1034.20565382)
(5728.88605964, -6888.54092619, 1034.20565385)
(5728.96703927, -6888.47994116, 1034.2056538)
(5729.02774378, -6888.43356145, 1034.20565384)
(5729.10100329, -6888.37784362, 1034.20565382)
(5729.15728743, -6888.33453033, 1034.20565383)
(5729.23211878, -6888.27677924, 1034.20565382)
(5729.29798595, -6888.22564665, 1034.20565382)
(5729.37521999, -6888.1656088, 1034.20565382)
(5729.45346554, -6888.10479699, 1034.20565382)
(5729.50852779, -6888.06840761, 1034.20565384)
(5729.60087091, -6888.03074948, 1034.20565382)
(5729.66307455, -6888.01684845, 1034.20565375)
(5729.76010224, -6887.99667234, 1034.20565391)
(5729.83392185, -6887.97838045, 1034.20565381)
(5729.94087216, -6887.94799078, 1034.20565379)
(5730.01439976, -6887.93424349, 1034.20565384)
(5730.10396646, -6887.91895211, 1034.20565379)
(5730.17106558, -6887.90474479, 1034.20565381)
(5730.26590007, -6887.88363512, 1034.20565384)
(5730.34675356, -6887.86888503, 1034.20565387)
(5730.44649713, -6887.84011803, 1034.20565358)
(5730.5192587, -6887.80904338, 1034.20570146)
(5730.60477821, -6887.75099788, 1034.20565457)
(5730.66267673, -6887.70790199, 1034.20565375)
(5730.73740418, -6887.65525571, 1034.20565381)
(5730.79163373, -6887.61585109, 1034.20565383)
(5730.86686241, -6887.55969013, 1034.20565382)
(5730.92950456, -6887.5116154, 1034.20565382)
(5731.00562582, -6887.45211794, 1034.20565383)
(5731.0637268, -6887.40707283, 1034.20565382)
(5731.13293952, -6887.35343902, 1034.20565382)
(5731.18648201, -6887.31194989, 1034.20565382)
(5731.26483591, -6887.25123296, 1034.20565382)
(5731.32392784, -6887.20544229, 1034.20565382)
(5731.38791505, -6887.15585512, 1034.20565382)
(5731.45027096, -6887.10753347, 1034.20565382)
(5731.54004896, -6887.03795786, 1034.20565382)
(5731.60605611, -6886.99609312, 1034.20565363)
(5731.70029365, -6886.97904578, 1034.20565378)
(5731.77780874, -6886.97686928, 1034.20565391)
(5731.87474516, -6886.95845855, 1034.20565383)
(5731.95313903, -6886.93762389, 1034.20565382)
(5732.04516953, -6886.91572405, 1034.20565381)
(5732.10878259, -6886.90536712, 1034.20565381)
(5732.1941202, -6886.89287921, 1034.20565383)
(5732.27175367, -6886.87802047, 1034.20565383)
(5732.3668212, -6886.85816454, 1034.2056538)
(5732.44185228, -6886.83747236, 1034.20565386)
(5732.52834654, -6886.8138157, 1034.20565382)
(5732.58804191, -6886.79210208, 1034.20565549)
(5732.66086425, -6886.7432335, 1034.20565167)
(5732.7468516, -6886.66445179, 1034.20567949)
(5732.80364194, -6886.61057114, 1034.20565372)
(5732.89867347, -6886.54248241, 1034.20565432)
(5732.96480134, -6886.49397534, 1034.20565388)
(5733.0374317, -6886.43776485, 1034.20565379)
(5733.08444213, -6886.40065792, 1034.20565384)
(5733.17762939, -6886.32678713, 1034.20565382)
(5733.24376088, -6886.27515013, 1034.20565381)
(5733.34655848, -6886.19526205, 1034.20565382)
(5733.43903696, -6886.1225571, 1034.20565382)
(5733.52271802, -6886.05665762, 1034.20565382)
(5733.60587839, -6886.00685323, 1034.20565381)
(5733.70600525, -6885.97621218, 1034.20565382)
(5733.79831287, -6885.9655145, 1034.20565364)
(5733.89268896, -6885.94824885, 1034.20565351)
(5733.96464235, -6885.93101672, 1034.20565379)
(5734.01848996, -6885.91800332, 1034.20565381)
(5734.09692541, -6885.90384925, 1034.20565382)
(5734.19672655, -6885.88736623, 1034.2056538)
(5734.27833964, -6885.87219342, 1034.20565382)
(5734.37001588, -6885.85472013, 1034.20565381)
(5734.44400383, -6885.83080023, 1034.20565362)
(5734.51437793, -6885.78919989, 1034.2056539)
(5734.57674086, -6885.74480369, 1034.20565406)
(5734.64355038, -6885.70019009, 1034.20565384)
(5734.71363576, -6885.6522482, 1034.20565384)
(5734.77390562, -6885.60994601, 1034.20565387)
(5734.83445414, -6885.5658333, 1034.2056538)
(5734.91477079, -6885.50540155, 1034.20565381)
(5734.97384391, -6885.46101577, 1034.20565382)
(5735.04744994, -6885.4057058, 1034.20565383)
(5735.10898405, -6885.3591254, 1034.20565382)
(5735.17275826, -6885.3107212, 1034.20565382)
(5735.2329095, -6885.26501775, 1034.20565382)
(5735.30647633, -6885.20899073, 1034.20565382)
(5735.39332342, -6885.14306287, 1034.20565381)
(5735.45620901, -6885.09968901, 1034.20565381)
(5735.52095899, -6885.05803424, 1034.20565383)
(5735.58114794, -6885.02716255, 1034.20565401)
(5735.66462344, -6885.00858309, 1034.2056532)
(5735.74165625, -6884.99432923, 1034.20565387)
(5735.83276824, -6884.97077571, 1034.20565388)
(5735.89129273, -6884.95814653, 1034.2056538)
(5735.99110827, -6884.93721192, 1034.20565382)
(5736.06640965, -6884.9224173, 1034.20565384)
(5736.15257562, -6884.90466507, 1034.20565384)
(5736.21945277, -6884.8919349, 1034.20565383)
(5736.30543616, -6884.87542535, 1034.20565376)
(5736.38445335, -6884.86515293, 1034.20565389)
(5736.46912149, -6884.8538911, 1034.20565378)
(5736.54662018, -6884.84877991, 1034.20565382)
(5736.62522897, -6884.84299389, 1034.20565382)
(5736.70099089, -6884.83764327, 1034.20565382)
(5736.79699129, -6884.83058397, 1034.20565381)
(5736.86624407, -6884.8266088, 1034.20565382)
(5736.9643839, -6884.82055564, 1034.20565383)
(5737.04147915, -6884.81576384, 1034.20565383)
(5737.12021137, -6884.81080412, 1034.20565383)
(5737.18205034, -6884.80698641, 1034.20565383)
(5737.26574199, -6884.80187173, 1034.20565383)
(5737.35323572, -6884.79842088, 1034.20565383)
(5737.45436355, -6884.79406827, 1034.20565383)
(5737.53904082, -6884.79259902, 1034.20565381)
(5737.62576593, -6884.79020774, 1034.20565383)
(5737.67988164, -6884.78910233, 1034.20565383)
(5737.78273536, -6884.78696617, 1034.20565383)
(5737.8591399, -6884.78538007, 1034.20565383)
(5737.94916662, -6884.78351591, 1034.20565383)
(5738.00946873, -6884.78239709, 1034.20565383)
(5738.1077658, -6884.7806381, 1034.20565383)
(5738.18663862, -6884.77913128, 1034.20565383)
(5738.28822945, -6884.77725121, 1034.20565381)
(5738.35060989, -6884.77646933, 1034.20565382)
(5738.46832604, -6884.77483693, 1034.20565383)
(5738.55921995, -6884.77424289, 1034.20565383)
(5738.64925916, -6884.77337279, 1034.20565382)
(5738.72402949, -6884.77284356, 1034.20565383)
(5738.80085977, -6884.77232175, 1034.20565383)
(5738.8842898, -6884.77170179, 1034.20565383)
(5739.00035692, -6884.77100746, 1034.20565383)
(5739.09658933, -6884.7703668, 1034.20565383)
(5739.16102078, -6884.76996535, 1034.20565383)
(5739.23453695, -6884.76948698, 1034.20565383)
(5739.3262272, -6884.76890425, 1034.20565383)
(5739.41092285, -6884.76888322, 1034.20565383)
(5739.51542959, -6884.76872294, 1034.20565383)
(5739.59142882, -6884.76860395, 1034.20565383)
(5739.66949532, -6884.76854702, 1034.20565383)
(5739.7343416, -6884.76848626, 1034.20565383)
(5739.8355395, -6884.76850023, 1034.20565383)
(5739.92351336, -6884.76845482, 1034.20565383)
(5740.01974903, -6884.76843862, 1034.20565382)
(5740.09902382, -6884.76803775, 1034.20565382)
(5740.18409603, -6884.76760326, 1034.20565382)
(5740.2501808, -6884.76736153, 1034.20565383)
(5740.33774241, -6884.76707685, 1034.20565382)
(5740.4160553, -6884.76027924, 1034.20565384)
(5740.53763262, -6884.74683305, 1034.20565394)
(5740.60485836, -6884.73230605, 1034.20565366)
(5740.70821129, -6884.67428597, 1034.2056602)
(5740.75718787, -6884.62959164, 1034.20565928)
(5740.82022112, -6884.5633473, 1034.20565424)
(5740.87455008, -6884.51190538, 1034.20565408)
(5740.96705108, -6884.44293451, 1034.20565389)
(5741.03136153, -6884.39570184, 1034.20565371)
(5741.12176936, -6884.32477063, 1034.20565383)
(5741.17544395, -6884.28144269, 1034.20565382)
(5741.2422699, -6884.22688811, 1034.20565381)
(5741.29114107, -6884.18745723, 1034.20565383)
(5741.35940603, -6884.13256304, 1034.20565383)
(5741.41685823, -6884.08660545, 1034.20565383)
(5741.48632174, -6884.031192, 1034.20565382)
(5741.53467159, -6883.99246039, 1034.20565383)
(5741.61197474, -6883.93043285, 1034.20565383)
(5741.66772544, -6883.88573938, 1034.20565382)
(5741.75476549, -6883.81604179, 1034.20565385)
(5741.80981876, -6883.77587391, 1034.20565383)
(5741.88355824, -6883.72685646, 1034.20565381)
(5741.94188181, -6883.69588881, 1034.205654)
(5742.02702697, -6883.67737075, 1034.20565864)
(5742.10246224, -6883.66693853, 1034.2056536)
(5742.20010975, -6883.64647256, 1034.20565385)
(5742.27761512, -6883.62967039, 1034.20565381)
(5742.35749436, -6883.61212941, 1034.20565379)
(5742.41322612, -6883.60266166, 1034.20565385)
(5742.50618368, -6883.58793466, 1034.20565383)
(5742.58214692, -6883.57397877, 1034.20565381)
(5742.68397052, -6883.55452448, 1034.20565381)
(5742.75292711, -6883.54895666, 1034.20565359)
(5742.82950872, -6883.54868904, 1034.20565371)
(5742.89076414, -6883.5448884, 1034.20565373)
(5742.9960416, -6883.53353326, 1034.20565383)
(5743.07035403, -6883.52995534, 1034.20565386)
(5743.16607768, -6883.52594124, 1034.20565386)
(5743.2365344, -6883.52127665, 1034.20565382)
(5743.335829, -6883.51461116, 1034.20565383)
(5743.40556759, -6883.51114582, 1034.20565383)
(5743.5247657, -6883.50461299, 1034.20565383)
(5743.59569386, -6883.50064002, 1034.20565382)
(5743.68641642, -6883.49555092, 1034.20565382)
(5743.75555117, -6883.48466699, 1034.20565395)
(5743.85990982, -6883.44027086, 1034.2056538)
(5743.93838015, -6883.39202955, 1034.20565395)
(5744.0364365, -6883.34296639, 1034.2056537)
(5744.1216931, -6883.2843382, 1034.20565387)
(5744.17136534, -6883.24480773, 1034.20565351)
(5744.2379734, -6883.19299245, 1034.20565384)
(5744.3108716, -6883.13796374, 1034.20565382)
(5744.39466317, -6883.07549436, 1034.20565383)
(5744.4611765, -6883.02450627, 1034.20565383)
(5744.56353045, -6882.94560414, 1034.20565382)
(5744.61794435, -6882.90389166, 1034.20565382)
(5744.68841925, -6882.84986684, 1034.20565382)
(5744.74403795, -6882.80548394, 1034.20565382)
(5744.81515017, -6882.74668318, 1034.20565382)
(5744.86780727, -6882.7009478, 1034.20565386)
(5744.9376261, -6882.63743094, 1034.20565381)
(5744.98676852, -6882.59152085, 1034.20565383)
(5745.05246591, -6882.5294767, 1034.20565382)
(5745.10069111, -6882.48428705, 1034.20565382)
(5745.16953971, -6882.42000486, 1034.20565382)
(5745.21903095, -6882.37375034, 1034.20565383)
(5745.28274531, -6882.31427832, 1034.20565383)
(5745.33676619, -6882.26380892, 1034.20565383)
(5745.40622446, -6882.19899471, 1034.20565383)
(5745.46207371, -6882.14684767, 1034.20565382)
(5745.54029111, -6882.07386778, 1034.20565383)
(5745.59524372, -6882.0225775, 1034.20565382)
(5745.6556395, -6881.96622196, 1034.20565382)
(5745.70576322, -6881.9194422, 1034.20565382)
(5745.77310183, -6881.8566079, 1034.20565382)
(5745.82071279, -6881.81147936, 1034.20565383)
(5745.88153099, -6881.7532973, 1034.20565383)
(5745.93165205, -6881.70484804, 1034.20565383)
(5746.0031959, -6881.63464848, 1034.20565383)
(5746.05796178, -6881.58079863, 1034.20565382)
(5746.12070599, -6881.51914447, 1034.20565382)
(5746.17700307, -6881.46388292, 1034.20565382)
(5746.2373953, -6881.40454547, 1034.20565382)
(5746.27806174, -6881.36460882, 1034.20565382)
(5746.34756412, -6881.29627459, 1034.20565383)
(5746.39617308, -6881.24850982, 1034.20565382)
(5746.46185613, -6881.18394506, 1034.20565383)
(5746.5089885, -6881.13762426, 1034.20565382)
(5746.57055131, -6881.07711176, 1034.20565382)
(5746.60914019, -6881.03918519, 1034.20565382)
(5746.66834648, -6880.98099193, 1034.20565382)
(5746.71842316, -6880.93177495, 1034.20565382)
(5746.78792693, -6880.86343876, 1034.20565382)
(5746.83431386, -6880.81756553, 1034.20565382)
(5746.88476846, -6880.76758172, 1034.20565382)
(5746.93392658, -6880.71863332, 1034.20565384)
(5746.99644353, -6880.65618984, 1034.20565383)
(5747.04732862, -6880.60545098, 1034.20565382)
(5747.11395148, -6880.53891428, 1034.20565383)
(5747.15604085, -6880.49689725, 1034.20565382)
(5747.22059068, -6880.43237347, 1034.20565382)
(5747.26588632, -6880.38713281, 1034.20565382)
(5747.32137464, -6880.33164737, 1034.20565382)
(5747.37191297, -6880.28113571, 1034.20565383)
(5747.439616, -6880.2133398, 1034.20565382)
(5747.49655741, -6880.15638071, 1034.20565382)
(5747.55846185, -6880.09445492, 1034.20565382)
(5747.60752033, -6880.04538286, 1034.20565382)
(5747.64987222, -6880.00303883, 1034.20565383)
(5747.70598799, -6879.94699871, 1034.20565382)
(5747.77856582, -6879.8747046, 1034.20565381)
(5747.83563924, -6879.82221112, 1034.20565382)
(5747.907359, -6879.76465384, 1034.2056538)
(5747.98646735, -6879.72045607, 1034.20565395)
(5748.04973477, -6879.70885869, 1034.2056539)
(5748.12849858, -6879.70477284, 1034.20565366)
(5748.20646147, -6879.69193948, 1034.20565371)
(5748.29782623, -6879.66166291, 1034.20565356)
(5748.40728896, -6879.63674213, 1034.20565392)
(5748.49198011, -6879.62004617, 1034.20565381)
(5748.59241296, -6879.597913, 1034.20565381)
(5748.65493252, -6879.58413851, 1034.20565383)
(5748.7400343, -6879.56537402, 1034.20565381)
(5748.81341549, -6879.53952057, 1034.20565336)
(5748.88894999, -6879.48989316, 1034.20565417)
(5748.94882098, -6879.44251859, 1034.20565344)
(5749.04139312, -6879.37515475, 1034.20565388)
(5749.10817925, -6879.32495679, 1034.20565383)
(5749.17233957, -6879.27539308, 1034.2056538)
(5749.22562096, -6879.23361848, 1034.20565384)
(5749.29913209, -6879.17549896, 1034.20565383)
(5749.35675474, -6879.12993348, 1034.20565382)
(5749.4263176, -6879.0748247, 1034.20565383)
(5749.48192237, -6879.03067279, 1034.20565383)
(5749.53296874, -6878.99006867, 1034.20565383)
(5749.57983264, -6878.9528058, 1034.20565383)
(5749.64604772, -6878.90007596, 1034.20565383)
(5749.72749038, -6878.83527767, 1034.20565383)
(5749.78547507, -6878.79263081, 1034.20565384)
(5749.84786439, -6878.74953437, 1034.20565383)
(5749.9019444, -6878.71866702, 1034.20565386)
(5749.96806397, -6878.69900059, 1034.20565371)
(5750.02770505, -6878.68709889, 1034.20565417)
(5750.11836366, -6878.66545934, 1034.2056538)
(5750.18718405, -6878.65113205, 1034.20565383)
(5750.27296902, -6878.63209188, 1034.20565382)
(5750.33184102, -6878.62129973, 1034.20565384)
(5750.40577727, -6878.60787614, 1034.20565383)
(5750.46627528, -6878.59691746, 1034.20565382)
(5750.55929221, -6878.57974073, 1034.20565382)
(5750.61394046, -6878.56602958, 1034.20565385)
(5750.69280235, -6878.54380242, 1034.20565376)
(5750.75315458, -6878.52109057, 1034.20565413)
(5750.83333093, -6878.47046363, 1034.20565406)
(5750.87703629, -6878.43969469, 1034.20565387)
(5750.93685515, -6878.3998049, 1034.20565388)
(5750.99422586, -6878.36201807, 1034.2056538)
(5751.06619608, -6878.31434943, 1034.20565382)
(5751.1202881, -6878.27606015, 1034.20565377)
(5751.18603412, -6878.22713654, 1034.20565385)
(5751.23291086, -6878.19185764, 1034.20565383)
(5751.29941303, -6878.1415324, 1034.20565383)
(5751.35586607, -6878.09911093, 1034.20565383)
(5751.41727746, -6878.05297343, 1034.20565382)
(5751.47498032, -6878.00949263, 1034.20565382)
(5751.54383809, -6877.95749649, 1034.20565383)
(5751.59448382, -6877.91908794, 1034.20565382)
(5751.65035359, -6877.87663032, 1034.20565382)
(5751.69771221, -6877.84067679, 1034.20565382)
(5751.75522313, -6877.79693661, 1034.20565382)
(5751.80884272, -6877.76213134, 1034.2056538)
(5751.88431929, -6877.73244551, 1034.20565383)
(5751.94943759, -6877.71839333, 1034.20565393)
(5752.02638937, -6877.70322722, 1034.20565374)
(5752.08347515, -6877.68999341, 1034.20565384)
(5752.1543954, -6877.67230897, 1034.20565383)
(5752.22367252, -6877.65658478, 1034.2056538)
(5752.3033739, -6877.63848497, 1034.20565378)
(5752.3654138, -6877.62665522, 1034.20565382)
(5752.43717021, -6877.61306065, 1034.20565382)
(5752.49839673, -6877.60120446, 1034.20565382)
(5752.58308866, -6877.58448127, 1034.20565383)
(5752.65235455, -6877.56627499, 1034.20565379)
(5752.73464239, -6877.54272151, 1034.20565378)
(5752.7975843, -6877.51775746, 1034.20565366)
(5752.86055456, -6877.47674378, 1034.20565387)
(5752.910745, -6877.44046721, 1034.20565417)
(5752.96779615, -6877.39957578, 1034.20565384)
(5753.03572647, -6877.35316746, 1034.20565385)
(5753.10759273, -6877.30217471, 1034.20565382)
(5753.19161218, -6877.24048294, 1034.20565381)
(5753.27154449, -6877.17954426, 1034.20565383)
(5753.34421456, -6877.12301465, 1034.2056538)
(5753.39935655, -6877.08028905, 1034.20565382)
(5753.44085368, -6877.04821542, 1034.20565383)
(5753.50062014, -6877.00196974, 1034.20565383)
(5753.55973665, -6876.95622299, 1034.20565383)
(5753.62240338, -6876.9076538, 1034.20565382)
(5753.70685635, -6876.84204925, 1034.20565382)
(5753.76640518, -6876.79956574, 1034.20565382)
(5753.82778533, -6876.75901846, 1034.20565382)
(5753.88253134, -6876.7287634, 1034.20565385)
(5753.94657255, -6876.71048325, 1034.20565379)
(5753.99429562, -6876.7004081, 1034.20565361)
(5754.06244598, -6876.68538332, 1034.20565374)
(5754.11896824, -6876.67325755, 1034.20565376)
(5754.204847, -6876.65418538, 1034.20565381)
(5754.26720618, -6876.64168352, 1034.20565382)
(5754.33393935, -6876.62823142, 1034.20565384)
(5754.38939964, -6876.61704801, 1034.20565382)
(5754.45619041, -6876.60347548, 1034.20565384)
(5754.52153013, -6876.59154524, 1034.20565384)
(5754.59707773, -6876.57766321, 1034.20565381)
(5754.64936111, -6876.56474095, 1034.20565394)
(5754.71509727, -6876.54636834, 1034.20565382)
(5754.77107253, -6876.52604202, 1034.20565396)
(5754.84563524, -6876.49375766, 1034.2056538)
(5754.90239476, -6876.4632866, 1034.2056544)
(5754.96814696, -6876.41504715, 1034.20565337)
(5755.01727625, -6876.37685602, 1034.20565384)
(5755.07280291, -6876.33638982, 1034.20565386)
(5755.11848296, -6876.30285453, 1034.20565383)
(5755.17277142, -6876.26227007, 1034.20565383)
(5755.23073519, -6876.21843385, 1034.20565383)
(5755.2854749, -6876.17650969, 1034.20565383)
(5755.3413437, -6876.13336675, 1034.20565383)
(5755.38440989, -6876.09996827, 1034.20565382)
(5755.42839973, -6876.0657271, 1034.20565382)
(5755.47793145, -6876.0272239, 1034.20565383)
(5755.53556534, -6875.98232593, 1034.20565383)
(5755.59153627, -6875.93864145, 1034.20565382)
(5755.64031463, -6875.90049822, 1034.20565382)
(5755.67925, -6875.86989538, 1034.20565383)
(5755.72884295, -6875.83081436, 1034.20565382)
(5755.78842973, -6875.78373918, 1034.20565383)
(5755.84356848, -6875.74674088, 1034.20565384)
(5755.9153293, -6875.71466788, 1034.20565382)
(5755.98341796, -6875.6961617, 1034.20565375)
(5756.05616201, -6875.68297193, 1034.20565393)
(5756.11940918, -6875.66747299, 1034.205654)
(5756.16909342, -6875.65520389, 1034.20565391)
(5756.24524988, -6875.63635943, 1034.20565386)
(5756.31091435, -6875.62385929, 1034.2056538)
(5756.4007675, -6875.60810718, 1034.20565379)
(5756.46809783, -6875.59511298, 1034.20565383)
(5756.54920428, -6875.57942405, 1034.2056538)
(5756.60896312, -6875.57151236, 1034.20565379)
(5756.66426618, -6875.56489995, 1034.20565382)
(5756.72585102, -6875.55868512, 1034.20565384)
(5756.81120829, -6875.54977206, 1034.20565382)
(5756.87707733, -6875.54557804, 1034.20565382)
(5756.96029466, -6875.54020691, 1034.20565381)
(5757.02749239, -6875.53585259, 1034.20565383)
(5757.1099344, -6875.53025028, 1034.20565382)
(5757.18088124, -6875.52622694, 1034.20565382)
(5757.26624582, -6875.52111394, 1034.20565383)
(5757.33181593, -6875.51727392, 1034.20565382)
(5757.39779269, -6875.51341137, 1034.20565383)
(5757.44521508, -6875.51066787, 1034.20565383)
(5757.50872152, -6875.50703045, 1034.20565383)
(5757.57636026, -6875.50326109, 1034.20565383)
(5757.65265726, -6875.49902586, 1034.20565383)
(5757.72118752, -6875.48851266, 1034.20565372)
(5757.78134248, -6875.46740816, 1034.20565383)
(5757.83062247, -6875.44470269, 1034.20565387)
(5757.88927642, -6875.41888172, 1034.20565381)
(5757.94284633, -6875.39098916, 1034.20565389)
(5758.01682066, -6875.33984836, 1034.20565348)
(5758.06690738, -6875.3052414, 1034.20565391)
(5758.14476473, -6875.25191438, 1034.20565382)
(5758.21693276, -6875.20063099, 1034.20565382)
(5758.28947423, -6875.14786511, 1034.20565382)
(5758.33295807, -6875.11560915, 1034.20565383)
(5758.38019394, -6875.0801701, 1034.20565383)
(5758.43399522, -6875.03973621, 1034.20565383)
(5758.494023, -6874.99456854, 1034.20565382)
(5758.56519108, -6874.9408906, 1034.20565384)
(5758.61169238, -6874.90585906, 1034.20565382)
(5758.67067527, -6874.8613337, 1034.20565381)
(5758.72755085, -6874.8181722, 1034.20565382)
(5758.80244864, -6874.7612079, 1034.20565381)
(5758.84455941, -6874.73335529, 1034.2056538)
(5758.903085, -6874.70743464, 1034.20565378)
(5758.95978635, -6874.69135771, 1034.20565376)
(5759.0244072, -6874.68003108, 1034.20565405)
(5759.09906315, -6874.66440099, 1034.20565386)
(5759.15814731, -6874.65065369, 1034.2056538)
(5759.22598757, -6874.63421638, 1034.20565379)
(5759.27953859, -6874.62432187, 1034.20565383)
(5759.33037714, -6874.61559644, 1034.20565387)
(5759.39089011, -6874.60478364, 1034.20565381)
(5759.44816991, -6874.59432462, 1034.20565382)
(5759.52088256, -6874.58090188, 1034.20565383)
(5759.58513666, -6874.56949783, 1034.20565383)
(5759.66077449, -6874.55598731, 1034.20565381)
(5759.72805922, -6874.53612133, 1034.20565364)
(5759.79709256, -6874.49830624, 1034.20565361)
(5759.85067732, -6874.46212214, 1034.2056539)
(5759.89746869, -6874.42863401, 1034.2056538)
(5759.9418149, -6874.39776455, 1034.20565383)
(5759.99437864, -6874.36237836, 1034.20565381)
(5760.05356052, -6874.32213196, 1034.20565383)
(5760.1046793, -6874.28618511, 1034.20565382)
(5760.15928094, -6874.24660217, 1034.20565383)
(5760.20980512, -6874.20919375, 1034.20565383)
(5760.24913136, -6874.1796706, 1034.20565382)
(5760.29879948, -6874.14196552, 1034.2056538)
(5760.33911899, -6874.11174169, 1034.20565383)
(5760.38638239, -6874.07632152, 1034.20565382)
(5760.42989674, -6874.04353212, 1034.20565382)
(5760.47995547, -6874.00571311, 1034.20565382)
(5760.52862516, -6873.96881213, 1034.20565383)
(5760.57528366, -6873.93335178, 1034.20565382)
(5760.62783398, -6873.89334975, 1034.20565384)
(5760.67292293, -6873.85916155, 1034.20565382)
(5760.72297367, -6873.8212524, 1034.20565383)
(5760.76643238, -6873.79106546, 1034.20565383)
(5760.81663912, -6873.75944802, 1034.20565382)
(5760.86417835, -6873.73286698, 1034.20565367)
(5760.92016873, -6873.71649417, 1034.20565239)
(5760.97217131, -6873.70507133, 1034.20567608)
(5761.03653367, -6873.69081412, 1034.20565444)
(5761.09079143, -6873.67809069, 1034.20565415)
(5761.15664407, -6873.66431433, 1034.20565381)
(5761.20590664, -6873.65394391, 1034.20565382)
(5761.26850462, -6873.64053478, 1034.20565382)
(5761.32645675, -6873.62930568, 1034.2056538)
(5761.38601639, -6873.617734, 1034.20565383)
(5761.44361144, -6873.60670876, 1034.20565382)
(5761.50485114, -6873.59485942, 1034.20565383)
(5761.5576567, -6873.58519062, 1034.20565382)
(5761.61372609, -6873.57493376, 1034.20565383)
(5761.67723628, -6873.55872323, 1034.2056538)
(5761.75023565, -6873.53704677, 1034.20565378)
(5761.80623383, -6873.51539325, 1034.20565427)
(5761.86856567, -6873.47742944, 1034.20565272)
(5761.91778995, -6873.44169854, 1034.20565384)
(5761.95778012, -6873.41175103, 1034.20565385)
(5762.00967463, -6873.37364546, 1034.20565387)
(5762.05302314, -6873.34259936, 1034.20565387)
(5762.09600352, -6873.311846, 1034.20565385)
(5762.13973474, -6873.27991561, 1034.20565384)
(5762.19117744, -6873.24176432, 1034.20565382)
(5762.23736301, -6873.20687778, 1034.20565383)
(5762.2786425, -6873.17514136, 1034.20565383)
(5762.32363039, -6873.14014243, 1034.20565383)
(5762.36993642, -6873.10420292, 1034.20565383)
(5762.41459036, -6873.06952315, 1034.20565382)
(5762.45726855, -6873.03632503, 1034.20565382)
(5762.49472455, -6873.00716091, 1034.20565383)
(5762.53703762, -6872.9741567, 1034.20565383)
(5762.57675283, -6872.94317695, 1034.20565382)
(5762.62945479, -6872.90199844, 1034.20565382)
(5762.66887455, -6872.87127704, 1034.20565382)
(5762.712534, -6872.83726703, 1034.20565383)
(5762.75947714, -6872.8007351, 1034.20565383)
(5762.79927287, -6872.77283073, 1034.20565383)
(5762.84604672, -6872.74866274, 1034.20565383)
(5762.89676073, -6872.72852203, 1034.20565384)
(5762.9431263, -6872.71270325, 1034.20565371)
(5762.99272889, -6872.70117648, 1034.20565356)
(5763.04704004, -6872.6889622, 1034.20565381)
(5763.09772799, -6872.67736585, 1034.20565385)
(5763.15801616, -6872.66319404, 1034.20565386)
(5763.21574014, -6872.64891553, 1034.20565379)
(5763.27633785, -6872.63645817, 1034.20565388)
(5763.35946765, -6872.62049108, 1034.20565382)
(5763.42378584, -6872.60718126, 1034.20565386)
(5763.49107665, -6872.59444248, 1034.20565383)
(5763.54179912, -6872.58486108, 1034.20565383)
(5763.58850344, -6872.57629019, 1034.20565383)
(5763.64172272, -6872.5665286, 1034.20565383)
(5763.69166093, -6872.554103, 1034.20565385)
(5763.76479381, -6872.53266832, 1034.20565404)
(5763.81058536, -6872.51478333, 1034.20565469)
(5763.88044643, -6872.47272479, 1034.20565434)
(5763.9422761, -6872.43017418, 1034.20565411)
(5763.99772887, -6872.39254416, 1034.20565388)
(5764.05684966, -6872.35287621, 1034.20565381)
(5764.10111984, -6872.32129137, 1034.20565389)
(5764.15253618, -6872.28268528, 1034.20565373)
(5764.19856273, -6872.24753539, 1034.20565381)
(5764.23585835, -6872.21869993, 1034.20565382)
(5764.27715989, -6872.1863159, 1034.20565383)
(5764.31388819, -6872.15754977, 1034.20565381)
(5764.35157192, -6872.12801056, 1034.20565382)
(5764.39570983, -6872.09333537, 1034.20565382)
(5764.43336066, -6872.0637526, 1034.20565382)
(5764.47423343, -6872.03158782, 1034.20565382)
(5764.52382824, -6871.99248281, 1034.20565383)
(5764.56599412, -6871.95926472, 1034.20565383)
(5764.60263207, -6871.93037415, 1034.20565382)
(5764.64572798, -6871.89634146, 1034.20565383)
(5764.68628172, -6871.86438987, 1034.20565382)
(5764.72164552, -6871.83653025, 1034.20565382)
(5764.76317588, -6871.80381744, 1034.20565382)
(5764.80637745, -6871.77251899, 1034.20565383)
(5764.85069694, -6871.7430332, 1034.20565383)
(5764.89313205, -6871.71778451, 1034.20565374)
(5764.93551283, -6871.70245078, 1034.20565401)
(5764.99044396, -6871.68803084, 1034.205656)
(5765.0396232, -6871.67710363, 1034.20565405)
(5765.08474678, -6871.66824688, 1034.20565484)
(5765.13640403, -6871.65784532, 1034.20565482)
(5765.18374996, -6871.64814666, 1034.20565374)
(5765.23347458, -6871.63786285, 1034.20565378)
(5765.2929102, -6871.62546827, 1034.20565388)
(5765.34528927, -6871.61580751, 1034.20565384)
(5765.39198912, -6871.60743113, 1034.20565383)
(5765.44520313, -6871.59775117, 1034.20565383)
(5765.5024736, -6871.58713356, 1034.20565385)
(5765.55046277, -6871.57867821, 1034.20565382)
(5765.6017175, -6871.5696508, 1034.20565383)
(5765.64710673, -6871.55898993, 1034.20565368)
(5765.6945577, -6871.53979291, 1034.20565387)
(5765.74406002, -6871.51716556, 1034.20565378)
(5765.78988463, -6871.49379137, 1034.2056538)
(5765.8394592, -6871.46914013, 1034.20565379)
(5765.88254916, -6871.44545804, 1034.20566312)
(5765.92528429, -6871.41569247, 1034.20565434)
(5765.97895831, -6871.37569803, 1034.20565381)
(5766.02457104, -6871.34414033, 1034.20565377)
(5766.07117222, -6871.3120358, 1034.20565385)
(5766.11381195, -6871.28207612, 1034.20565384)
(5766.15923531, -6871.24966103, 1034.20565383)
(5766.20569366, -6871.21577093, 1034.20565382)
(5766.24385442, -6871.18738123, 1034.20565383)
(5766.28344879, -6871.15751488, 1034.20565383)
(5766.32564582, -6871.12569168, 1034.20565382)
(5766.36420138, -6871.09659404, 1034.20565382)
(5766.40798963, -6871.06348242, 1034.20565382)
(5766.44712078, -6871.03379212, 1034.20565382)
(5766.48654754, -6871.00381959, 1034.20565383)
(5766.52758427, -6870.97255942, 1034.20565383)
(5766.56896125, -6870.94104376, 1034.20565382)
(5766.61129291, -6870.90873965, 1034.20565382)
(5766.65303542, -6870.87697826, 1034.20565383)
(5766.69180553, -6870.84745592, 1034.20565383)
(5766.73186619, -6870.81691117, 1034.20565382)
(5766.77148349, -6870.78953347, 1034.20565378)
(5766.81358596, -6870.76789458, 1034.20565384)
(5766.86648551, -6870.74677404, 1034.20565385)
(5766.91333425, -6870.7310857, 1034.20565374)
(5766.95834856, -6870.72001319, 1034.2056536)
(5767.00485101, -6870.70913174, 1034.20565368)
(5767.05210202, -6870.69591838, 1034.2056538)
(5767.10237351, -6870.680996, 1034.2056538)
(5767.15116638, -6870.66921175, 1034.20565371)
(5767.20425001, -6870.65877622, 1034.2056538)
(5767.26011201, -6870.64765738, 1034.20565389)
(5767.3089677, -6870.63737849, 1034.20565388)
(5767.35542158, -6870.62749173, 1034.20565384)
(5767.40752821, -6870.61634959, 1034.20565383)
(5767.45448752, -6870.60712599, 1034.20565382)
(5767.49944647, -6870.59838301, 1034.20565383)
(5767.55498331, -6870.58757191, 1034.20565382)
(5767.60764723, -6870.57708633, 1034.20565383)
(5767.67044183, -6870.56461532, 1034.20565382)
(5767.72461599, -6870.55854427, 1034.20565401)
(5767.77912421, -6870.55554005, 1034.20565401)
(5767.82729086, -6870.55218819, 1034.20565396)
(5767.88158406, -6870.54739911, 1034.20565389)
(5767.92728496, -6870.54430047, 1034.20565385)
(5767.97547902, -6870.54114739, 1034.20565383)
(5768.02452286, -6870.53781969, 1034.20565384)
(5768.07025667, -6870.53446086, 1034.20565384)
(5768.12340165, -6870.53056494, 1034.20565382)
(5768.17164091, -6870.52773645, 1034.20565382)
(5768.2207201, -6870.52487558, 1034.20565383)
(5768.27969763, -6870.52142654, 1034.20565383)
(5768.33041495, -6870.51837348, 1034.20565383)
(5768.38112949, -6870.51531903, 1034.20565383)
(5768.44256527, -6870.51165141, 1034.20565383)
(5768.49123221, -6870.50886878, 1034.20565383)
(5768.54278466, -6870.50594972, 1034.20565382)
(5768.61660581, -6870.50179308, 1034.20565383)
(5768.6666726, -6870.4957681, 1034.20565385)
(5768.7135984, -6870.48249067, 1034.20565388)
(5768.75993993, -6870.4662315, 1034.20565387)
(5768.8050659, -6870.44704015, 1034.20565341)
(5768.84846343, -6870.42205124, 1034.20565372)
(5768.89107541, -6870.39699884, 1034.2056538)
(5768.93412452, -6870.37042727, 1034.20565384)
(5768.98228876, -6870.33880193, 1034.20565386)
(5769.02526016, -6870.31129646, 1034.20565381)
(5769.07002435, -6870.28208387, 1034.20565382)
(5769.12066196, -6870.2483289, 1034.20565384)
(5769.16995055, -6870.21484382, 1034.20565381)
(5769.21308902, -6870.1848423, 1034.20565383)
(5769.25324506, -6870.1563532, 1034.20565383)
(5769.29553556, -6870.12593085, 1034.20565383)
(5769.33436944, -6870.09788407, 1034.20565382)
(5769.37115076, -6870.07123662, 1034.20565381)
(5769.41089858, -6870.04234395, 1034.20565383)
(5769.44794773, -6870.01536477, 1034.20565382)
(5769.48762972, -6869.98640195, 1034.20565382)
(5769.5245481, -6869.95923577, 1034.20565384)
(5769.56340732, -6869.93052913, 1034.20565382)
(5769.60155595, -6869.90225124, 1034.20565382)
(5769.63877807, -6869.8748065, 1034.20565382)
(5769.67898959, -6869.84515778, 1034.20565382)
(5769.71705863, -6869.81677849, 1034.20565382)
(5769.75408529, -6869.78907052, 1034.20565382)
(5769.79140786, -6869.76108093, 1034.20565382)
(5769.82771883, -6869.73382827, 1034.20565384)
(5769.86630904, -6869.70480444, 1034.20565382)
(5769.90411406, -6869.67606758, 1034.20565383)
(5769.93988032, -6869.64874162, 1034.20565382)
(5769.97821965, -6869.61934717, 1034.20565382)
(5770.01538431, -6869.59111393, 1034.20565383)
(5770.0548431, -6869.56112631, 1034.20565383)
(5770.09068342, -6869.5338849, 1034.20565383)
(5770.12749518, -6869.5058806, 1034.20565383)
(5770.16625821, -6869.47635661, 1034.20565383)
(5770.202354, -6869.44879886, 1034.20565382)
(5770.24071973, -6869.4194564, 1034.20565382)
(5770.276448, -6869.39209971, 1034.20565382)
(5770.31706521, -6869.36094522, 1034.20565382)
(5770.35381051, -6869.3328445, 1034.20565383)
(5770.39056157, -6869.30475145, 1034.20565383)
(5770.42961007, -6869.27490315, 1034.20565383)
(5770.46570625, -6869.24731622, 1034.20565382)
(5770.50575612, -6869.21672908, 1034.20565382)
(5770.54152582, -6869.18939371, 1034.20565382)
(5770.57893658, -6869.16080335, 1034.20565382)
(5770.61798843, -6869.13095955, 1034.20565382)
(5770.65441204, -6869.10311978, 1034.20565382)
(5770.69607746, -6869.07125575, 1034.20565383)
(5770.73282623, -6869.04315973, 1034.20565382)
(5770.77153701, -6869.01355236, 1034.20565383)
(5770.8108826, -6868.98342421, 1034.20565383)
(5770.84959402, -6868.9538137, 1034.20565382)
(5770.89027458, -6868.92270013, 1034.20565382)
(5770.92800773, -6868.89385187, 1034.20565383)
(5770.96543019, -6868.86526778, 1034.20565383)
(5771.00385918, -6868.83595042, 1034.20565383)
(5771.04172488, -6868.8091838, 1034.20565382)
(5771.08108819, -6868.78428095, 1034.20565382)
(5771.12360549, -6868.76407974, 1034.20565382)
(5771.16741494, -6868.74775812, 1034.20565383)
(5771.21268135, -6868.73469626, 1034.20565381)
(5771.25697608, -6868.72221657, 1034.20565367)
(5771.30530894, -6868.70850704, 1034.20565373)
(5771.35015978, -6868.6976018, 1034.20565369)
(5771.3953495, -6868.68798654, 1034.20565374)
(5771.44134939, -6868.67810999, 1034.20565378)
(5771.48553249, -6868.66757829, 1034.20565384)
(5771.5320201, -6868.65597866, 1034.20565384)
(5771.57803078, -6868.64611599, 1034.20565382)
(5771.62214636, -6868.63720467, 1034.20565382)
(5771.66784883, -6868.62798038, 1034.20565382)
(5771.71272244, -6868.61861344, 1034.20565383)
(5771.76243842, -6868.6081385, 1034.20565383)
(5771.81023025, -6868.59885599, 1034.20565383)
(5771.85684009, -6868.58990747, 1034.20565383)
(5771.90592, -6868.58051962, 1034.20565383)
(5771.95338116, -6868.57141158, 1034.20565383)
(5772.00084952, -6868.56232169, 1034.20565383)
(5772.04547841, -6868.55378966, 1034.20565382)
(5772.08969829, -6868.54532734, 1034.20565383)
(5772.13594039, -6868.53645235, 1034.20565383)
(5772.18257761, -6868.52746448, 1034.20565383)
(5772.23002621, -6868.51831196, 1034.20565383)
(5772.27706892, -6868.5092362, 1034.20565382)
(5772.32127193, -6868.50070506, 1034.20565382)
