(5703.59246029, -6896.77000058, 1034.20576459)
(5703.65146467, -6896.76971641, 1034.20592082)
(5703.73942141, -6896.76935464, 1034.20565637)
(5703.8459749, -6896.76887791, 1034.20565404)
(5703.91412039, -6896.76854132, 1034.20565378)
(5704.00621784, -6896.76800736, 1034.20565382)
(5704.07684578, -6896.76765446, 1034.20565383)
(5704.18175591, -6896.76719331, 1034.20565383)
(5704.23794705, -6896.76720375, 1034.20565383)
(5704.3325494, -6896.76723596, 1034.20565383)
(5704.39987191, -6896.76714972, 1034.20565382)
(5704.50147606, -6896.7670265, 1034.20565383)
(5704.57458345, -6896.76697937, 1034.20565383)
(5704.67495663, -6896.76703704, 1034.20565383)
(5704.73897486, -6896.76702502, 1034.20565382)
(5704.84305689, -6896.76700727, 1034.20565382)
(5704.92111824, -6896.76699323, 1034.20565382)
(5705.0194182, -6896.76698552, 1034.20565383)
(5705.08508872, -6896.76697673, 1034.20565382)
(5705.16645503, -6896.76697811, 1034.20565383)
(5705.24162478, -6896.76697007, 1034.20565382)
(5705.33951198, -6896.76697437, 1034.20565383)
(5705.41302974, -6896.76697057, 1034.20565382)
(5705.51256943, -6896.76698761, 1034.20565382)
(5705.5786525, -6896.76698905, 1034.20565382)
(5705.6600183, -6896.76699183, 1034.20565382)
(5705.73271015, -6896.76699327, 1034.20565382)
(5705.80416334, -6896.76699561, 1034.20565382)
(5705.89874591, -6896.76700467, 1034.20565382)
(5705.97102475, -6896.76700764, 1034.20565382)
(5706.06767247, -6896.76701441, 1034.20565382)
(5706.14844361, -6896.75756372, 1034.20565377)
(5706.2194592, -6896.73487536, 1034.2056538)
(5706.28846542, -6896.69944031, 1034.20565423)
(5706.38894081, -6896.64307057, 1034.20565381)
(5706.46237252, -6896.59695848, 1034.20565367)
(5706.54567321, -6896.54857253, 1034.20565377)
(5706.60623918, -6896.50751372, 1034.20565388)
(5706.67429231, -6896.45747522, 1034.20565382)
(5706.75015635, -6896.40141945, 1034.20565383)
(5706.81998575, -6896.34932212, 1034.20565384)
(5706.89563167, -6896.29258749, 1034.20565383)
(5706.96723483, -6896.2387997, 1034.20565384)
(5707.03883599, -6896.18496754, 1034.20565382)
(5707.12257969, -6896.12186683, 1034.20565378)
(5707.19230446, -6896.06609443, 1034.20565381)
(5707.26400496, -6896.00570877, 1034.20565382)
(5707.31575636, -6895.95937927, 1034.20565379)
(5707.39292829, -6895.88676552, 1034.20565383)
(5707.45339303, -6895.82928886, 1034.20565384)
(5707.52080822, -6895.76587479, 1034.20565382)
(5707.5742368, -6895.71591717, 1034.20565381)
(5707.63436511, -6895.6598377, 1034.20565382)
(5707.68956683, -6895.60819677, 1034.20565382)
(5707.75537416, -6895.54672583, 1034.20565382)
(5707.80998817, -6895.49567536, 1034.20565382)
(5707.88065452, -6895.4297291, 1034.20565383)
(5707.9325723, -6895.38123847, 1034.20565382)
(5708.00474781, -6895.31388936, 1034.20565383)
(5708.04852357, -6895.27302083, 1034.20565382)
(5708.11404746, -6895.21186794, 1034.20565383)
(5708.16356247, -6895.16564682, 1034.20565382)
(5708.23426156, -6895.09977789, 1034.20565381)
(5708.29554204, -6895.05378153, 1034.20565382)
(5708.36570666, -6895.01769301, 1034.20565349)
(5708.42527719, -6894.99770984, 1034.2056535)
(5708.52221314, -6894.98633227, 1034.20565371)
(5708.5927425, -6894.97276111, 1034.20565369)
(5708.67898558, -6894.94595589, 1034.20565407)
(5708.7547445, -6894.92932495, 1034.2056536)
(5708.85482944, -6894.91356561, 1034.20565381)
(5708.92542569, -6894.89855407, 1034.20565393)
(5708.99940692, -6894.8809821, 1034.20565381)
(5709.06543009, -6894.86215333, 1034.20565383)
(5709.16570659, -6894.83405676, 1034.20565382)
(5709.23237975, -6894.80802019, 1034.20565417)
(5709.3081045, -6894.75943426, 1034.20571672)
(5709.36458847, -6894.70702042, 1034.20565403)
(5709.4281768, -6894.65006062, 1034.20565383)
(5709.49280002, -6894.60005758, 1034.20565379)
(5709.54704944, -6894.56092673, 1034.20565386)
(5709.62527585, -6894.50581362, 1034.20565382)
(5709.7085728, -6894.44315659, 1034.20565382)
(5709.75997371, -6894.40364113, 1034.20565383)
(5709.82564104, -6894.35289656, 1034.20565382)
(5709.88400216, -6894.30818712, 1034.20565382)
(5709.96202929, -6894.24839889, 1034.20565382)
(5710.01483221, -6894.20797369, 1034.20565383)
(5710.08899819, -6894.15127041, 1034.20565383)
(5710.13932382, -6894.11567246, 1034.20565382)
(5710.21806651, -6894.06533805, 1034.2056538)
(5710.28112894, -6894.03486843, 1034.20565385)
(5710.36182726, -6894.0159454, 1034.20567605)
(5710.43892591, -6893.99991557, 1034.20565323)
(5710.52793491, -6893.97705584, 1034.2056539)
(5710.60615759, -6893.95978055, 1034.20565389)
(5710.69556935, -6893.93953814, 1034.20565381)
(5710.75307607, -6893.92805051, 1034.20565385)
(5710.84330265, -6893.91002201, 1034.20565383)
(5710.93085187, -6893.89305799, 1034.20565383)
(5711.03085448, -6893.87307085, 1034.20565388)
(5711.10542139, -6893.85172513, 1034.20565382)
(5711.18154778, -6893.82953175, 1034.20565369)
(5711.24019834, -6893.80547757, 1034.20565387)
(5711.31768262, -6893.75278583, 1034.20565416)
(5711.38573854, -6893.7096593, 1034.20565399)
(5711.50129563, -6893.64401003, 1034.2056539)
(5711.57181161, -6893.59965045, 1034.20565381)
(5711.65633628, -6893.54440754, 1034.20565381)
(5711.72748831, -6893.49923425, 1034.20565383)
(5711.83960584, -6893.43002936, 1034.20565385)
(5711.91824744, -6893.38062387, 1034.20565382)
(5712.01134723, -6893.32162043, 1034.20565382)
(5712.09006595, -6893.27156771, 1034.20565381)
(5712.1576471, -6893.22859253, 1034.20565382)
(5712.24957499, -6893.17059998, 1034.20565383)
(5712.33596608, -6893.11623193, 1034.20565383)
(5712.41246846, -6893.06797463, 1034.20565382)
(5712.45927757, -6893.03844517, 1034.20565382)
(5712.52457917, -6893.00561614, 1034.20565404)
(5712.62539235, -6892.98294712, 1034.20565379)
(5712.71048961, -6892.96847371, 1034.20565378)
(5712.82455243, -6892.93797016, 1034.20565382)
(5712.90623183, -6892.92382541, 1034.20565402)
(5713.00612336, -6892.91307844, 1034.20565395)
(5713.07367662, -6892.90076131, 1034.20565386)
(5713.16088986, -6892.8813293, 1034.20565386)
(5713.23242925, -6892.87024507, 1034.20565389)
(5713.32243748, -6892.85825659, 1034.20565382)
(5713.40034188, -6892.84944456, 1034.20565385)
(5713.49536715, -6892.83717307, 1034.20565379)
(5713.5750982, -6892.8333125, 1034.20565382)
(5713.66163246, -6892.82944372, 1034.20565384)
(5713.73787002, -6892.8242805, 1034.20565382)
(5713.8314006, -6892.81781248, 1034.20565382)
(5713.93000984, -6892.81356818, 1034.2056538)
(5714.00714551, -6892.80952268, 1034.20565383)
(5714.1007697, -6892.80454105, 1034.20565382)
(5714.16637377, -6892.80131477, 1034.20565382)
(5714.25342381, -6892.79701675, 1034.20565383)
(5714.33478447, -6892.79429149, 1034.20565383)
(5714.42725882, -6892.7908216, 1034.20565382)
(5714.49955039, -6892.7893825, 1034.20565382)
(5714.58876361, -6892.78717141, 1034.20565382)
(5714.65733105, -6892.78571227, 1034.20565383)
(5714.75149068, -6892.78359095, 1034.20565382)
(5714.83244663, -6892.78199298, 1034.20565383)
(5714.91876087, -6892.78027186, 1034.20565383)
(5714.988583, -6892.77944051, 1034.20565383)
(5715.07367433, -6892.77825792, 1034.20565383)
(5715.15998457, -6892.77690247, 1034.20565382)
(5715.23886221, -6892.7756614, 1034.20565382)
(5715.31814514, -6892.77429193, 1034.20565382)
(5715.40444898, -6892.77267103, 1034.20565383)
(5715.47659854, -6892.76324884, 1034.2056539)
(5715.57168487, -6892.7247806, 1034.20565362)
(5715.63968892, -6892.68123754, 1034.20565349)
(5715.74418083, -6892.61666872, 1034.20565383)
(5715.80557644, -6892.57426595, 1034.20565387)
(5715.8670006, -6892.53055506, 1034.20565382)
(5715.92075104, -6892.4919269, 1034.20565382)
(5715.99445874, -6892.43794329, 1034.20565381)
(5716.05841311, -6892.39038771, 1034.2056538)
(5716.13717962, -6892.33162931, 1034.20565381)
(5716.20093826, -6892.28385476, 1034.20565382)
(5716.27454549, -6892.22860388, 1034.20565382)
(5716.32912757, -6892.18779804, 1034.20565382)
(5716.39796606, -6892.1364164, 1034.20565388)
(5716.46135869, -6892.09391191, 1034.20565386)
(5716.53277074, -6892.04955536, 1034.2056538)
(5716.60129371, -6892.01730929, 1034.20565378)
(5716.69012322, -6892.00346935, 1034.20565403)
(5716.77324297, -6891.99000147, 1034.20565394)
(5716.84867941, -6891.96915411, 1034.20565375)
(5716.92130157, -6891.9525833, 1034.20565387)
(5717.00998012, -6891.93480621, 1034.20565382)
(5717.08868331, -6891.91991934, 1034.20565384)
(5717.19070045, -6891.89924558, 1034.20565381)
(5717.29817891, -6891.87853863, 1034.20565382)
(5717.39080248, -6891.85284208, 1034.20565373)
(5717.48824057, -6891.82539357, 1034.20565381)
(5717.56562647, -6891.79420984, 1034.2056558)
(5717.65257641, -6891.72949172, 1034.20565947)
(5717.69301094, -6891.69430442, 1034.20565254)
(5717.77408312, -6891.62749135, 1034.20565379)
(5717.85015332, -6891.56856094, 1034.20565381)
(5717.94034388, -6891.50252457, 1034.2056538)
(5718.02212898, -6891.44008407, 1034.20565384)
(5718.11765373, -6891.36427846, 1034.20565382)
(5718.1875719, -6891.31014636, 1034.2056538)
(5718.26382106, -6891.25208126, 1034.20565382)
(5718.30755851, -6891.21823277, 1034.20565383)
(5718.37139945, -6891.16854169, 1034.20565383)
(5718.43802563, -6891.11696397, 1034.20565382)
(5718.53499389, -6891.04184356, 1034.20565382)
(5718.58984687, -6891.00549443, 1034.205654)
(5718.68968103, -6890.98312243, 1034.20565345)
(5718.75765795, -6890.98192392, 1034.2056539)
(5718.83575185, -6890.96981076, 1034.2056537)
(5718.90930725, -6890.95164019, 1034.20565388)
(5719.00348231, -6890.9275874, 1034.2056539)
(5719.0857317, -6890.91321011, 1034.20565379)
(5719.18203593, -6890.89839203, 1034.20565382)
(5719.24649907, -6890.88520224, 1034.20565385)
(5719.32854302, -6890.86763975, 1034.20565385)
(5719.39700325, -6890.85870505, 1034.20565376)
(5719.49974285, -6890.84898932, 1034.2056538)
(5719.57916595, -6890.84329815, 1034.20565381)
(5719.68326625, -6890.83396865, 1034.20565381)
(5719.7516495, -6890.83023054, 1034.20565382)
(5719.83368922, -6890.82490281, 1034.20565382)
(5719.90215843, -6890.82097161, 1034.20565383)
(5719.99326383, -6890.81521857, 1034.20565383)
(5720.06875557, -6890.81110629, 1034.20565383)
(5720.16649091, -6890.80550208, 1034.20565383)
(5720.24402311, -6890.80113884, 1034.20565383)
(5720.33678833, -6890.79598268, 1034.20565381)
(5720.40237515, -6890.78478938, 1034.20565385)
(5720.48929491, -6890.75225972, 1034.20565385)
(5720.56130757, -6890.7123984, 1034.20565389)
(5720.65925141, -6890.65541664, 1034.20565385)
(5720.72118924, -6890.6181919, 1034.20565377)
(5720.800199, -6890.57054438, 1034.20565375)
(5720.86679632, -6890.52419611, 1034.20565387)
(5720.93811118, -6890.4702155, 1034.20565391)
(5720.99146003, -6890.4312545, 1034.20565378)
(5721.07265326, -6890.37284778, 1034.2056538)
(5721.12973347, -6890.33058718, 1034.20565382)
(5721.20281478, -6890.27597075, 1034.20565383)
(5721.26752826, -6890.22802787, 1034.20565382)
(5721.3541679, -6890.16388611, 1034.20565382)
(5721.41623879, -6890.117925, 1034.20565383)
(5721.48128905, -6890.06974393, 1034.20565382)
(5721.53993378, -6890.03383231, 1034.20565389)
(5721.62426947, -6890.00193943, 1034.20565378)
(5721.70325315, -6889.98663215, 1034.20565388)
(5721.79748236, -6889.96777704, 1034.20565386)
(5721.86501473, -6889.95179582, 1034.20565383)
(5721.95658273, -6889.928084, 1034.20565383)
(5722.03334591, -6889.91427381, 1034.20565388)
(5722.11996496, -6889.90144214, 1034.2056538)
(5722.20121417, -6889.88584023, 1034.20565379)
(5722.27008918, -6889.87182607, 1034.20565381)
(5722.33643677, -6889.86064364, 1034.20565383)
(5722.43133189, -6889.84504343, 1034.20565383)
(5722.50628467, -6889.83925624, 1034.20565366)
(5722.59916437, -6889.8363163, 1034.20565382)
(5722.6675687, -6889.83113449, 1034.2056539)
(5722.75024608, -6889.82372621, 1034.2056538)
(5722.82612717, -6889.82021369, 1034.20565383)
(5722.95117164, -6889.81460994, 1034.2056538)
(5723.01216929, -6889.81089107, 1034.20565382)
(5723.09499733, -6889.80563284, 1034.20565382)
(5723.20769231, -6889.80071546, 1034.20565382)
(5723.29142946, -6889.79652053, 1034.20565382)
(5723.38915142, -6889.79148652, 1034.20565382)
(5723.45757003, -6889.77955184, 1034.20565386)
(5723.55040288, -6889.73872073, 1034.20565375)
(5723.62309058, -6889.69035773, 1034.20565392)
(5723.71549665, -6889.6404714, 1034.20565388)
(5723.82497645, -6889.56684092, 1034.20565384)
(5723.88141607, -6889.52504405, 1034.20565362)
(5723.95505871, -6889.46948603, 1034.20565383)
(5724.01663946, -6889.42358979, 1034.20565382)
(5724.09120133, -6889.36812743, 1034.20565382)
(5724.15518223, -6889.31995562, 1034.20565382)
(5724.23360598, -6889.26081029, 1034.20565382)
(5724.29522929, -6889.21430488, 1034.20565382)
(5724.36834483, -6889.15903495, 1034.20565382)
(5724.43428144, -6889.10927901, 1034.20565383)
(5724.51106988, -6889.05129719, 1034.20565381)
(5724.57061382, -6889.01458912, 1034.20565389)
(5724.6579646, -6888.98374741, 1034.20565384)
(5724.73599162, -6888.97058998, 1034.20565388)
(5724.82201561, -6888.95500926, 1034.20565381)
(5724.89582947, -6888.93856698, 1034.20565383)
(5724.98001114, -6888.91751066, 1034.20565382)
(5725.05578442, -6888.90486329, 1034.20565383)
(5725.16376129, -6888.88972387, 1034.20565384)
(5725.24823796, -6888.8731333, 1034.20565384)
(5725.3320591, -6888.8559575, 1034.20565374)
(5725.39030286, -6888.83794201, 1034.20565372)
(5725.47850251, -6888.79401089, 1034.20565382)
(5725.54398253, -6888.75416864, 1034.20565382)
(5725.62118476, -6888.70697086, 1034.20565385)
(5725.68821769, -6888.66345982, 1034.20565385)
(5725.76435588, -6888.61258893, 1034.20565379)
(5725.82122018, -6888.5724622, 1034.20565384)
(5725.89963349, -6888.51502244, 1034.20565384)
(5725.9612645, -6888.46915011, 1034.2056538)
(5726.03866576, -6888.41132628, 1034.20565381)
(5726.09679672, -6888.36775233, 1034.20565382)
(5726.16871796, -6888.31370161, 1034.20565383)
(5726.22627176, -6888.27001193, 1034.20565383)
(5726.2965495, -6888.21648364, 1034.20565382)
(5726.35904763, -6888.16905211, 1034.20565382)
(5726.43465904, -6888.11158447, 1034.20565382)
(5726.52380351, -6888.05268475, 1034.20565381)
(5726.59107199, -6888.01922886, 1034.20565383)
(5726.6850581, -6888.0019, 1034.20568731)
(5726.76558622, -6887.98700859, 1034.20565461)
(5726.83441062, -6887.96879957, 1034.20565367)
(5726.91782463, -6887.95014431, 1034.20565383)
(5727.00372845, -6887.93149442, 1034.20565384)
(5727.0840505, -6887.91623177, 1034.20565382)
(5727.15618743, -6887.90203926, 1034.20565383)
(5727.21543137, -6887.89087192, 1034.20565383)
(5727.30631744, -6887.87358745, 1034.20565376)
(5727.39401048, -6887.86269582, 1034.20565384)
(5727.49669927, -6887.84939333, 1034.20565378)
(5727.56798517, -6887.84466173, 1034.20565386)
(5727.66762698, -6887.83870595, 1034.20565378)
(5727.73354644, -6887.8337934, 1034.20565383)
(5727.83112995, -6887.82611598, 1034.20565382)
(5727.93257896, -6887.82119408, 1034.20565384)
(5728.01586027, -6887.81616765, 1034.20565383)
(5728.11109554, -6887.81040775, 1034.20565382)
(5728.18452759, -6887.80639739, 1034.20565383)
(5728.26411791, -6887.80192122, 1034.20565382)
(5728.33864919, -6887.79202622, 1034.20565386)
(5728.41408663, -6887.78154858, 1034.20565375)
(5728.49652078, -6887.75990689, 1034.20565413)
(5728.59902167, -6887.69612817, 1034.20565383)
(5728.65089452, -6887.66299271, 1034.2056538)
(5728.75252308, -6887.6030167, 1034.20565384)
(5728.83045268, -6887.54843862, 1034.2056536)
(5728.9132928, -6887.48612884, 1034.20565393)
(5728.99599278, -6887.42626424, 1034.20565379)
(5729.09401507, -6887.35665431, 1034.2056538)
(5729.17128146, -6887.29918186, 1034.20565382)
(5729.24237347, -6887.24529593, 1034.20565382)
(5729.30551182, -6887.19865029, 1034.20565382)
(5729.38415688, -6887.14101726, 1034.20565381)
(5729.44660655, -6887.09487985, 1034.20565383)
(5729.5136648, -6887.04526898, 1034.20565382)
(5729.57104578, -6887.00993984, 1034.20565369)
(5729.66381342, -6886.98399851, 1034.20565411)
(5729.76197762, -6886.97569782, 1034.20565405)
(5729.833589, -6886.96349511, 1034.20565359)
(5729.92776788, -6886.93595953, 1034.20565405)
(5729.99611804, -6886.9219186, 1034.20565411)
(5730.07869306, -6886.90964628, 1034.20565375)
(5730.15592764, -6886.89536718, 1034.20565375)
(5730.24190148, -6886.87883108, 1034.20565386)
(5730.32404089, -6886.86445535, 1034.20565383)
(5730.41513447, -6886.84824248, 1034.20565381)
(5730.49270655, -6886.84274072, 1034.20565407)
(5730.59836782, -6886.83923532, 1034.20565392)
(5730.66060245, -6886.83455607, 1034.20565377)
(5730.74490258, -6886.82584694, 1034.20565388)
(5730.82124403, -6886.82232976, 1034.20565383)
(5730.92604302, -6886.81787242, 1034.20565382)
(5731.00637323, -6886.81223662, 1034.20565382)
(5731.10523481, -6886.80544726, 1034.20565382)
(5731.20635514, -6886.80181498, 1034.20565379)
(5731.28139355, -6886.797736, 1034.20565382)
(5731.35931086, -6886.79335259, 1034.20565377)
(5731.42974086, -6886.78128627, 1034.20565388)
(5731.52786511, -6886.74074024, 1034.20565384)
(5731.60200825, -6886.69623282, 1034.20565399)
(5731.69694156, -6886.64499167, 1034.20565374)
(5731.77833371, -6886.59069952, 1034.20565371)
(5731.82888028, -6886.55379136, 1034.20565383)
(5731.90801613, -6886.49510321, 1034.20565381)
(5731.96400279, -6886.45417985, 1034.20565384)
(5732.05912207, -6886.3848469, 1034.20565383)
(5732.11910377, -6886.34025203, 1034.20565383)
(5732.19655012, -6886.282495, 1034.20565382)
(5732.25813074, -6886.23663002, 1034.20565382)
(5732.33786665, -6886.17712556, 1034.20565382)
(5732.41991905, -6886.11586457, 1034.20565381)
(5732.47449872, -6886.0782898, 1034.20565385)
(5732.55469127, -6886.0270528, 1034.2056538)
(5732.61592151, -6885.99692043, 1034.20565397)
(5732.71226667, -6885.97833811, 1034.20566385)
(5732.78323053, -6885.96660426, 1034.20565388)
(5732.86302377, -6885.94681396, 1034.20565366)
(5732.92975301, -6885.93314516, 1034.20565384)
(5733.02342265, -6885.91516099, 1034.20565386)
(5733.08482413, -6885.90432889, 1034.20565382)
(5733.17910718, -6885.88731361, 1034.20565383)
(5733.261711, -6885.87303965, 1034.20565382)
(5733.36412858, -6885.85475439, 1034.20565392)
(5733.44750112, -6885.8325587, 1034.20565379)
(5733.53788284, -6885.80903055, 1034.20565382)
(5733.5958032, -6885.78857609, 1034.20565272)
(5733.67466056, -6885.7390667, 1034.2056527)
(5733.74919761, -6885.67137166, 1034.20565363)
(5733.82384756, -6885.60044265, 1034.20565387)
(5733.89317593, -6885.54317379, 1034.20565381)
(5733.98656028, -6885.48081981, 1034.2056538)
(5734.043231, -6885.43969874, 1034.20565381)
(5734.11076981, -6885.38399565, 1034.20565374)
(5734.182508, -6885.3256019, 1034.20565378)
(5734.26980657, -6885.25613493, 1034.20565382)
(5734.34801795, -6885.19451145, 1034.20565382)
(5734.46113658, -6885.10566808, 1034.20565381)
(5734.52614136, -6885.06464915, 1034.20565381)
(5734.6325205, -6885.02536684, 1034.20565383)
(5734.7094884, -6885.00999154, 1034.20565365)
(5734.78634391, -6884.99111241, 1034.20565384)
(5734.8475404, -6884.97700088, 1034.20565381)
(5734.94784464, -6884.95299922, 1034.20565377)
(5735.02605403, -6884.93772966, 1034.20565383)
(5735.13482308, -6884.91559741, 1034.20565383)
(5735.21376057, -6884.89959268, 1034.20565383)
(5735.30884161, -6884.88006435, 1034.20565383)
(5735.38079944, -6884.86994059, 1034.20565381)
(5735.45694341, -6884.86041383, 1034.20565382)
(5735.53523896, -6884.85492986, 1034.20565384)
(5735.62076253, -6884.8472448, 1034.2056538)
(5735.69857535, -6884.84163431, 1034.20565382)
(5735.79082114, -6884.83416471, 1034.20565384)
(5735.8612778, -6884.82965774, 1034.20565383)
(5735.95401991, -6884.82335958, 1034.20565383)
(5736.02988138, -6884.81852327, 1034.20565383)
(5736.13868683, -6884.81130375, 1034.20565383)
(5736.2038452, -6884.80733331, 1034.20565383)
(5736.30196406, -6884.80124746, 1034.20565383)
(5736.38988127, -6884.79805177, 1034.20565381)
(5736.50014377, -6884.79512979, 1034.20565383)
(5736.57491135, -6884.79330422, 1034.20565383)
(5736.65295695, -6884.79114071, 1034.20565383)
(5736.72566345, -6884.78973138, 1034.20565383)
(5736.82808995, -6884.78753796, 1034.20565383)
(5736.90036103, -6884.78601272, 1034.20565383)
(5736.98832251, -6884.78418088, 1034.20565383)
(5737.04655724, -6884.78307558, 1034.20565383)
(5737.14319918, -6884.78129188, 1034.20565383)
(5737.21918132, -6884.77981537, 1034.20565383)
(5737.3182934, -6884.77797085, 1034.20565383)
(5737.38314707, -6884.77699612, 1034.20565382)
(5737.48516796, -6884.77548301, 1034.20565383)
(5737.56037534, -6884.77512938, 1034.20565383)
(5737.66984668, -6884.77431054, 1034.20565383)
(5737.76814232, -6884.77343106, 1034.20565383)
(5737.83506026, -6884.77298271, 1034.20565383)
(5737.92717367, -6884.77242879, 1034.20565383)
(5738.00564609, -6884.77187659, 1034.20565383)
(5738.10394394, -6884.77120964, 1034.20565383)
(5738.16300499, -6884.77081104, 1034.20565383)
(5738.2443751, -6884.77035942, 1034.20565383)
(5738.31212228, -6884.77011177, 1034.20565383)
(5738.40712781, -6884.76979229, 1034.20565383)
(5738.48190083, -6884.76971285, 1034.20565383)
(5738.57773475, -6884.76964896, 1034.20565382)
(5738.64835972, -6884.76951801, 1034.20565382)
(5738.7338535, -6884.76932174, 1034.20565382)
(5738.80239771, -6884.76892179, 1034.20565382)
(5738.90192417, -6884.76831132, 1034.20565382)
(5738.97463728, -6884.76824045, 1034.20565383)
(5739.05973407, -6884.76819301, 1034.20565383)
(5739.13035967, -6884.7680483, 1034.20565382)
(5739.2241147, -6884.76783471, 1034.20565382)
(5739.28811527, -6884.76744514, 1034.20565382)
(5739.39053217, -6884.76679623, 1034.20565382)
(5739.46779294, -6884.7667667, 1034.20565383)
(5739.55288709, -6884.76670286, 1034.20565383)
(5739.63673246, -6884.76658048, 1034.20565383)
(5739.75238905, -6884.76657335, 1034.20565383)
(5739.82549396, -6884.76652071, 1034.20565383)
(5739.88497142, -6884.76651978, 1034.20565383)
(5739.96840204, -6884.76648204, 1034.20565383)
(5740.08942267, -6884.76652943, 1034.20565383)
(5740.19267774, -6884.76653169, 1034.20565382)
(5740.29675777, -6884.76652922, 1034.20565381)
(5740.36854323, -6884.76031909, 1034.20565377)
(5740.44700107, -6884.75198227, 1034.20565407)
(5740.50142307, -6884.74059525, 1034.2056538)
(5740.58448465, -6884.6995673, 1034.20565382)
(5740.65175088, -6884.64727509, 1034.2056537)
(5740.73075518, -6884.58458611, 1034.20565371)
(5740.7953636, -6884.54047562, 1034.20565374)
(5740.88583178, -6884.48212653, 1034.2056538)
(5740.95320563, -6884.43176348, 1034.20565399)
(5741.03004548, -6884.36664539, 1034.20565389)
(5741.09357969, -6884.3148965, 1034.20565382)
(5741.17520748, -6884.25305784, 1034.2056538)
(5741.23509956, -6884.20764369, 1034.20565383)
(5741.31003701, -6884.14998424, 1034.20565384)
(5741.35933385, -6884.11181027, 1034.20565384)
(5741.4183534, -6884.06599513, 1034.20565383)
(5741.47767516, -6884.0199058, 1034.20565383)
(5741.55551981, -6883.9592955, 1034.20565383)
(5741.61974909, -6883.90936021, 1034.20565383)
(5741.71030401, -6883.83881146, 1034.20565382)
(5741.77433632, -6883.79354758, 1034.20565381)
(5741.86039523, -6883.7384885, 1034.20565382)
(5741.92722593, -6883.70606357, 1034.20565402)
(5742.00914931, -6883.69222413, 1034.20565693)
(5742.07373423, -6883.6826584, 1034.2056538)
(5742.14960714, -6883.66505491, 1034.20565374)
(5742.22520939, -6883.64943028, 1034.20565381)
(5742.327932, -6883.62840536, 1034.20565378)
(5742.3932304, -6883.61622302, 1034.20565383)
(5742.49227378, -6883.59765531, 1034.20565382)
(5742.54661092, -6883.58714414, 1034.20565383)
(5742.62973418, -6883.57104416, 1034.20565382)
(5742.69378149, -6883.55390715, 1034.20565378)
(5742.78813291, -6883.5256787, 1034.20565381)
(5742.85707054, -6883.49725362, 1034.20565962)
(5742.93563651, -6883.4419183, 1034.20567503)
(5742.98347265, -6883.40291689, 1034.20565424)
(5743.05134199, -6883.35202855, 1034.20565378)
(5743.1131663, -6883.30576513, 1034.2056538)
(5743.18985256, -6883.2484083, 1034.20565382)
(5743.25376121, -6883.19934171, 1034.20565383)
(5743.33855462, -6883.13279783, 1034.20565382)
(5743.4095669, -6883.0774425, 1034.20565382)
(5743.47729907, -6883.02460277, 1034.20565382)
(5743.54334913, -6882.97298221, 1034.20565383)
(5743.58792402, -6882.93813789, 1034.20565383)
(5743.64840339, -6882.89079416, 1034.20565383)
(5743.70468935, -6882.8467796, 1034.20565383)
(5743.78336094, -6882.78514926, 1034.20565381)
(5743.84085855, -6882.73631753, 1034.20565388)
(5743.91482893, -6882.66951842, 1034.20565379)
(5743.96506539, -6882.6229008, 1034.20565381)
(5744.02840614, -6882.5631599, 1034.20565383)
(5744.082419, -6882.51211874, 1034.20565383)
(5744.1547718, -6882.44378644, 1034.20565382)
(5744.22088901, -6882.38145418, 1034.20565382)
(5744.29813105, -6882.30864782, 1034.20565382)
(5744.34471014, -6882.26473161, 1034.20565382)
(5744.40269629, -6882.21003653, 1034.20565382)
(5744.46395022, -6882.15219298, 1034.20565382)
(5744.55841998, -6882.06276543, 1034.20565382)
(5744.61874987, -6882.00573594, 1034.20565382)
(5744.70129721, -6881.92772301, 1034.20565382)
(5744.75232437, -6881.87949207, 1034.20565382)
(5744.81267804, -6881.82250241, 1034.20565381)
(5744.86495255, -6881.7813267, 1034.20565386)
(5744.93143103, -6881.74631906, 1034.20565386)
(5745.00550341, -6881.72326358, 1034.20565396)
(5745.11280091, -6881.71496225, 1034.20565403)
(5745.18857814, -6881.70028688, 1034.20565357)
(5745.27299646, -6881.66270902, 1034.20565394)
(5745.35479768, -6881.63731819, 1034.20565754)
(5745.42566664, -6881.62625781, 1034.20565476)
(5745.50195116, -6881.61657218, 1034.20565442)
(5745.57297881, -6881.60258687, 1034.20565377)
(5745.65650537, -6881.58189131, 1034.20565385)
(5745.75835669, -6881.5485113, 1034.20565359)
(5745.82674153, -6881.51618575, 1034.20567019)
(5745.89753899, -6881.46830513, 1034.20565393)
(5745.95028111, -6881.4287873, 1034.2056537)
(5746.02066322, -6881.3790784, 1034.20565384)
(5746.07895465, -6881.33685059, 1034.20565385)
(5746.15433519, -6881.2808792, 1034.20565382)
(5746.21316908, -6881.2359886, 1034.20565381)
(5746.29007162, -6881.17608497, 1034.2056538)
(5746.34364988, -6881.13401208, 1034.20565383)
(5746.41507851, -6881.07796643, 1034.20565382)
(5746.46113558, -6881.04172354, 1034.20565381)
(5746.53859635, -6880.98062784, 1034.20565382)
(5746.59218269, -6880.93851936, 1034.20565383)
(5746.66172773, -6880.88394933, 1034.20565382)
(5746.7123683, -6880.84412533, 1034.20565382)
(5746.77789051, -6880.79250932, 1034.20565382)
(5746.834617, -6880.75513843, 1034.20565383)
(5746.92643606, -6880.71548776, 1034.20565398)
(5746.99833121, -6880.69901618, 1034.20565382)
(5747.08982796, -6880.68041388, 1034.20565376)
(5747.14400337, -6880.66733618, 1034.20565387)
(5747.22542084, -6880.64568999, 1034.20565382)
(5747.29422332, -6880.63195774, 1034.20565387)
(5747.39057202, -6880.61493106, 1034.20565384)
(5747.45540243, -6880.60209149, 1034.20565382)
(5747.54976804, -6880.58319966, 1034.20565379)
(5747.61227114, -6880.57178299, 1034.20565383)
(5747.70124697, -6880.55549147, 1034.20565382)
(5747.7700141, -6880.53502438, 1034.20565359)
(5747.85279954, -6880.48922736, 1034.20565387)
(5747.90664353, -6880.45261433, 1034.20565381)
(5747.97940678, -6880.40266479, 1034.20565372)
(5748.03611375, -6880.36365207, 1034.20565382)
(5748.11254055, -6880.31052595, 1034.20565382)
(5748.17686842, -6880.26310973, 1034.20565383)
(5748.2536534, -6880.20419481, 1034.20565383)
(5748.31486208, -6880.15644589, 1034.20565384)
(5748.38955721, -6880.09780369, 1034.20565382)
(5748.44703028, -6880.05270165, 1034.20565382)
(5748.515843, -6879.99862383, 1034.20565382)
(5748.57073811, -6879.95552894, 1034.20565383)
(5748.63370562, -6879.90601148, 1034.20565383)
(5748.69151182, -6879.86059258, 1034.20565383)
(5748.77069176, -6879.79827614, 1034.20565382)
(5748.83356862, -6879.75765052, 1034.2056538)
(5748.9441254, -6879.72228779, 1034.20565399)
(5749.05669271, -6879.70679945, 1034.20565368)
(5749.15072989, -6879.68502546, 1034.20565392)
(5749.2288255, -6879.65842095, 1034.20565376)
(5749.31139948, -6879.63964519, 1034.20565369)
(5749.41971621, -6879.62691393, 1034.20565388)
(5749.50438144, -6879.60906339, 1034.20565379)
(5749.61235615, -6879.57838574, 1034.20565358)
(5749.69099287, -6879.56681765, 1034.20565356)
(5749.77278888, -6879.56388803, 1034.20565387)
(5749.8411959, -6879.55906622, 1034.20565385)
(5749.93685734, -6879.54769973, 1034.20565386)
(5750.00859628, -6879.54327298, 1034.2056539)
(5750.09885083, -6879.53791755, 1034.20565384)
(5750.16971843, -6879.53289354, 1034.20565382)
(5750.2640616, -6879.52611711, 1034.20565382)
(5750.32510081, -6879.52253975, 1034.20565383)
(5750.40427811, -6879.51773743, 1034.20565383)
(5750.4677534, -6879.51366965, 1034.20565383)
(5750.57121448, -6879.5071008, 1034.20565382)
(5750.63924427, -6879.5029567, 1034.20565383)
(5750.72540285, -6879.49771743, 1034.2056538)
(5750.78792325, -6879.48754652, 1034.20565372)
(5750.87376282, -6879.45056781, 1034.20565396)
(5750.9263654, -6879.4163418, 1034.20565379)
(5750.99011753, -6879.37359064, 1034.20565391)
(5751.05038754, -6879.33224186, 1034.20565383)
(5751.1271009, -6879.28239647, 1034.20565383)
(5751.18544935, -6879.24122815, 1034.20565384)
(5751.24837604, -6879.19474492, 1034.20565384)
(5751.30770729, -6879.15822144, 1034.20565384)
(5751.3940864, -6879.12511959, 1034.2056538)
(5751.47288993, -6879.10629599, 1034.2056538)
(5751.57481186, -6879.07877981, 1034.20565384)
(5751.63234543, -6879.0623203, 1034.20565381)
(5751.71281132, -6879.03871951, 1034.20565383)
(5751.78221517, -6879.01201321, 1034.20565371)
(5751.87794837, -6878.96894164, 1034.2056538)
(5751.95004767, -6878.94432968, 1034.20565398)
(5752.03457244, -6878.94314607, 1034.2056994)
(5752.09365115, -6878.95632114, 1034.20567638)
(5752.17212904, -6878.97958737, 1034.20565359)
(5752.24866841, -6878.99001378, 1034.20565386)
(5752.34037431, -6878.98584701, 1034.20565371)
(5752.41266688, -6878.98268342, 1034.20565384)
(5752.49572501, -6878.98325666, 1034.20565382)
(5752.56722876, -6878.97523976, 1034.20565393)
(5752.65557349, -6878.94660834, 1034.20565408)
(5752.72348682, -6878.93399027, 1034.20565435)
(5752.80800491, -6878.92929732, 1034.20581206)
(5752.87907635, -6878.93543292, 1034.20566245)
(5752.96217797, -6878.95751686, 1034.20565374)
(5753.03375642, -6878.96802579, 1034.20565391)
(5753.11870682, -6878.9667045, 1034.20565367)
(5753.19739078, -6878.97327712, 1034.20565369)
(5753.28484644, -6878.98934061, 1034.20565393)
(5753.3573173, -6878.99345392, 1034.20565434)
(5753.44143186, -6878.97851721, 1034.20565392)
(5753.51284003, -6878.96999943, 1034.20565395)
(5753.60008903, -6878.97236585, 1034.2056538)
(5753.67411018, -6878.9664922, 1034.20565394)
(5753.76809347, -6878.93463343, 1034.2056539)
(5753.83543614, -6878.91539748, 1034.20565385)
(5753.93995304, -6878.89903859, 1034.20565395)
(5754.02868444, -6878.87858917, 1034.20565388)
(5754.13299586, -6878.8482709, 1034.20565377)
(5754.20944971, -6878.81388525, 1034.20565352)
(5754.28492396, -6878.76599805, 1034.20565384)
(5754.35246402, -6878.73320326, 1034.20565374)
(5754.44190868, -6878.70422293, 1034.20565396)
(5754.53524287, -6878.66769956, 1034.20565408)
(5754.64875437, -6878.60454542, 1034.20565371)
(5754.72618856, -6878.54672777, 1034.20565341)
(5754.81947062, -6878.47137118, 1034.20565389)
(5754.88497008, -6878.42029782, 1034.20565378)
(5754.95597339, -6878.36624565, 1034.20565381)
(5755.00683077, -6878.32326807, 1034.20565387)
(5755.06711638, -6878.26670599, 1034.20565377)
(5755.11760873, -6878.21201756, 1034.20565349)
(5755.17449194, -6878.13475647, 1034.20565358)
(5755.22162683, -6878.07843728, 1034.2056542)
(5755.29585044, -6878.02240546, 1034.20566887)
(5755.36257064, -6877.98907704, 1034.20601936)
(5755.4622107, -6877.96801167, 1034.20599566)
(5755.52952301, -6877.96593099, 1034.20573518)
(5755.62988907, -6877.96570099, 1034.20565387)
(5755.71168369, -6877.95778299, 1034.20565361)
(5755.82403555, -6877.91208254, 1034.20565435)
(5755.90371526, -6877.88068928, 1034.20565333)
(5756.00701456, -6877.85574267, 1034.20567214)
(5756.06827934, -6877.83873398, 1034.20566719)
(5756.15073872, -6877.80236938, 1034.20565546)
(5756.21953995, -6877.76939768, 1034.20565415)
(5756.31558987, -6877.72693903, 1034.20565384)
(5756.39593471, -6877.69221613, 1034.20565382)
(5756.4960005, -6877.64884098, 1034.2056538)
(5756.55695803, -6877.61414513, 1034.20565394)
(5756.62068127, -6877.56583746, 1034.20565362)
(5756.683128, -6877.52229803, 1034.20565383)
(5756.77052874, -6877.46423187, 1034.20565383)
(5756.83390355, -6877.42159168, 1034.20565383)
(5756.91010256, -6877.36996892, 1034.20565382)
(5756.96899522, -6877.32290598, 1034.20565374)
(5757.02840327, -6877.26512485, 1034.20565365)
(5757.08314088, -6877.20947895, 1034.20565371)
(5757.1486253, -6877.14472974, 1034.20565382)
(5757.19968811, -6877.10088544, 1034.20565377)
(5757.28669301, -6877.04551206, 1034.20565384)
(5757.35280286, -6877.01594489, 1034.20565383)
(5757.44315775, -6876.98231109, 1034.20565382)
(5757.54189452, -6876.92467543, 1034.20565401)
(5757.59509874, -6876.87757652, 1034.20565392)
(5757.66054382, -6876.8224592, 1034.20565381)
(5757.70714136, -6876.78294835, 1034.20565383)
(5757.77903647, -6876.72028192, 1034.20565381)
(5757.83295823, -6876.6711374, 1034.20565381)
(5757.89893351, -6876.60838289, 1034.20565384)
(5757.95075219, -6876.55753705, 1034.2056538)
(5758.00966207, -6876.49916864, 1034.20565381)
(5758.05784906, -6876.44620162, 1034.20565385)
(5758.11369054, -6876.37214951, 1034.20565383)
(5758.1592086, -6876.30716958, 1034.20565382)
(5758.21888806, -6876.22351563, 1034.20565382)
(5758.25933853, -6876.16810106, 1034.20565382)
(5758.30993321, -6876.09916196, 1034.20565382)
(5758.35961272, -6876.04370271, 1034.20565675)
(5758.45063686, -6875.98159369, 1034.2058023)
(5758.53777332, -6875.93278974, 1034.20565818)
(5758.59798645, -6875.89335341, 1034.20565396)
(5758.67598602, -6875.835786, 1034.205654)
(5758.73253099, -6875.78878035, 1034.20565372)
(5758.8119613, -6875.71331353, 1034.20565407)
(5758.86214891, -6875.66492403, 1034.20565383)
(5758.93268691, -6875.59819537, 1034.20565381)
(5759.00328165, -6875.5304376, 1034.20565381)
(5759.08307045, -6875.4532365, 1034.20565383)
(5759.11739716, -6875.41466781, 1034.2056538)
(5759.17336391, -6875.32507176, 1034.20565382)
(5759.20319411, -6875.2287006, 1034.20565381)
(5759.23204977, -6875.07755986, 1034.20565369)
(5759.23198544, -6874.97676377, 1034.20565378)
(5759.24084142, -6874.85533353, 1034.20565381)
(5759.25947188, -6874.76866042, 1034.20565388)
(5759.31372123, -6874.66971565, 1034.20565131)
(5759.36451424, -6874.61850961, 1034.2059214)
(5759.46031635, -6874.55880441, 1034.20570816)
(5759.52184535, -6874.53108984, 1034.20568126)
(5759.62806377, -6874.50605633, 1034.20571243)
(5759.70300673, -6874.50193745, 1034.20571827)
(5759.77980513, -6874.50869552, 1034.20565391)
(5759.86075111, -6874.50717116, 1034.20565373)
(5759.95607699, -6874.49299026, 1034.20565383)
(5760.03906047, -6874.48936187, 1034.20565348)
(5760.13291005, -6874.49519392, 1034.2056539)
(5760.20090683, -6874.4935677, 1034.2056538)
(5760.29330625, -6874.48492706, 1034.20565382)
(5760.37256621, -6874.48390971, 1034.20565388)
(5760.45275404, -6874.48533868, 1034.20565371)
(5760.51010533, -6874.48386268, 1034.20565383)
(5760.61608521, -6874.48006486, 1034.20565383)
(5760.70286695, -6874.47960081, 1034.20565381)
(5760.79830579, -6874.47886032, 1034.20565383)
(5760.87223991, -6874.47811232, 1034.20565383)
(5760.95029929, -6874.47729745, 1034.20565383)
(5761.02094963, -6874.47689837, 1034.20565383)
(5761.12463148, -6874.47626164, 1034.20565383)
(5761.19319118, -6874.47576389, 1034.20565383)
(5761.29892329, -6874.47500968, 1034.20565383)
(5761.3939197, -6874.47440171, 1034.20565383)
(5761.46661033, -6874.47391898, 1034.20565383)
(5761.56326209, -6874.47338947, 1034.20565383)
(5761.6454668, -6874.47310608, 1034.20565383)
(5761.73138238, -6874.47281718, 1034.20565383)
(5761.79293968, -6874.47279614, 1034.20565382)
(5761.88133872, -6874.47275305, 1034.20565383)
(5761.95981109, -6874.4726163, 1034.20565382)
(5762.06141116, -6874.4723668, 1034.20565382)
(5762.14357815, -6874.47183341, 1034.20565382)
(5762.24682778, -6874.47123133, 1034.20565384)
(5762.31375985, -6874.47129591, 1034.20565383)
(5762.39431269, -6874.47129486, 1034.20565383)
(5762.47319613, -6874.47113699, 1034.20565382)
(5762.58222126, -6874.47066875, 1034.20565382)
(5762.66935624, -6874.47014827, 1034.20565382)
(5762.75486594, -6874.46994867, 1034.20565383)
(5762.86556906, -6874.46980498, 1034.20565383)
(5762.9432209, -6874.46971094, 1034.20565383)
(5763.03739885, -6874.46970467, 1034.20565383)
(5763.10719979, -6874.46964426, 1034.20565383)
(5763.19682927, -6874.46963979, 1034.20565383)
(5763.27695564, -6874.46960421, 1034.20565383)
(5763.40045553, -6874.46968212, 1034.20565383)
(5763.48305929, -6874.46969353, 1034.20565382)
(5763.5743355, -6874.46969445, 1034.20565382)
(5763.6513845, -6874.46350527, 1034.20565383)
(5763.74688049, -6874.45483246, 1034.20565388)
(5763.82384921, -6874.43768056, 1034.20565392)
(5763.92079998, -6874.38053882, 1034.20565391)
(5764.00073469, -6874.31611125, 1034.20565401)
(5764.06568187, -6874.27225164, 1034.20565354)
(5764.16650325, -6874.21022776, 1034.20565385)
(5764.21807523, -6874.17486698, 1034.20565376)
(5764.29049491, -6874.12127449, 1034.20565387)
(5764.360027, -6874.07089384, 1034.20565384)
(5764.46014312, -6873.99859914, 1034.20565383)
(5764.52927255, -6873.94838355, 1034.20565382)
(5764.59167115, -6873.9029444, 1034.20565382)
(5764.64949148, -6873.86096505, 1034.20565382)
(5764.73736751, -6873.79713948, 1034.20565381)
(5764.81041914, -6873.74987268, 1034.20565377)
(5764.89547312, -6873.69955807, 1034.20565377)
(5764.94934973, -6873.67433516, 1034.20565484)
(5765.0431307, -6873.66709871, 1034.20565386)
(5765.13766119, -6873.65810718, 1034.20565395)
(5765.2135275, -6873.64115437, 1034.20565381)
(5765.30844547, -6873.61642547, 1034.20565404)
(5765.38978353, -6873.60293927, 1034.20565384)
(5765.47296711, -6873.59246621, 1034.20565393)
(5765.53572961, -6873.58124824, 1034.20565384)
(5765.6172398, -6873.56516148, 1034.20565383)
(5765.69104477, -6873.55580296, 1034.20565384)
(5765.78999461, -6873.54606332, 1034.20565379)
(5765.86453058, -6873.5413028, 1034.20565382)
(5765.96047243, -6873.53420076, 1034.20565383)
(5766.01898325, -6873.53057951, 1034.20565383)
(5766.10103221, -6873.52536822, 1034.20565384)
(5766.1711591, -6873.52173096, 1034.20565383)
(5766.27549988, -6873.51570019, 1034.20565383)
(5766.34894429, -6873.51199123, 1034.20565383)
(5766.44216454, -6873.50702127, 1034.20565382)
(5766.50941669, -6873.50365037, 1034.20565382)
(5766.60099556, -6873.49899844, 1034.20565385)
(5766.67392714, -6873.48927056, 1034.20565384)
(5766.7718818, -6873.47533157, 1034.20565381)
(5766.84711372, -6873.45663344, 1034.20565362)
(5766.93518306, -6873.40346928, 1034.20565246)
(5767.01412773, -6873.33875645, 1034.2056532)
(5767.07917234, -6873.2909526, 1034.20565359)
(5767.15607435, -6873.23956709, 1034.2056538)
(5767.20965885, -6873.20149471, 1034.20565381)
(5767.29072052, -6873.14201963, 1034.20565381)
(5767.3506436, -6873.0973692, 1034.2056538)
(5767.42943091, -6873.03869268, 1034.20565383)
(5767.48496737, -6872.9971834, 1034.20565382)
(5767.56918354, -6872.93406706, 1034.20565383)
(5767.61830019, -6872.89706933, 1034.20565382)
(5767.69272404, -6872.84085056, 1034.20565383)
(5767.75609433, -6872.79317499, 1034.20565382)
(5767.82703954, -6872.73977386, 1034.20565381)
(5767.88978561, -6872.68630192, 1034.20565399)
(5767.95521434, -6872.62482893, 1034.20565359)
(5768.03184264, -6872.5521483, 1034.20565383)
(5768.08001713, -6872.50688006, 1034.20565383)
(5768.14232115, -6872.44885501, 1034.20565382)
(5768.19146476, -6872.40284301, 1034.20565382)
(5768.26140248, -6872.3373421, 1034.20565382)
(5768.32167426, -6872.28085967, 1034.20565382)
(5768.39575372, -6872.21133509, 1034.20565382)
(5768.45120414, -6872.15936428, 1034.20565382)
(5768.5196687, -6872.09530003, 1034.20565383)
(5768.56185439, -6872.05575867, 1034.20565383)
(5768.62929599, -6871.99244105, 1034.20565382)
(5768.68412551, -6871.94101738, 1034.20565382)
(5768.761574, -6871.86844124, 1034.2056538)
(5768.82184766, -6871.81665913, 1034.20565382)
(5768.91525415, -6871.74642681, 1034.2056538)
(5769.00618958, -6871.70327557, 1034.20565415)
(5769.1364065, -6871.70578376, 1034.20565497)
(5769.25632973, -6871.6946717, 1034.2056549)
(5769.35120647, -6871.66639367, 1034.20582439)
(5769.4397218, -6871.61702767, 1034.20565148)
(5769.53763191, -6871.57253957, 1034.20567539)
(5769.61727741, -6871.5611644, 1034.20568926)
(5769.72318649, -6871.57039224, 1034.20566829)
(5769.81112721, -6871.56768531, 1034.20565384)
(5769.95797608, -6871.51797625, 1034.20565394)
(5770.02383144, -6871.4547549, 1034.20565698)
(5770.08127933, -6871.37415348, 1034.20565156)
(5770.13033125, -6871.33156652, 1034.20565405)
(5770.19700938, -6871.27454836, 1034.20565431)
(5770.2594801, -6871.24075805, 1034.20571144)
(5770.3371259, -6871.20994204, 1034.20565414)
(5770.39667514, -6871.17660561, 1034.20565354)
(5770.47922219, -6871.11331298, 1034.20565343)
(5770.53878972, -6871.07248724, 1034.20565381)
(5770.61896663, -6871.02386325, 1034.20565392)
(5770.67885609, -6870.98630731, 1034.20565384)
(5770.74865154, -6870.941362, 1034.20565381)
(5770.8135147, -6870.8994756, 1034.20565381)
(5770.88393255, -6870.85406957, 1034.20565382)
(5770.95064505, -6870.81119398, 1034.20565383)
(5771.01704093, -6870.76857168, 1034.20565382)
(5771.08536683, -6870.73041185, 1034.20565379)
(5771.15785242, -6870.69420424, 1034.20565382)
(5771.22633254, -6870.66978157, 1034.20565442)
(5771.31511652, -6870.65772116, 1034.20566674)
(5771.38207814, -6870.64882575, 1034.20565418)
(5771.46611044, -6870.63215526, 1034.20565362)
(5771.52708879, -6870.62138753, 1034.20565392)
(5771.6190842, -6870.605748, 1034.20565382)
(5771.69080675, -6870.59443016, 1034.20565382)
(5771.78830175, -6870.57889974, 1034.20565383)
(5771.85561491, -6870.56819349, 1034.20565382)
(5771.9584094, -6870.55183483, 1034.20565383)
(5772.02990274, -6870.54466439, 1034.20565383)
(5772.12853997, -6870.53595718, 1034.20565382)
(5772.2105726, -6870.53202281, 1034.20565382)
(5772.31473827, -6870.52376656, 1034.20565382)
(5772.37576747, -6870.52128749, 1034.20565385)
(5772.46491041, -6870.5179913, 1034.20565384)
(5772.54488878, -6870.51344228, 1034.20565382)
(5772.62979818, -6870.50839843, 1034.20565382)
(5772.70077545, -6870.50495061, 1034.20565383)
(5772.78784215, -6870.50075118, 1034.20565381)
(5772.85800776, -6870.49762468, 1034.20565383)
(5772.96159142, -6870.49295856, 1034.20565382)
(5773.03553404, -6870.49196688, 1034.20565381)
(5773.13467451, -6870.48982577, 1034.20565383)
(5773.20201389, -6870.4886993, 1034.20565383)
(5773.27966353, -6870.48721487, 1034.20565384)
(5773.36187361, -6870.48610134, 1034.20565383)
(5773.47131978, -6870.48436193, 1034.20565383)
(5773.5625852, -6870.4828527, 1034.20565383)
(5773.68565522, -6870.48094235, 1034.20565382)
(5773.76453157, -6870.47968033, 1034.20565382)
(5773.8545596, -6870.47823849, 1034.20565383)
(5773.92023627, -6870.47736668, 1034.20565383)
(5774.02143257, -6870.47610173, 1034.20565383)
(5774.09951925, -6870.47565307, 1034.20565383)
(5774.19618039, -6870.47495092, 1034.20565383)
(5774.25895801, -6870.47442422, 1034.20565383)
(5774.35024061, -6870.47378397, 1034.20565383)
(5774.42995622, -6870.47324973, 1034.20565383)
(5774.5427198, -6870.47262162, 1034.20565383)
(5774.62243108, -6870.47211564, 1034.20565383)
(5774.72692396, -6870.47145349, 1034.20565383)
(5774.81407037, -6870.47090173, 1034.20565383)
(5774.93301443, -6870.47013406, 1034.20565382)
(5775.01014275, -6870.4623429, 1034.2056538)
(5775.08447268, -6870.45210942, 1034.20565367)
(5775.17015777, -6870.42898777, 1034.20565419)
(5775.27814089, -6870.35029045, 1034.20565435)
(5775.35021506, -6870.29337028, 1034.20565362)
(5775.46510405, -6870.22393012, 1034.20565382)
(5775.54845978, -6870.16760336, 1034.20565383)
(5775.64487389, -6870.08655766, 1034.20565403)
(5775.71474429, -6870.03169484, 1034.20565378)
(5775.80335049, -6869.97275313, 1034.20565378)
(5775.86307205, -6869.9302743, 1034.20565374)
(5775.9351868, -6869.87610593, 1034.20565389)
(5775.99543478, -6869.83118722, 1034.20565383)
(5776.06899411, -6869.77644718, 1034.20565382)
(5776.14744135, -6869.72599287, 1034.20565379)
(5776.21312592, -6869.69481366, 1034.20565481)
(5776.32157009, -6869.67506496, 1034.20566524)
(5776.3881789, -6869.66208811, 1034.20565387)
(5776.47585285, -6869.63952255, 1034.2056538)
(5776.55012863, -6869.62572116, 1034.20565386)
(5776.64192482, -6869.61126559, 1034.20565381)
(5776.71913253, -6869.59718078, 1034.20565381)
(5776.80849861, -6869.58073062, 1034.2056538)
(5776.88218493, -6869.56865737, 1034.20565382)
(5776.96735016, -6869.55453381, 1034.20565381)
(5777.04547521, -6869.53070363, 1034.20565369)
(5777.12596455, -6869.482064, 1034.20565396)
(5777.18912731, -6869.43726681, 1034.20565358)
(5777.26556447, -6869.38562257, 1034.20565381)
(5777.36222108, -6869.31724239, 1034.20565384)
(5777.42553459, -6869.27067686, 1034.20565384)
(5777.49660241, -6869.21733496, 1034.20565382)
(5777.54969807, -6869.17734165, 1034.20565382)
(5777.62924481, -6869.11758672, 1034.20565383)
(5777.68713441, -6869.07366753, 1034.20565382)
(5777.76498, -6869.01444126, 1034.20565384)
(5777.82722376, -6868.96732478, 1034.20565383)
(5777.89612727, -6868.91529035, 1034.20565383)
(5777.94883317, -6868.8754282, 1034.20565382)
(5778.02162274, -6868.82035257, 1034.20565382)
(5778.08295679, -6868.77857018, 1034.20565381)
(5778.16851183, -6868.72702136, 1034.20565382)
(5778.25782845, -6868.69313877, 1034.20565393)
(5778.33632471, -6868.68757103, 1034.20565425)
(5778.41453277, -6868.67901009, 1034.20565388)
(5778.49356657, -6868.66088708, 1034.20565359)
(5778.57688697, -6868.63723359, 1034.20565381)
(5778.64550709, -6868.62384315, 1034.20565383)
(5778.72908128, -6868.61018443, 1034.20565382)
(5778.79680301, -6868.597061, 1034.20565381)
(5778.9032343, -6868.57553631, 1034.20565381)
(5778.97953929, -6868.55477847, 1034.20565379)
(5779.06984372, -6868.52947603, 1034.20565374)
(5779.13334289, -6868.50385128, 1034.20565414)
(5779.19928115, -6868.45863207, 1034.20565412)
(5779.26042008, -6868.41091908, 1034.20565409)
(5779.34253596, -6868.34924916, 1034.20565385)
(5779.41051814, -6868.29881498, 1034.20565381)
(5779.4982727, -6868.23410753, 1034.20565382)
(5779.57533857, -6868.17494354, 1034.20565382)
(5779.63426923, -6868.12900547, 1034.20565381)
(5779.705558, -6868.07341346, 1034.20565382)
(5779.75843791, -6868.03241672, 1034.20565383)
(5779.82927295, -6867.97750578, 1034.20565382)
(5779.88692549, -6867.93260654, 1034.20565382)
(5779.96794193, -6867.86933532, 1034.20565382)
(5780.03835166, -6867.81453374, 1034.20565383)
(5780.1225774, -6867.74919979, 1034.20565382)
(5780.21797332, -6867.69620064, 1034.20565362)
(5780.30452014, -6867.68090476, 1034.20565383)
(5780.38807197, -6867.67760474, 1034.20565393)
(5780.45096189, -6867.66695002, 1034.20565372)
(5780.55898123, -6867.62766677, 1034.20565383)
(5780.6478527, -6867.60646681, 1034.20565545)
(5780.78230934, -6867.59932412, 1034.20571211)
(5780.89522956, -6867.58757855, 1034.20565406)
(5781.00456048, -6867.54274739, 1034.20565422)
(5781.09579414, -6867.5148608, 1034.20565306)
(5781.19920442, -6867.50691978, 1034.20591216)
(5781.27110607, -6867.52019084, 1034.20566605)
(5781.34572672, -6867.53367839, 1034.20565377)
(5781.42410897, -6867.53665346, 1034.20565417)
(5781.52432758, -6867.51043894, 1034.20565409)
(5781.61138016, -6867.4983487, 1034.20565344)
(5781.7259456, -6867.5130498, 1034.20565351)
(5781.80948243, -6867.52588427, 1034.2056537)
(5781.91351922, -6867.50891284, 1034.20565391)
(5781.98495682, -6867.48622216, 1034.2056539)
(5782.06400735, -6867.47276202, 1034.20565367)
(5782.13573824, -6867.45528353, 1034.20565405)
(5782.21270509, -6867.41330278, 1034.20565908)
(5782.28107963, -6867.35978694, 1034.20565378)
(5782.3503787, -6867.30769377, 1034.20565395)
(5782.41232036, -6867.26571352, 1034.20565384)
(5782.49182282, -6867.21403143, 1034.20565381)
(5782.55574378, -6867.16812452, 1034.20565385)
(5782.63026704, -6867.1107787, 1034.20565387)
(5782.70212509, -6867.05649252, 1034.20565381)
(5782.776424, -6867.00132783, 1034.20565382)
(5782.82899361, -6866.9619709, 1034.20565382)
(5782.89673488, -6866.91119357, 1034.20565382)
(5782.96199268, -6866.86199351, 1034.20565382)
(5783.03840753, -6866.80426463, 1034.20565382)
(5783.09287711, -6866.7668083, 1034.20565382)
(5783.16377681, -6866.72246918, 1034.20565383)
(5783.22835123, -6866.69089057, 1034.20565406)
(5783.33156898, -6866.67518639, 1034.20565351)
(5783.40820629, -6866.66282325, 1034.20565389)
(5783.49223545, -6866.64059077, 1034.20565408)
(5783.56159297, -6866.62676577, 1034.20565386)
(5783.65278267, -6866.61139443, 1034.20565384)
(5783.72836875, -6866.59803721, 1034.20565379)
(5783.8250094, -6866.58003906, 1034.20565382)
(5783.89256293, -6866.56881538, 1034.20565382)
(5783.98381341, -6866.55352654, 1034.20565382)
(5784.09514899, -6866.54894406, 1034.2056537)
(5784.15903428, -6866.54544942, 1034.20565381)
(5784.25624572, -6866.53825476, 1034.20565382)
(5784.33418206, -6866.53350325, 1034.20565383)
(5784.41951021, -6866.52796962, 1034.20565383)
(5784.49499417, -6866.52372686, 1034.20565383)
(5784.58571853, -6866.51843947, 1034.20565383)
(5784.65252671, -6866.51461599, 1034.20565383)
(5784.73582684, -6866.50985983, 1034.20565383)
(5784.81336121, -6866.50553532, 1034.20565383)
(5784.92306035, -6866.49944854, 1034.20565381)
(5785.00292458, -6866.48826754, 1034.20565387)
(5785.11228065, -6866.47083853, 1034.20565385)
(5785.21041973, -6866.43731291, 1034.20566836)
(5785.28571541, -6866.38704022, 1034.2057806)
(5785.34587345, -6866.33415901, 1034.20569374)
(5785.39895231, -6866.28681587, 1034.20565344)
(5785.46967361, -6866.23505763, 1034.20565352)
(5785.54393495, -6866.18134027, 1034.20565394)
(5785.61246691, -6866.13092622, 1034.2056538)
(5785.67989759, -6866.07972145, 1034.2056538)
(5785.75844936, -6866.01935307, 1034.20565382)
(5785.85386314, -6865.94689729, 1034.20565382)
(5785.92208287, -6865.89529449, 1034.20565383)
(5785.96825028, -6865.86043363, 1034.20565383)
(5786.025875, -6865.81680438, 1034.20565382)
(5786.11906541, -6865.74625258, 1034.20565382)
(5786.19707391, -6865.70104579, 1034.20565391)
(5786.31790219, -6865.66997834, 1034.20565385)
(5786.43005506, -6865.65462734, 1034.20565408)
(5786.53189611, -6865.63291441, 1034.20565389)
(5786.60983783, -6865.61620559, 1034.20565384)
(5786.70149872, -6865.59657713, 1034.20565377)
(5786.7558214, -6865.58845294, 1034.20565384)
(5786.84253093, -6865.57686271, 1034.20565382)
(5786.92438213, -6865.56618817, 1034.20565384)
(5787.02662525, -6865.55167786, 1034.20565381)
(5787.11527402, -6865.54578132, 1034.20565377)
(5787.21412521, -6865.53970945, 1034.20565383)
(5787.28909926, -6865.53405526, 1034.20565382)
(5787.37680075, -6865.52720671, 1034.20565384)
(5787.44112921, -6865.52397617, 1034.20565384)
(5787.53603067, -6865.51907451, 1034.20565383)
(5787.61480733, -6865.5146977, 1034.20565383)
(5787.72698044, -6865.5084411, 1034.20565383)
(5787.83667397, -6865.50230235, 1034.20565384)
(5787.90887398, -6865.49858762, 1034.20565383)
(5787.99467466, -6865.49413577, 1034.20565383)
(5788.06788173, -6865.48264953, 1034.20565381)
(5788.16229474, -6865.44167212, 1034.20565395)
(5788.22671274, -6865.40021954, 1034.20565374)
(5788.31603342, -6865.34953593, 1034.20565378)
(5788.38562682, -6865.30299319, 1034.20565374)
(5788.47432071, -6865.23757723, 1034.20565375)
(5788.52688504, -6865.19873572, 1034.20565382)
(5788.59852344, -6865.14477657, 1034.20565383)
(5788.65764517, -6865.09975757, 1034.20565383)
(5788.73121258, -6865.04374755, 1034.20565382)
(5788.78739701, -6865.00100512, 1034.20565382)
(5788.84813901, -6864.95470587, 1034.20565382)
(5788.89646522, -6864.91795232, 1034.20565383)
(5788.97074785, -6864.86145311, 1034.20565382)
(5789.03010071, -6864.82006043, 1034.20565383)
(5789.11209586, -6864.76696224, 1034.20565381)
(5789.17074918, -6864.73758546, 1034.20565401)
(5789.26185602, -6864.71735406, 1034.20565751)
(5789.332748, -6864.7032951, 1034.20565369)
(5789.43025399, -6864.67866409, 1034.20565382)
(5789.50284571, -6864.66261787, 1034.20565387)
(5789.59064404, -6864.64300597, 1034.20565385)
(5789.64899391, -6864.63149758, 1034.20565383)
(5789.73720959, -6864.61364155, 1034.20565382)
(5789.81338489, -6864.59862612, 1034.20565383)
(5789.91213598, -6864.57850887, 1034.20565382)
(5789.99157636, -6864.56808988, 1034.20565389)
(5790.09688662, -6864.55574729, 1034.20565384)
(5790.16528659, -6864.55111743, 1034.20565379)
(5790.23314957, -6864.54546132, 1034.20565383)
(5790.30564555, -6864.5407208, 1034.20565383)
(5790.40701104, -6864.53344893, 1034.20565383)
(5790.47503244, -6864.52903431, 1034.20565383)
(5790.56323728, -6864.52307931, 1034.20565382)
(5790.6312726, -6864.51885135, 1034.20565383)
(5790.71742236, -6864.51329834, 1034.20565384)
(5790.78838383, -6864.50950643, 1034.20565382)
(5790.89642318, -6864.50327116, 1034.20565385)
(5790.96645316, -6864.49280626, 1034.20565381)
(5791.06146424, -6864.47622124, 1034.20565364)
(5791.13353846, -6864.45586404, 1034.20566553)
(5791.22008857, -6864.40680772, 1034.2056549)
(5791.27778696, -6864.36147137, 1034.20565473)
(5791.34846149, -6864.29620751, 1034.20565405)
(5791.4208075, -6864.23775739, 1034.20565372)
(5791.51079391, -6864.18055589, 1034.20565371)
(5791.56927646, -6864.14049919, 1034.20565382)
(5791.63221426, -6864.09317218, 1034.20565376)
(5791.70343147, -6864.04016907, 1034.20565384)
(5791.79557294, -6863.97235189, 1034.20565382)
(5791.85751889, -6863.92687627, 1034.20565382)
(5791.96488704, -6863.84829592, 1034.20565382)
(5792.01751537, -6863.80971305, 1034.20565382)
(5792.08078103, -6863.76328973, 1034.20565382)
(5792.14047427, -6863.71963166, 1034.20565382)
(5792.19586137, -6863.67918107, 1034.20565382)
(5792.25528119, -6863.63584382, 1034.20565382)
(5792.30970183, -6863.59617835, 1034.20565382)
(5792.36044947, -6863.55919783, 1034.20565382)
