(5683.59056592, -6912.77000055, 1034.20566087)
(5683.6580695, -6912.76967998, 1034.20576007)
(5683.76254496, -6912.76923582, 1034.20565166)
(5683.84266703, -6912.76886518, 1034.20565398)
(5683.91990021, -6912.76850455, 1034.20565389)
(5684.00043602, -6912.76808504, 1034.20565384)
(5684.08924374, -6912.76743734, 1034.20565382)
(5684.16413758, -6912.75727957, 1034.20565382)
(5684.24376137, -6912.72898877, 1034.20565379)
(5684.31470153, -6912.68920823, 1034.20565381)
(5684.39387373, -6912.64206297, 1034.20565379)
(5684.46759166, -6912.59608549, 1034.20565388)
(5684.53257235, -6912.55632549, 1034.20565382)
(5684.59087469, -6912.51644816, 1034.20565365)
(5684.66960487, -6912.45747551, 1034.20565374)
(5684.73050141, -6912.41270301, 1034.20565376)
(5684.79860518, -6912.36309557, 1034.2056538)
(5684.85121617, -6912.32383074, 1034.20565381)
(5684.93437245, -6912.26128228, 1034.20565382)
(5684.98916276, -6912.22014153, 1034.20565383)
(5685.05610962, -6912.1697497, 1034.20565382)
(5685.10137669, -6912.13579637, 1034.20565382)
(5685.17971243, -6912.07708752, 1034.20565382)
(5685.23827513, -6912.02833691, 1034.20565356)
(5685.29793292, -6911.97295814, 1034.20565364)
(5685.34641218, -6911.92683252, 1034.20565382)
(5685.40708234, -6911.86961318, 1034.2056538)
(5685.46240699, -6911.81807018, 1034.20565382)
(5685.52961847, -6911.75564867, 1034.20565383)
(5685.58611722, -6911.70298953, 1034.20565382)
(5685.65107364, -6911.64244166, 1034.20565382)
(5685.69880782, -6911.59794448, 1034.20565383)
(5685.77549938, -6911.52636963, 1034.20565383)
(5685.82593682, -6911.47932109, 1034.20565382)
(5685.88601129, -6911.42323281, 1034.20565382)
(5685.95395424, -6911.35983096, 1034.20565382)
(5686.04029933, -6911.27922176, 1034.20565382)
(5686.09031151, -6911.23288003, 1034.20565383)
(5686.16500665, -6911.16393478, 1034.20565381)
(5686.22296467, -6911.10932707, 1034.20565383)
(5686.30298436, -6911.03302106, 1034.20565382)
(5686.35606962, -6910.98170467, 1034.20565383)
(5686.44190453, -6910.89720511, 1034.20565382)
(5686.49225161, -6910.8476734, 1034.20565382)
(5686.57469658, -6910.76657399, 1034.20565382)
(5686.63653198, -6910.70575121, 1034.20565382)
(5686.71250549, -6910.63103641, 1034.20565382)
(5686.76963415, -6910.57485526, 1034.20565382)
(5686.84508384, -6910.50077125, 1034.20565382)
(5686.89486891, -6910.45184727, 1034.20565382)
(5686.96026749, -6910.38757993, 1034.20565382)
(5687.00857912, -6910.34010259, 1034.20565382)
(5687.07250427, -6910.27728205, 1034.20565382)
(5687.12405616, -6910.22661985, 1034.20565382)
(5687.19593433, -6910.1559824, 1034.20565382)
(5687.24470974, -6910.10782243, 1034.20565382)
(5687.31012885, -6910.04302194, 1034.20565382)
(5687.36774926, -6909.98559701, 1034.20565381)
(5687.42909273, -6909.92431691, 1034.20565382)
(5687.47879697, -6909.87473443, 1034.20565382)
(5687.54919353, -6909.80438215, 1034.20565383)
(5687.59858199, -6909.75506122, 1034.20565383)
(5687.67128645, -6909.68233679, 1034.20565382)
(5687.73103411, -6909.6229043, 1034.20565383)
(5687.80055023, -6909.55395994, 1034.20565383)
(5687.84682563, -6909.50794842, 1034.20565382)
(5687.91155191, -6909.44358839, 1034.20565382)
(5687.96016795, -6909.39524408, 1034.20565382)
(5688.03191922, -6909.32389016, 1034.20565382)
(5688.0834687, -6909.27263633, 1034.20565382)
(5688.15435395, -6909.20217, 1034.20565382)
(5688.21029521, -6909.14654896, 1034.20565382)
(5688.27853677, -6909.07869664, 1034.20565382)
(5688.32240797, -6909.03496354, 1034.20565382)
(5688.38376641, -6908.97367977, 1034.20565382)
(5688.43608132, -6908.92144697, 1034.20565382)
(5688.5052904, -6908.85223793, 1034.20565382)
(5688.56080811, -6908.79677657, 1034.20565383)
(5688.62767405, -6908.72989212, 1034.20565382)
(5688.67324334, -6908.68434086, 1034.20565382)
(5688.7430406, -6908.61453842, 1034.20565382)
(5688.79298611, -6908.56460204, 1034.20565382)
(5688.85810641, -6908.49946938, 1034.20565383)
(5688.90863202, -6908.44894476, 1034.20565382)
(5688.97287982, -6908.38468806, 1034.20565382)
(5689.01697944, -6908.34058764, 1034.20565382)
(5689.08122775, -6908.27633416, 1034.20565382)
(5689.13671714, -6908.22084387, 1034.20565382)
(5689.20067372, -6908.1568817, 1034.20565382)
(5689.24769376, -6908.10986045, 1034.20565382)
(5689.30931392, -6908.04823548, 1034.20565382)
(5689.35779408, -6907.99975446, 1034.20565382)
(5689.41474218, -6907.94280271, 1034.20565382)
(5689.46585123, -6907.89169287, 1034.20565382)
(5689.53652559, -6907.8210145, 1034.20565382)
(5689.59289113, -6907.76464829, 1034.20565382)
(5689.65538777, -6907.70214724, 1034.20565382)
(5689.69452262, -6907.66301153, 1034.20565382)
(5689.76548928, -6907.59204112, 1034.20565382)
(5689.82448337, -6907.53304632, 1034.20565382)
(5689.90479436, -6907.4527295, 1034.20565382)
(5689.96145291, -6907.39607115, 1034.20565382)
(5690.03125225, -6907.32627012, 1034.20565382)
(5690.08236122, -6907.27516115, 1034.20565382)
(5690.14923985, -6907.20828031, 1034.20565382)
(5690.18925121, -6907.16826916, 1034.20565382)
(5690.25992678, -6907.09759173, 1034.20565382)
(5690.31892119, -6907.03859742, 1034.20565382)
(5690.39952568, -6906.95798966, 1034.20565382)
(5690.44654612, -6906.91096915, 1034.20565382)
(5690.53912363, -6906.81838615, 1034.20565382)
(5690.60337507, -6906.75413503, 1034.20565382)
(5690.69595412, -6906.66155284, 1034.20565382)
(5690.77977273, -6906.57773372, 1034.20565382)
(5690.85132523, -6906.50618145, 1034.20565382)
(5690.93163725, -6906.4258645, 1034.20565382)
(5690.97164872, -6906.38585339, 1034.20565382)
(5691.04466096, -6906.31284035, 1034.20565382)
(5691.10277939, -6906.25472239, 1034.20565382)
(5691.18163256, -6906.17586739, 1034.20565382)
(5691.24267152, -6906.11482853, 1034.20565382)
(5691.31305388, -6906.04444283, 1034.20565382)
(5691.37788929, -6905.97960711, 1034.20565382)
(5691.42052924, -6905.93696775, 1034.20565382)
(5691.47806327, -6905.8794333, 1034.20565382)
(5691.53063289, -6905.82686438, 1034.20565382)
(5691.6071499, -6905.75034685, 1034.20565382)
(5691.66117986, -6905.69631744, 1034.20565382)
(5691.73039565, -6905.62710052, 1034.20565382)
(5691.77887636, -6905.5786202, 1034.20565382)
(5691.83874612, -6905.51874937, 1034.20565382)
(5691.88664283, -6905.47085284, 1034.20565382)
(5691.95761093, -6905.39988354, 1034.20565382)
(5692.00901214, -6905.34848257, 1034.20565382)
(5692.07530682, -6905.28218647, 1034.20565382)
(5692.11999083, -6905.23750248, 1034.20565382)
(5692.18482579, -6905.17266624, 1034.20565382)
(5692.23973168, -6905.11776055, 1034.20565382)
(5692.30515017, -6905.05234054, 1034.20565382)
(5692.35304674, -6905.00444407, 1034.20565382)
(5692.4193419, -6904.93814752, 1034.20565382)
(5692.47045111, -6904.88703842, 1034.20565382)
(5692.53762185, -6904.81986595, 1034.20565382)
(5692.59106731, -6904.76642064, 1034.20565382)
(5692.64509617, -6904.71239026, 1034.20565382)
(5692.69474518, -6904.66274122, 1034.20565382)
(5692.76366837, -6904.59381649, 1034.20565382)
(5692.81945022, -6904.53803476, 1034.20565382)
(5692.88253246, -6904.47495068, 1034.20565382)
(5692.9380225, -6904.41946058, 1034.20565382)
(5693.01307822, -6904.34440232, 1034.20565382)
(5693.06360335, -6904.2938775, 1034.20565382)
(5693.1316513, -6904.22582937, 1034.20565382)
(5693.18480514, -6904.17267608, 1034.20565382)
(5693.24964022, -6904.10784052, 1034.20565382)
(5693.29607657, -6904.06140459, 1034.20565382)
(5693.35682302, -6904.00065772, 1034.20565382)
(5693.41406559, -6903.94341562, 1034.20565382)
(5693.47831659, -6903.87916398, 1034.20565382)
(5693.53176217, -6903.82571885, 1034.20565382)
(5693.58608333, -6903.77139713, 1034.20565382)
(5693.63514833, -6903.72233243, 1034.20565382)
(5693.70056767, -6903.65691254, 1034.20565382)
(5693.75284499, -6903.60463549, 1034.20565382)
(5693.82644143, -6903.53103828, 1034.20565382)
(5693.88047125, -6903.47700878, 1034.20565382)
(5693.9409255, -6903.41655345, 1034.20565382)
(5694.00021197, -6903.3572671, 1034.20565382)
(5694.06066585, -6903.29681203, 1034.20565382)
(5694.10710221, -6903.25037576, 1034.20565382)
(5694.16960083, -6903.18787604, 1034.20565382)
(5694.22304637, -6903.13443058, 1034.20565382)
(5694.29897878, -6903.05849679, 1034.20565382)
(5694.36001766, -6902.99745789, 1034.20565382)
(5694.40586914, -6902.95160497, 1034.20565382)
(5694.44967695, -6902.90779696, 1034.20565382)
(5694.52093663, -6902.83653609, 1034.20565382)
(5694.57525819, -6902.78221449, 1034.20565382)
(5694.65060683, -6902.70686406, 1034.20565382)
(5694.73238131, -6902.62508961, 1034.20565382)
(5694.78728707, -6902.57018426, 1034.20565382)
(5694.83927189, -6902.51819873, 1034.20565382)
(5694.89388589, -6902.46358501, 1034.20565382)
(5694.96164143, -6902.39582874, 1034.20565382)
(5695.02735302, -6902.3301174, 1034.20565382)
(5695.11905628, -6902.23841211, 1034.20565382)
(5695.18885698, -6902.1686118, 1034.20565382)
(5695.28552498, -6902.0719423, 1034.20565382)
(5695.35006875, -6902.00739897, 1034.20565382)
(5695.42541774, -6901.93204915, 1034.20565382)
(5695.49288155, -6901.86458541, 1034.20565382)
(5695.57173435, -6901.78573061, 1034.20565382)
(5695.63218938, -6901.72527585, 1034.20565382)
(5695.70841449, -6901.64905008, 1034.20565382)
(5695.75339042, -6901.60407428, 1034.20565382)
(5695.81150826, -6901.54595576, 1034.20565382)
(5695.85677653, -6901.50068772, 1034.20565382)
(5695.92277995, -6901.43468373, 1034.20565382)
(5695.98673928, -6901.37072464, 1034.20565382)
(5696.0498218, -6901.30764117, 1034.20565382)
(5696.0886648, -6901.26879821, 1034.20565382)
(5696.14765903, -6901.2098034, 1034.20565382)
(5696.203441, -6901.15402167, 1034.20565382)
(5696.27674534, -6901.08071652, 1034.20565382)
(5696.33573998, -6901.02172213, 1034.20565382)
(5696.39736239, -6900.96009854, 1034.20565382)
(5696.44321452, -6900.91424639, 1034.20565382)
(5696.49607584, -6900.86138531, 1034.20565382)
(5696.57084042, -6900.78661958, 1034.20565382)
(5696.63275558, -6900.72470449, 1034.20565382)
(5696.68328073, -6900.67417978, 1034.20565382)
(5696.75629336, -6900.60116703, 1034.20565382)
(5696.81762447, -6900.53983637, 1034.20565382)
(5696.88976111, -6900.4676992, 1034.20565382)
(5696.93590536, -6900.42155518, 1034.20565382)
(5696.99781976, -6900.35964018, 1034.20565382)
(5697.05593816, -6900.30152194, 1034.20565382)
(5697.12515409, -6900.23230517, 1034.20565382)
(5697.17918369, -6900.17827559, 1034.20565382)
(5697.24781501, -6900.10964317, 1034.20565382)
(5697.29658768, -6900.06087052, 1034.20565382)
(5697.35733401, -6900.00012313, 1034.20565382)
(5697.41632853, -6899.94112861, 1034.20565382)
(5697.47970365, -6899.87775364, 1034.20565382)
(5697.53344133, -6899.82401639, 1034.20565382)
(5697.61492377, -6899.74253377, 1034.20565382)
(5697.66369651, -6899.69376125, 1034.20565382)
(5697.72969974, -6899.62775755, 1034.20565382)
(5697.78256118, -6899.57489631, 1034.20565382)
(5697.85294547, -6899.50451143, 1034.20565382)
(5697.90376257, -6899.45369447, 1034.20565382)
(5697.95633141, -6899.40112508, 1034.20565382)
(5698.01094512, -6899.34651157, 1034.20565382)
(5698.08045319, -6899.27700291, 1034.20565382)
(5698.13039417, -6899.22706204, 1034.20565382)
(5698.18646766, -6899.17098798, 1034.20565382)
(5698.2375767, -6899.11987907, 1034.20565382)
(5698.30942111, -6899.04803404, 1034.20565382)
(5698.36403494, -6898.99342029, 1034.20565382)
(5698.42390503, -6898.93354945, 1034.20565382)
(5698.47501398, -6898.8824405, 1034.20565382)
(5698.54014107, -6898.81731265, 1034.20565382)
(5698.5982595, -6898.75919421, 1034.20565382)
(5698.66484669, -6898.69260603, 1034.20565382)
(5698.73318668, -6898.62426602, 1034.20565382)
(5698.78721643, -6898.57023664, 1034.20565382)
(5698.84767113, -6898.50978173, 1034.20565382)
(5698.89323133, -6898.46422176, 1034.20565382)
(5698.96419959, -6898.39325335, 1034.20565382)
(5699.03546031, -6898.32199291, 1034.20565382)
(5699.09649897, -6898.26095373, 1034.20565382)
(5699.14556372, -6898.2118891, 1034.20565382)
(5699.22003632, -6898.13741581, 1034.20565382)
(5699.28428776, -6898.07316444, 1034.20565382)
(5699.36518545, -6897.99226522, 1034.20565382)
(5699.42622433, -6897.93122665, 1034.20565382)
(5699.51997245, -6897.83747789, 1034.20565382)
(5699.57867492, -6897.77877539, 1034.20565382)
(5699.64847447, -6897.70897429, 1034.20565382)
(5699.71126568, -6897.64618345, 1034.20565382)
(5699.77814529, -6897.57930346, 1034.20565382)
(5699.83042272, -6897.52702614, 1034.20565382)
(5699.89292146, -6897.46452688, 1034.20565382)
(5699.9454907, -6897.41195774, 1034.20565382)
(5700.00711328, -6897.35033466, 1034.20565382)
(5700.05617812, -6897.30126993, 1034.20565382)
(5700.13444763, -6897.22299978, 1034.20565382)
(5700.18906121, -6897.16838622, 1034.20565382)
(5700.26324176, -6897.09420465, 1034.20565382)
(5700.32136032, -6897.0360864, 1034.20565382)
(5700.38561158, -6896.971835, 1034.20565382)
(5700.43496832, -6896.92247846, 1034.20565382)
(5700.50418438, -6896.85326219, 1034.20565382)
(5700.55733798, -6896.8001088, 1034.20565382)
(5700.63064273, -6896.72680365, 1034.20565382)
(5700.68058354, -6896.67686297, 1034.20565382)
(5700.73724127, -6896.62020486, 1034.20565382)
(5700.7868902, -6896.570556, 1034.20565382)
(5700.86019497, -6896.49725077, 1034.20565382)
(5700.91597679, -6896.44146905, 1034.20565382)
(5700.98344029, -6896.37400492, 1034.20565382)
(5701.04097459, -6896.31647068, 1034.20565382)
(5701.11486314, -6896.24258111, 1034.20565382)
(5701.16655631, -6896.19088806, 1034.20565382)
(5701.23022344, -6896.12722086, 1034.20565382)
(5701.28074857, -6896.07669595, 1034.20565382)
(5701.34967272, -6896.00777163, 1034.20565382)
(5701.4025341, -6895.95491047, 1034.20565382)
(5701.47204214, -6895.88540217, 1034.20565382)
(5701.51789438, -6895.83955008, 1034.20565382)
(5701.5853582, -6895.77208594, 1034.20565382)
(5701.63967982, -6895.71776443, 1034.20565382)
(5701.7053911, -6895.65205277, 1034.20565382)
(5701.75387176, -6895.60357217, 1034.20565382)
(5701.82016737, -6895.53727613, 1034.20565382)
(5701.86835593, -6895.48908769, 1034.20565382)
(5701.93348306, -6895.42396016, 1034.20565382)
(5701.98576036, -6895.37168293, 1034.20565382)
(5702.05789696, -6895.29954582, 1034.20565382)
(5702.11543116, -6895.2420117, 1034.20565382)
(5702.19632875, -6895.16111312, 1034.20565382)
(5702.25065051, -6895.1067915, 1034.20565382)
(5702.31840647, -6895.03903535, 1034.20565382)
(5702.35900169, -6894.99844023, 1034.20565382)
(5702.42558922, -6894.93185254, 1034.20565382)
(5702.48107912, -6894.8763628, 1034.20565382)
(5702.55146351, -6894.80597815, 1034.20565382)
(5702.61191823, -6894.74552354, 1034.20565382)
(5702.66127466, -6894.69616678, 1034.20565382)
(5702.71676451, -6894.64067701, 1034.20565382)
(5702.7804317, -6894.57700951, 1034.20565382)
(5702.84263877, -6894.51480254, 1034.20565382)
(5702.91740352, -6894.44003721, 1034.20565382)
(5702.98428337, -6894.37315736, 1034.20565382)
(5703.03305615, -6894.32438478, 1034.20565382)
(5703.10139614, -6894.25604466, 1034.20565382)
(5703.15016876, -6894.20727219, 1034.20565382)
(5703.21909284, -6894.13834797, 1034.20565382)
(5703.26377689, -6894.09366406, 1034.20565382)
(5703.33094868, -6894.02649209, 1034.20565382)
(5703.38702259, -6893.97041832, 1034.20565382)
(5703.45273398, -6893.90470667, 1034.20565382)
(5703.52107423, -6893.83636654, 1034.20565382)
(5703.59467092, -6893.76276928, 1034.20565382)
(5703.65162089, -6893.70581932, 1034.20565382)
(5703.73777561, -6893.61966353, 1034.20565382)
(5703.78742453, -6893.5700147, 1034.20565382)
(5703.85664055, -6893.50079843, 1034.20565382)
(5703.92001571, -6893.43742337, 1034.20565382)
(5703.99536486, -6893.36207375, 1034.20565382)
(5704.04559783, -6893.31184085, 1034.20565382)
(5704.10897258, -6893.24846546, 1034.20565382)
(5704.16650678, -6893.19093136, 1034.20565382)
(5704.24273228, -6893.11470581, 1034.20565382)
(5704.29793016, -6893.05950808, 1034.20565382)
(5704.3656859, -6892.9917521, 1034.20565382)
(5704.41679493, -6892.94064316, 1034.20565382)
(5704.48133823, -6892.87609959, 1034.20565382)
(5704.52689838, -6892.8305395, 1034.20565382)
(5704.59640646, -6892.76103115, 1034.20565382)
(5704.65248034, -6892.70495735, 1034.20565382)
(5704.71848383, -6892.63895348, 1034.20565382)
(5704.77338963, -6892.58404769, 1034.20565382)
(5704.83968504, -6892.5177518, 1034.20565382)
(5704.90276813, -6892.45466874, 1034.20565382)
(5704.9512488, -6892.40618826, 1034.20565382)
(5705.02046509, -6892.33697194, 1034.20565382)
(5705.0739106, -6892.28352658, 1034.20565382)
(5705.14195846, -6892.21547864, 1034.20565382)
(5705.19628015, -6892.16115709, 1034.20565382)
(5705.26491227, -6892.0925248, 1034.20565382)
(5705.30579953, -6892.05163758, 1034.20565382)
(5705.36771428, -6891.98972269, 1034.20565382)
(5705.42349617, -6891.93394091, 1034.20565382)
(5705.50001366, -6891.85742321, 1034.20565382)
(5705.55375121, -6891.80368575, 1034.20565382)
(5705.60807258, -6891.74936413, 1034.20565382)
(5705.66151804, -6891.69591874, 1034.20565382)
(5705.72693752, -6891.63049899, 1034.20565382)
(5705.78271945, -6891.5747171, 1034.20565382)
(5705.84025338, -6891.51718288, 1034.20565382)
(5705.88668957, -6891.47074674, 1034.20565382)
(5705.95444542, -6891.40299063, 1034.20565382)
(5706.00555455, -6891.35188156, 1034.20565382)
(5706.07126594, -6891.28616985, 1034.20565382)
(5706.12237495, -6891.2350609, 1034.20565382)
(5706.18721024, -6891.17022529, 1034.20565382)
(5706.24153194, -6891.11590363, 1034.20565382)
(5706.32213788, -6891.0352972, 1034.20565382)
(5706.38989378, -6890.96754129, 1034.20565382)
(5706.43925059, -6890.91818462, 1034.20565382)
(5706.50058143, -6890.85685367, 1034.20565382)
(5706.55023025, -6890.80720496, 1034.20565382)
(5706.61740196, -6890.74003314, 1034.20565382)
(5706.66851106, -6890.68892417, 1034.20565382)
(5706.73422267, -6890.62321241, 1034.20565382)
(5706.78679201, -6890.57064315, 1034.20565382)
(5706.84549419, -6890.5119408, 1034.20565382)
(5706.89777145, -6890.45966363, 1034.20565382)
(5706.95997841, -6890.39745652, 1034.20565382)
(5707.01050342, -6890.34693159, 1034.20565382)
(5707.06628514, -6890.29114974, 1034.20565382)
(5707.12615572, -6890.23127926, 1034.20565382)
(5707.20121292, -6890.15622184, 1034.20565382)
(5707.25962331, -6890.09781149, 1034.20565382)
(5707.33146769, -6890.02596671, 1034.20565382)
(5707.40214412, -6889.95529026, 1034.20565382)
(5707.46055418, -6889.89687956, 1034.20565382)
(5707.52597383, -6889.83145998, 1034.20565382)
(5707.58526013, -6889.77217352, 1034.20565382)
(5707.6544764, -6889.70295736, 1034.20565382)
(5707.72486076, -6889.63257269, 1034.20565382)
(5707.7891121, -6889.56832137, 1034.20565382)
(5707.89103758, -6889.46639506, 1034.20565382)
(5707.96171419, -6889.39571857, 1034.20565382)
(5708.0528339, -6889.30459815, 1034.20565382)
(5708.09518139, -6889.26225074, 1034.20565382)
(5708.14833472, -6889.20909733, 1034.20565382)
(5708.20762132, -6889.14981083, 1034.20565382)
(5708.28238644, -6889.07504557, 1034.20565382)
(5708.33524775, -6889.02218434, 1034.20565382)
(5708.39015333, -6888.96727858, 1034.20565382)
(5708.44243065, -6888.91500131, 1034.20565382)
(5708.52011626, -6888.83731547, 1034.20565382)
(5708.57268551, -6888.78474625, 1034.20565382)
(5708.64657435, -6888.71085704, 1034.20565382)
(5708.70352455, -6888.65390697, 1034.20565382)
(5708.77157255, -6888.58585895, 1034.20565382)
(5708.82063721, -6888.53679439, 1034.20565382)
(5708.88401234, -6888.47341921, 1034.20565382)
(5708.93745789, -6888.41997376, 1034.20565382)
(5709.01163893, -6888.3457926, 1034.20565382)
(5709.06128769, -6888.29614391, 1034.20565382)
(5709.12729125, -6888.23014021, 1034.20565382)
(5709.1836573, -6888.17377424, 1034.20565382)
(5709.25170523, -6888.10572609, 1034.20565382)
(5709.30865526, -6888.04877612, 1034.20565382)
(5709.39451819, -6887.96291279, 1034.20565382)
(5709.44796373, -6887.90946733, 1034.20565382)
(5709.51192298, -6887.84550801, 1034.20565382)
(5709.56098765, -6887.79644343, 1034.20565382)
(5709.62874355, -6887.72868745, 1034.20565382)
(5709.68715397, -6887.67027711, 1034.20565382)
(5709.75783035, -6887.59960054, 1034.20565382)
(5709.80485063, -6887.5525803, 1034.20565382)
(5709.86326082, -6887.49416995, 1034.20565382)
(5709.91378581, -6887.443645, 1034.20565382)
(5709.98709069, -6887.37033994, 1034.20565382)
(5710.04491687, -6887.31251378, 1034.20565382)
(5710.12523084, -6887.23219945, 1034.20565382)
(5710.17692407, -6887.18050628, 1034.20565382)
(5710.24029925, -6887.11713106, 1034.20565382)
(5710.28965597, -6887.06777444, 1034.20565382)
(5710.3632529, -6886.99417747, 1034.20565382)
(5710.41027328, -6886.94715715, 1034.20565382)
(5710.47832126, -6886.87910907, 1034.20565382)
(5710.53001439, -6886.827416, 1034.20565382)
(5710.59222127, -6886.76520901, 1034.20565382)
(5710.64625089, -6886.71117946, 1034.20565382)
(5710.70407708, -6886.65335315, 1034.20565382)
(5710.75606227, -6886.601368, 1034.20565382)
(5710.8244022, -6886.53302796, 1034.20565382)
(5710.87375895, -6886.48367124, 1034.20565382)
(5710.93684207, -6886.42058799, 1034.20565382)
(5710.98532266, -6886.37210745, 1034.20565382)
(5711.044609, -6886.31282099, 1034.20565382)
(5711.09133727, -6886.26609276, 1034.20565382)
(5711.16172596, -6886.19571286, 1034.20565382)
(5711.21485935, -6886.14416886, 1034.20565383)
(5711.28444806, -6886.07976248, 1034.20565386)
(5711.33505065, -6886.03617631, 1034.20565383)
(5711.40489721, -6885.97973599, 1034.2056538)
(5711.46241366, -6885.94289689, 1034.20565382)
(5711.53265001, -6885.91509802, 1034.2056538)
(5711.59788162, -6885.89921797, 1034.20565392)
(5711.70491105, -6885.87456213, 1034.20565346)
(5711.78362409, -6885.84953778, 1034.20565385)
(5711.90293749, -6885.80626101, 1034.20565382)
(5712.0056422, -6885.78582401, 1034.20565361)
(5712.10354952, -6885.77473452, 1034.20565395)
(5712.1940381, -6885.75154482, 1034.20565756)
(5712.30085728, -6885.68373496, 1034.20565972)
(5712.37843675, -6885.63318484, 1034.20565469)
(5712.44668124, -6885.59984246, 1034.20572845)
(5712.50519723, -6885.57790303, 1034.20567213)
(5712.58749865, -6885.53524209, 1034.20565367)
(5712.6578085, -6885.48943643, 1034.20565372)
(5712.73868393, -6885.42941265, 1034.20565392)
(5712.80756667, -6885.38346421, 1034.20565365)
(5712.89549003, -6885.32905599, 1034.20565381)
(5712.96206285, -6885.28663507, 1034.20565378)
(5713.04835463, -6885.23066124, 1034.20565386)
(5713.11532007, -6885.18574032, 1034.20565383)
(5713.18603626, -6885.13770762, 1034.20565383)
(5713.24176277, -6885.10001557, 1034.20565382)
(5713.29820049, -6885.06188315, 1034.20565382)
(5713.36355051, -6885.00946672, 1034.20565373)
(5713.43116607, -6884.94547821, 1034.20565378)
(5713.49271469, -6884.88568961, 1034.20565377)
(5713.55482608, -6884.82578563, 1034.20565384)
(5713.60891226, -6884.77360864, 1034.20565383)
(5713.66561711, -6884.71879353, 1034.20565382)
(5713.71506423, -6884.6707374, 1034.20565383)
(5713.77744318, -6884.60992724, 1034.20565382)
(5713.83078239, -6884.55115308, 1034.20565379)
(5713.88517888, -6884.47441616, 1034.20565381)
(5713.91968982, -6884.40700678, 1034.20565378)
(5713.94547863, -6884.34064509, 1034.20565407)
(5713.97508905, -6884.28102822, 1034.20565393)
(5714.01615872, -6884.20696515, 1034.20565378)
(5714.05709658, -6884.14467766, 1034.20565381)
(5714.11452251, -6884.06744104, 1034.2056537)
(5714.1620117, -6884.01705188, 1034.20565565)
(5714.22303506, -6883.97104161, 1034.20565744)
(5714.27815845, -6883.93447867, 1034.20565496)
(5714.35472423, -6883.88662815, 1034.20565353)
(5714.42125436, -6883.83822929, 1034.2056538)
(5714.4847884, -6883.77589738, 1034.20565812)
(5714.53164249, -6883.72566813, 1034.20565382)
(5714.58469765, -6883.67126323, 1034.20565383)
(5714.63769411, -6883.61837132, 1034.20565385)
(5714.69845263, -6883.55927175, 1034.20565378)
(5714.74714046, -6883.5073381, 1034.20565376)
(5714.80630348, -6883.4292036, 1034.20565383)
(5714.83876025, -6883.38222516, 1034.2056538)
(5714.88503884, -6883.31618247, 1034.20565381)
(5714.92287971, -6883.25285319, 1034.2056538)
(5714.96724013, -6883.15852925, 1034.2056538)
(5715.00465854, -6883.09348556, 1034.20565416)
(5715.0700061, -6883.01479048, 1034.20565423)
(5715.11719863, -6882.97054016, 1034.20581262)
(5715.17923827, -6882.92779766, 1034.20566864)
(5715.23694946, -6882.89048789, 1034.20565398)
(5715.3114573, -6882.84073775, 1034.20565396)
(5715.36978523, -6882.80019551, 1034.20565382)
(5715.43726247, -6882.75258253, 1034.20565385)
(5715.4911752, -6882.70919597, 1034.20565386)
(5715.55055681, -6882.65389882, 1034.20565379)
(5715.59892964, -6882.60652845, 1034.20565392)
(5715.68563496, -6882.52173998, 1034.20565382)
(5715.74623472, -6882.46315366, 1034.20565383)
(5715.82732586, -6882.38530765, 1034.20565381)
(5715.89446449, -6882.3068166, 1034.20565365)
(5715.92764529, -6882.25381507, 1034.20565383)
(5715.95270457, -6882.18496554, 1034.20565406)
(5715.99145367, -6882.10668963, 1034.20565708)
(5716.06105399, -6882.00927109, 1034.20567242)
(5716.13229139, -6881.94867256, 1034.2058649)
(5716.22705114, -6881.89192142, 1034.20565426)
(5716.29425672, -6881.84908782, 1034.20565364)
(5716.34940475, -6881.80969774, 1034.20565376)
(5716.42119895, -6881.7547148, 1034.20565376)
(5716.47149318, -6881.7125704, 1034.20565366)
(5716.54558051, -6881.64419657, 1034.20565352)
(5716.60269535, -6881.58986074, 1034.20565379)
(5716.66997738, -6881.52532143, 1034.20565381)
(5716.7267538, -6881.47060613, 1034.20565382)
(5716.78436415, -6881.41496762, 1034.20565381)
(5716.82759895, -6881.36858571, 1034.20565378)
(5716.87770998, -6881.30350739, 1034.20565384)
(5716.91144204, -6881.24689854, 1034.20565385)
(5716.9474183, -6881.15988835, 1034.20565396)
(5716.98112735, -6881.09450132, 1034.20565431)
(5717.03861106, -6881.02113333, 1034.20565597)
(5717.08601659, -6880.97522654, 1034.20583611)
(5717.16351036, -6880.91887646, 1034.20578678)
(5717.22402293, -6880.87987942, 1034.20565908)
(5717.29297833, -6880.83384439, 1034.20565353)
(5717.34959218, -6880.79444616, 1034.20565381)
(5717.4220779, -6880.74319815, 1034.20565381)
(5717.47078612, -6880.70386802, 1034.20565398)
(5717.53991092, -6880.63952711, 1034.20565404)
(5717.59087758, -6880.59064247, 1034.20565379)
(5717.66077694, -6880.52289354, 1034.20565382)
(5717.70681293, -6880.47840847, 1034.20565383)
(5717.76590836, -6880.42129258, 1034.20565381)
(5717.80977125, -6880.37432942, 1034.20565384)
(5717.86495361, -6880.30418738, 1034.20565384)
(5717.9029868, -6880.24152517, 1034.20565387)
(5717.93802793, -6880.15966441, 1034.20565383)
(5717.97089427, -6880.09956673, 1034.20565415)
(5718.02308061, -6880.03144234, 1034.20565294)
(5718.07741088, -6879.97945206, 1034.20567456)
(5718.15217519, -6879.92103016, 1034.20568901)
(5718.21042438, -6879.88229093, 1034.20565452)
(5718.27867203, -6879.83500773, 1034.20565383)
(5718.33170259, -6879.79769197, 1034.20565384)
(5718.40058978, -6879.7491838, 1034.20565384)
(5718.45525739, -6879.70541976, 1034.20565382)
(5718.52949656, -6879.63694877, 1034.20565408)
(5718.57393751, -6879.5944588, 1034.20565378)
(5718.63374654, -6879.53703748, 1034.20565384)
(5718.67955854, -6879.49295343, 1034.2056538)
(5718.74908796, -6879.42587442, 1034.20565382)
(5718.79245065, -6879.38010005, 1034.20565382)
(5718.85304375, -6879.30474332, 1034.20565393)
(5718.88994118, -6879.24603985, 1034.20565383)
(5718.92979405, -6879.15625588, 1034.20565386)
(5718.96303463, -6879.09631104, 1034.20565403)
(5719.01746168, -6879.02459472, 1034.2056546)
(5719.07180966, -6878.97230665, 1034.20571752)
(5719.14988536, -6878.91244287, 1034.20568364)
(5719.20607724, -6878.87557618, 1034.20565379)
(5719.27978565, -6878.82447288, 1034.20565375)
(5719.33412387, -6878.78622267, 1034.20565386)
(5719.39610946, -6878.74235093, 1034.20565383)
(5719.45262814, -6878.69692227, 1034.20565365)
(5719.52668593, -6878.62822797, 1034.20565371)
(5719.58285151, -6878.57471846, 1034.20565378)
(5719.66831312, -6878.49218466, 1034.20565382)
(5719.73411444, -6878.42892364, 1034.20565382)
(5719.82103276, -6878.34532055, 1034.20565381)
(5719.86846526, -6878.29058725, 1034.20565378)
(5719.91759339, -6878.20380789, 1034.2056539)
(5719.96252841, -6878.12846248, 1034.20565353)
(5720.04772279, -6878.04719088, 1034.20564428)
(5720.12102884, -6877.99835693, 1034.20565538)
(5720.21081612, -6877.95224598, 1034.20568451)
(5720.28630471, -6877.91131436, 1034.20565434)
(5720.36836091, -6877.8494433, 1034.20568479)
(5720.41912301, -6877.80015746, 1034.20565608)
(5720.47019804, -6877.74792169, 1034.20565412)
(5720.51635311, -6877.70269549, 1034.20565397)
(5720.57826974, -6877.64417199, 1034.20565376)
(5720.63310481, -6877.59160024, 1034.20565381)
(5720.69608441, -6877.53081993, 1034.20565383)
(5720.74616392, -6877.48222599, 1034.20565382)
(5720.79289256, -6877.4367054, 1034.20565381)
(5720.84875674, -6877.37566922, 1034.20565381)
(5720.9022818, -6877.30539869, 1034.20565358)
(5720.93600285, -6877.24818238, 1034.20565387)
(5720.96483139, -6877.18054824, 1034.20565405)
(5721.00056855, -6877.11709155, 1034.2056539)
(5721.05504983, -6877.04401045, 1034.20565345)
(5721.10648648, -6876.9931419, 1034.20565658)
(5721.16428398, -6876.94563184, 1034.20565339)
(5721.22723579, -6876.9031406, 1034.20565223)
(5721.30148326, -6876.85395698, 1034.2056537)
(5721.35713101, -6876.81489609, 1034.20565389)
(5721.42718897, -6876.76441043, 1034.20565377)
(5721.4808869, -6876.72059613, 1034.20565351)
(5721.55558703, -6876.65164549, 1034.20565356)
(5721.62148318, -6876.58917426, 1034.20565387)
(5721.68617257, -6876.52728932, 1034.20565381)
(5721.73946324, -6876.47609073, 1034.20565382)
(5721.79031485, -6876.42711081, 1034.20565381)
(5721.84056912, -6876.37317203, 1034.20565385)
(5721.89372736, -6876.30418004, 1034.20565373)
(5721.92921529, -6876.24431904, 1034.20565382)
(5721.95789506, -6876.17667929, 1034.20565404)
(5721.99017216, -6876.11814907, 1034.20565426)
(5722.04876179, -6876.03881866, 1034.20565427)
(5722.1005563, -6875.98503423, 1034.20568636)
(5722.17909151, -6875.92824761, 1034.20565415)
(5722.23732606, -6875.88802799, 1034.20565402)
(5722.30497632, -6875.8406606, 1034.20565395)
(5722.35998554, -6875.80178093, 1034.2056538)
(5722.43350532, -6875.74975563, 1034.20565381)
(5722.48749367, -6875.70571861, 1034.20565353)
(5722.54293549, -6875.65480122, 1034.20565371)
(5722.59093483, -6875.60887115, 1034.20565396)
(5722.65961864, -6875.542189, 1034.20565384)
(5722.70320433, -6875.49993923, 1034.20565383)
(5722.77327942, -6875.43218403, 1034.20565383)
(5722.82555629, -6875.3761514, 1034.20565378)
(5722.87806198, -6875.30960478, 1034.20565392)
(5722.91426504, -6875.25139884, 1034.20565383)
(5722.95131646, -6875.16779818, 1034.20565398)
(5722.98190185, -6875.11126082, 1034.2056545)
(5723.03618098, -6875.03819914, 1034.20570185)
(5723.09153968, -6874.98389212, 1034.20574074)
(5723.16451569, -6874.93017967, 1034.20565439)
(5723.22536442, -6874.88781072, 1034.20565399)
(5723.31757469, -6874.82214273, 1034.20565381)
(5723.38469083, -6874.7746565, 1034.20565381)
(5723.47372217, -6874.71158123, 1034.20565382)
(5723.54372355, -6874.65132717, 1034.20565394)
(5723.60652182, -6874.58508239, 1034.2056527)
(5723.65242112, -6874.53913632, 1034.20565396)
(5723.74711403, -6874.45322861, 1034.20565386)
(5723.81333176, -6874.38399639, 1034.20565364)
(5723.87722741, -6874.28719891, 1034.20565382)
(5723.91518934, -6874.21414532, 1034.20565383)
(5723.96719432, -6874.12481322, 1034.20565379)
(5724.01136521, -6874.06124989, 1034.20565384)
(5724.07361944, -6873.98210985, 1034.20565371)
(5724.1219417, -6873.93397802, 1034.20565434)
(5724.1899844, -6873.88614097, 1034.20566706)
(5724.25909592, -6873.84746988, 1034.20565784)
(5724.34964262, -6873.78786327, 1034.20565376)
(5724.41165651, -6873.74226571, 1034.20565378)
(5724.49237408, -6873.68163126, 1034.20565383)
(5724.55108414, -6873.63213607, 1034.20565373)
(5724.6265018, -6873.56095813, 1034.20565371)
(5724.67174299, -6873.51691548, 1034.20565388)
(5724.73491258, -6873.45573906, 1034.20565379)
(5724.78113562, -6873.40597978, 1034.20565382)
(5724.84046794, -6873.32556498, 1034.20565383)
(5724.8861663, -6873.25928683, 1034.20565383)
(5724.93660111, -6873.18772209, 1034.20565383)
(5724.9678954, -6873.13392396, 1034.20565382)
(5725.00304713, -6873.05083952, 1034.2056538)
(5725.03757529, -6872.9804189, 1034.20565386)
(5725.11783149, -6872.90094825, 1034.20567001)
(5725.19356451, -6872.85733271, 1034.20584791)
(5725.27571676, -6872.82358535, 1034.20568637)
(5725.34787918, -6872.79386076, 1034.2056575)
(5725.41879648, -6872.74022312, 1034.20566405)
(5725.48233171, -6872.68002916, 1034.20567914)
(5725.56016077, -6872.59766269, 1034.20565369)
(5725.60370369, -6872.54110969, 1034.20568663)
(5725.64857934, -6872.44987494, 1034.20565355)
(5725.67169763, -6872.36790802, 1034.20574554)
(5725.68672125, -6872.28663948, 1034.20565855)
(5725.70342267, -6872.20890036, 1034.20565411)
(5725.73521184, -6872.10608678, 1034.20565399)
(5725.75346379, -6872.03015474, 1034.20565369)
(5725.77109883, -6871.95176495, 1034.20565378)
(5725.79373193, -6871.88504614, 1034.20565402)
(5725.84840213, -6871.79925113, 1034.20565381)
(5725.89442577, -6871.73750664, 1034.20565366)
(5725.94807923, -6871.66092616, 1034.20565381)
(5725.99116702, -6871.60191565, 1034.20565381)
(5726.04251263, -6871.53418727, 1034.20565382)
(5726.08491403, -6871.47988913, 1034.20565383)
(5726.14314056, -6871.40656233, 1034.20565379)
(5726.19006796, -6871.34730967, 1034.20565383)
(5726.24360913, -6871.27960542, 1034.20565383)
(5726.28498699, -6871.22755116, 1034.20565383)
(5726.33593737, -6871.16358537, 1034.20565383)
(5726.38375151, -6871.10346001, 1034.20565383)
(5726.44963717, -6871.02077126, 1034.20565383)
(5726.49747284, -6870.9606694, 1034.20565382)
(5726.55286368, -6870.89126885, 1034.20565387)
(5726.61262141, -6870.82024984, 1034.20565382)
(5726.66502779, -6870.76197475, 1034.20565389)
(5726.73244277, -6870.6902997, 1034.20565376)
(5726.78923068, -6870.63084115, 1034.20565383)
(5726.85575381, -6870.5607323, 1034.20565382)
(5726.90919734, -6870.50440225, 1034.20565382)
(5726.99045507, -6870.41867161, 1034.20565382)
(5727.05099156, -6870.35483656, 1034.20565382)
(5727.10754924, -6870.29519867, 1034.20565382)
(5727.1717844, -6870.22747226, 1034.20565382)
(5727.24881248, -6870.14627323, 1034.20565382)
(5727.31305532, -6870.07856649, 1034.20565382)
(5727.41012289, -6869.97650908, 1034.20565383)
(5727.48380661, -6869.89896084, 1034.20565382)
(5727.56124012, -6869.81754976, 1034.20565382)
(5727.59986959, -6869.77777425, 1034.20565381)
(5727.67690517, -6869.69978477, 1034.20565383)
(5727.73086398, -6869.64510307, 1034.20565383)
(5727.80250881, -6869.57248034, 1034.20565382)
(5727.84973519, -6869.52450851, 1034.20565382)
(5727.92527397, -6869.44762074, 1034.20565382)
(5727.98436475, -6869.38755942, 1034.20565382)
(5728.07208581, -6869.29830958, 1034.20565382)
(5728.12594865, -6869.24353216, 1034.20565382)
(5728.20065512, -6869.16754614, 1034.20565382)
(5728.24669648, -6869.12071892, 1034.20565382)
(5728.30372326, -6869.06268398, 1034.20565382)
(5728.35555038, -6869.00995927, 1034.20565382)
(5728.4334307, -6868.93071992, 1034.20565382)
(5728.49032682, -6868.87311028, 1034.20565383)
(5728.56970679, -6868.79300073, 1034.20565383)
(5728.62608664, -6868.73660011, 1034.20565381)
(5728.67376682, -6868.68904863, 1034.20565382)
(5728.73210847, -6868.63056703, 1034.20565382)
(5728.81066122, -6868.55198384, 1034.20565382)
(5728.86757922, -6868.49500463, 1034.20565382)
(5728.94355585, -6868.41910114, 1034.20565382)
(5728.99933681, -6868.36331823, 1034.20565382)
(5729.05482884, -6868.30783373, 1034.20565382)
(5729.10739729, -6868.25526471, 1034.20565382)
(5729.17048283, -6868.1921852, 1034.20565382)
(5729.22772529, -6868.13494317, 1034.20565382)
(5729.30716481, -6868.05551571, 1034.20565382)
(5729.35738329, -6868.00527172, 1034.20565382)
(5729.42710367, -6867.9354026, 1034.20565382)
(5729.48094187, -6867.88120955, 1034.20565382)
(5729.54956409, -6867.81200893, 1034.20565382)
(5729.604082, -6867.75729004, 1034.20565382)
(5729.67734764, -6867.68392356, 1034.20565382)
(5729.72492162, -6867.63628083, 1034.20565382)
(5729.78451601, -6867.57670565, 1034.20565383)
(5729.83705719, -6867.52411097, 1034.20565382)
(5729.90540877, -6867.45577591, 1034.20565382)
(5729.97110886, -6867.39005195, 1034.20565382)
(5730.04206662, -6867.31907295, 1034.20565383)
(5730.09433444, -6867.26678722, 1034.20565383)
(5730.1635533, -6867.19757163, 1034.20565383)
(5730.21699485, -6867.14412151, 1034.20565382)
(5730.27833363, -6867.08279816, 1034.20565382)
(5730.32856569, -6867.03256579, 1034.20565382)
(5730.3995362, -6866.96160819, 1034.20565382)
(5730.45999242, -6866.90115496, 1034.20565382)
(5730.52629424, -6866.83487187, 1034.20565382)
(5730.57828225, -6866.78289041, 1034.20565382)
(5730.63377667, -6866.72741168, 1034.20565382)
(5730.69920113, -6866.66199684, 1034.20565382)
(5730.77776849, -6866.58344066, 1034.20565382)
(5730.83004859, -6866.53116685, 1034.20565382)
(5730.89810187, -6866.46312377, 1034.20565382)
(5730.95447115, -6866.40676096, 1034.20565382)
(5731.01726676, -6866.34397438, 1034.20565382)
(5731.07684824, -6866.28439943, 1034.20565382)
(5731.15015837, -6866.21109936, 1034.20565382)
(5731.20565112, -6866.15561242, 1034.20565382)
(5731.31167279, -6866.04960534, 1034.20565382)
(5731.36628869, -6865.9949942, 1034.20565382)
(5731.42820709, -6865.93308224, 1034.20565382)
(5731.48077855, -6865.88051513, 1034.20565382)
(5731.55058197, -6865.81071824, 1034.20565382)
(5731.6379086, -6865.72339816, 1034.20565382)
(5731.69865746, -6865.66265343, 1034.20565382)
(5731.77809831, -6865.5832184, 1034.20565382)
(5731.8335898, -6865.52773048, 1034.20565382)
(5731.89930361, -6865.46202097, 1034.20565382)
(5731.94282057, -6865.41850652, 1034.20565382)
(5732.02518136, -6865.33615028, 1034.20565382)
(5732.07716789, -6865.28416653, 1034.20565382)
(5732.14901434, -6865.2123236, 1034.20565382)
(5732.20888638, -6865.15245448, 1034.20565382)
(5732.28423718, -6865.07710675, 1034.20565382)
(5732.34235669, -6865.01898978, 1034.20565382)
(5732.41011362, -6864.95123485, 1034.20565382)
(5732.45859526, -6864.90275527, 1034.20565382)
(5732.51291784, -6864.84843469, 1034.20565382)
(5732.56461205, -6864.79674262, 1034.20565382)
(5732.62010274, -6864.74125382, 1034.20565382)
(5732.70362989, -6864.65772776, 1034.20565382)
(5732.75678423, -6864.60457518, 1034.20565382)
(5732.82921394, -6864.53214731, 1034.20565382)
(5732.88266028, -6864.47870276, 1034.20565382)
(5732.94749623, -6864.41386794, 1034.20565382)
(5732.99218084, -6864.36918469, 1034.20565382)
(5733.05438837, -6864.30697821, 1034.20565382)
(5733.10783456, -6864.25353346, 1034.20565382)
(5733.1808478, -6864.18052115, 1034.20565382)
(5733.23838273, -6864.12298772, 1034.20565382)
(5733.29854548, -6864.06282512, 1034.20565382)
(5733.35374386, -6864.00762795, 1034.20565382)
(5733.42325187, -6863.93811976, 1034.20565382)
(5733.49305295, -6863.86831998, 1034.20565382)
(5733.53890568, -6863.82246845, 1034.20565382)
(5733.60929048, -6863.7520845, 1034.20565382)
(5733.6647809, -6863.69659537, 1034.20565382)
(5733.73195294, -6863.62942374, 1034.20565382)
(5733.78393873, -6863.57743899, 1034.20565382)
(5733.84001262, -6863.52136523, 1034.20565382)
(5733.89258238, -6863.46879638, 1034.20565382)
(5733.96033836, -6863.40104057, 1034.20565382)
(5734.01758103, -6863.34379881, 1034.20565382)
(5734.09409831, -6863.26728115, 1034.20565382)
(5734.13995059, -6863.22142926, 1034.20565382)
(5734.20624583, -6863.15513333, 1034.20565382)
(5734.25268237, -6863.10869717, 1034.20565382)
(5734.32569487, -6863.03568384, 1034.20565382)
(5734.37738825, -6862.98399103, 1034.20565382)
(5734.44660364, -6862.91477427, 1034.20565382)
(5734.49625297, -6862.86512569, 1034.20565382)
(5734.56751381, -6862.79386534, 1034.20565382)
(5734.62504842, -6862.73633173, 1034.20565382)
(5734.69280427, -6862.66857584, 1034.20565382)
(5734.73807264, -6862.62330807, 1034.20565382)
(5734.79940346, -6862.56197714, 1034.20565382)
(5734.85664595, -6862.50473541, 1034.20565382)
(5734.92644593, -6862.43493504, 1034.20565382)
(5734.98339642, -6862.37798516, 1034.20565382)
(5735.04589514, -6862.31548571, 1034.20565382)
(5735.09233155, -6862.26904964, 1034.20565382)
(5735.14782088, -6862.21355982, 1034.20565382)
(5735.20710772, -6862.15427357, 1034.20565382)
(5735.31867078, -6862.04270907, 1034.20565382)
(5735.3779575, -6861.98342285, 1034.20565382)
(5735.4614837, -6861.89989562, 1034.20565382)
(5735.54763922, -6861.81374033, 1034.20565382)
(5735.61101459, -6861.75036557, 1034.20565382)
(5735.68928365, -6861.67209521, 1034.20565382)
(5735.74886234, -6861.61251652, 1034.20565382)
(5735.8391043, -6861.52227102, 1034.20565382)
(5735.89868297, -6861.46269257, 1034.20565382)
(5735.96468629, -6861.39668837, 1034.20565382)
(5736.02192872, -6861.3394463, 1034.20565382)
(5736.09435763, -6861.26701782, 1034.20565382)
(5736.1492636, -6861.2121125, 1034.20565382)
(5736.22928569, -6861.13209016, 1034.20565382)
(5736.28010295, -6861.08127331, 1034.20565382)
(5736.34873453, -6861.01264104, 1034.20565382)
(5736.40013573, -6860.96124012, 1034.20565382)
(5736.46321856, -6860.89815647, 1034.20565382)
(5736.51520402, -6860.84617129, 1034.20565382)
(5736.58354342, -6860.77783092, 1034.20565382)
(5736.62997967, -6860.73139482, 1034.20565382)
(5736.69715102, -6860.66422243, 1034.20565382)
(5736.75176492, -6860.60960876, 1034.20565382)
(5736.83558274, -6860.52578936, 1034.20565382)
(5736.88055887, -6860.48081351, 1034.20565382)
(5736.9480228, -6860.41334954, 1034.20565382)
(5736.99621165, -6860.36516114, 1034.20565382)
(5737.06396742, -6860.29740517, 1034.20565382)
(5737.11770509, -6860.24366796, 1034.20565382)
(5737.17348678, -6860.18788602, 1034.20565382)
(5737.22371998, -6860.13765324, 1034.20565382)
(5737.28651095, -6860.07486205, 1034.20565382)
(5737.33499167, -6860.02638172, 1034.20565382)
(5737.39632227, -6859.96505088, 1034.20565382)
(5737.44801571, -6859.91335784, 1034.20565382)
(5737.50467368, -6859.85669965, 1034.20565382)
(5737.56512858, -6859.79624526, 1034.20565382)
(5737.62470677, -6859.73666673, 1034.20565382)
(5737.67201934, -6859.68935447, 1034.20565382)
(5737.7377309, -6859.62364261, 1034.20565382)
(5737.79000832, -6859.57136551, 1034.20565382)
(5737.85163082, -6859.50974264, 1034.20565382)
(5737.90916519, -6859.4522086, 1034.20565382)
(5737.97838126, -6859.38299193, 1034.20565382)
(5738.02510964, -6859.33626372, 1034.20565382)
(5738.08030692, -6859.2810659, 1034.20565382)
(5738.13170808, -6859.22966492, 1034.20565382)
(5738.19917183, -6859.16220066, 1034.20565382)
(5738.25232542, -6859.10904728, 1034.20565382)
(5738.31657629, -6859.0447958, 1034.20565382)
(5738.36768537, -6858.99368686, 1034.20565382)
(5738.43135233, -6858.93001923, 1034.20565382)
(5738.48479795, -6858.8765737, 1034.20565382)
(5738.5581023, -6858.80326844, 1034.20565382)
(5738.61388412, -6858.74748672, 1034.20565382)
(5738.67696679, -6858.68440294, 1034.20565382)
(5738.72281904, -6858.63855074, 1034.20565382)
(5738.80050392, -6858.56086453, 1034.20565382)
(5738.8577459, -6858.50362239, 1034.20565382)
(5738.93046584, -6858.43090042, 1034.20565382)
(5738.9853718, -6858.37599466, 1034.20565382)
(5739.04903875, -6858.31232738, 1034.20565382)
(5739.09635116, -6858.26501517, 1034.20565382)
(5739.17053206, -6858.19083382, 1034.20565382)
(5739.22134921, -6858.1400168, 1034.20565382)
(5739.28443198, -6858.07693346, 1034.20565382)
(5739.3381695, -6858.02319611, 1034.20565382)
(5739.40767742, -6857.95368744, 1034.20565382)
(5739.4637515, -6857.89761341, 1034.20565382)
(5739.53851595, -6857.82284775, 1034.20565382)
(5739.59809437, -6857.76326926, 1034.20565382)
(5739.68921338, -6857.67214776, 1034.20565382)
(5739.75083646, -6857.61052491, 1034.20565382)
(5739.81333491, -6857.54802566, 1034.20565382)
(5739.86006319, -6857.50129744, 1034.20565382)
(5739.9500147, -6857.41134477, 1034.20565382)
(5740.01923114, -6857.3421288, 1034.20565382)
(5740.10830642, -6857.25305294, 1034.20565382)
(5740.17168176, -6857.18967772, 1034.20565382)
(5740.25608343, -6857.10527364, 1034.20565382)
(5740.31215731, -6857.04919972, 1034.20565382)
(5740.37231965, -6856.98903688, 1034.20565382)
(5740.41583551, -6856.94552112, 1034.20565382)
(5740.48742558, -6856.87400965, 1034.20565383)
(5740.54038354, -6856.82285742, 1034.20565382)
(5740.61385295, -6856.75532352, 1034.20565382)
(5740.67196742, -6856.70598213, 1034.20565382)
(5740.75568638, -6856.63984197, 1034.20565389)
(5740.80947329, -6856.59665767, 1034.20565386)
(5740.88408921, -6856.53522557, 1034.20565384)
(5740.94121883, -6856.48832564, 1034.20565383)
(5741.01493872, -6856.42778394, 1034.20565382)
(5741.07561383, -6856.37801594, 1034.20565382)
(5741.14938189, -6856.31750943, 1034.20565382)
(5741.21644647, -6856.26250657, 1034.20565382)
(5741.28319498, -6856.20777619, 1034.20565383)
(5741.33909123, -6856.16195204, 1034.20565382)
(5741.41549508, -6856.09942306, 1034.20565382)
(5741.4726875, -6856.05257432, 1034.20565382)
(5741.54491569, -6855.99343932, 1034.20565382)
(5741.59572221, -6855.95183044, 1034.20565382)
(5741.67145794, -6855.88981636, 1034.20565382)
(5741.7248219, -6855.84611535, 1034.20565382)
(5741.8076161, -6855.77840357, 1034.20565381)
(5741.8764942, -6855.73462886, 1034.20565401)
(5741.97621188, -6855.71419195, 1034.20565409)
(5742.05518299, -6855.70754248, 1034.20565395)
(5742.14816958, -6855.68669907, 1034.2056538)
(5742.20671992, -6855.67007162, 1034.20565382)
(5742.28268108, -6855.650241, 1034.20565383)
(5742.36378815, -6855.63464945, 1034.20565387)
(5742.45057639, -6855.61821393, 1034.20565382)
(5742.51969765, -6855.60373474, 1034.20565383)
(5742.60529037, -6855.58529476, 1034.2056538)
(5742.67222499, -6855.56658247, 1034.20565381)
(5742.76149778, -6855.54039096, 1034.20565382)
(5742.83924079, -6855.50810541, 1034.2056781)
(5742.91788486, -6855.45401531, 1034.20565381)
(5742.97007734, -6855.4069063, 1034.20566119)
(5743.02719882, -6855.34218811, 1034.20565596)
(5743.08373413, -6855.28294117, 1034.20565397)
(5743.14847855, -6855.21971133, 1034.20565374)
(5743.19705107, -6855.17190928, 1034.20565381)
(5743.26102404, -6855.10858527, 1034.20565382)
(5743.32586618, -6855.04334196, 1034.20565382)
(5743.3940293, -6854.97430273, 1034.20565382)
(5743.44346459, -6854.92444596, 1034.20565383)
(5743.51438322, -6854.85285276, 1034.20565382)
(5743.57321166, -6854.79314086, 1034.20565382)
(5743.64065762, -6854.72452561, 1034.20565382)
(5743.68884655, -6854.67574414, 1034.20565382)
(5743.74611184, -6854.61792547, 1034.20565383)
(5743.79414913, -6854.56956656, 1034.20565383)
(5743.87197849, -6854.49140601, 1034.20565383)
(5743.9271254, -6854.43613614, 1034.20565383)
(5743.9998693, -6854.36341208, 1034.20565382)
(5744.05356104, -6854.30962878, 1034.20565383)
(5744.13152913, -6854.23163222, 1034.20565383)
(5744.19896293, -6854.16413714, 1034.20565383)
(5744.27168864, -6854.09141765, 1034.20565383)
(5744.32512496, -6854.03796325, 1034.20565383)
(5744.39348656, -6853.969638, 1034.20565382)
(5744.46211995, -6853.9010076, 1034.20565382)
(5744.5211145, -6853.84201383, 1034.20565382)
(5744.60668644, -6853.7564456, 1034.20565382)
(5744.67106141, -6853.69176036, 1034.20565382)
(5744.75688444, -6853.60530336, 1034.20565382)
(5744.83523329, -6853.52652782, 1034.20565382)
(5744.87600987, -6853.48553044, 1034.20565382)
(5744.92936511, -6853.4319851, 1034.20565383)
(5745.00410109, -6853.35717233, 1034.20565382)
(5745.0685965, -6853.29257758, 1034.20565382)
(5745.15130193, -6853.2099605, 1034.20565383)
(5745.20795237, -6853.15329567, 1034.20565382)
(5745.27920419, -6853.08202686, 1034.20565382)
(5745.33497906, -6853.02623799, 1034.20565382)
(5745.40097762, -6852.9602278, 1034.20565382)
(5745.44186025, -6852.91933627, 1034.20565382)
(5745.5028951, -6852.85829433, 1034.20565383)
(5745.56275995, -6852.79841838, 1034.20565382)
(5745.63284672, -6852.72832945, 1034.20565382)
(5745.68044809, -6852.68072211, 1034.20565382)
(5745.73885503, -6852.62231868, 1034.20565383)
(5745.78528915, -6852.57588107, 1034.20565382)
(5745.85304276, -6852.50813188, 1034.20565383)
(5745.91583289, -6852.44533965, 1034.20565382)
(5745.98767665, -6852.3735086, 1034.20565382)
(5746.05572567, -6852.3054622, 1034.20565382)
(5746.10333052, -6852.25785799, 1034.20565382)
(5746.1640791, -6852.19711256, 1034.20565382)
(5746.21956892, -6852.14162322, 1034.20565382)
(5746.29024709, -6852.07094875, 1034.20565382)
(5746.34369309, -6852.0175038, 1034.20565382)
(5746.41700062, -6851.94420078, 1034.20565382)
(5746.46635758, -6851.89484486, 1034.20565382)
(5746.52827444, -6851.83293223, 1034.20565382)
(5746.5776317, -6851.78357615, 1034.20565382)
(5746.64451414, -6851.71669797, 1034.20565382)
(5746.69854404, -6851.66266926, 1034.20565382)
(5746.76104485, -6851.6001726, 1034.20565382)
(5746.80952574, -6851.55169261, 1034.20565382)
(5746.8787446, -6851.48247798, 1034.20565382)
(5746.93365063, -6851.42757285, 1034.20565382)
(5746.99264677, -6851.3685808, 1034.20565382)
(5747.03879116, -6851.32243743, 1034.20565382)
(5747.10479715, -6851.25643504, 1034.20565382)
(5747.15765883, -6851.20357416, 1034.20565382)
(5747.22103555, -6851.14020104, 1034.20565382)
(5747.29142008, -6851.06981715, 1034.20565382)
(5747.34807865, -6851.01315933, 1034.20565382)
(5747.39597497, -6850.96526269, 1034.20565382)
(5747.47015652, -6850.89108248, 1034.20565382)
(5747.51834483, -6850.8428941, 1034.20565382)
(5747.58610188, -6850.77513856, 1034.20565382)
(5747.64100762, -6850.72023282, 1034.20565382)
(5747.70233913, -6850.65890301, 1034.20565382)
(5747.75344796, -6850.60779416, 1034.20565382)
(5747.80368165, -6850.55756178, 1034.20565382)
(5747.86150789, -6850.49973549, 1034.20565382)
(5747.93072489, -6850.43052009, 1034.20565382)
(5747.99205546, -6850.36918959, 1034.20565382)
(5748.0671143, -6850.29413331, 1034.20565382)
(5748.12961374, -6850.23163443, 1034.20565382)
(5748.18452085, -6850.17673045, 1034.20565382)
(5748.23387747, -6850.12737428, 1034.20565382)
(5748.28995149, -6850.07130043, 1034.20565382)
(5748.38078213, -6849.98047398, 1034.20565382)
(5748.4301386, -6849.9311176, 1034.20565382)
(5748.49731086, -6849.8639465, 1034.20565382)
(5748.555137, -6849.80612009, 1034.20565382)
(5748.64275379, -6849.7185054, 1034.20565382)
(5748.71810298, -6849.64315659, 1034.20565382)
(5748.77622105, -6849.58503823, 1034.20565382)
(5748.86354579, -6849.49771534, 1034.20565382)
(5748.92633684, -6849.43492453, 1034.20565382)
(5749.00402408, -6849.35724097, 1034.20565382)
(5749.05746937, -6849.30379524, 1034.20565382)
(5749.12259753, -6849.23866798, 1034.20565382)
(5749.18188368, -6849.1793816, 1034.20565382)
(5749.24876411, -6849.11250256, 1034.20565382)
(5749.30629838, -6849.05496842, 1034.20565382)
(5749.36617001, -6848.99509846, 1034.20565382)
(5749.40793323, -6848.95333523, 1034.20565382)
(5749.46692807, -6848.89434158, 1034.20565382)
(5749.5297191, -6848.83155053, 1034.20565382)
(5749.60156499, -6848.75970638, 1034.20565382)
(5749.65851495, -6848.70275645, 1034.20565382)
(5749.71546575, -6848.64580752, 1034.20565382)
(5749.76715891, -6848.59411457, 1034.20565382)
(5749.82440217, -6848.53687297, 1034.20565382)
(5749.88485676, -6848.4764184, 1034.20565382)
(5749.96049785, -6848.40077727, 1034.20565382)
(5750.01919997, -6848.34207463, 1034.20565382)
(5750.09133738, -6848.269938, 1034.20565382)
(5750.13426879, -6848.22700636, 1034.20565382)
(5750.19939648, -6848.16187945, 1034.20565382)
(5750.2531338, -6848.10814187, 1034.20565382)
(5750.32293493, -6848.03834177, 1034.20565382)
(5750.37521208, -6847.98606454, 1034.20565382)
(5750.44063198, -6847.92064586, 1034.20565382)
(5750.48794418, -6847.87333354, 1034.20565382)
(5750.54693939, -6847.81433933, 1034.20565382)
(5750.61148279, -6847.74979583, 1034.20565382)
(5750.6815757, -6847.67970448, 1034.20565382)
(5750.73531315, -6847.62596712, 1034.20565382)
(5750.79956574, -6847.56171642, 1034.20565382)
(5750.84483356, -6847.51644838, 1034.20565382)
(5750.90441199, -6847.45686997, 1034.20565382)
(5750.96282211, -6847.39845979, 1034.20565382)
(5751.02094047, -6847.34034142, 1034.20565382)
(5751.07380192, -6847.28747991, 1034.20565382)
(5751.14885902, -6847.21242272, 1034.20565382)
(5751.19733926, -6847.1639421, 1034.20565382)
(5751.26217502, -6847.09910671, 1034.20565382)
(5751.31795681, -6847.04332463, 1034.20565382)
(5751.38542096, -6846.97586105, 1034.20565382)
(5751.43039665, -6846.93088523, 1034.20565382)
(5751.48676285, -6846.87451948, 1034.20565382)
(5751.5375798, -6846.82370231, 1034.20565382)
(5751.60562817, -6846.75565442, 1034.20565382)
(5751.66024151, -6846.70104083, 1034.20565382)
(5751.72858187, -6846.63270114, 1034.20565382)
(5751.78027504, -6846.58100784, 1034.20565382)
(5751.82291494, -6846.5383684, 1034.20565382)
(5751.88044883, -6846.48083428, 1034.20565382)
(5751.94732873, -6846.41395488, 1034.20565382)
(5752.00077412, -6846.36050936, 1034.20565382)
(5752.06619424, -6846.29508989, 1034.20565382)
(5752.1143826, -6846.24690139, 1034.20565382)
(5752.17629768, -6846.18498695, 1034.20565382)
(5752.23470786, -6846.12657654, 1034.20565382)
(5752.29195055, -6846.06933455, 1034.20565382)
(5752.35036075, -6846.0109242, 1034.20565382)
(5752.41694877, -6845.94433712, 1034.20565382)
(5752.46426106, -6845.89702486, 1034.20565382)
(5752.53406217, -6845.82722473, 1034.20565382)
(5752.5936407, -6845.76764627, 1034.20565382)
(5752.65117524, -6845.7101128, 1034.20565382)
(5752.71455035, -6845.64673773, 1034.20565382)
(5752.79691018, -6845.56437981, 1034.20565382)
(5752.86554202, -6845.49574771, 1034.20565382)
(5752.9441042, -6845.41718652, 1034.20565382)
(5753.00105435, -6845.36023633, 1034.20565382)
(5753.07085575, -6845.29043661, 1034.20565382)
(5753.12196451, -6845.23932771, 1034.20565382)
(5753.20490718, -6845.15638532, 1034.20565382)
(5753.25776849, -6845.10352375, 1034.20565382)
(5753.36115538, -6845.00013807, 1034.20565382)
(5753.42482254, -6844.93647117, 1034.20565382)
(5753.47330302, -6844.88799048, 1034.20565382)
(5753.53434221, -6844.82695165, 1034.20565382)
(5753.58399085, -6844.77730285, 1034.20565382)
(5753.6459058, -6844.71538823, 1034.20565382)
(5753.6938021, -6844.66749178, 1034.20565382)
(5753.76506308, -6844.59623116, 1034.20565382)
(5753.81179126, -6844.54950281, 1034.20565382)
(5753.87691882, -6844.48437568, 1034.20565382)
(5753.93153227, -6844.42976207, 1034.20565382)
(5753.98994299, -6844.37135181, 1034.20565382)
(5754.03871561, -6844.32257908, 1034.20565382)
(5754.10588762, -6844.25540752, 1034.20565382)
(5754.15670438, -6844.20459062, 1034.20565382)
(5754.22154018, -6844.13975534, 1034.20565382)
(5754.26797639, -6844.093319, 1034.20565382)
(5754.33427232, -6844.02702353, 1034.20565382)
(5754.38421291, -6843.97708282, 1034.20565382)
(5754.45255326, -6843.908743, 1034.20565382)
(5754.49898952, -6843.86230668, 1034.20565382)
(5754.56090482, -6843.8003919, 1034.20565382)
(5754.61259777, -6843.7486989, 1034.20565382)
(5754.68415064, -6843.67714664, 1034.20565382)
(5754.73409151, -6843.62720571, 1034.20565382)
(5754.79980358, -6843.56149432, 1034.20565382)
(5754.83893838, -6843.52235955, 1034.20565382)
(5754.89588851, -6843.46540984, 1034.20565382)
(5754.94933389, -6843.41196435, 1034.20565382)
(5755.01563002, -6843.34566865, 1034.20565382)
(5755.06177411, -6843.29952449, 1034.20565382)
(5755.11989242, -6843.24140655, 1034.20565382)
(5755.16516028, -6843.19613861, 1034.20565382)
(5755.22824372, -6843.13305546, 1034.20565382)
(5755.27789243, -6843.08340655, 1034.20565382)
(5755.34301997, -6843.01827928, 1034.20565382)
(5755.39412879, -6842.96717032, 1034.20565382)
(5755.45107906, -6842.91022033, 1034.20565382)
(5755.49517884, -6842.86612037, 1034.20565382)
(5755.55855417, -6842.80274523, 1034.20565382)
(5755.61316758, -6842.74813165, 1034.20565382)
(5755.68063163, -6842.68066789, 1034.20565382)
(5755.73612145, -6842.62517792, 1034.20565382)
(5755.79161146, -6842.56968822, 1034.20565382)
(5755.83746336, -6842.52383618, 1034.20565382)
(5755.90113062, -6842.46016916, 1034.20565382)
(5755.94785884, -6842.4134408, 1034.20565382)
(5756.00451709, -6842.35678271, 1034.20565382)
(5756.05854664, -6842.30275324, 1034.20565382)
(5756.11724889, -6842.24405105, 1034.20565382)
(5756.17419898, -6842.18710105, 1034.20565382)
(5756.22735254, -6842.13394758, 1034.20565382)
(5756.27729341, -6842.08400674, 1034.20565382)
(5756.33599567, -6842.02530453, 1034.20565382)
(5756.39352977, -6841.96777048, 1034.20565382)
(5756.47355282, -6841.88774878, 1034.20565382)
(5756.52787441, -6841.8334272, 1034.20565382)
(5756.59796682, -6841.76333514, 1034.20565382)
(5756.65374856, -6841.70755329, 1034.20565382)
(5756.71303541, -6841.64826691, 1034.20565382)
(5756.75333853, -6841.60796374, 1034.20565382)
(5756.81145688, -6841.54984568, 1034.20565382)
(5756.86607031, -6841.49523214, 1034.20565382)
(5756.9349947, -6841.42630806, 1034.20565382)
(5756.97967861, -6841.38162401, 1034.20565382)
(5757.04801886, -6841.3132841, 1034.20565382)
(5757.10672103, -6841.25458181, 1034.20565382)
(5757.16980446, -6841.19149889, 1034.20565382)
(5757.21886918, -6841.14243413, 1034.20565382)
(5757.2854572, -6841.07584658, 1034.20565382)
(5757.34678786, -6841.01451591, 1034.20565382)
(5757.41162368, -6840.9496808, 1034.20565382)
(5757.45718383, -6840.90412072, 1034.20565382)
(5757.53048921, -6840.83081604, 1034.20565382)
(5757.58948352, -6840.77182181, 1034.20565382)
(5757.65169095, -6840.70961531, 1034.20565382)
(5757.7153583, -6840.645948, 1034.20565382)
(5757.76179442, -6840.5995117, 1034.20565382)
(5757.81786828, -6840.54343796, 1034.20565382)
(5757.86255201, -6840.49875411, 1034.20565382)
(5757.91424522, -6840.44706092, 1034.20565382)
(5757.98638259, -6840.37492443, 1034.20565382)
(5758.04099619, -6840.32031087, 1034.20565382)
(5758.09882263, -6840.26248515, 1034.20565382)
(5758.14496677, -6840.21634107, 1034.20565382)
(5758.18935866, -6840.17194912, 1034.20565382)
(5758.2445567, -6840.11675145, 1034.20565382)
(5758.29303714, -6840.06827099, 1034.20565382)
(5758.35641235, -6840.00489607, 1034.20565382)
(5758.40022006, -6839.96108828, 1034.20565382)
(5758.45249752, -6839.90881099, 1034.20565382)
(5758.49718137, -6839.86412704, 1034.20565382)
(5758.55529959, -6839.8060089, 1034.20565382)
(5758.61137342, -6839.7499351, 1034.20565382)
(5758.66365061, -6839.69765774, 1034.20565382)
(5758.710379, -6839.65092941, 1034.20565382)
(5758.7673294, -6839.59397969, 1034.20565382)
(5758.81172113, -6839.54958804, 1034.20565382)
(5758.86166203, -6839.49964741, 1034.20565382)
(5758.90693001, -6839.45437935, 1034.20565382)
(5758.97147365, -6839.38983589, 1034.20565382)
(5759.02112232, -6839.34018711, 1034.20565382)
(5759.07953261, -6839.281777, 1034.20565382)
(5759.11545489, -6839.24585467, 1034.20565382)
(5759.16802429, -6839.19328531, 1034.20565382)
(5759.21679695, -6839.14451262, 1034.20565382)
(5759.28075644, -6839.08055365, 1034.20565382)
(5759.32456407, -6839.03674605, 1034.20565382)
(5759.37392094, -6838.98738947, 1034.20565382)
(5759.41568436, -6838.94562606, 1034.20565382)
(5759.46971407, -6838.89159646, 1034.20565382)
(5759.52023888, -6838.84107155, 1034.20565382)
(5759.57485248, -6838.78645805, 1034.20565382)
(5759.62274885, -6838.73856155, 1034.20565382)
(5759.66626464, -6838.69504577, 1034.20565382)
(5759.71649783, -6838.64481302, 1034.20565382)
(5759.75504858, -6838.60626231, 1034.20565382)
(5759.81667142, -6838.54463964, 1034.20565382)
(5759.85785061, -6838.50346036, 1034.20565382)
(5759.92122598, -6838.44008509, 1034.20565382)
(5759.96152908, -6838.39978188, 1034.20565382)
(5760.00650501, -6838.35480596, 1034.20565382)
(5760.05264906, -6838.3086619, 1034.20565382)
(5760.11368798, -6838.24762329, 1034.20565382)
(5760.15515933, -6838.20615192, 1034.20565382)
(5760.20860494, -6838.15270647, 1034.20565382)
(5760.25241259, -6838.10889876, 1034.20565382)
(5760.31461951, -6838.04669195, 1034.20565382)
(5760.36602052, -6837.99529084, 1034.20565382)
(5760.41858995, -6837.94272146, 1034.20565382)
(5760.47349571, -6837.88781575, 1034.20565382)
(5760.520808, -6837.84050346, 1034.20565382)
(5760.57308535, -6837.78822652, 1034.20565382)
(5760.61864538, -6837.74266648, 1034.20565382)
(5760.67705596, -6837.68425616, 1034.20565382)
(5760.73663443, -6837.62467765, 1034.20565382)
(5760.81578048, -6837.54553203, 1034.20565382)
(5760.869518, -6837.49179456, 1034.20565382)
(5760.9474963, -6837.41381697, 1034.20565382)
(5761.00853505, -6837.35277832, 1034.20565382)
(5761.05351087, -6837.3078024, 1034.20565382)
(5761.10257558, -6837.25873777, 1034.20565382)
(5761.14901177, -6837.21230147, 1034.20565382)
(5761.20683805, -6837.1544752, 1034.20565382)
(5761.27751476, -6837.08379919, 1034.20565382)
(5761.34264222, -6837.01867184, 1034.20565382)
(5761.3832374, -6836.97807657, 1034.20565382)
(5761.43405448, -6836.92725951, 1034.20565382)
(5761.4801986, -6836.88111538, 1034.20565382)
(5761.53656461, -6836.82474966, 1034.20565382)
(5761.58300077, -6836.77831352, 1034.20565382)
(5761.63498613, -6836.72632834, 1034.20565382)
(5761.67704156, -6836.68427286, 1034.20565382)
(5761.72523009, -6836.63608439, 1034.20565382)
(5761.77044575, -6836.59077187, 1034.20565382)
(5761.8133019, -6836.54777381, 1034.20565382)
(5761.85671539, -6836.50416724, 1034.20565382)
(5761.89370795, -6836.46698781, 1034.20565382)
(5761.94263136, -6836.41779204, 1034.20565382)
(5761.98864533, -6836.37152244, 1034.20565383)
(5762.0314648, -6836.32847963, 1034.20565383)
(5762.06788093, -6836.29188259, 1034.20565382)
