(5697.59459576, -6936.06000059, 1034.20583899)
(5697.65396183, -6936.06001076, 1034.2058626)
(5697.74069705, -6936.06002853, 1034.20565629)
(5697.84725627, -6936.06004673, 1034.20565403)
(5697.91831726, -6936.06039076, 1034.20565387)
(5698.0021776, -6936.06082961, 1034.20565383)
(5698.07300167, -6936.05600543, 1034.20565386)
(5698.17837804, -6936.04743459, 1034.20565408)
(5698.24524912, -6936.03338506, 1034.20565397)
(5698.32479359, -6935.99357946, 1034.20565394)
(5698.38250693, -6935.95176218, 1034.20565398)
(5698.47706858, -6935.885385, 1034.20565368)
(5698.54556329, -6935.84141306, 1034.2056538)
(5698.64030751, -6935.78260822, 1034.20565383)
(5698.70299105, -6935.73757663, 1034.20565358)
(5698.77002575, -6935.6832144, 1034.20565399)
(5698.82430217, -6935.64119668, 1034.2056538)
(5698.90852408, -6935.57800091, 1034.20565381)
(5698.96826711, -6935.53302427, 1034.20565382)
(5699.0424798, -6935.47708143, 1034.20565383)
(5699.09130624, -6935.44029466, 1034.20565382)
(5699.16684423, -6935.38338139, 1034.20565378)
(5699.22560179, -6935.3339321, 1034.20565394)
(5699.28933369, -6935.27642306, 1034.2056538)
(5699.34249346, -6935.22748449, 1034.20565383)
(5699.40426112, -6935.16969054, 1034.20565381)
(5699.45311546, -6935.12399279, 1034.20565383)
(5699.52074825, -6935.06086315, 1034.20565382)
(5699.57117389, -6935.01380095, 1034.20565382)
(5699.63277095, -6934.95631218, 1034.20565382)
(5699.680479, -6934.91178671, 1034.20565382)
(5699.75747552, -6934.83992534, 1034.20565382)
(5699.80518348, -6934.79539978, 1034.20565382)
(5699.86496857, -6934.73960159, 1034.20565382)
(5699.92960909, -6934.67931569, 1034.20565382)
(5700.00854067, -6934.60587367, 1034.20565382)
(5700.06552823, -6934.5530905, 1034.20565383)
(5700.14232116, -6934.48217013, 1034.20565382)
(5700.21961921, -6934.41009065, 1034.20565383)
(5700.2790911, -6934.35348855, 1034.20565383)
(5700.35936485, -6934.27508347, 1034.20565383)
(5700.41663533, -6934.21848261, 1034.20565383)
(5700.49637968, -6934.13994633, 1034.20565382)
(5700.55348885, -6934.08374089, 1034.20565382)
(5700.63505054, -6934.00350789, 1034.20565383)
(5700.69629248, -6933.94326546, 1034.20565382)
(5700.76025727, -6933.88047462, 1034.20565382)
(5700.82771538, -6933.81417881, 1034.20565382)
(5700.90430913, -6933.7389168, 1034.20565383)
(5700.96057349, -6933.68362233, 1034.20565382)
(5701.02214111, -6933.62311719, 1034.20565382)
(5701.07133542, -6933.57477015, 1034.20565382)
(5701.13467032, -6933.51252728, 1034.20565382)
(5701.18710471, -6933.46099543, 1034.20565382)
(5701.25131826, -6933.39788148, 1034.20565383)
(5701.30432866, -6933.34520762, 1034.20565382)
(5701.36950206, -6933.28015602, 1034.20565384)
(5701.42799474, -6933.22184789, 1034.20565382)
(5701.48525824, -6933.16464709, 1034.20565383)
(5701.53816151, -6933.1118357, 1034.20565382)
(5701.59364875, -6933.05635628, 1034.20565382)
(5701.64779036, -6933.00242597, 1034.20565383)
(5701.72250733, -6932.92817695, 1034.20565383)
(5701.77907884, -6932.87200662, 1034.20565383)
(5701.84275487, -6932.80891516, 1034.20565383)
(5701.89463261, -6932.75740979, 1034.20565382)
(5701.9470586, -6932.70528827, 1034.20565382)
(5701.99566943, -6932.65694323, 1034.20565382)
(5702.06149557, -6932.5913612, 1034.20565382)
(5702.11918201, -6932.53398135, 1034.20565382)
(5702.18248245, -6932.47110919, 1034.20565383)
(5702.22671064, -6932.42713897, 1034.20565382)
(5702.28353303, -6932.37064599, 1034.20565382)
(5702.34054657, -6932.31377796, 1034.20565382)
(5702.40362499, -6932.25071159, 1034.20565382)
(5702.45652395, -6932.19789113, 1034.20565382)
(5702.51522089, -6932.13919327, 1034.20565382)
(5702.56489398, -6932.0895695, 1034.20565383)
(5702.62562549, -6932.02881643, 1034.20565382)
(5702.67353113, -6931.98092879, 1034.20565382)
(5702.74274652, -6931.91171199, 1034.20565382)
(5702.79473675, -6931.85973155, 1034.20565382)
(5702.85605618, -6931.7983922, 1034.20565383)
(5702.90482839, -6931.74961873, 1034.20565382)
(5702.97491724, -6931.67952246, 1034.20565382)
(5703.02894604, -6931.62549155, 1034.20565382)
(5703.08968769, -6931.56474128, 1034.20565382)
(5703.14955688, -6931.504869, 1034.20565382)
(5703.20767414, -6931.44674931, 1034.20565382)
(5703.26082722, -6931.39359519, 1034.20565382)
(5703.31719157, -6931.33722821, 1034.20565382)
(5703.37297219, -6931.28144541, 1034.20565382)
(5703.43634639, -6931.21806892, 1034.20565382)
(5703.50702172, -6931.14739077, 1034.20565382)
(5703.56484729, -6931.08956416, 1034.20565382)
(5703.62705219, -6931.02735568, 1034.20565382)
(5703.66793912, -6930.98646784, 1034.20565382)
(5703.73248115, -6930.92192268, 1034.20565382)
(5703.79410355, -6930.86029919, 1034.20565382)
(5703.85981297, -6930.79458617, 1034.20565382)
(5703.90595678, -6930.74844139, 1034.20565382)
(5703.95443629, -6930.69995956, 1034.20565382)
(5704.00758943, -6930.6468054, 1034.20565382)
(5704.07359143, -6930.58080082, 1034.20565382)
(5704.13550594, -6930.51888546, 1034.20565382)
(5704.21172983, -6930.44265798, 1034.20565382)
(5704.2689714, -6930.38541515, 1034.20565382)
(5704.31745013, -6930.33693341, 1034.20565382)
(5704.37819641, -6930.2761861, 1034.20565382)
(5704.43981797, -6930.21456167, 1034.20565382)
(5704.5096178, -6930.14476041, 1034.20565382)
(5704.59898147, -6930.05538979, 1034.20565382)
(5704.66206442, -6929.99230588, 1034.20565382)
(5704.74821785, -6929.90614858, 1034.20565382)
(5704.85948824, -6929.794876, 1034.20565382)
(5704.92227907, -6929.73208445, 1034.20565382)
(5705.00901468, -6929.64534127, 1034.20565382)
(5705.06800879, -6929.58634639, 1034.20565382)
(5705.13284292, -6929.52150991, 1034.20565382)
(5705.17226985, -6929.48208252, 1034.20565382)
(5705.23564419, -6929.41870631, 1034.20565382)
(5705.29989525, -6929.35445483, 1034.20565382)
(5705.37378266, -6929.28056453, 1034.20565382)
(5705.43073299, -6929.2236142, 1034.20565382)
(5705.49352374, -6929.16082268, 1034.20565382)
(5705.54872146, -6929.10562512, 1034.20565382)
(5705.60683917, -6929.04750661, 1034.20565382)
(5705.65999273, -6928.9943531, 1034.20565382)
(5705.72511988, -6928.92922504, 1034.20565382)
(5705.78002554, -6928.87431943, 1034.20565382)
(5705.84077161, -6928.8135724, 1034.20565382)
(5705.88749999, -6928.76684408, 1034.20565382)
(5705.95350338, -6928.70083984, 1034.20565382)
(5706.00636476, -6928.6479785, 1034.20565382)
(5706.07966887, -6928.57467327, 1034.20565382)
(5706.12990178, -6928.52444034, 1034.20565382)
(5706.18947987, -6928.4648611, 1034.20565382)
(5706.24175711, -6928.41258371, 1034.20565382)
(5706.31009627, -6928.34424328, 1034.20565382)
(5706.36062116, -6928.29371823, 1034.20565382)
(5706.43217327, -6928.22216471, 1034.20565382)
(5706.4826982, -6928.17163962, 1034.20565382)
(5706.55775428, -6928.0965818, 1034.20565382)
(5706.61119989, -6928.04313642, 1034.20565382)
(5706.67661941, -6927.97771656, 1034.20565382)
(5706.73298552, -6927.92135069, 1034.20565382)
(5706.79665233, -6927.85768339, 1034.20565382)
(5706.84396477, -6927.81037111, 1034.20565382)
(5706.90266704, -6927.75166845, 1034.20565382)
(5706.95961732, -6927.69471835, 1034.20565382)
(5707.01393857, -6927.64039672, 1034.20565382)
(5707.06972046, -6927.58461503, 1034.20565382)
(5707.13426369, -6927.52007138, 1034.20565382)
(5707.18362062, -6927.47071461, 1034.20565382)
(5707.25400467, -6927.40032999, 1034.20565382)
(5707.30745009, -6927.34688473, 1034.20565382)
(5707.38046266, -6927.27387136, 1034.20565382)
(5707.4289434, -6927.22539071, 1034.20565382)
(5707.48414072, -6927.17019269, 1034.20565382)
(5707.54225891, -6927.11207454, 1034.20565382)
(5707.60738594, -6927.04694666, 1034.20565382)
(5707.66638053, -6926.98795205, 1034.20565382)
(5707.73442791, -6926.91990354, 1034.20565382)
(5707.79283808, -6926.86149327, 1034.20565382)
(5707.86292965, -6926.79140008, 1034.20565382)
(5707.91725153, -6926.73707836, 1034.20565382)
(5707.98617548, -6926.6681541, 1034.20565382)
(5708.03319578, -6926.62113396, 1034.20565382)
(5708.08985359, -6926.56447588, 1034.20565382)
(5708.14096285, -6926.51336682, 1034.20565382)
(5708.20638228, -6926.44794708, 1034.20565382)
(5708.26011979, -6926.39420976, 1034.20565382)
(5708.32145034, -6926.33287885, 1034.20565382)
(5708.36642648, -6926.28790291, 1034.20565382)
(5708.42600497, -6926.22832416, 1034.20565382)
(5708.48704384, -6926.16728553, 1034.20565382)
(5708.55918016, -6926.09514875, 1034.20565382)
(5708.62518399, -6926.02914504, 1034.20565382)
(5708.70345336, -6925.95087461, 1034.20565382)
(5708.76127944, -6925.89304848, 1034.20565382)
(5708.813848, -6925.84047871, 1034.20565382)
(5708.8649573, -6925.78936964, 1034.20565382)
(5708.92950072, -6925.72482615, 1034.20565382)
(5709.01185793, -6925.64246681, 1034.20565382)
(5709.08049018, -6925.57383469, 1034.20565382)
(5709.1657689, -6925.48855502, 1034.20565382)
(5709.2419942, -6925.4123296, 1034.20565382)
(5709.32873126, -6925.32558841, 1034.20565382)
(5709.39093848, -6925.26338111, 1034.20565382)
(5709.47183605, -6925.18248222, 1034.20565382)
(5709.52236106, -6925.13195753, 1034.20565382)
(5709.57171771, -6925.0826008, 1034.20565382)
(5709.62195084, -6925.03236796, 1034.20565382)
(5709.69613191, -6924.95818681, 1034.20565382)
(5709.74402841, -6924.91029053, 1034.20565382)
(5709.8179173, -6924.83640143, 1034.20565382)
(5709.86522987, -6924.78908908, 1034.20565382)
(5709.9189673, -6924.73535144, 1034.20565382)
(5709.97066051, -6924.68365846, 1034.20565382)
(5710.04338109, -6924.61093767, 1034.20565382)
(5710.1023757, -6924.55194326, 1034.20565382)
(5710.17480431, -6924.47951413, 1034.20565382)
(5710.22270073, -6924.43161778, 1034.20565382)
(5710.28051485, -6924.37378174, 1034.20565381)
(5710.32741856, -6924.31717074, 1034.20565381)
(5710.37064282, -6924.23585229, 1034.2056539)
(5710.38302097, -6924.13279511, 1034.20565367)
(5710.39203969, -6924.04621267, 1034.20565384)
(5710.41788922, -6923.96267443, 1034.20565415)
(5710.43519552, -6923.89643461, 1034.20565398)
(5710.45213859, -6923.81365592, 1034.20565385)
(5710.4648188, -6923.7443484, 1034.20565385)
(5710.48208829, -6923.6553339, 1034.20565383)
(5710.49399512, -6923.56674662, 1034.20565382)
(5710.50847438, -6923.46849713, 1034.20565375)
(5710.51305553, -6923.401394, 1034.20565374)
(5710.51635524, -6923.3289519, 1034.20565377)
(5710.52162112, -6923.25239688, 1034.20565382)
(5710.52922851, -6923.15974828, 1034.20565382)
(5710.53367202, -6923.07906325, 1034.2056538)
(5710.5387007, -6922.99995116, 1034.20565381)
(5710.54277488, -6922.92742586, 1034.20565382)
(5710.54879148, -6922.82437241, 1034.20565382)
(5710.55304722, -6922.7546932, 1034.20565383)
(5710.55880945, -6922.66316454, 1034.20565382)
(5710.56183396, -6922.57619125, 1034.20565385)
(5710.56576382, -6922.48997553, 1034.20565381)
(5710.5668241, -6922.39922392, 1034.20565383)
(5710.56897662, -6922.30965381, 1034.20565382)
(5710.57074531, -6922.22668427, 1034.20565382)
(5710.57256681, -6922.14493441, 1034.20565383)
(5710.57371659, -6922.08631222, 1034.20565382)
(5710.57586133, -6921.97483316, 1034.20565382)
(5710.57741343, -6921.8980272, 1034.20565382)
(5710.57937803, -6921.79438444, 1034.20565382)
(5710.58075238, -6921.72253356, 1034.20565382)
(5710.58226721, -6921.63830043, 1034.20565381)
(5710.59020624, -6921.56041705, 1034.20565389)
(5710.60121525, -6921.46070771, 1034.20565369)
(5710.61870162, -6921.38369113, 1034.20565393)
(5710.6830536, -6921.27879105, 1034.20565361)
(5710.73043837, -6921.22352254, 1034.20565392)
(5710.78915552, -6921.14849665, 1034.20565383)
(5710.82640958, -6921.09576267, 1034.20565385)
(5710.87579734, -6921.02237203, 1034.20565382)
(5710.91682216, -6920.96505734, 1034.20565381)
(5710.97561718, -6920.88566184, 1034.20565384)
(5711.0224092, -6920.82304067, 1034.20565383)
(5711.07374414, -6920.75416787, 1034.20565381)
(5711.13149787, -6920.67720294, 1034.20565382)
(5711.19209085, -6920.59669067, 1034.20565383)
(5711.26593493, -6920.49822314, 1034.20565382)
(5711.31541287, -6920.44154046, 1034.20565376)
(5711.37766611, -6920.38385128, 1034.20565215)
(5711.43690548, -6920.33330068, 1034.2056538)
(5711.5117749, -6920.26821885, 1034.20565381)
(5711.58412957, -6920.20364872, 1034.20565382)
(5711.66972774, -6920.1265948, 1034.20565382)
(5711.73930677, -6920.06550627, 1034.20565382)
(5711.80803375, -6920.0059734, 1034.20565382)
(5711.86932042, -6919.95245551, 1034.20565383)
(5711.93775947, -6919.89268489, 1034.20565382)
(5711.99438684, -6919.84324949, 1034.20565382)
(5712.06383996, -6919.7827342, 1034.20565383)
(5712.12360781, -6919.73061294, 1034.20565383)
(5712.18032682, -6919.68126145, 1034.20565382)
(5712.25101562, -6919.61967194, 1034.20565382)
(5712.3301133, -6919.55075687, 1034.20565382)
(5712.38367514, -6919.50408981, 1034.20565382)
(5712.4540552, -6919.44277409, 1034.20565381)
(5712.51563816, -6919.38780652, 1034.20565382)
(5712.57947548, -6919.32981585, 1034.20565383)
(5712.63539592, -6919.27776942, 1034.20565383)
(5712.69777463, -6919.21818699, 1034.20565383)
(5712.75077972, -6919.16671568, 1034.20565383)
(5712.81119371, -6919.10802297, 1034.20565382)
(5712.8578, -6919.06293617, 1034.20565383)
(5712.91747066, -6919.00521809, 1034.20565382)
(5712.97773755, -6918.94692847, 1034.20565383)
(5713.04367501, -6918.8832081, 1034.20565383)
(5713.09504718, -6918.83354628, 1034.20565382)
(5713.16545769, -6918.76553968, 1034.20565383)
(5713.2186229, -6918.714166, 1034.20565382)
(5713.27536748, -6918.65936205, 1034.20565382)
(5713.33536927, -6918.60139279, 1034.20565382)
(5713.40101781, -6918.53797966, 1034.20565382)
(5713.45951914, -6918.48143362, 1034.20565382)
(5713.51736369, -6918.42540697, 1034.20565382)
(5713.57615898, -6918.36752646, 1034.20565382)
(5713.64169766, -6918.30235719, 1034.20565382)
(5713.71776538, -6918.22715274, 1034.20565382)
(5713.76062398, -6918.18473978, 1034.20565382)
(5713.8354156, -6918.11060384, 1034.20565382)
(5713.8861884, -6918.06032858, 1034.20565383)
(5713.95159589, -6917.99548942, 1034.20565382)
(5714.0005952, -6917.94694436, 1034.20565383)
(5714.07009826, -6917.87802284, 1034.20565382)
(5714.12378026, -6917.82481494, 1034.20565382)
(5714.20001939, -6917.7491928, 1034.20565383)
(5714.25785282, -6917.69141303, 1034.20565383)
(5714.32904482, -6917.62011816, 1034.20565382)
(5714.39413795, -6917.55550872, 1034.20565382)
(5714.44310226, -6917.50691546, 1034.20565383)
(5714.50208354, -6917.44847489, 1034.20565382)
(5714.55655336, -6917.39431399, 1034.20565382)
(5714.62500174, -6917.32610116, 1034.20565382)
(5714.6872654, -6917.26396637, 1034.20565382)
(5714.76173252, -6917.18950734, 1034.20565382)
(5714.80615789, -6917.14514884, 1034.20565382)
(5714.87595789, -6917.07535659, 1034.20565382)
(5714.92299648, -6917.02835445, 1034.20565383)
(5714.99394554, -6916.95737465, 1034.20565382)
(5715.05148481, -6916.89984555, 1034.20565382)
(5715.11514335, -6916.83617184, 1034.20565382)
(5715.16391658, -6916.78739951, 1034.20565382)
(5715.24773035, -6916.70357545, 1034.20565382)
(5715.29679501, -6916.65451044, 1034.20565382)
(5715.37798368, -6916.57331875, 1034.20565382)
(5715.42471197, -6916.52659019, 1034.20565382)
(5715.50181154, -6916.44948657, 1034.20565382)
(5715.57190339, -6916.37939391, 1034.20565382)
(5715.64345108, -6916.30783646, 1034.20565382)
(5715.68463034, -6916.26665661, 1034.20565382)
(5715.76348265, -6916.1878013, 1034.20565382)
(5715.81663556, -6916.13464751, 1034.20565382)
(5715.90366461, -6916.0476138, 1034.20565382)
(5715.97083588, -6915.980441, 1034.20565382)
(5716.04238446, -6915.90888507, 1034.20565382)
(5716.09232515, -6915.85894363, 1034.20565382)
(5716.17351408, -6915.77775186, 1034.20565382)
(5716.22900363, -6915.72226158, 1034.20565382)
(5716.28215548, -6915.66910704, 1034.20565382)
(5716.3253789, -6915.62588309, 1034.20565382)
(5716.39342565, -6915.55783386, 1034.20565382)
(5716.45154379, -6915.4997151, 1034.20565382)
(5716.52163447, -6915.42962133, 1034.20565382)
(5716.57391137, -6915.37734377, 1034.20565382)
(5716.64166564, -6915.30958607, 1034.20565382)
(5716.68634939, -6915.26490179, 1034.20565382)
(5716.74972303, -6915.20152524, 1034.20565382)
(5716.80433634, -6915.14691121, 1034.20565382)
(5716.86741794, -6915.08382674, 1034.20565382)
(5716.92699633, -6915.02424765, 1034.20565382)
(5717.00205148, -6914.94918855, 1034.20565382)
(5717.05578901, -6914.89545089, 1034.20565382)
(5717.11595106, -6914.83528782, 1034.20565382)
(5717.16384769, -6914.78739125, 1034.20565382)
(5717.22576215, -6914.72547588, 1034.20565382)
(5717.28417254, -6914.6670657, 1034.20565382)
(5717.35338805, -6914.59784893, 1034.20565382)
(5717.40537334, -6914.54586364, 1034.20565382)
(5717.45879928, -6914.49240332, 1034.20565382)
(5717.50987799, -6914.43970944, 1034.20565383)
(5717.57219998, -6914.37278248, 1034.20565383)
(5717.631053, -6914.30538558, 1034.20565383)
(5717.69713503, -6914.22464786, 1034.20565381)
(5717.75110099, -6914.15833886, 1034.20565382)
(5717.805158, -6914.09210158, 1034.20565382)
(5717.84779924, -6914.04000741, 1034.20565382)
(5717.90386718, -6913.97168371, 1034.20565383)
(5717.96169045, -6913.90105757, 1034.20565382)
(5718.01663459, -6913.83394486, 1034.20565382)
(5718.06399075, -6913.77610014, 1034.20565382)
(5718.1212905, -6913.70611246, 1034.20565382)
(5718.16969394, -6913.64698981, 1034.20565382)
(5718.2303967, -6913.57284766, 1034.20565382)
(5718.27513751, -6913.51819983, 1034.20565382)
(5718.33453311, -6913.44566068, 1034.20565382)
(5718.38631286, -6913.3823668, 1034.20565382)
(5718.44832094, -6913.30662615, 1034.20565382)
(5718.49096548, -6913.25453877, 1034.20565383)
(5718.54989445, -6913.18269092, 1034.20565381)
(5718.59586396, -6913.13034861, 1034.20565378)
(5718.66168765, -6913.05981283, 1034.20565372)
(5718.7068548, -6913.01255243, 1034.20565386)
(5718.77458642, -6912.94180743, 1034.20565383)
(5718.83114222, -6912.88218357, 1034.20565383)
(5718.89442233, -6912.81527726, 1034.20565382)
(5718.93733289, -6912.77001833, 1034.20565383)
(5718.99757988, -6912.7064794, 1034.20565382)
(5719.05413492, -6912.64684468, 1034.20565382)
(5719.11841999, -6912.57916077, 1034.20565382)
(5719.16220499, -6912.53302445, 1034.20565382)
(5719.22136646, -6912.47073092, 1034.20565383)
(5719.27596409, -6912.41321928, 1034.20565383)
(5719.34935217, -6912.33595599, 1034.20565382)
(5719.42358105, -6912.25778521, 1034.20565382)
(5719.47647917, -6912.20207675, 1034.20565382)
(5719.56212182, -6912.11195023, 1034.20565381)
(5719.6105434, -6912.0620761, 1034.20565382)
(5719.66863863, -6912.00316402, 1034.20565381)
(5719.72597209, -6911.94485168, 1034.20565383)
(5719.79141743, -6911.87829347, 1034.20565383)
(5719.87959515, -6911.78888784, 1034.20565383)
(5719.93203445, -6911.73561181, 1034.20565382)
(5719.98529966, -6911.68141312, 1034.20565382)
(5720.05395753, -6911.61164087, 1034.20565383)
(5720.12089876, -6911.54365623, 1034.20565383)
(5720.17963541, -6911.48437424, 1034.20565383)
(5720.23290833, -6911.43073085, 1034.20565383)
(5720.28429315, -6911.3787414, 1034.20565382)
(5720.34199499, -6911.32022542, 1034.20565382)
(5720.41817852, -6911.24281485, 1034.20565382)
(5720.46990701, -6911.19055622, 1034.20565383)
(5720.54208615, -6911.11785156, 1034.20565383)
(5720.6024725, -6911.05729439, 1034.20565383)
(5720.65881722, -6911.00088232, 1034.20565383)
(5720.71512846, -6910.94445291, 1034.20565382)
(5720.78259805, -6910.87697697, 1034.20565382)
(5720.83951171, -6910.81999086, 1034.20565382)
(5720.90699415, -6910.75253583, 1034.20565382)
(5720.95867456, -6910.70083008, 1034.20565382)
(5721.0238111, -6910.63570918, 1034.20565383)
(5721.07958834, -6910.57992301, 1034.20565382)
(5721.14763104, -6910.51186953, 1034.20565382)
(5721.20399179, -6910.45549884, 1034.20565382)
(5721.27262075, -6910.38686723, 1034.20565382)
(5721.31817815, -6910.34130441, 1034.20565382)
(5721.39439876, -6910.26508426, 1034.20565382)
(5721.44715558, -6910.21213776, 1034.20565382)
(5721.51265678, -6910.14623683, 1034.20565382)
(5721.55755516, -6910.10118245, 1034.20565383)
(5721.61970144, -6910.03890737, 1034.20565382)
(5721.67574008, -6909.98279158, 1034.20565382)
(5721.74235143, -6909.91621264, 1034.20565383)
(5721.79023059, -6909.86829839, 1034.20565382)
(5721.85039191, -6909.80813087, 1034.20565383)
(5721.89944487, -6909.75905473, 1034.20565382)
(5721.9777199, -6909.6807889, 1034.20565383)
(5722.0323294, -6909.62617087, 1034.20565382)
(5722.10039638, -6909.55813895, 1034.20565382)
(5722.15618153, -6909.50236092, 1034.20565382)
(5722.23036706, -6909.42818464, 1034.20565382)
(5722.28410711, -6909.37444968, 1034.20565382)
(5722.36033805, -6909.2982292, 1034.20565382)
(5722.40706848, -6909.2515035, 1034.20565382)
(5722.46986372, -6909.18871669, 1034.20565382)
(5722.52272743, -6909.13585802, 1034.20565382)
(5722.58990369, -6909.06869008, 1034.20565382)
(5722.6369259, -6909.02167194, 1034.20565382)
(5722.69387911, -6908.96472513, 1034.20565382)
(5722.74440593, -6908.91420245, 1034.20565382)
(5722.80690828, -6908.85170633, 1034.20565382)
(5722.84867312, -6908.8099446, 1034.20565382)
(5722.91059069, -6908.74803237, 1034.20565382)
(5722.95644411, -6908.70218189, 1034.20565382)
(5723.01894561, -6908.63968515, 1034.20565382)
(5723.07151642, -6908.58711741, 1034.20565382)
(5723.14219542, -6908.51644344, 1034.20565382)
(5723.19067722, -6908.46796433, 1034.20565382)
(5723.25463871, -6908.40400718, 1034.20565382)
(5723.30107609, -6908.35757218, 1034.20565382)
(5723.36211677, -6908.29653521, 1034.20565382)
(5723.41030633, -6908.24834792, 1034.20565382)
(5723.47543562, -6908.18322224, 1034.20565382)
(5723.5271299, -6908.1315303, 1034.20565382)
(5723.60510974, -6908.05355447, 1034.20565382)
(5723.65797214, -6908.00069433, 1034.20565382)
(5723.73332331, -6907.92534694, 1034.20565382)
(5723.77275107, -6907.88592079, 1034.20565382)
(5723.84839419, -6907.8102811, 1034.20565382)
(5723.90505319, -6907.75362422, 1034.20565382)
(5723.98916586, -6907.66951519, 1034.20565382)
(5724.05604676, -6907.60263649, 1034.20565382)
(5724.134902, -6907.5237839, 1034.20565382)
(5724.19126876, -6907.46741882, 1034.20565382)
(5724.23361689, -6907.42507199, 1034.20565382)
(5724.28443458, -6907.37425572, 1034.20565382)
(5724.35452789, -6907.30416428, 1034.20565382)
(5724.41410714, -6907.24458655, 1034.20565382)
(5724.48974935, -6907.16894607, 1034.20565382)
(5724.54874448, -6907.10995233, 1034.20565382)
(5724.61358059, -6907.04511756, 1034.20565382)
(5724.67111536, -6906.98758403, 1034.20565382)
(5724.74296068, -6906.91574, 1034.20565382)
(5724.79815898, -6906.86054278, 1034.20565382)
(5724.86065844, -6906.79804421, 1034.20565382)
(5724.89833342, -6906.76036989, 1034.20565382)
(5724.96229313, -6906.69641106, 1034.20565382)
(5725.01486288, -6906.64384219, 1034.20565382)
(5725.0852477, -6906.57345819, 1034.20565382)
(5725.13781739, -6906.52088929, 1034.20565382)
(5725.21141467, -6906.44729262, 1034.20565382)
(5725.26427636, -6906.39443161, 1034.20565382)
(5725.3223947, -6906.33631351, 1034.20565382)
(5725.37116762, -6906.28754116, 1034.20565382)
(5725.43454293, -6906.22416612, 1034.20565382)
(5725.49149335, -6906.16721636, 1034.20565382)
(5725.55778944, -6906.10092105, 1034.20565382)
(5725.62700602, -6906.03170518, 1034.20565382)
(5725.676071, -6905.98264082, 1034.20565382)
(5725.74265896, -6905.91605331, 1034.20565382)
(5725.79581266, -6905.86290023, 1034.20565382)
(5725.85393105, -6905.80478212, 1034.20565382)
(5725.90124368, -6905.75747, 1034.20565382)
(5725.96053027, -6905.69818371, 1034.20565382)
(5726.01660449, -6905.64211009, 1034.20565382)
(5726.08377646, -6905.57493836, 1034.20565382)
(5726.13313343, -6905.52558187, 1034.20565382)
(5726.19796896, -6905.46074651, 1034.20565382)
(5726.24323718, -6905.41547872, 1034.20565382)
(5726.30953292, -6905.34918313, 1034.20565382)
(5726.35742959, -6905.30128684, 1034.20565382)
(5726.42255713, -6905.23615939, 1034.20565382)
(5726.48272002, -6905.175997, 1034.20565382)
(5726.55281232, -6905.10590462, 1034.20565382)
(5726.60596589, -6905.05275138, 1034.20565382)
(5726.6661284, -6904.99258863, 1034.20565382)
(5726.72015811, -6904.93855924, 1034.20565382)
(5726.77126696, -6904.88745015, 1034.20565382)
(5726.83142976, -6904.82728763, 1034.20565382)
(5726.89947762, -6904.75923946, 1034.20565382)
(5726.95204703, -6904.70667028, 1034.20565382)
(5727.01220939, -6904.64650749, 1034.20565382)
(5727.05484903, -6904.603868, 1034.20565382)
(5727.11880818, -6904.53990859, 1034.20565382)
(5727.17137759, -6904.48733934, 1034.20565382)
(5727.23300025, -6904.42571636, 1034.20565382)
(5727.28323323, -6904.37548356, 1034.20565382)
(5727.35390952, -6904.3048069, 1034.20565382)
(5727.40939945, -6904.2493172, 1034.20565382)
(5727.46284464, -6904.19587159, 1034.20565382)
(5727.52651201, -6904.13220441, 1034.20565382)
(5727.61617136, -6904.0425441, 1034.20565382)
(5727.67020107, -6903.98851461, 1034.20565382)
(5727.74730252, -6903.91141294, 1034.20565382)
(5727.81009374, -6903.84862199, 1034.20565382)
(5727.86937992, -6903.78933524, 1034.20565382)
(5727.92282543, -6903.7358898, 1034.20565382)
(5728.00927216, -6903.64944215, 1034.20565382)
(5728.05600054, -6903.60271392, 1034.20565382)
(5728.12112802, -6903.53758639, 1034.20565382)
(5728.16844051, -6903.49027413, 1034.20565382)
(5728.23648845, -6903.42222612, 1034.20565382)
(5728.27795988, -6903.38075489, 1034.20565382)
(5728.3433794, -6903.31533531, 1034.20565382)
(5728.39536473, -6903.26335023, 1034.20565382)
(5728.46925366, -6903.18946115, 1034.20565382)
(5728.51861048, -6903.14010451, 1034.20565382)
(5728.57964914, -6903.07906563, 1034.20565382)
(5728.62871393, -6903.03000101, 1034.20565382)
(5728.68215925, -6902.97655553, 1034.20565382)
(5728.72742733, -6902.93128759, 1034.20565382)
(5728.80190039, -6902.8568144, 1034.20565382)
(5728.85972673, -6902.79898828, 1034.20565382)
(5728.92543816, -6902.73327655, 1034.20565382)
(5728.97099825, -6902.68771653, 1034.20565382)
(5729.02619585, -6902.63251869, 1034.20565382)
(5729.07029574, -6902.58841892, 1034.20565382)
(5729.13659137, -6902.52212315, 1034.20565382)
(5729.18857664, -6902.47013805, 1034.20565382)
(5729.25633245, -6902.40238201, 1034.20565382)
(5729.30335285, -6902.35536176, 1034.20565382)
(5729.36322332, -6902.29549109, 1034.20565382)
(5729.4084914, -6902.25022314, 1034.20565382)
(5729.47507903, -6902.18363534, 1034.20565382)
(5729.5276484, -6902.13106612, 1034.20565382)
(5729.59102349, -6902.0676908, 1034.20565382)
(5729.63862799, -6902.02008643, 1034.20565382)
(5729.69908253, -6901.95963172, 1034.20565382)
(5729.75194393, -6901.90677044, 1034.20565382)
(5729.81707132, -6901.84164284, 1034.20565382)
(5729.86818044, -6901.79053384, 1034.20565382)
(5729.92892702, -6901.72978704, 1034.20565382)
(5729.97069044, -6901.68802369, 1034.20565382)
(5730.03464964, -6901.62406434, 1034.20565382)
(5730.08459056, -6901.57412354, 1034.20565382)
(5730.15847948, -6901.50023441, 1034.20565382)
(5730.21280112, -6901.44591287, 1034.20565382)
(5730.28201715, -6901.37669651, 1034.20565382)
(5730.32728519, -6901.3314285, 1034.20565382)
(5730.38686354, -6901.27184983, 1034.20565382)
(5730.43388388, -6901.22482954, 1034.20565382)
(5730.49842711, -6901.16028605, 1034.20565382)
(5730.54311107, -6901.11560216, 1034.20565382)
(5730.60794641, -6901.05076659, 1034.20565382)
(5730.65759523, -6901.00111786, 1034.20565382)
(5730.72243051, -6900.93628235, 1034.20565382)
(5730.7747078, -6900.88400514, 1034.20565382)
(5730.83954312, -6900.81916955, 1034.20565382)
(5730.88977604, -6900.76893669, 1034.20565382)
(5730.95110668, -6900.70760576, 1034.20565382)
(5731.00279986, -6900.65591265, 1034.20565382)
(5731.06529875, -6900.59341346, 1034.20565382)
(5731.11553166, -6900.54318057, 1034.20565382)
(5731.1721895, -6900.48652248, 1034.20565382)
(5731.22475883, -6900.43395323, 1034.20565382)
(5731.30069209, -6900.35801967, 1034.20565382)
(5731.35559784, -6900.303114, 1034.20565382)
(5731.44146066, -6900.21725059, 1034.20565382)
(5731.50658813, -6900.15212306, 1034.20565382)
(5731.58281306, -6900.07589695, 1034.20565382)
(5731.62428445, -6900.03442566, 1034.20565382)
(5731.69291641, -6899.96579347, 1034.20565382)
(5731.76651347, -6899.89219655, 1034.20565382)
(5731.84215452, -6899.81655486, 1034.20565382)
(5731.91662762, -6899.74208164, 1034.20565382)
(5731.9712413, -6899.68746805, 1034.20565382)
(5732.02381047, -6899.63489866, 1034.20565382)
(5732.07258313, -6899.58612603, 1034.20565382)
(5732.14325948, -6899.51544946, 1034.20565382)
(5732.19349237, -6899.46521663, 1034.20565382)
(5732.25686743, -6899.40184133, 1034.20565382)
(5732.31206523, -6899.34664359, 1034.20565382)
(5732.37018336, -6899.28852521, 1034.20565382)
(5732.40873419, -6899.24997442, 1034.20565382)
(5732.47035696, -6899.18835149, 1034.20565382)
(5732.5223422, -6899.13636632, 1034.20565382)
(5732.60031986, -6899.05838843, 1034.20565382)
(5732.65464147, -6899.00406686, 1034.20565382)
(5732.72210518, -6898.93660282, 1034.20565382)
(5732.77350629, -6898.88520174, 1034.20565382)
(5732.83045619, -6898.82825153, 1034.20565382)
(5732.88360959, -6898.77509813, 1034.20565382)
(5732.94435613, -6898.71435129, 1034.20565382)
(5732.99166851, -6898.66703893, 1034.20565382)
(5733.05095488, -6898.60775233, 1034.20565382)
(5733.09855931, -6898.56014792, 1034.20565382)
(5733.16981972, -6898.48888726, 1034.20565382)
(5733.22034466, -6898.43836235, 1034.20565382)
(5733.27466614, -6898.38404063, 1034.20565382)
(5733.324607, -6898.3340998, 1034.20565382)
(5733.39499128, -6898.26371529, 1034.20565382)
(5733.44405595, -6898.21465064, 1034.20565382)
(5733.50743102, -6898.15127532, 1034.20565382)
(5733.552407, -6898.10629936, 1034.20565382)
(5733.61549002, -6898.04321613, 1034.20565382)
(5733.66747522, -6897.99123098, 1034.20565382)
(5733.72851387, -6897.93019213, 1034.20565382)
(5733.77524217, -6897.88346387, 1034.20565382)
(5733.83277624, -6897.82592963, 1034.20565382)
(5733.88855812, -6897.77014782, 1034.20565382)
(5733.95456165, -6897.70414409, 1034.20565382)
(5734.00625482, -6897.65245095, 1034.20565382)
(5734.07313453, -6897.58557102, 1034.20565382)
(5734.11898664, -6897.53971894, 1034.20565382)
(5734.17885708, -6897.47984831, 1034.20565382)
(5734.22704562, -6897.43165981, 1034.20565382)
(5734.28896048, -6897.36974479, 1034.20565382)
(5734.33247619, -6897.32622911, 1034.20565382)
(5734.39059436, -6897.26811082, 1034.20565382)
(5734.46360721, -6897.19509788, 1034.20565382)
(5734.5170527, -6897.14165245, 1034.20565382)
(5734.57633906, -6897.08236589, 1034.20565382)
(5734.62423553, -6897.03446944, 1034.20565382)
(5734.68147753, -6896.9772273, 1034.20565382)
(5734.73287864, -6896.92582622, 1034.20565382)
(5734.80384709, -6896.8548576, 1034.20565382)
(5734.85378793, -6896.80491679, 1034.20565382)
(5734.91453453, -6896.74417001, 1034.20565382)
(5734.96155486, -6896.6971497, 1034.20565382)
(5735.03281537, -6896.62588901, 1034.20565382)
(5735.08100389, -6896.5777005, 1034.20565382)
(5735.15401663, -6896.50468753, 1034.20565382)
(5735.21417928, -6896.44452493, 1034.20565382)
(5735.2889443, -6896.36975953, 1034.20565382)
(5735.35465586, -6896.30404789, 1034.20565382)
(5735.42065917, -6896.23804398, 1034.20565382)
(5735.47790133, -6896.18080183, 1034.20565382)
(5735.55763133, -6896.10107167, 1034.20565382)
(5735.62217472, -6896.0365283, 1034.20565382)
(5735.70599324, -6895.95270927, 1034.20565382)
(5735.75973078, -6895.89897177, 1034.20565382)
(5735.83186744, -6895.82683497, 1034.20565382)
(5735.88735726, -6895.77134521, 1034.20565382)
(5735.95306874, -6895.70563351, 1034.20565382)
(5735.9951242, -6895.66357806, 1034.20565382)
(5736.05441058, -6895.60429152, 1034.20565382)
(5736.10990038, -6895.54880173, 1034.20565382)
(5736.17531982, -6895.48338212, 1034.20565382)
(5736.22613682, -6895.43256514, 1034.20565382)
(5736.29593704, -6895.3627647, 1034.20565382)
(5736.34763017, -6895.31107159, 1034.20565382)
(5736.40604035, -6895.2526612, 1034.20565382)
(5736.45510504, -6895.20359652, 1034.20565382)
(5736.52198475, -6895.13671658, 1034.20565382)
(5736.57951892, -6895.07918244, 1034.20565382)
(5736.64669061, -6895.01201048, 1034.20565382)
(5736.69517118, -6894.96352991, 1034.20565382)
(5736.7600065, -6894.89869432, 1034.20565382)
(5736.81432808, -6894.84437269, 1034.20565382)
(5736.88792485, -6894.77077556, 1034.20565382)
(5736.95830929, -6894.70039108, 1034.20565382)
(5737.01993223, -6894.63876823, 1034.20565382)
(5737.08009476, -6894.57860556, 1034.20565382)
(5737.12594687, -6894.53275349, 1034.20565382)
(5737.18727763, -6894.47142262, 1034.20565382)
(5737.24627209, -6894.41242821, 1034.20565382)
(5737.32045309, -6894.33824703, 1034.20565382)
(5737.37039391, -6894.28830624, 1034.20565382)
(5737.43844181, -6894.22025812, 1034.20565382)
(5737.48692239, -6894.17177753, 1034.20565382)
(5737.55467823, -6894.10402146, 1034.20565382)
(5737.61075211, -6894.04794756, 1034.20565382)
(5737.66916228, -6893.98953714, 1034.20565382)
(5737.71589055, -6893.94280886, 1034.20565382)
(5737.79153177, -6893.86716738, 1034.20565382)
(5737.86337644, -6893.79532269, 1034.20565382)
(5737.91945038, -6893.73924882, 1034.20565382)
(5737.98925066, -6893.66944843, 1034.20565382)
(5738.03773124, -6893.62096788, 1034.20565382)
(5738.10169045, -6893.55700856, 1034.20565382)
(5738.15601206, -6893.50268699, 1034.20565382)
(5738.22318387, -6893.43551506, 1034.20565382)
(5738.27750548, -6893.38119347, 1034.20565382)
(5738.3382521, -6893.32044669, 1034.20565382)
(5738.38936115, -6893.26933768, 1034.20565382)
(5738.44923166, -6893.20946703, 1034.20565382)
(5738.50121687, -6893.15748185, 1034.20565382)
(5738.56926477, -6893.08943377, 1034.20565382)
(5738.62563073, -6893.03306785, 1034.20565382)
(5738.69192633, -6892.96677204, 1034.20565382)
(5738.73661024, -6892.92208813, 1034.20565382)
(5738.80232172, -6892.85637645, 1034.20565382)
(5738.86190024, -6892.79679793, 1034.20565382)
(5738.94133811, -6892.71735974, 1034.20565382)
(5738.99945643, -6892.65924148, 1034.20565382)
(5739.06516797, -6892.59352987, 1034.20565382)
(5739.12094984, -6892.53774805, 1034.20565382)
(5739.18198857, -6892.47670923, 1034.20565382)
(5739.23397379, -6892.42472405, 1034.20565382)
(5739.30523429, -6892.35346343, 1034.20565382)
(5739.36510487, -6892.29359289, 1034.20565382)
(5739.46965919, -6892.18903824, 1034.20565382)
(5739.53887543, -6892.11982204, 1034.20565382)
(5739.63349996, -6892.02519722, 1034.20565382)
(5739.70417648, -6891.95452075, 1034.20565382)
(5739.81807645, -6891.84062053, 1034.20565382)
(5739.88787679, -6891.77082023, 1034.20565382)
(5739.97023522, -6891.68846152, 1034.20565382)
(5740.02776941, -6891.63092739, 1034.20565382)
(5740.09873788, -6891.55995885, 1034.20565382)
(5740.14984692, -6891.50884984, 1034.20565382)
(5740.22344386, -6891.43525278, 1034.20565382)
(5740.27338468, -6891.38531196, 1034.20565382)
(5740.33529952, -6891.32339698, 1034.20565382)
(5740.40539194, -6891.25330461, 1034.20565382)
(5740.45299639, -6891.20570023, 1034.20565382)
(5740.52746952, -6891.13122709, 1034.20565382)
(5740.58371589, -6891.07833997, 1034.20565378)
(5740.65673096, -6891.01615153, 1034.20565385)
(5740.71423301, -6890.96907599, 1034.20565382)
(5740.78530541, -6890.91176548, 1034.20565379)
(5740.84090246, -6890.86630848, 1034.20565382)
(5740.92156085, -6890.79999438, 1034.20565382)
(5740.98420569, -6890.74872055, 1034.20565382)
(5741.04812769, -6890.69639965, 1034.20565382)
(5741.09926539, -6890.65454273, 1034.20565382)
(5741.1788464, -6890.58940092, 1034.20565382)
(5741.23861255, -6890.54047933, 1034.20565382)
(5741.32680391, -6890.46825336, 1034.20565382)
(5741.38624458, -6890.41958562, 1034.20565382)
(5741.45878609, -6890.36018921, 1034.20565382)
(5741.50576313, -6890.321726, 1034.20565382)
(5741.57862411, -6890.26206722, 1034.20565382)
(5741.64286763, -6890.20948969, 1034.20565382)
(5741.71832799, -6890.14777995, 1034.2056538)
(5741.77734885, -6890.09791503, 1034.20565382)
(5741.85156202, -6890.03347909, 1034.20565381)
(5741.91056585, -6889.98005705, 1034.20565383)
(5741.98206767, -6889.91230852, 1034.20565383)
(5742.05810317, -6889.8388968, 1034.20565383)
(5742.11642778, -6889.78330741, 1034.20565382)
(5742.18713445, -6889.71616347, 1034.20565383)
(5742.24248658, -6889.6634794, 1034.20565382)
(5742.31044684, -6889.59887586, 1034.20565383)
(5742.35145136, -6889.55988097, 1034.20565382)
(5742.42124689, -6889.49361177, 1034.20565382)
(5742.47663396, -6889.44097515, 1034.20565383)
(5742.54972638, -6889.37158636, 1034.20565382)
(5742.60243232, -6889.3215242, 1034.20565383)
(5742.67222555, -6889.2552635, 1034.20565382)
(5742.71834777, -6889.21146394, 1034.20565382)
(5742.78783287, -6889.14548979, 1034.20565382)
(5742.84288113, -6889.09255632, 1034.20565382)
(5742.92035761, -6889.01765246, 1034.20565381)
(5742.97814959, -6888.96109351, 1034.20565383)
(5743.06117663, -6888.87897225, 1034.20565382)
(5743.12419997, -6888.81700148, 1034.20565382)
(5743.18662181, -6888.75560139, 1034.20565382)
(5743.23768154, -6888.70506031, 1034.20565382)
(5743.30305449, -6888.64021134, 1034.20565382)
(5743.35973747, -6888.58416283, 1034.20565382)
(5743.4419972, -6888.50287352, 1034.20565383)
(5743.49545599, -6888.45002801, 1034.20565382)
(5743.58034571, -6888.36611522, 1034.20565382)
(5743.63468007, -6888.31239387, 1034.20565382)
(5743.6919362, -6888.25575379, 1034.20565382)
(5743.76565373, -6888.18286262, 1034.20565382)
(5743.84348373, -6888.10590841, 1034.20565382)
(5743.90910841, -6888.04072265, 1034.20565382)
(5743.99687994, -6887.95329727, 1034.20565382)
(5744.05765554, -6887.89260397, 1034.20565382)
(5744.10726794, -6887.84294121, 1034.20565382)
(5744.16426538, -6887.78603903, 1034.20565383)
(5744.24284833, -6887.70750515, 1034.20565382)
(5744.30391219, -6887.64648993, 1034.20565383)
(5744.37017459, -6887.58017016, 1034.20565382)
(5744.40931112, -6887.54103675, 1034.20565382)
(5744.47940403, -6887.47094545, 1034.20565382)
(5744.52963899, -6887.420714, 1034.20565382)
(5744.60089764, -6887.34945221, 1034.20565382)
(5744.65288378, -6887.29746793, 1034.20565382)
(5744.71362764, -6887.23671658, 1034.20565382)
(5744.75598762, -6887.1943796, 1034.20565383)
(5744.82059961, -6887.12989764, 1034.20565383)
(5744.87845624, -6887.07210281, 1034.20565382)
(5744.94858629, -6887.00204796, 1034.20565382)
(5745.00819375, -6886.9424989, 1034.20565382)
(5745.08094803, -6886.8698116, 1034.20565382)
(5745.13733897, -6886.81347114, 1034.20565382)
(5745.19898124, -6886.75186886, 1034.20565382)
(5745.25302978, -6886.69785849, 1034.20565383)
(5745.30558814, -6886.64528243, 1034.20565383)
(5745.36196215, -6886.58892435, 1034.20565382)
(5745.42328893, -6886.52759132, 1034.20565383)
(5745.48111896, -6886.4697684, 1034.20565382)
(5745.54419565, -6886.40668033, 1034.20565382)
(5745.59939357, -6886.35148252, 1034.20565382)
(5745.658091, -6886.29277546, 1034.20565382)
(5745.71153561, -6886.23932862, 1034.20565382)
(5745.77636631, -6886.17448853, 1034.20565382)
(5745.83302279, -6886.11782867, 1034.20565382)
(5745.90748926, -6886.04334991, 1034.20565382)
(5745.9618087, -6885.98902577, 1034.20565382)
(5746.02342476, -6885.92739528, 1034.20565382)
(5746.07803545, -6885.87277812, 1034.20565382)
(5746.13439839, -6885.8164094, 1034.20565382)
(5746.20740467, -6885.74339021, 1034.20565382)
(5746.26552088, -6885.68526916, 1034.20565382)
(5746.32422006, -6885.62656376, 1034.20565382)
(5746.37561924, -6885.57516076, 1034.20565382)
(5746.43198237, -6885.51879214, 1034.20565382)
(5746.4822137, -6885.46855738, 1034.20565382)
(5746.55755973, -6885.39320478, 1034.20565382)
(5746.61333977, -6885.33742117, 1034.20565382)
(5746.66824291, -6885.28251316, 1034.20565382)
(5746.72139478, -6885.22935798, 1034.20565382)
(5746.78914712, -6885.16159842, 1034.20565382)
(5746.83708899, -6885.1121863, 1034.20565383)
(5746.89545966, -6885.04937434, 1034.20565382)
(5746.94424325, -6884.99348252, 1034.20565383)
(5747.00869579, -6884.91516627, 1034.20565382)
(5747.06410981, -6884.84642589, 1034.20565382)
(5747.1254934, -6884.77124108, 1034.20565383)
(5747.16846971, -6884.71888207, 1034.20565383)
(5747.22777982, -6884.64680537, 1034.20565382)
(5747.27366011, -6884.59041587, 1034.20565382)
(5747.33034136, -6884.52044416, 1034.20565383)
(5747.38743424, -6884.45028569, 1034.20565383)
(5747.4545403, -6884.36804523, 1034.20565382)
(5747.5051629, -6884.3059356, 1034.20565383)
(5747.56389789, -6884.23392129, 1034.20565383)
(5747.59911616, -6884.19069591, 1034.20565382)
(5747.67523522, -6884.09714804, 1034.20565383)
(5747.72926739, -6884.03089161, 1034.20565382)
(5747.81058719, -6883.93146381, 1034.20565382)
(5747.87619216, -6883.85444618, 1034.20565384)
(5747.94844259, -6883.77235001, 1034.2056538)
(5748.01293758, -6883.70211322, 1034.20565384)
(5748.10701677, -6883.60525488, 1034.20565382)
(5748.16892894, -6883.54125131, 1034.20565384)
(5748.24829431, -6883.4558331, 1034.20565383)
(5748.29384357, -6883.40727232, 1034.20565383)
(5748.34881656, -6883.34936343, 1034.20565383)
(5748.40122529, -6883.29431396, 1034.20565382)
(5748.47190573, -6883.22015101, 1034.20565383)
(5748.52994047, -6883.15906884, 1034.20565382)
(5748.59337924, -6883.09229516, 1034.20565382)
(5748.64259374, -6883.040493, 1034.20565382)
(5748.70119402, -6882.97880836, 1034.20565382)
(5748.75439014, -6882.92281303, 1034.20565382)
(5748.81952889, -6882.85423502, 1034.20565383)
(5748.8745061, -6882.79703871, 1034.20565382)
(5748.92705828, -6882.74267585, 1034.20565382)
(5748.97627426, -6882.69244209, 1034.20565383)
(5749.04295353, -6882.62519248, 1034.20565384)
(5749.09062759, -6882.57706037, 1034.20565382)
(5749.15516914, -6882.51191884, 1034.20565383)
(5749.20659142, -6882.45995937, 1034.20565383)
(5749.27463885, -6882.39131851, 1034.20565382)
(5749.34555783, -6882.31972386, 1034.20565383)
(5749.38973655, -6882.27512598, 1034.20565383)
(5749.44847639, -6882.21587468, 1034.20565382)
(5749.49760103, -6882.16628835, 1034.20565382)
(5749.55457294, -6882.10877707, 1034.20565382)
(5749.62218284, -6882.04031157, 1034.20565383)
(5749.66836254, -6881.99361926, 1034.20565382)
(5749.72383744, -6881.93753215, 1034.20565382)
(5749.78076888, -6881.87997954, 1034.20565382)
(5749.84832475, -6881.81199912, 1034.20565383)
(5749.89617929, -6881.76403366, 1034.20565383)
(5749.96277165, -6881.697419, 1034.20565383)
(5750.01879267, -6881.64128805, 1034.20565382)
(5750.08185919, -6881.57817964, 1034.20565382)
(5750.13789506, -6881.52206757, 1034.20565382)
(5750.20741991, -6881.45256574, 1034.20565383)
(5750.25355215, -6881.40640991, 1034.20565382)
(5750.31546903, -6881.34449467, 1034.20565382)
(5750.36598657, -6881.29396271, 1034.20565383)
(5750.43228777, -6881.22766979, 1034.20565382)
(5750.48251763, -6881.17743432, 1034.20565382)
(5750.53830007, -6881.12165666, 1034.20565382)
(5750.59319595, -6881.06674294, 1034.20565383)
(5750.66207733, -6880.99778011, 1034.20565382)
(5750.71736255, -6880.9421164, 1034.20565382)
(5750.78014461, -6880.87876175, 1034.20565382)
(5750.82585847, -6880.83277055, 1034.20565382)
(5750.88293022, -6880.77535811, 1034.20565382)
(5750.94361624, -6880.71453042, 1034.20565382)
(5751.02220062, -6880.63596494, 1034.20565383)
(5751.08815297, -6880.5699146, 1034.20565382)
(5751.16031943, -6880.49779519, 1034.20565382)
(5751.20995779, -6880.44813659, 1034.20565382)
(5751.27448899, -6880.3835811, 1034.20565382)
(5751.33493159, -6880.32311464, 1034.20565382)
(5751.40472397, -6880.25330895, 1034.20565382)
(5751.46312543, -6880.19489048, 1034.20565382)
(5751.5238817, -6880.1341528, 1034.20565383)
(5751.57294499, -6880.08508723, 1034.20565382)
(5751.63836872, -6880.01967428, 1034.20565382)
(5751.69181427, -6879.96622939, 1034.20565382)
(5751.75957376, -6879.89848415, 1034.20565382)
(5751.81652566, -6879.84153634, 1034.20565382)
(5751.89859533, -6879.75948745, 1034.20565382)
(5751.96343363, -6879.69465533, 1034.20565382)
(5752.01337794, -6879.64471793, 1034.20565382)
(5752.06974638, -6879.58835502, 1034.20565382)
(5752.1430562, -6879.51505437, 1034.20565382)
(5752.21870092, -6879.43941649, 1034.20565382)
(5752.3220948, -6879.33603843, 1034.20565382)
(5752.39365014, -6879.26448836, 1034.20565382)
(5752.48740467, -6879.17074589, 1034.20565382)
(5752.55107388, -6879.10708105, 1034.20565382)
(5752.63226823, -6879.02589437, 1034.20565382)
(5752.69768954, -6878.96047677, 1034.20565382)
(5752.76573981, -6878.8924311, 1034.20565382)
(5752.81860255, -6878.83957126, 1034.20565382)
(5752.87730683, -6878.7808707, 1034.20565382)
(5752.92783298, -6878.73034707, 1034.20565382)
(5752.99646699, -6878.6617169, 1034.20565382)
(5753.05166595, -6878.60652049, 1034.20565382)
(5753.12993785, -6878.52825262, 1034.20565382)
(5753.19798729, -6878.4602061, 1034.20565382)
(5753.24968137, -6878.40851397, 1034.20565382)
(5753.3203592, -6878.33783887, 1034.20565382)
(5753.36971678, -6878.28848302, 1034.20565382)
(5753.43280102, -6878.22540098, 1034.20565382)
(5753.48069824, -6878.17750533, 1034.20565382)
(5753.55137581, -6878.10682998, 1034.20565382)
(5753.60014917, -6878.0580581, 1034.20565382)
(5753.66878223, -6877.98942693, 1034.20565382)
(5753.71346674, -6877.94474366, 1034.20565382)
(5753.78502022, -6877.87319191, 1034.20565382)
(5753.83729812, -6877.82091534, 1034.20565382)
(5753.91323226, -6877.7449827, 1034.20565382)
(5753.96434186, -6877.69387427, 1034.20565382)
(5754.04085993, -6877.61735731, 1034.20565382)
(5754.08612847, -6877.57208983, 1034.20565382)
(5754.1541771, -6877.50404247, 1034.20565382)
(5754.20441053, -6877.45381013, 1034.20565382)
(5754.26953854, -6877.38868317, 1034.20565382)
(5754.32240041, -6877.33582236, 1034.20565382)
(5754.38577601, -6877.27244762, 1034.20565382)
(5754.43279677, -6877.22542776, 1034.20565382)
(5754.4970485, -6877.16117683, 1034.20565382)
(5754.55078646, -6877.10743978, 1034.20565382)
(5754.61795863, -6877.04026829, 1034.20565382)
(5754.6746171, -6876.98361074, 1034.20565382)
(5754.7391607, -6876.91906753, 1034.20565382)
(5754.78588931, -6876.87233957, 1034.20565382)
(5754.85276921, -6876.80545999, 1034.20565382)
(5754.90417061, -6876.75405921, 1034.20565382)
(5754.96666973, -6876.69156026, 1034.20565382)
(5755.01894732, -6876.6392833, 1034.20565382)
(5755.08495097, -6876.57327976, 1034.20565382)
(5755.1427775, -6876.51545387, 1034.20565382)
(5755.21140958, -6876.44682165, 1034.20565382)
(5755.26281093, -6876.39542081, 1034.20565382)
(5755.32384945, -6876.33438192, 1034.20565382)
(5755.37174607, -6876.28648559, 1034.20565382)
(5755.4380416, -6876.22018973, 1034.20565382)
(5755.50229324, -6876.15593855, 1034.20565382)
(5755.57092556, -6876.08730668, 1034.20565382)
(5755.62553951, -6876.03269334, 1034.20565382)
(5755.68920682, -6875.96902614, 1034.20565382)
(5755.73038634, -6875.92784707, 1034.20565382)
(5755.79755825, -6875.86067531, 1034.20565382)
(5755.8489596, -6875.80927449, 1034.20565382)
(5755.9164235, -6875.74181065, 1034.20565382)
(5755.97249768, -6875.68573693, 1034.20565382)
(5756.04025352, -6875.61798092, 1034.20565382)
(5756.08756604, -6875.57066869, 1034.20565382)
(5756.15999465, -6875.49823981, 1034.20565382)
(5756.20993566, -6875.44829905, 1034.20565382)
(5756.29317, -6875.36506411, 1034.20565382)
(5756.36881145, -6875.28942283, 1034.20565382)
(5756.42576173, -6875.23247298, 1034.20565382)
(5756.50607576, -6875.15215861, 1034.20565382)
(5756.57441595, -6875.08381876, 1034.20565382)
(5756.63866671, -6875.01956687, 1034.20565382)
(5756.68685548, -6874.97137845, 1034.20565382)
(5756.77739147, -6874.88084253, 1034.20565382)
(5756.83521782, -6874.82301647, 1034.20565382)
(5756.91640776, -6874.74182581, 1034.20565382)
(5756.97744662, -6874.68078699, 1034.20565382)
(5757.05775977, -6874.60047205, 1034.20565382)
(5757.11675436, -6874.54147763, 1034.20565382)
(5757.18392604, -6874.47430557, 1034.20565382)
(5757.22890211, -6874.42932968, 1034.20565382)
(5757.2832235, -6874.37500796, 1034.20565382)
(5757.34017372, -6874.31805807, 1034.20565382)
(5757.40968178, -6874.24854962, 1034.20565382)
(5757.4678002, -6874.1904314, 1034.20565382)
(5757.53497164, -6874.12325927, 1034.20565382)
(5757.58841712, -6874.06981384, 1034.20565382)
(5757.64595087, -6874.01227933, 1034.20565382)
(5757.69706001, -6873.96117024, 1034.20565382)
(5757.75839094, -6873.89983954, 1034.20565382)
(5757.835784, -6873.82244545, 1034.20565382)
(5757.89244225, -6873.76578759, 1034.20565382)
(5757.95406509, -6873.70416465, 1034.20565382)
(5757.99904118, -6873.65918881, 1034.20565382)
(5758.05745141, -6873.60077853, 1034.20565382)
(5758.12024271, -6873.53798763, 1034.20565382)
(5758.18478604, -6873.47344412, 1034.20565382)
(5758.23151444, -6873.42671594, 1034.20565382)
(5758.28700409, -6873.37122614, 1034.20565382)
(5758.34307814, -6873.31515235, 1034.20565382)
(5758.41054196, -6873.24768834, 1034.20565382)
(5758.45551803, -6873.20271246, 1034.20565382)
(5758.51538846, -6873.14284184, 1034.20565382)
(5758.56737375, -6873.09085676, 1034.20565382)
(5758.6339614, -6873.02426891, 1034.20565382)
(5758.69178778, -6872.96644277, 1034.20565382)
(5758.7443569, -6872.91387339, 1034.20565382)
(5758.79838655, -6872.85984393, 1034.20565382)
(5758.86468207, -6872.79354814, 1034.20565382)
(5758.9190038, -6872.73922658, 1034.20565382)
(5758.98179467, -6872.67643532, 1034.20565382)
(5759.02764683, -6872.63058326, 1034.20565382)
(5759.09481845, -6872.56341127, 1034.20565382)
(5759.1450514, -6872.51317838, 1034.20565382)
(5759.21309921, -6872.44513015, 1034.20565382)
(5759.2621639, -6872.39606551, 1034.20565382)
(5759.31882167, -6872.33940737, 1034.20565382)
(5759.37547979, -6872.28274942, 1034.20565382)
(5759.43827069, -6872.21995812, 1034.20565382)
(5759.49405261, -6872.16417632, 1034.20565382)
(5759.55830364, -6872.0999248, 1034.20565382)
(5759.61466965, -6872.04355884, 1034.20565382)
(5759.67600024, -6871.98222769, 1034.20565382)
(5759.71805573, -6871.94017227, 1034.20565382)
(5759.78697955, -6871.87124793, 1034.20565382)
(5759.83984092, -6871.8183866, 1034.20565382)
(5759.91431375, -6871.74391307, 1034.20565382)
(5759.97389231, -6871.68433455, 1034.20565382)
(5760.05946265, -6871.59876285, 1034.20565382)
(5760.11027975, -6871.5479459, 1034.20565382)
(5760.17219458, -6871.48603083, 1034.20565382)
(5760.2160024, -6871.44222313, 1034.20565382)
(5760.29281176, -6871.36541352, 1034.20565382)
(5760.34333673, -6871.31488864, 1034.20565382)
(5760.4052515, -6871.2529735, 1034.20565382)
(5760.46336984, -6871.19485525, 1034.20565382)
(5760.54076311, -6871.11746136, 1034.20565382)
(5760.62312172, -6871.03510278, 1034.20565382)
(5760.67831958, -6870.9799051, 1034.20565382)
(5760.73264101, -6870.92558341, 1034.20565382)
(5760.78521038, -6870.87301422, 1034.20565382)
(5760.86289591, -6870.79532837, 1034.20565382)
(5760.9303599, -6870.72786446, 1034.20565382)
(5761.02673626, -6870.63148694, 1034.20565382)
(5761.08427052, -6870.57395281, 1034.20565382)
(5761.15319451, -6870.5050284, 1034.20565382)
(5761.21306514, -6870.44515786, 1034.20565382)
(5761.25833285, -6870.39988974, 1034.20565382)
(5761.30944192, -6870.3487807, 1034.20565382)
(5761.37836589, -6870.27985633, 1034.20565382)
(5761.43969678, -6870.21852547, 1034.20565382)
(5761.50832847, -6870.14989309, 1034.20565382)
(5761.57842088, -6870.07980069, 1034.20565382)
(5761.63128235, -6870.02693943, 1034.20565382)
(5761.69261311, -6869.96560854, 1034.20565382)
(5761.7408017, -6869.91742011, 1034.20565382)
(5761.80096421, -6869.85725749, 1034.20565382)
(5761.85557798, -6869.80264389, 1034.20565382)
(5761.93063515, -6869.72758654, 1034.20565382)
(5761.97794754, -6869.68027424, 1034.20565382)
(5762.04219872, -6869.61602282, 1034.20565382)
(5762.09418399, -6869.56403766, 1034.20565382)
(5762.16018751, -6869.49803384, 1034.20565382)
(5762.21538529, -6869.44283612, 1034.20565382)
(5762.27379539, -6869.38442571, 1034.20565382)
(5762.31847934, -6869.33974183, 1034.20565382)
(5762.38886365, -6869.26935725, 1034.20565382)
(5762.44435349, -6869.21386747, 1034.20565382)
(5762.52320711, -6869.13501337, 1034.20565382)
(5762.57344, -6869.08478049, 1034.20565382)
(5762.63301828, -6869.02520166, 1034.20565382)
(5762.68179094, -6868.97642903, 1034.20565382)
(5762.74312177, -6868.91509828, 1034.20565382)
(5762.79627517, -6868.86194494, 1034.20565382)
(5762.86052625, -6868.79769331, 1034.20565382)
(5762.91251146, -6868.74570807, 1034.20565382)
(5762.97355024, -6868.68466935, 1034.20565382)
(5763.03867775, -6868.61954189, 1034.20565382)
(5763.09504382, -6868.563176, 1034.20565382)
(5763.15754281, -6868.5006769, 1034.20565382)
(5763.20689959, -6868.45132026, 1034.20565382)
(5763.26589391, -6868.39232584, 1034.20565382)
(5763.31641892, -6868.34180097, 1034.20565382)
(5763.38592716, -6868.27229263, 1034.20565382)
(5763.43908061, -6868.2191393, 1034.20565382)
(5763.49895105, -6868.15926869, 1034.20565382)
(5763.54655553, -6868.11166433, 1034.20565382)
(5763.59795658, -6868.0602632, 1034.20565382)
(5763.65257032, -6868.00564959, 1034.20565382)
(5763.71536132, -6867.94285851, 1034.20565382)
(5763.78925031, -6867.86896944, 1034.20565382)
(5763.84766071, -6867.81055917, 1034.20565382)
(5763.90957551, -6867.74864409, 1034.20565382)
(5763.94929454, -6867.7089251, 1034.20565382)
(5764.0161742, -6867.64204524, 1034.20565382)
(5764.06961971, -6867.5885998, 1034.20565382)
(5764.1359153, -6867.52230394, 1034.20565382)
(5764.18644025, -6867.47177905, 1034.20565382)
(5764.25419601, -6867.40402298, 1034.20565382)
(5764.30063225, -6867.35758679, 1034.20565382)
(5764.37481319, -6867.28340551, 1034.20565382)
(5764.42533811, -6867.23288057, 1034.20565382)
(5764.49367791, -6867.16454035, 1034.20565382)
(5764.54624722, -6867.11197104, 1034.20565382)
(5764.62393268, -6867.03428501, 1034.20565382)
(5764.70453888, -6866.95367876, 1034.20565382)
(5764.7702505, -6866.88796723, 1034.20565382)
(5764.84295953, -6866.81523636, 1034.20565381)
(5764.88184654, -6866.76989933, 1034.2056538)
(5764.92089712, -6866.70200341, 1034.20565382)
(5764.9442465, -6866.62430792, 1034.20565394)
(5764.9532751, -6866.51576237, 1034.20565395)
(5764.97997449, -6866.40723322, 1034.20565371)
(5765.01130109, -6866.30067084, 1034.20565397)
(5765.03491513, -6866.20156657, 1034.20565377)
(5765.04783624, -6866.13398599, 1034.20565379)
(5765.0635395, -6866.05227192, 1034.20565385)
(5765.08493773, -6865.95658269, 1034.20565379)
(5765.10720632, -6865.89245248, 1034.20565342)
(5765.14671299, -6865.8204968, 1034.20565391)
(5765.1863296, -6865.76035683, 1034.20565382)
(5765.23990452, -6865.68518168, 1034.20565379)
(5765.27778857, -6865.63056914, 1034.20565381)
(5765.32738784, -6865.55938743, 1034.2056539)
(5765.36946942, -6865.50222698, 1034.20565384)
(5765.42441632, -6865.43047255, 1034.20565378)
(5765.46826243, -6865.37429855, 1034.20565382)
(5765.52385986, -6865.30379913, 1034.20565382)
(5765.57147624, -6865.24350262, 1034.20565384)
(5765.63498825, -6865.16314234, 1034.20565383)
(5765.67040992, -6865.11848842, 1034.20565382)
(5765.72207133, -6865.05350513, 1034.20565382)
(5765.76600939, -6864.99821534, 1034.20565382)
(5765.8300621, -6864.91776244, 1034.20565382)
(5765.87811906, -6864.85729885, 1034.20565382)
(5765.92180656, -6864.80233878, 1034.20565382)
(5765.96422141, -6864.74900207, 1034.20565382)
(5766.01411964, -6864.68631253, 1034.20565382)
(5766.05683763, -6864.63268696, 1034.20565382)
(5766.09777001, -6864.58133459, 1034.20565382)
