(5691.59223735, -6869.47000058, 1034.20575461)
(5691.66470319, -6869.47004296, 1034.20564826)
(5691.76052768, -6869.47013394, 1034.20565395)
(5691.84478408, -6869.47020147, 1034.20565403)
(5691.92614942, -6869.47026469, 1034.20565387)
(5692.0042105, -6869.47032315, 1034.20565383)
(5692.09135548, -6869.47032734, 1034.20565382)
(5692.15661336, -6869.47035379, 1034.20565382)
(5692.24871552, -6869.47035315, 1034.20565383)
(5692.32677711, -6869.4703694, 1034.20565382)
(5692.4126845, -6869.47036004, 1034.20565382)
(5692.48826808, -6869.47036526, 1034.20565382)
(5692.57252441, -6869.47036382, 1034.20565382)
(5692.64728205, -6869.4703672, 1034.20565382)
(5692.74268983, -6869.47036307, 1034.20565382)
(5692.8224036, -6869.4703642, 1034.20565382)
(5692.90665979, -6869.47035666, 1034.20565382)
(5692.97728726, -6869.47035557, 1034.20565382)
(5693.07806446, -6869.47034815, 1034.20565382)
(5693.15984323, -6869.47034573, 1034.20565382)
(5693.25359909, -6869.47033413, 1034.20565382)
(5693.31844414, -6869.47033028, 1034.20565382)
(5693.40476576, -6869.4703227, 1034.20565382)
(5693.47952347, -6869.47031879, 1034.20565382)
(5693.57410553, -6869.4703112, 1034.20565382)
(5693.64473275, -6869.47030797, 1034.20565382)
(5693.73518468, -6869.47030121, 1034.20565382)
(5693.80539894, -6869.47029823, 1034.20565382)
(5693.89502474, -6869.47029221, 1034.20565382)
(5693.96854324, -6869.47028935, 1034.20565382)
(5694.03958322, -6869.47028707, 1034.20565382)
(5694.12879618, -6869.47028202, 1034.20565382)
(5694.21057494, -6869.47027952, 1034.20565382)
(5694.30680926, -6869.47027416, 1034.20565382)
(5694.40965227, -6869.47027116, 1034.20565382)
(5694.49184386, -6869.47026948, 1034.20565382)
(5694.60212107, -6869.47026558, 1034.20565382)
(5694.67976953, -6869.47026386, 1034.20565382)
(5694.76856943, -6869.4702605, 1034.20565382)
(5694.85158731, -6869.47025857, 1034.20565382)
(5694.95608206, -6869.47025452, 1034.20565382)
(5695.05066454, -6869.47025297, 1034.20565382)
(5695.13987751, -6869.47025084, 1034.20565382)
(5695.21752592, -6869.47024957, 1034.20565382)
(5695.33647662, -6869.4702467, 1034.20565382)
(5695.42486364, -6869.47024524, 1034.20565382)
(5695.52068501, -6869.47024237, 1034.20565382)
(5695.59172521, -6869.47024141, 1034.20565382)
(5695.69622003, -6869.47023973, 1034.20565382)
(5695.78171586, -6869.47023875, 1034.20565382)
(5695.87918931, -6869.47023705, 1034.20565382)
(5695.95312051, -6869.47023622, 1034.20565382)
(5696.03283397, -6869.47023484, 1034.20565382)
(5696.10180896, -6869.47023409, 1034.20565382)
(5696.19721731, -6869.4702327, 1034.20565382)
(5696.27445273, -6869.47023194, 1034.20565382)
(5696.37977361, -6869.47023041, 1034.20565382)
(5696.45370482, -6869.47022969, 1034.20565382)
(5696.55902569, -6869.47022815, 1034.20565382)
(5696.63915226, -6869.47022758, 1034.20565382)
(5696.72836528, -6869.47022678, 1034.20565382)
(5696.79651417, -6869.47022634, 1034.20565382)
(5696.87416255, -6869.47022571, 1034.20565382)
(5696.95015887, -6869.47022526, 1034.20565382)
(5697.04721932, -6869.47022454, 1034.20565382)
(5697.12899793, -6869.47022408, 1034.20565382)
(5697.21325464, -6869.47022346, 1034.20565382)
(5697.2797514, -6869.4702231, 1034.20565382)
(5697.36731232, -6869.47022252, 1034.20565382)
(5697.44041747, -6869.47022217, 1034.20565382)
(5697.53789098, -6869.47022158, 1034.20565382)
(5697.61430032, -6869.47022123, 1034.20565382)
(5697.70846962, -6869.47022067, 1034.20565382)
(5697.78900916, -6869.47022033, 1034.20565382)
(5697.8736789, -6869.47021986, 1034.20565382)
(5697.93852355, -6869.47021959, 1034.20565382)
(5698.0231933, -6869.47021917, 1034.20565382)
(5698.10579798, -6869.47021886, 1034.20565382)
(5698.19046776, -6869.47021847, 1034.20565382)
(5698.2544864, -6869.47021824, 1034.20565382)
(5698.35402502, -6869.47021784, 1034.20565382)
(5698.42506503, -6869.47021762, 1034.20565382)
(5698.52171245, -6869.47021726, 1034.20565382)
(5698.60473012, -6869.47021702, 1034.20565382)
(5698.70839894, -6869.47021665, 1034.20565382)
(5698.80917663, -6869.47021636, 1034.20565382)
(5698.87649944, -6869.4702162, 1034.20565382)
(5698.97438599, -6869.47021594, 1034.20565382)
(5699.03964368, -6869.4702158, 1034.20565382)
(5699.13257391, -6869.47021558, 1034.20565382)
(5699.20196181, -6869.47021544, 1034.20565382)
(5699.27837109, -6869.47021528, 1034.20565382)
(5699.34941108, -6869.47021514, 1034.20565382)
(5699.45307992, -6869.47021494, 1034.20565382)
(5699.53485854, -6869.47021479, 1034.20565382)
(5699.62200647, -6869.47021464, 1034.20565382)
(5699.68437301, -6869.47021453, 1034.20565382)
(5699.78432465, -6869.47021438, 1034.20565382)
(5699.87271162, -6869.47021425, 1034.20565382)
(5699.97431532, -6869.47021412, 1034.20565382)
(5700.05278972, -6869.47021402, 1034.20565382)
(5700.13498135, -6869.47021393, 1034.20565382)
(5700.1944567, -6869.47021386, 1034.20565382)
(5700.28119161, -6869.47021377, 1034.20565382)
(5700.36338327, -6869.47021367, 1034.20565382)
(5700.47324748, -6869.47021359, 1034.20565382)
(5700.58145956, -6869.47021349, 1034.20565382)
(5700.66117303, -6869.47021341, 1034.20565382)
(5700.76897208, -6869.47021334, 1034.20565382)
(5700.87470604, -6869.47021324, 1034.20565382)
(5700.98911351, -6869.47021324, 1034.20565382)
(5701.07667446, -6869.47021317, 1034.20565382)
(5701.19438611, -6869.47021314, 1034.20565382)
(5701.25551354, -6869.4702131, 1034.20565382)
(5701.40791909, -6869.47021312, 1034.20565382)
(5701.48185024, -6869.47021306, 1034.20565382)
(5701.59790979, -6869.47021305, 1034.20565382)
(5701.69455726, -6869.47021299, 1034.20565382)
(5701.78170519, -6869.47021293, 1034.20565382)
(5701.87587451, -6869.47021292, 1034.20565382)
(5701.94071915, -6869.47021288, 1034.20565382)
(5702.02373682, -6869.47021288, 1034.20565382)
(5702.10510237, -6869.47021284, 1034.20565382)
(5702.20794516, -6869.47021283, 1034.20565382)
(5702.28476749, -6869.4702128, 1034.20565382)
(5702.38884938, -6869.47021282, 1034.20565382)
(5702.46154149, -6869.4702128, 1034.20565382)
(5702.5536457, -6869.47021285, 1034.20565382)
(5702.62881592, -6869.47021284, 1034.20565382)
(5702.70811637, -6869.47021279, 1034.20565382)
(5702.808481, -6869.47021278, 1034.20565382)
(5702.88943355, -6869.47021274, 1034.20565382)
(5702.98897217, -6869.47021274, 1034.20565382)
(5703.06951172, -6869.4702127, 1034.20565382)
(5703.15335547, -6869.47021272, 1034.20565382)
(5703.22728665, -6869.4702127, 1034.20565382)
(5703.32352107, -6869.47021273, 1034.20565382)
(5703.40364757, -6869.47021271, 1034.20565382)
(5703.50029499, -6869.47021275, 1034.20565382)
(5703.5754652, -6869.47021274, 1034.20565382)
(5703.65972196, -6869.47021279, 1034.20565382)
(5703.73406615, -6869.47021278, 1034.20565382)
(5703.82699642, -6869.47021283, 1034.20565382)
(5703.90505783, -6869.47021283, 1034.20565382)
(5704.01450901, -6869.47021292, 1034.20565382)
(5704.07976666, -6869.4702129, 1034.20565382)
(5704.1677406, -6869.4702129, 1034.20565382)
(5704.24001965, -6869.47021288, 1034.20565382)
(5704.33171081, -6869.47021288, 1034.20565382)
(5704.4006857, -6869.47021286, 1034.20565382)
(5704.50146341, -6869.47021286, 1034.20565382)
(5704.57869878, -6869.47021284, 1034.20565382)
(5704.66791182, -6869.47021287, 1034.20565382)
(5704.7476253, -6869.47021286, 1034.20565382)
(5704.82981691, -6869.47021289, 1034.20565382)
(5704.89094433, -6869.47021288, 1034.20565382)
(5704.98965688, -6869.4702129, 1034.20565382)
(5705.06110991, -6869.47021289, 1034.20565382)
(5705.16106157, -6869.47021291, 1034.20565382)
(5705.23788391, -6869.4702129, 1034.20565382)
(5705.32709696, -6869.47021295, 1034.20565382)
(5705.39028952, -6869.47021295, 1034.20565382)
(5705.48404579, -6869.47021299, 1034.20565382)
(5705.55384669, -6869.47021299, 1034.20565382)
(5705.64884203, -6869.47021303, 1034.20565382)
(5705.71327365, -6869.47021302, 1034.20565382)
(5705.8132253, -6869.47021306, 1034.20565382)
(5705.88343927, -6869.47021305, 1034.20565382)
(5705.97884767, -6869.4702131, 1034.20565382)
(5706.0395621, -6869.4702131, 1034.20565382)
(5706.12629698, -6869.47021314, 1034.20565382)
(5706.20311929, -6869.47021314, 1034.20565382)
(5706.30802717, -6869.47021319, 1034.20565382)
(5706.37039367, -6869.47021319, 1034.20565382)
(5706.45217229, -6869.47021323, 1034.20565382)
(5706.52279928, -6869.47021322, 1034.20565382)
(5706.62357699, -6869.47021326, 1034.20565382)
(5706.71072491, -6869.47021325, 1034.20565382)
(5706.83380585, -6869.47021335, 1034.20565382)
(5706.91558442, -6869.47021335, 1034.20565382)
(5707.02007929, -6869.47021339, 1034.20565382)
(5707.10846626, -6869.47021338, 1034.20565382)
(5707.16794162, -6869.47021341, 1034.20565382)
(5707.24889419, -6869.47021341, 1034.20565382)
(5707.36536679, -6869.47021345, 1034.20565382)
(5707.47853517, -6869.47021347, 1034.20565382)
(5707.57146539, -6869.47021346, 1034.20565382)
(5707.67430816, -6869.4702135, 1034.20565382)
(5707.72387094, -6869.4702135, 1034.20565382)
(5707.81349698, -6869.47021353, 1034.20565382)
(5707.90353607, -6869.47021353, 1034.20565382)
(5708.00059657, -6869.47021357, 1034.20565382)
(5708.10467845, -6869.47021357, 1034.20565382)
(5708.20049985, -6869.47021356, 1034.20565382)
(5708.27195286, -6869.47021358, 1034.20565382)
(5708.3351454, -6869.47021358, 1034.20565382)
(5708.42146724, -6869.4702136, 1034.20565382)
(5708.50118072, -6869.47021359, 1034.20565382)
(5708.60484958, -6869.4702136, 1034.20565382)
(5708.68001984, -6869.47021359, 1034.20565382)
(5708.75725521, -6869.47021361, 1034.20565382)
(5708.82003475, -6869.47021361, 1034.20565382)
(5708.9150301, -6869.47021364, 1034.20565382)
(5709.00135194, -6869.47021363, 1034.20565382)
(5709.10460774, -6869.47021367, 1034.20565382)
(5709.18266912, -6869.47021367, 1034.20565382)
(5709.25783937, -6869.4702137, 1034.20565382)
(5709.31979287, -6869.4702137, 1034.20565382)
(5709.42263569, -6869.47021373, 1034.20565382)
(5709.50193617, -6869.47021373, 1034.20565382)
(5709.58784502, -6869.47021376, 1034.20565382)
(5709.66714547, -6869.47021377, 1034.20565382)
(5709.78609614, -6869.47021383, 1034.20565382)
(5709.86704868, -6869.47021382, 1034.20565382)
(5709.95006636, -6869.47021383, 1034.20565382)
(5710.01862824, -6869.47021382, 1034.20565382)
(5710.10701525, -6869.47021383, 1034.20565382)
(5710.19622829, -6869.47021382, 1034.20565382)
(5710.28833248, -6869.47021385, 1034.20565382)
(5710.37176316, -6869.47021385, 1034.20565382)
(5710.45188966, -6869.47021387, 1034.20565382)
(5710.5328422, -6869.47021387, 1034.20565382)
(5710.63775011, -6869.4702139, 1034.20565382)
(5710.70259477, -6869.4702139, 1034.20565382)
(5710.79759016, -6869.47021393, 1034.20565382)
(5710.9099325, -6869.47021393, 1034.20565382)
(5710.97601623, -6869.47021393, 1034.20565382)
(5711.07183761, -6869.47021395, 1034.20565382)
(5711.14865991, -6869.47021394, 1034.20565382)
(5711.25274176, -6869.47021396, 1034.20565382)
(5711.33039013, -6869.47021396, 1034.20565382)
(5711.41092969, -6869.47021397, 1034.20565382)
(5711.48238273, -6869.47021397, 1034.20565382)
(5711.57613904, -6869.47021399, 1034.20565382)
(5711.65337439, -6869.47021399, 1034.20565382)
(5711.75332601, -6869.47021403, 1034.20565382)
(5711.82436599, -6869.47021403, 1034.20565382)
(5711.9119269, -6869.47021406, 1034.20565382)
(5712.00981341, -6869.47021406, 1034.20565382)
(5712.07961435, -6869.47021405, 1034.20565382)
(5712.19319579, -6869.47021405, 1034.20565382)
(5712.25638836, -6869.47021405, 1034.20565382)
(5712.35055767, -6869.47021406, 1034.20565382)
(5712.41581534, -6869.47021406, 1034.20565382)
(5712.50172416, -6869.47021407, 1034.20565382)
(5712.57689437, -6869.47021407, 1034.20565382)
(5712.67808506, -6869.47021408, 1034.20565382)
(5712.74664693, -6869.47021408, 1034.20565382)
(5712.83214277, -6869.47021409, 1034.20565382)
(5712.93498559, -6869.47021408, 1034.20565382)
(5713.02956793, -6869.4702141, 1034.20565382)
(5713.12704141, -6869.47021411, 1034.20565382)
(5713.20634186, -6869.47021415, 1034.20565382)
(5713.28770742, -6869.47021415, 1034.20565382)
(5713.38641997, -6869.47021415, 1034.20565382)
(5713.46819859, -6869.47021414, 1034.20565382)
(5713.59871398, -6869.47021416, 1034.20565382)
(5713.67471028, -6869.47021416, 1034.20565382)
(5713.78127028, -6869.4702142, 1034.20565382)
(5713.86511399, -6869.4702142, 1034.20565382)
(5713.95928327, -6869.47021421, 1034.20565382)
(5714.03197535, -6869.47021421, 1034.20565382)
(5714.11416698, -6869.47021422, 1034.20565382)
(5714.18562002, -6869.47021422, 1034.20565382)
(5714.27607214, -6869.47021422, 1034.20565382)
(5714.34917727, -6869.47021422, 1034.20565382)
(5714.4454117, -6869.47021424, 1034.20565382)
(5714.51769077, -6869.47021424, 1034.20565382)
(5714.61020796, -6869.47021425, 1034.20565382)
(5714.6787698, -6869.47021426, 1034.20565382)
(5714.76013537, -6869.47021427, 1034.20565382)
(5714.84067492, -6869.47021426, 1034.20565382)
(5714.92493169, -6869.47021427, 1034.20565382)
(5714.99555868, -6869.47021427, 1034.20565382)
(5715.08766289, -6869.47021429, 1034.20565382)
(5715.16820243, -6869.47021429, 1034.20565382)
(5715.26484985, -6869.47021431, 1034.20565382)
(5715.34662844, -6869.47021431, 1034.20565382)
(5715.42799401, -6869.47021433, 1034.20565382)
(5715.4953168, -6869.47021433, 1034.20565382)
(5715.59361635, -6869.47021434, 1034.20565382)
(5715.67374289, -6869.47021434, 1034.20565382)
(5715.78071594, -6869.47021436, 1034.20565382)
(5715.85382106, -6869.47021436, 1034.20565382)
(5715.94799035, -6869.47021437, 1034.20565382)
(5716.02109544, -6869.47021437, 1034.20565382)
(5716.11196054, -6869.47021438, 1034.20565382)
(5716.19002194, -6869.47021438, 1034.20565382)
(5716.28997359, -6869.47021438, 1034.20565382)
(5716.36679594, -6869.47021438, 1034.20565382)
(5716.46055224, -6869.47021439, 1034.20565382)
(5716.5307662, -6869.47021439, 1034.20565382)
(5716.62617456, -6869.47021441, 1034.20565382)
(5716.69886664, -6869.47021441, 1034.20565382)
(5716.79138383, -6869.47021443, 1034.20565382)
(5716.87068429, -6869.47021443, 1034.20565382)
(5716.96774477, -6869.47021444, 1034.20565382)
(5717.05613177, -6869.47021444, 1034.20565382)
(5717.12799784, -6869.47021443, 1034.20565382)
(5717.22794948, -6869.47021444, 1034.20565382)
(5717.2886639, -6869.47021444, 1034.20565382)
(5717.39894108, -6869.47021445, 1034.20565382)
(5717.47617641, -6869.47021445, 1034.20565382)
(5717.57943222, -6869.47021446, 1034.20565382)
(5717.65253735, -6869.47021446, 1034.20565382)
(5717.73142482, -6869.47021446, 1034.20565382)
(5717.79792158, -6869.47021446, 1034.20565382)
(5717.8991123, -6869.47021447, 1034.20565382)
(5717.98006485, -6869.47021448, 1034.20565382)
(5718.06597367, -6869.47021449, 1034.20565382)
(5718.14403505, -6869.47021449, 1034.20565382)
(5718.22250946, -6869.4702145, 1034.20565382)
(5718.3067662, -6869.4702145, 1034.20565382)
(5718.40671786, -6869.47021451, 1034.20565382)
(5718.51906022, -6869.47021451, 1034.20565382)
(5718.59464349, -6869.47021451, 1034.20565382)
(5718.68261744, -6869.47021452, 1034.20565382)
(5718.7478751, -6869.47021452, 1034.20565382)
(5718.85608717, -6869.47021453, 1034.20565382)
(5718.92382297, -6869.47021453, 1034.20565382)
(5719.03162205, -6869.47021453, 1034.20565382)
(5719.12992161, -6869.47021453, 1034.20565382)
(5719.24845932, -6869.47021455, 1034.20565382)
(5719.31826026, -6869.47021455, 1034.20565382)
(5719.40499513, -6869.47021456, 1034.20565382)
(5719.4793393, -6869.47021456, 1034.20565382)
(5719.6040723, -6869.47021457, 1034.20565382)
(5719.687503, -6869.47021457, 1034.20565382)
(5719.80397559, -6869.47021458, 1034.20565382)
(5719.87460259, -6869.47021458, 1034.20565382)
(5719.97620633, -6869.47021459, 1034.20565382)
(5720.06541935, -6869.47021459, 1034.20565382)
(5720.16124073, -6869.4702146, 1034.20565382)
(5720.24343234, -6869.4702146, 1034.20565382)
(5720.34421, -6869.47021461, 1034.20565382)
(5720.40575047, -6869.47021461, 1034.20565382)
(5720.4982677, -6869.47021461, 1034.20565382)
(5720.57219889, -6869.4702146, 1034.20565382)
(5720.66884636, -6869.47021461, 1034.20565382)
(5720.73988636, -6869.47021461, 1034.20565382)
(5720.82331704, -6869.47021461, 1034.20565382)
(5720.893944, -6869.47021462, 1034.20565382)
(5720.98150491, -6869.47021462, 1034.20565382)
(5721.05874026, -6869.47021462, 1034.20565382)
(5721.1533226, -6869.47021461, 1034.20565382)
(5721.22973193, -6869.47021461, 1034.20565382)
(5721.33216172, -6869.47021461, 1034.20565382)
(5721.39328917, -6869.47021461, 1034.20565382)
(5721.48126312, -6869.47021462, 1034.20565382)
(5721.55643334, -6869.47021463, 1034.20565382)
(5721.65473285, -6869.47021463, 1034.20565382)
(5721.73485935, -6869.47021463, 1034.20565382)
(5721.82448541, -6869.47021463, 1034.20565382)
(5721.89469939, -6869.47021463, 1034.20565382)
(5721.97317383, -6869.47021463, 1034.20565382)
(5722.06073478, -6869.47021463, 1034.20565382)
(5722.15862129, -6869.47021465, 1034.20565382)
(5722.242465, -6869.47021465, 1034.20565382)
(5722.33209102, -6869.47021466, 1034.20565382)
(5722.43947706, -6869.47021466, 1034.20565382)
(5722.50308264, -6869.47021466, 1034.20565382)
(5722.597665, -6869.47021466, 1034.20565382)
(5722.67159618, -6869.47021465, 1034.20565382)
(5722.76328736, -6869.47021466, 1034.20565382)
(5722.83887062, -6869.47021466, 1034.20565382)
(5722.93221386, -6869.47021467, 1034.20565382)
(5723.00573198, -6869.47021467, 1034.20565382)
(5723.09659708, -6869.47021467, 1034.20565382)
(5723.17631057, -6869.47021467, 1034.20565382)
(5723.26221943, -6869.47021467, 1034.20565382)
(5723.33904178, -6869.47021467, 1034.20565382)
(5723.42495064, -6869.47021467, 1034.20565382)
(5723.49475158, -6869.47021468, 1034.20565382)
(5723.58561669, -6869.47021468, 1034.20565382)
(5723.65954783, -6869.47021469, 1034.20565382)
(5723.74545665, -6869.47021469, 1034.20565382)
(5723.81938781, -6869.47021469, 1034.20565382)
(5723.91190503, -6869.47021469, 1034.20565382)
(5723.98418412, -6869.47021469, 1034.20565382)
(5724.06472368, -6869.47021469, 1034.20565382)
(5724.13700276, -6869.47021469, 1034.20565382)
(5724.24314974, -6869.4702147, 1034.20565382)
(5724.32905857, -6869.47021471, 1034.20565382)
(5724.43396645, -6869.47021472, 1034.20565382)
(5724.50211528, -6869.47021472, 1034.20565382)
(5724.57522039, -6869.47021472, 1034.20565382)
(5724.67062879, -6869.47021471, 1034.20565382)
(5724.7767758, -6869.47021471, 1034.20565382)
(5724.85442419, -6869.47021471, 1034.20565382)
(5724.98039628, -6869.47021472, 1034.20565382)
(5725.10430322, -6869.47021473, 1034.20565382)
(5725.1964074, -6869.47021473, 1034.20565382)
(5725.33600927, -6869.47021473, 1034.20565382)
(5725.4177879, -6869.47021472, 1034.20565382)
(5725.51897863, -6869.47021473, 1034.20565382)
(5725.58134515, -6869.47021473, 1034.20565382)
(5725.69657863, -6869.47021474, 1034.20565382)
(5725.7907479, -6869.47021474, 1034.20565382)
(5725.87789579, -6869.47021474, 1034.20565382)
(5725.97826045, -6869.47021474, 1034.20565382)
(5726.04971349, -6869.47021474, 1034.20565382)
(5726.12323165, -6869.47021474, 1034.20565382)
(5726.19840191, -6869.47021473, 1034.20565382)
(5726.30372285, -6869.47021474, 1034.20565382)
(5726.38426237, -6869.47021474, 1034.20565382)
(5726.48545305, -6869.47021475, 1034.20565382)
(5726.56434047, -6869.47021475, 1034.20565382)
(5726.67172652, -6869.47021475, 1034.20565382)
(5726.74854887, -6869.47021475, 1034.20565382)
(5726.83445773, -6869.47021475, 1034.20565382)
(5726.90714984, -6869.47021475, 1034.20565382)
(5727.01742706, -6869.47021475, 1034.20565382)
(5727.08557589, -6869.47021476, 1034.20565382)
(5727.17644098, -6869.47021476, 1034.20565382)
(5727.25863259, -6869.47021476, 1034.20565382)
(5727.3565191, -6869.47021476, 1034.20565382)
(5727.43581959, -6869.47021476, 1034.20565382)
(5727.53618427, -6869.47021476, 1034.20565382)
(5727.60020289, -6869.47021476, 1034.20565382)
(5727.69272011, -6869.47021476, 1034.20565382)
(5727.79804103, -6869.47021477, 1034.20565382)
(5727.87568938, -6869.47021477, 1034.20565382)
(5727.97481494, -6869.47021477, 1034.20565382)
(5728.05081122, -6869.47021477, 1034.20565382)
(5728.12969868, -6869.47021477, 1034.20565382)
(5728.20197777, -6869.47021476, 1034.20565382)
(5728.2977992, -6869.47021476, 1034.20565382)
(5728.37627363, -6869.47021477, 1034.20565382)
(5728.46053036, -6869.47021477, 1034.20565382)
(5728.53404849, -6869.47021478, 1034.20565382)
(5728.62243544, -6869.47021478, 1034.20565382)
(5728.70421404, -6869.47021478, 1034.20565382)
(5728.79714428, -6869.47021478, 1034.20565382)
(5728.87685779, -6869.47021477, 1034.20565382)
(5728.97185317, -6869.47021477, 1034.20565382)
(5729.04578435, -6869.47021477, 1034.20565382)
(5729.1337583, -6869.47021478, 1034.20565382)
(5729.23123177, -6869.47021479, 1034.20565382)
(5729.29525036, -6869.47021479, 1034.20565382)
(5729.38611546, -6869.47021479, 1034.20565382)
(5729.47037221, -6869.47021479, 1034.20565382)
(5729.53356478, -6869.47021478, 1034.20565382)
(5729.60130062, -6869.47021478, 1034.20565382)
(5729.6892746, -6869.47021478, 1034.20565382)
(5729.7636188, -6869.47021478, 1034.20565382)
(5729.85324484, -6869.47021479, 1034.20565382)
(5729.93750156, -6869.47021479, 1034.20565382)
(5730.04447456, -6869.47021479, 1034.20565382)
(5730.1109713, -6869.47021479, 1034.20565382)
(5730.19522806, -6869.47021479, 1034.20565382)
(5730.26048575, -6869.47021479, 1034.20565382)
(5730.35011183, -6869.47021479, 1034.20565382)
(5730.4186737, -6869.47021479, 1034.20565382)
(5730.51738626, -6869.47021479, 1034.20565382)
(5730.59131741, -6869.47021479, 1034.20565382)
(5730.69663832, -6869.4702148, 1034.20565382)
(5730.76726528, -6869.4702148, 1034.20565382)
(5730.86680389, -6869.4702148, 1034.20565382)
(5730.92586623, -6869.47021479, 1034.20565382)
(5731.03490441, -6869.47021479, 1034.20565382)
(5731.11957419, -6869.47021479, 1034.20565382)
(5731.24967652, -6869.4702148, 1034.20565382)
(5731.33806347, -6869.4702148, 1034.20565382)
(5731.45288392, -6869.47021481, 1034.20565382)
(5731.53755368, -6869.47021481, 1034.20565382)
(5731.60446346, -6869.4702148, 1034.20565382)
(5731.66889511, -6869.4702148, 1034.20565382)
(5731.75893421, -6869.4702148, 1034.20565382)
(5731.84236492, -6869.4702148, 1034.20565382)
(5731.94066445, -6869.47021481, 1034.20565382)
(5732.04185513, -6869.47021481, 1034.20565382)
(5732.11496023, -6869.47021482, 1034.20565382)
(5732.21491185, -6869.47021481, 1034.20565382)
(5732.29586442, -6869.47021481, 1034.20565382)
(5732.38590352, -6869.47021481, 1034.20565382)
(5732.45859563, -6869.4702148, 1034.20565382)
(5732.51848402, -6869.47021481, 1034.20565382)
(5732.60232774, -6869.47021481, 1034.20565382)
(5732.69236679, -6869.47021481, 1034.20565382)
(5732.77868863, -6869.47021482, 1034.20565382)
(5732.85592397, -6869.47021482, 1034.20565382)
(5732.93068118, -6869.47021482, 1034.20565382)
(5733.00956864, -6869.47021481, 1034.20565382)
(5733.08060866, -6869.47021481, 1034.20565382)
(5733.17188682, -6869.47021481, 1034.20565382)
(5733.25449149, -6869.47021481, 1034.20565382)
(5733.34989985, -6869.47021482, 1034.20565382)
(5733.43085239, -6869.47021482, 1034.20565382)
(5733.52336958, -6869.47021482, 1034.20565382)
(5733.59069237, -6869.47021482, 1034.20565382)
(5733.66503656, -6869.47021482, 1034.20565382)
(5733.73359844, -6869.47021482, 1034.20565382)
(5733.82859382, -6869.47021481, 1034.20565382)
(5733.90913337, -6869.47021481, 1034.20565382)
(5733.99049896, -6869.47021482, 1034.20565382)
(5734.05451755, -6869.47021482, 1034.20565382)
(5734.12638358, -6869.47021482, 1034.20565382)
(5734.21022728, -6869.47021483, 1034.20565382)
(5734.30687472, -6869.47021482, 1034.20565382)
(5734.39113148, -6869.47021482, 1034.20565382)
(5734.47745336, -6869.47021482, 1034.20565382)
(5734.54973246, -6869.47021482, 1034.20565382)
(5734.61292503, -6869.47021482, 1034.20565382)
(5734.69305154, -6869.47021482, 1034.20565382)
(5734.78928594, -6869.47021483, 1034.20565382)
(5734.86941243, -6869.47021483, 1034.20565382)
(5734.96977707, -6869.47021483, 1034.20565382)
(5735.05155568, -6869.47021483, 1034.20565382)
(5735.13581245, -6869.47021482, 1034.20565382)
(5735.19115758, -6869.47021482, 1034.20565382)
(5735.27871854, -6869.47021482, 1034.20565382)
(5735.35801901, -6869.47021482, 1034.20565382)
(5735.45507947, -6869.47021483, 1034.20565382)
(5735.53520596, -6869.47021483, 1034.20565382)
(5735.62317989, -6869.47021483, 1034.20565382)
(5735.70454547, -6869.47021483, 1034.20565382)
(5735.79582363, -6869.47021483, 1034.20565382)
(5735.85653806, -6869.47021483, 1034.20565382)
(5735.93253437, -6869.47021482, 1034.20565382)
(5736.03826834, -6869.47021483, 1034.20565382)
(5736.13119857, -6869.47021483, 1034.20565382)
(5736.22578087, -6869.47021484, 1034.20565382)
(5736.31045062, -6869.47021484, 1034.20565382)
(5736.37364317, -6869.47021484, 1034.20565382)
(5736.46739946, -6869.47021483, 1034.20565382)
(5736.55909065, -6869.47021483, 1034.20565382)
(5736.69373627, -6869.47021483, 1034.20565382)
(5736.78336232, -6869.47021483, 1034.20565382)
(5736.89405253, -6869.47021484, 1034.20565382)
(5736.96798368, -6869.47021484, 1034.20565382)
(5737.04769715, -6869.47021484, 1034.20565382)
(5737.11667204, -6869.47021484, 1034.20565382)
(5737.19349438, -6869.47021483, 1034.20565382)
(5737.28105534, -6869.47021483, 1034.20565382)
(5737.37150745, -6869.47021483, 1034.20565382)
(5737.43346095, -6869.47021483, 1034.20565382)
(5737.50945723, -6869.47021484, 1034.20565382)
(5737.58545349, -6869.47021484, 1034.20565382)
(5737.66681905, -6869.47021484, 1034.20565382)
(5737.7424023, -6869.47021484, 1034.20565382)
(5737.83078927, -6869.47021484, 1034.20565382)
(5737.90843767, -6869.47021483, 1034.20565382)
(5738.00136793, -6869.47021483, 1034.20565382)
(5738.07075585, -6869.47021483, 1034.20565382)
(5738.14923028, -6869.47021483, 1034.20565382)
(5738.22563958, -6869.47021484, 1034.20565382)
(5738.30370095, -6869.47021484, 1034.20565382)
(5738.37515396, -6869.47021484, 1034.20565382)
(5738.4577586, -6869.47021484, 1034.20565382)
(5738.52714651, -6869.47021484, 1034.20565382)
(5738.60975118, -6869.47021484, 1034.20565382)
(5738.69276888, -6869.47021483, 1034.20565382)
(5738.78156891, -6869.47021483, 1034.20565382)
(5738.85013077, -6869.47021484, 1034.20565382)
(5738.92075774, -6869.47021484, 1034.20565382)
(5738.99551494, -6869.47021484, 1034.20565382)
(5739.08390189, -6869.47021485, 1034.20565382)
(5739.15824607, -6869.47021484, 1034.20565382)
(5739.23878561, -6869.47021484, 1034.20565382)
(5739.30652144, -6869.47021484, 1034.20565382)
(5739.39449542, -6869.47021484, 1034.20565382)
(5739.47296986, -6869.47021484, 1034.20565382)
(5739.56300894, -6869.47021484, 1034.20565382)
(5739.63363591, -6869.47021484, 1034.20565382)
(5739.70095868, -6869.47021484, 1034.20565382)
(5739.76745541, -6869.47021485, 1034.20565382)
(5739.83643028, -6869.47021485, 1034.20565382)
(5739.92812145, -6869.47021484, 1034.20565382)
(5739.9962703, -6869.47021484, 1034.20565382)
(5740.07722289, -6869.47021484, 1034.20565382)
(5740.14867593, -6869.47021484, 1034.20565382)
(5740.23375873, -6869.47021484, 1034.20565382)
(5740.30273361, -6869.47021484, 1034.20565382)
(5740.37955592, -6869.47021484, 1034.20565382)
(5740.45266102, -6869.47021485, 1034.20565382)
(5740.5323745, -6869.47021485, 1034.20565382)
(5740.60424054, -6869.47021485, 1034.20565382)
(5740.68519312, -6869.47021484, 1034.20565382)
(5740.75499407, -6869.47021484, 1034.20565382)
(5740.8437941, -6869.47021484, 1034.20565382)
(5740.91855132, -6869.47021484, 1034.20565382)
(5741.0052862, -6869.47021484, 1034.20565382)
(5741.07880432, -6869.47021485, 1034.20565382)
(5741.17379965, -6869.47021485, 1034.20565382)
(5741.24607871, -6869.47021485, 1034.20565382)
(5741.32992243, -6869.47021485, 1034.20565382)
(5741.39931036, -6869.47021484, 1034.20565382)
(5741.48852341, -6869.47021484, 1034.20565382)
(5741.56534576, -6869.47021484, 1034.20565382)
(5741.6566239, -6869.47021484, 1034.20565382)
(5741.74831505, -6869.47021485, 1034.20565382)
(5741.81315969, -6869.47021485, 1034.20565382)
(5741.89080804, -6869.47021485, 1034.20565382)
(5742.01182385, -6869.47021485, 1034.20565382)
(5742.10144992, -6869.47021484, 1034.20565382)
(5742.24518206, -6869.47021484, 1034.20565382)
(5742.33646021, -6869.47021484, 1034.20565382)
(5742.45830205, -6869.47021485, 1034.20565382)
(5742.53595041, -6869.47021485, 1034.20565382)
(5742.62351132, -6869.47021485, 1034.20565382)
(5742.6871169, -6869.47021485, 1034.20565382)
(5742.77632994, -6869.47021485, 1034.20565382)
(5742.84200066, -6869.47021484, 1034.20565382)
(5742.93121371, -6869.47021484, 1034.20565382)
(5743.0125793, -6869.47021484, 1034.20565382)
(5743.10468349, -6869.47021485, 1034.20565382)
(5743.16044161, -6869.47021485, 1034.20565382)
(5743.24139415, -6869.47021485, 1034.20565382)
(5743.31119507, -6869.47021485, 1034.20565382)
(5743.42064624, -6869.47021485, 1034.20565382)
(5743.50035974, -6869.47021485, 1034.20565382)
(5743.58833373, -6869.47021484, 1034.20565382)
(5743.65359142, -6869.47021484, 1034.20565382)
(5743.7366091, -6869.47021485, 1034.20565382)
(5743.80888816, -6869.47021485, 1034.20565382)
(5743.89314489, -6869.47021485, 1034.20565382)
(5743.95881557, -6869.47021485, 1034.20565382)
(5744.04596347, -6869.47021485, 1034.20565382)
(5744.11617742, -6869.47021485, 1034.20565382)
(5744.20580349, -6869.47021485, 1034.20565382)
(5744.27519142, -6869.47021484, 1034.20565382)
(5744.35903517, -6869.47021484, 1034.20565382)
(5744.43627052, -6869.47021485, 1034.20565382)
(5744.54530865, -6869.47021485, 1034.20565382)
(5744.6175877, -6869.47021486, 1034.20565382)
(5744.70556163, -6869.47021486, 1034.20565382)
(5744.77040628, -6869.47021485, 1034.20565382)
(5744.85879328, -6869.47021485, 1034.20565382)
(5744.9298333, -6869.47021485, 1034.20565382)
(5745.02152449, -6869.47021485, 1034.20565382)
(5745.08967334, -6869.47021485, 1034.20565382)
(5745.18219054, -6869.47021485, 1034.20565382)
(5745.25116541, -6869.47021485, 1034.20565382)
(5745.34037842, -6869.47021486, 1034.20565382)
(5745.41554864, -6869.47021486, 1034.20565382)
(5745.5072398, -6869.47021485, 1034.20565382)
(5745.57291052, -6869.47021485, 1034.20565382)
(5745.65634124, -6869.47021485, 1034.20565382)
(5745.72944638, -6869.47021485, 1034.20565382)
(5745.81907244, -6869.47021485, 1034.20565382)
(5745.89052545, -6869.47021485, 1034.20565382)
(5745.97230404, -6869.47021486, 1034.20565382)
(5746.05201751, -6869.47021486, 1034.20565382)
(5746.14329564, -6869.47021486, 1034.20565382)
(5746.20607518, -6869.47021485, 1034.20565382)
(5746.28909287, -6869.47021485, 1034.20565382)
(5746.35476359, -6869.47021485, 1034.20565382)
(5746.45058501, -6869.47021485, 1034.20565382)
(5746.52369014, -6869.47021485, 1034.20565382)
(5746.60546873, -6869.47021485, 1034.20565382)
(5746.67237849, -6869.47021486, 1034.20565382)
(5746.77315614, -6869.47021486, 1034.20565382)
(5746.84791334, -6869.47021486, 1034.20565382)
(5746.94332173, -6869.47021485, 1034.20565382)
(5747.02716547, -6869.47021485, 1034.20565382)
(5747.12505201, -6869.47021485, 1034.20565382)
(5747.20972179, -6869.47021485, 1034.20565382)
(5747.34106317, -6869.47021486, 1034.20565382)
(5747.41499431, -6869.47021486, 1034.20565382)
(5747.52320639, -6869.47021486, 1034.20565382)
(5747.61241942, -6869.47021485, 1034.20565382)
(5747.75986877, -6869.47021485, 1034.20565382)
(5747.84742972, -6869.47021485, 1034.20565382)
(5747.92631717, -6869.47021485, 1034.20565382)
(5748.00479158, -6869.47021485, 1034.20565382)
(5748.08946132, -6869.47021486, 1034.20565382)
(5748.16958782, -6869.47021486, 1034.20565382)
(5748.261692, -6869.47021485, 1034.20565382)
(5748.32818875, -6869.47021485, 1034.20565382)
(5748.42153204, -6869.47021485, 1034.20565382)
(5748.4950502, -6869.47021485, 1034.20565382)
(5748.58219812, -6869.47021485, 1034.20565382)
(5748.65654231, -6869.47021485, 1034.20565382)
(5748.74988555, -6869.47021486, 1034.20565382)
(5748.85107622, -6869.47021486, 1034.20565382)
(5748.9378111, -6869.47021486, 1034.20565382)
(5749.01215529, -6869.47021485, 1034.20565382)
(5749.09682508, -6869.47021485, 1034.20565382)
(5749.17695162, -6869.47021485, 1034.20565382)
(5749.28185955, -6869.47021485, 1034.20565382)
(5749.36405117, -6869.47021485, 1034.20565382)
(5749.45615534, -6869.47021486, 1034.20565382)
(5749.52058695, -6869.47021486, 1034.20565382)
(5749.61310415, -6869.47021486, 1034.20565382)
(5749.68827438, -6869.47021486, 1034.20565382)
(5749.79524743, -6869.47021485, 1034.20565382)
(5749.86959164, -6869.47021485, 1034.20565382)
(5749.98978143, -6869.47021485, 1034.20565382)
(5750.06908189, -6869.47021485, 1034.20565382)
(5750.16118606, -6869.47021486, 1034.20565382)
(5750.23759535, -6869.47021486, 1034.20565382)
(5750.32846045, -6869.47021486, 1034.20565382)
(5750.4073479, -6869.47021485, 1034.20565382)
(5750.50523444, -6869.47021485, 1034.20565382)
(5750.57007911, -6869.47021485, 1034.20565382)
(5750.65722704, -6869.47021485, 1034.20565382)
(5750.74313588, -6869.47021485, 1034.20565382)
(5750.8397833, -6869.47021486, 1034.20565382)
(5750.94014793, -6869.47021486, 1034.20565382)
(5751.01160094, -6869.47021486, 1034.20565382)
(5751.09668374, -6869.47021486, 1034.20565382)
(5751.17144097, -6869.47021485, 1034.20565382)
(5751.26478426, -6869.47021485, 1034.20565382)
(5751.33871544, -6869.47021485, 1034.20565382)
(5751.42379823, -6869.47021485, 1034.20565382)
(5751.48781683, -6869.47021486, 1034.20565382)
(5751.5836382, -6869.47021486, 1034.20565382)
(5751.65880842, -6869.47021486, 1034.20565382)
(5751.75421679, -6869.47021486, 1034.20565382)
(5751.83558238, -6869.47021485, 1034.20565382)
(5751.91694799, -6869.47021485, 1034.20565382)
(5751.98344475, -6869.47021485, 1034.20565382)
(5752.076375, -6869.47021485, 1034.20565382)
(5752.15691453, -6869.47021485, 1034.20565382)
(5752.25934428, -6869.47021486, 1034.20565382)
(5752.3328624, -6869.47021486, 1034.20565382)
(5752.42083635, -6869.47021486, 1034.20565382)
(5752.49889775, -6869.47021486, 1034.20565382)
(5752.5934801, -6869.47021485, 1034.20565382)
(5752.6641071, -6869.47021485, 1034.20565382)
(5752.75497224, -6869.47021485, 1034.20565382)
(5752.83840293, -6869.47021485, 1034.20565382)
(5752.94496291, -6869.47021486, 1034.20565382)
(5753.01228569, -6869.47021486, 1034.20565382)
(5753.13288847, -6869.47021486, 1034.20565382)
(5753.22829685, -6869.47021485, 1034.20565382)
(5753.33816107, -6869.47021485, 1034.20565382)
(5753.4678504, -6869.47021485, 1034.20565382)
(5753.56862807, -6869.47021485, 1034.20565382)
(5753.70368665, -6869.47021486, 1034.20565382)
(5753.77348756, -6869.47021486, 1034.20565382)
(5753.87261315, -6869.47021486, 1034.20565382)
(5753.95026154, -6869.47021485, 1034.20565382)
(5754.06425599, -6869.47021485, 1034.20565382)
(5754.12951368, -6869.47021485, 1034.20565382)
(5754.23029136, -6869.47021485, 1034.20565382)
(5754.30793972, -6869.47021486, 1034.20565382)
(5754.41408667, -6869.47021486, 1034.20565382)
(5754.49545224, -6869.47021486, 1034.20565382)
(5754.57929597, -6869.47021486, 1034.20565382)
(5754.64827087, -6869.47021485, 1034.20565382)
(5754.73500578, -6869.47021485, 1034.20565382)
(5754.81471929, -6869.47021485, 1034.20565382)
(5754.91714906, -6869.47021485, 1034.20565382)
(5754.97910254, -6869.47021486, 1034.20565382)
(5755.06005508, -6869.47021486, 1034.20565382)
(5755.1405946, -6869.47021486, 1034.20565382)
(5755.24302436, -6869.47021486, 1034.20565382)
(5755.35288857, -6869.47021485, 1034.20565382)
(5755.4363193, -6869.47021485, 1034.20565382)
(5755.52098909, -6869.47021485, 1034.20565382)
(5755.58542072, -6869.47021485, 1034.20565382)
(5755.67628583, -6869.47021486, 1034.20565382)
(5755.74980395, -6869.47021486, 1034.20565382)
(5755.85388579, -6869.47021486, 1034.20565382)
(5755.91955648, -6869.47021486, 1034.20565382)
(5756.01166068, -6869.47021485, 1034.20565382)
(5756.09261326, -6869.47021485, 1034.20565382)
(5756.19132585, -6869.47021485, 1034.20565382)
(5756.26401795, -6869.47021485, 1034.20565382)
(5756.35818725, -6869.47021486, 1034.20565382)
(5756.43253142, -6869.47021486, 1034.20565382)
(5756.52752675, -6869.47021486, 1034.20565382)
(5756.63284767, -6869.47021486, 1034.20565382)
(5756.72123466, -6869.47021485, 1034.20565382)
(5756.81251283, -6869.47021485, 1034.20565382)
(5756.89635658, -6869.47021485, 1034.20565382)
(5756.98846077, -6869.47021485, 1034.20565382)
(5757.04834914, -6869.47021486, 1034.20565382)
(5757.13880121, -6869.47021486, 1034.20565382)
(5757.21644957, -6869.47021486, 1034.20565382)
(5757.32053142, -6869.47021486, 1034.20565382)
(5757.38991934, -6869.47021485, 1034.20565382)
(5757.48615378, -6869.47021485, 1034.20565382)
(5757.58114916, -6869.47021485, 1034.20565382)
(5757.64847196, -6869.47021485, 1034.20565382)
(5757.73892405, -6869.47021485, 1034.20565382)
(5757.81781148, -6869.47021486, 1034.20565382)
(5757.91404587, -6869.47021486, 1034.20565382)
(5757.9892161, -6869.47021486, 1034.20565382)
(5758.06356029, -6869.47021486, 1034.20565382)
(5758.13955659, -6869.47021485, 1034.20565382)
(5758.24694267, -6869.47021485, 1034.20565382)
(5758.32087385, -6869.47021485, 1034.20565382)
(5758.41669524, -6869.47021485, 1034.20565382)
(5758.48401802, -6869.47021486, 1034.20565382)
(5758.58066544, -6869.47021486, 1034.20565382)
(5758.66327008, -6869.47021486, 1034.20565382)
(5758.77437334, -6869.47021485, 1034.20565382)
(5758.87349895, -6869.47021485, 1034.20565382)
(5758.97799386, -6869.47021485, 1034.20565382)
(5759.05233806, -6869.47021485, 1034.20565382)
(5759.12172597, -6869.47021485, 1034.20565382)
(5759.22415571, -6869.47021486, 1034.20565382)
(5759.32039011, -6869.47021486, 1034.20565382)
(5759.45503569, -6869.47021485, 1034.20565382)
(5759.54053152, -6869.47021485, 1034.20565382)
(5759.63180969, -6869.47021485, 1034.20565382)
(5759.69458924, -6869.47021485, 1034.20565382)
(5759.80404041, -6869.47021485, 1034.20565382)
(5759.88540598, -6869.47021486, 1034.20565382)
(5760.00187851, -6869.47021486, 1034.20565382)
(5760.08200501, -6869.47021486, 1034.20565382)
(5760.18071758, -6869.47021485, 1034.20565382)
(5760.24267109, -6869.47021485, 1034.20565382)
(5760.31825437, -6869.47021485, 1034.20565382)
(5760.3983809, -6869.47021485, 1034.20565382)
(5760.49461532, -6869.47021485, 1034.20565382)
(5760.57515485, -6869.47021486, 1034.20565382)
(5760.66932413, -6869.47021486, 1034.20565382)
(5760.74160318, -6869.47021486, 1034.20565382)
(5760.81966458, -6869.47021486, 1034.20565382)
(5760.88863947, -6869.47021485, 1034.20565382)
(5760.98239578, -6869.47021485, 1034.20565382)
(5761.05715301, -6869.47021485, 1034.20565382)
(5761.15503954, -6869.47021485, 1034.20565382)
(5761.23392697, -6869.47021485, 1034.20565382)
(5761.31487952, -6869.47021486, 1034.20565382)
(5761.37394183, -6869.47021486, 1034.20565382)
(5761.4714153, -6869.47021486, 1034.20565382)
(5761.54162926, -6869.47021486, 1034.20565382)
(5761.64447207, -6869.47021485, 1034.20565382)
(5761.72377257, -6869.47021485, 1034.20565382)
(5761.81215956, -6869.47021485, 1034.20565382)
(5761.8856777, -6869.47021485, 1034.20565382)
(5761.96456514, -6869.47021486, 1034.20565382)
(5762.06988604, -6869.47021486, 1034.20565382)
(5762.14092603, -6869.47021486, 1034.20565382)
(5762.2417037, -6869.47021486, 1034.20565382)
(5762.3106786, -6869.47021485, 1034.20565382)
(5762.39245723, -6869.47021485, 1034.20565382)
(5762.46101911, -6869.47021485, 1034.20565382)
(5762.55353634, -6869.47021485, 1034.20565382)
(5762.62870656, -6869.47021485, 1034.20565382)
(5762.73072329, -6869.47021486, 1034.20565382)
(5762.80465443, -6869.47021486, 1034.20565382)
(5762.89551954, -6869.47021486, 1034.20565382)
(5762.96903769, -6869.47021486, 1034.20565382)
(5763.06692423, -6869.47021485, 1034.20565382)
(5763.1441596, -6869.47021485, 1034.20565382)
(5763.24741543, -6869.47021485, 1034.20565382)
(5763.32960706, -6869.47021486, 1034.20565382)
(5763.43038471, -6869.47021486, 1034.20565382)
(5763.50762004, -6869.47021486, 1034.20565382)
(5763.61046282, -6869.47021486, 1034.20565382)
(5763.68728516, -6869.47021485, 1034.20565382)
(5763.78269357, -6869.47021485, 1034.20565382)
(5763.84712521, -6869.47021485, 1034.20565382)
(5763.94046848, -6869.47021485, 1034.20565382)
(5764.02183406, -6869.47021486, 1034.20565382)
(5764.10691683, -6869.47021486, 1034.20565382)
(5764.19076053, -6869.47021486, 1034.20565382)
(5764.25684425, -6869.47021486, 1034.20565382)
(5764.33779681, -6869.47021486, 1034.20565382)
(5764.42287962, -6869.47021485, 1034.20565382)
(5764.50754941, -6869.47021485, 1034.20565382)
(5764.65210758, -6869.47021485, 1034.20565382)
(5764.74462478, -6869.47021486, 1034.20565382)
(5764.87018382, -6869.47021486, 1034.20565382)
(5764.99037357, -6869.47021486, 1034.20565382)
(5765.07752149, -6869.47021486, 1034.20565382)
(5765.17664711, -6869.47021485, 1034.20565382)
(5765.2419048, -6869.47021485, 1034.20565382)
(5765.35920342, -6869.47021485, 1034.20565382)
(5765.45213364, -6869.47021486, 1034.20565382)
(5765.56943222, -6869.47021486, 1034.20565382)
(5765.64005918, -6869.47021486, 1034.20565382)
(5765.73216337, -6869.47021486, 1034.20565382)
(5765.81063781, -6869.47021485, 1034.20565382)
(5765.88126481, -6869.47021485, 1034.20565382)
(5765.97791228, -6869.47021485, 1034.20565382)
(5766.06506019, -6869.47021485, 1034.20565382)
(5766.14270855, -6869.47021486, 1034.20565382)
(5766.23398667, -6869.47021486, 1034.20565382)
(5766.30337456, -6869.47021486, 1034.20565382)
(5766.3946527, -6869.47021486, 1034.20565382)
(5766.47312713, -6869.47021485, 1034.20565382)
(5766.5573839, -6869.47021485, 1034.20565382)
(5766.63668439, -6869.47021485, 1034.20565382)
(5766.72300626, -6869.47021485, 1034.20565382)
(5766.79817649, -6869.47021486, 1034.20565382)
(5766.88573741, -6869.47021486, 1034.20565382)
(5766.96090762, -6869.47021486, 1034.20565382)
(5767.05053365, -6869.47021486, 1034.20565382)
(5767.12487785, -6869.47021486, 1034.20565382)
(5767.21656903, -6869.47021485, 1034.20565382)
(5767.27934859, -6869.47021485, 1034.20565382)
(5767.37103977, -6869.47021485, 1034.20565382)
(5767.43299327, -6869.47021485, 1034.20565382)
(5767.52385838, -6869.47021486, 1034.20565382)
(5767.59489836, -6869.47021486, 1034.20565382)
(5767.68989369, -6869.47021486, 1034.20565382)
(5767.75267322, -6869.47021486, 1034.20565382)
(5767.85799416, -6869.47021486, 1034.20565382)
(5767.9240779, -6869.47021485, 1034.20565382)
(5768.02113839, -6869.47021485, 1034.20565382)
(5768.09878678, -6869.47021485, 1034.20565382)
(5768.19213004, -6869.47021486, 1034.20565382)
(5768.25903979, -6869.47021486, 1034.20565382)
(5768.35155698, -6869.47021486, 1034.20565382)
(5768.4267272, -6869.47021486, 1034.20565382)
(5768.5101579, -6869.47021486, 1034.20565382)
(5768.57252442, -6869.47021485, 1034.20565382)
(5768.66132445, -6869.47021485, 1034.20565382)
(5768.72988633, -6869.47021485, 1034.20565382)
(5768.81827332, -6869.47021485, 1034.20565382)
(5768.89013937, -6869.47021486, 1034.20565382)
(5768.98265656, -6869.47021486, 1034.20565382)
(5769.05947886, -6869.47021486, 1034.20565382)
(5769.15860443, -6869.47021486, 1034.20565382)
(5769.24410026, -6869.47021486, 1034.20565382)
(5769.33413935, -6869.47021485, 1034.20565382)
(5769.41178775, -6869.47021485, 1034.20565382)
(5769.48943614, -6869.47021485, 1034.20565382)
(5769.61086497, -6869.47021486, 1034.20565382)
(5769.69181751, -6869.47021486, 1034.20565382)
(5769.79548632, -6869.47021486, 1034.20565382)
(5769.86487423, -6869.47021486, 1034.20565382)
(5769.94913098, -6869.47021486, 1034.20565382)
(5770.02636635, -6869.47021485, 1034.20565382)
(5770.13127429, -6869.47021485, 1034.20565382)
(5770.21387896, -6869.47021485, 1034.20565382)
(5770.31919988, -6869.47021486, 1034.20565382)
(5770.39395707, -6869.47021486, 1034.20565382)
(5770.47738775, -6869.47021486, 1034.20565382)
(5770.54388449, -6869.47021486, 1034.20565382)
(5770.65168357, -6869.47021486, 1034.20565382)
(5770.73139708, -6869.47021485, 1034.20565382)
(5770.85819526, -6869.47021485, 1034.20565382)
(5770.94493015, -6869.47021485, 1034.20565382)
(5771.03909944, -6869.47021486, 1034.20565382)
(5771.09774872, -6869.47021486, 1034.20565382)
(5771.20637382, -6869.47021486, 1034.20565382)
(5771.30219521, -6869.47021486, 1034.20565382)
(5771.42816734, -6869.47021485, 1034.20565382)
(5771.53390133, -6869.47021485, 1034.20565382)
(5771.64376552, -6869.47021485, 1034.20565382)
(5771.72678319, -6869.47021486, 1034.20565382)
(5771.80360549, -6869.47021486, 1034.20565382)
(5771.8750585, -6869.47021486, 1034.20565382)
(5771.96840175, -6869.47021486, 1034.20565382)
(5772.04976734, -6869.47021485, 1034.20565382)
(5772.16087063, -6869.47021485, 1034.20565382)
(5772.22778042, -6869.47021485, 1034.20565382)
(5772.32401485, -6869.47021485, 1034.20565382)
(5772.39464182, -6869.47021485, 1034.20565382)
(5772.49128924, -6869.47021486, 1034.20565382)
(5772.56563341, -6869.47021486, 1034.20565382)
(5772.65732457, -6869.47021486, 1034.20565382)
(5772.73538597, -6869.47021485, 1034.20565382)
(5772.83038135, -6869.47021485, 1034.20565382)
(5772.90224742, -6869.47021485, 1034.20565382)
(5772.99641674, -6869.47021485, 1034.20565382)
(5773.07323906, -6869.47021485, 1034.20565382)
(5773.15997393, -6869.47021486, 1034.20565382)
(5773.24010042, -6869.47021486, 1034.20565382)
(5773.30866227, -6869.47021486, 1034.20565382)
(5773.38837576, -6869.47021486, 1034.20565382)
(5773.47882787, -6869.47021485, 1034.20565382)
(5773.55936743, -6869.47021485, 1034.20565382)
(5773.63784187, -6869.47021485, 1034.20565382)
(5773.70475165, -6869.47021485, 1034.20565382)
(5773.80139908, -6869.47021486, 1034.20565382)
(5773.88524279, -6869.47021486, 1034.20565382)
(5773.9835423, -6869.47021486, 1034.20565382)
(5774.08101579, -6869.47021486, 1034.20565382)
(5774.15494696, -6869.47021485, 1034.20565382)
(5774.23961676, -6869.47021485, 1034.20565382)
(5774.30693957, -6869.47021485, 1034.20565382)
(5774.40069586, -6869.47021485, 1034.20565382)
(5774.4795833, -6869.47021485, 1034.20565382)
(5774.57623072, -6869.47021486, 1034.20565382)
(5774.65511814, -6869.47021486, 1034.20565382)
(5774.75093953, -6869.47021486, 1034.20565382)
(5774.81743628, -6869.47021486, 1034.20565382)
(5774.91201864, -6869.47021485, 1034.20565382)
(5774.97975447, -6869.47021485, 1034.20565382)
(5775.06731542, -6869.47021485, 1034.20565382)
(5775.1379424, -6869.47021485, 1034.20565382)
(5775.23211169, -6869.47021486, 1034.20565382)
(5775.31512934, -6869.47021486, 1034.20565382)
(5775.41012468, -6869.47021486, 1034.20565382)
(5775.48364282, -6869.47021486, 1034.20565382)
(5775.57079074, -6869.47021485, 1034.20565382)
(5775.63315728, -6869.47021485, 1034.20565382)
(5775.7289787, -6869.47021485, 1034.20565382)
(5775.80580103, -6869.47021485, 1034.20565382)
(5775.90781777, -6869.47021486, 1034.20565382)
(5776.01437774, -6869.47021486, 1034.20565382)
(5776.08748284, -6869.47021486, 1034.20565382)
(5776.17173959, -6869.47021486, 1034.20565382)
(5776.24897495, -6869.47021485, 1034.20565382)
(5776.33199265, -6869.47021485, 1034.20565382)
(5776.40674988, -6869.47021485, 1034.20565382)
(5776.50215827, -6869.47021485, 1034.20565382)
(5776.5934364, -6869.47021486, 1034.20565382)
(5776.69875731, -6869.47021486, 1034.20565382)
(5776.78177496, -6869.47021486, 1034.20565382)
(5776.85942333, -6869.47021486, 1034.20565382)
(5776.93996288, -6869.47021485, 1034.20565382)
(5777.04941408, -6869.47021485, 1034.20565382)
(5777.12954061, -6869.47021485, 1034.20565382)
(5777.23940481, -6869.47021485, 1034.20565382)
(5777.32613968, -6869.47021486, 1034.20565382)
(5777.40420105, -6869.47021486, 1034.20565382)
(5777.47895825, -6869.47021486, 1034.20565382)
(5777.62392942, -6869.47021485, 1034.20565382)
(5777.70983828, -6869.47021485, 1034.20565382)
(5777.81805041, -6869.47021485, 1034.20565382)
(5777.90395925, -6869.47021485, 1034.20565382)
(5778.01217133, -6869.47021486, 1034.20565382)
(5778.08362434, -6869.47021486, 1034.20565382)
(5778.16540293, -6869.47021486, 1034.20565382)
(5778.22776943, -6869.47021486, 1034.20565382)
(5778.326482, -6869.47021485, 1034.20565382)
(5778.41321692, -6869.47021485, 1034.20565382)
(5778.51729881, -6869.47021485, 1034.20565382)
(5778.60196858, -6869.47021485, 1034.20565382)
(5778.69696392, -6869.47021486, 1034.20565382)
(5778.7750253, -6869.47021486, 1034.20565382)
(5778.85680388, -6869.47021486, 1034.20565382)
(5778.92784388, -6869.47021486, 1034.20565382)
(5779.03233878, -6869.47021485, 1034.20565382)
(5779.1087481, -6869.47021485, 1034.20565382)
(5779.21406907, -6869.47021485, 1034.20565382)
(5779.28221791, -6869.47021485, 1034.20565382)
(5779.35862721, -6869.47021485, 1034.20565382)
(5779.43049324, -6869.47021486, 1034.20565382)
(5779.53622717, -6869.47021486, 1034.20565382)
(5779.61222344, -6869.47021486, 1034.20565382)
(5779.69689322, -6869.47021486, 1034.20565382)
(5779.76462905, -6869.47021485, 1034.20565382)
(5779.85632024, -6869.47021485, 1034.20565382)
(5779.93892491, -6869.47021485, 1034.20565382)
(5780.02524677, -6869.47021485, 1034.20565382)
(5780.10124304, -6869.47021486, 1034.20565382)
(5780.18549977, -6869.47021486, 1034.20565382)
(5780.26521324, -6869.47021486, 1034.20565382)
(5780.3639258, -6869.47021486, 1034.20565382)
(5780.44281325, -6869.47021485, 1034.20565382)
(5780.52087468, -6869.47021485, 1034.20565382)
(5780.5919147, -6869.47021485, 1034.20565382)
(5780.68567099, -6869.47021485, 1034.20565382)
(5780.76744959, -6869.47021486, 1034.20565382)
(5780.86492305, -6869.47021486, 1034.20565382)
(5780.93224583, -6869.47021486, 1034.20565382)
(5781.0383928, -6869.47021486, 1034.20565382)
(5781.11893235, -6869.47021485, 1034.20565382)
(5781.19740679, -6869.47021485, 1034.20565382)
(5781.29570635, -6869.47021485, 1034.20565382)
(5781.36757241, -6869.47021485, 1034.20565382)
(5781.46091566, -6869.47021486, 1034.20565382)
(5781.53154262, -6869.47021486, 1034.20565382)
(5781.60588679, -6869.47021486, 1034.20565382)
(5781.67527469, -6869.47021486, 1034.20565382)
(5781.76572678, -6869.47021486, 1034.20565382)
(5781.85204866, -6869.47021485, 1034.20565382)
(5781.94910916, -6869.47021485, 1034.20565382)
(5782.03006174, -6869.47021485, 1034.20565382)
(5782.1093622, -6869.47021485, 1034.20565382)
(5782.17627196, -6869.47021486, 1034.20565382)
(5782.28076682, -6869.47021486, 1034.20565382)
(5782.35676309, -6869.47021486, 1034.20565382)
(5782.4546496, -6869.47021486, 1034.20565382)
(5782.5343631, -6869.47021485, 1034.20565382)
(5782.62729337, -6869.47021485, 1034.20565382)
(5782.72104967, -6869.47021485, 1034.20565382)
(5782.81811014, -6869.47021485, 1034.20565382)
(5782.88171571, -6869.47021486, 1034.20565382)
(5782.98084127, -6869.47021486, 1034.20565382)
(5783.06757614, -6869.47021486, 1034.20565382)
(5783.17289707, -6869.47021486, 1034.20565382)
(5783.25880593, -6869.47021485, 1034.20565382)
(5783.34264968, -6869.47021485, 1034.20565382)
(5783.40790737, -6869.47021485, 1034.20565382)
(5783.53387947, -6869.47021485, 1034.20565382)
(5783.62928782, -6869.47021486, 1034.20565382)
(5783.72758733, -6869.47021486, 1034.20565382)
(5783.81184407, -6869.47021486, 1034.20565382)
(5783.91592594, -6869.47021485, 1034.20565382)
(5784.02331202, -6869.47021485, 1034.20565382)
(5784.10343856, -6869.47021485, 1034.20565382)
(5784.19223856, -6869.47021485, 1034.20565382)
(5784.25419205, -6869.47021486, 1034.20565382)
(5784.3479483, -6869.47021486, 1034.20565382)
(5784.42600968, -6869.47021486, 1034.20565382)
(5784.52885247, -6869.47021486, 1034.20565382)
(5784.60897899, -6869.47021485, 1034.20565382)
(5784.70727856, -6869.47021485, 1034.20565382)
(5784.78162277, -6869.47021485, 1034.20565382)
(5784.8956172, -6869.47021485, 1034.20565382)
(5784.96624416, -6869.47021486, 1034.20565382)
(5785.06371763, -6869.47021486, 1034.20565382)
(5785.14219203, -6869.47021486, 1034.20565382)
(5785.24875203, -6869.47021486, 1034.20565382)
(5785.32681344, -6869.47021485, 1034.20565382)
(5785.42263487, -6869.47021485, 1034.20565382)
(5785.48871861, -6869.47021485, 1034.20565382)
(5785.57586653, -6869.47021485, 1034.20565382)
(5785.65599303, -6869.47021486, 1034.20565382)
(5785.76007487, -6869.47021486, 1034.20565382)
(5785.86167857, -6869.47021486, 1034.20565382)
(5785.93891392, -6869.47021486, 1034.20565382)
(5786.02688789, -6869.47021485, 1034.20565382)
(5786.09834094, -6869.47021485, 1034.20565382)
(5786.17805445, -6869.47021485, 1034.20565382)
(5786.24579027, -6869.47021485, 1034.20565382)
(5786.3387205, -6869.47021486, 1034.20565382)
(5786.41223863, -6869.47021486, 1034.20565382)
(5786.51962465, -6869.47021486, 1034.20565382)
(5786.59438185, -6869.47021486, 1034.20565382)
(5786.68937721, -6869.47021486, 1034.20565382)
(5786.76083025, -6869.47021485, 1034.20565382)
(5786.85995587, -6869.47021485, 1034.20565382)
(5786.93430007, -6869.47021485, 1034.20565382)
(5787.01649169, -6869.47021485, 1034.20565382)
(5787.08174936, -6869.47021486, 1034.20565382)
(5787.1771577, -6869.47021486, 1034.20565382)
(5787.25232792, -6869.47021486, 1034.20565382)
(5787.35145351, -6869.47021486, 1034.20565382)
(5787.45305726, -6869.47021485, 1034.20565382)
(5787.54227031, -6869.47021485, 1034.20565382)
(5787.643048, -6869.47021485, 1034.20565382)
(5787.72317451, -6869.47021485, 1034.20565382)
(5787.81156147, -6869.47021486, 1034.20565382)
(5787.87599308, -6869.47021486, 1034.20565382)
(5787.96933632, -6869.47021486, 1034.20565382)
(5788.04078935, -6869.47021486, 1034.20565382)
(5788.12463309, -6869.47021485, 1034.20565382)
(5788.20062939, -6869.47021485, 1034.20565382)
(5788.29025546, -6869.47021485, 1034.20565382)
(5788.3670778, -6869.47021485, 1034.20565382)
(5788.46042104, -6869.47021486, 1034.20565382)
(5788.53517823, -6869.47021486, 1034.20565382)
(5788.62439124, -6869.47021486, 1034.20565382)
(5788.71153914, -6869.47021486, 1034.20565382)
(5788.83751126, -6869.47021485, 1034.20565382)
(5788.93374571, -6869.47021485, 1034.20565382)
(5789.05806573, -6869.47021485, 1034.20565382)
(5789.13612712, -6869.47021485, 1034.20565382)
(5789.22575315, -6869.47021486, 1034.20565382)
(5789.29844522, -6869.47021486, 1034.20565382)
(5789.40913545, -6869.47021486, 1034.20565382)
(5789.49008802, -6869.47021485, 1034.20565382)
(5789.6346462, -6869.47021485, 1034.20565382)
(5789.70196901, -6869.47021485, 1034.20565382)
(5789.7816825, -6869.47021485, 1034.20565382)
(5789.85726575, -6869.47021485, 1034.20565382)
(5789.94069642, -6869.47021486, 1034.20565382)
(5790.01173641, -6869.47021486, 1034.20565382)
(5790.1005364, -6869.47021486, 1034.20565382)
(5790.17611967, -6869.47021485, 1034.20565382)
(5790.26202853, -6869.47021485, 1034.20565382)
(5790.33637274, -6869.47021485, 1034.20565382)
(5790.42558578, -6869.47021485, 1034.20565382)
(5790.49621276, -6869.47021485, 1034.20565382)
(5790.58914297, -6869.47021486, 1034.20565382)
(5790.65894389, -6869.47021486, 1034.20565382)
(5790.74567876, -6869.47021486, 1034.20565382)
(5790.81011038, -6869.47021486, 1034.20565382)
(5790.91047505, -6869.47021485, 1034.20565382)
(5790.98853648, -6869.47021485, 1034.20565382)
(5791.07568441, -6869.47021485, 1034.20565382)
(5791.14342023, -6869.47021485, 1034.20565382)
(5791.22685092, -6869.47021485, 1034.20565382)
(5791.29871695, -6869.47021486, 1034.20565382)
(5791.37719135, -6869.47021486, 1034.20565382)
(5791.45070948, -6869.47021486, 1034.20565382)
(5791.5415746, -6869.47021486, 1034.20565382)
(5791.6105495, -6869.47021485, 1034.20565382)
(5791.69728441, -6869.47021485, 1034.20565382)
(5791.77575885, -6869.47021485, 1034.20565382)
(5791.85795049, -6869.47021485, 1034.20565382)
(5791.9256863, -6869.47021486, 1034.20565382)
(5792.01572535, -6869.47021486, 1034.20565382)
(5792.08552626, -6869.47021486, 1034.20565382)
(5792.17267416, -6869.47021486, 1034.20565382)
(5792.24247509, -6869.47021486, 1034.20565382)
(5792.3345793, -6869.47021485, 1034.20565382)
(5792.39198956, -6869.47021485, 1034.20565382)
(5792.48491981, -6869.47021485, 1034.20565382)
(5792.55472075, -6869.47021485, 1034.20565382)
(5792.6410426, -6869.47021486, 1034.20565382)
(5792.73438583, -6869.47021486, 1034.20565382)
(5792.80583884, -6869.47021486, 1034.20565382)
(5792.89092163, -6869.47021486, 1034.20565382)
(5792.95081001, -6869.47021486, 1034.20565382)
(5793.02887142, -6869.47021485, 1034.20565382)
(5793.11932354, -6869.47021485, 1034.20565382)
(5793.2106017, -6869.47021485, 1034.20565382)
(5793.27462031, -6869.47021485, 1034.20565382)
(5793.3563989, -6869.47021486, 1034.20565382)
(5793.43404725, -6869.47021486, 1034.20565382)
(5793.50343515, -6869.47021486, 1034.20565382)
(5793.57034491, -6869.47021486, 1034.20565382)
(5793.66286213, -6869.47021486, 1034.20565382)
(5793.74381471, -6869.47021485, 1034.20565382)
(5793.85161381, -6869.47021485, 1034.20565382)
(5793.93215336, -6869.47021485, 1034.20565382)
(5794.03540916, -6869.47021486, 1034.20565382)
(5794.11264449, -6869.47021486, 1034.20565382)
(5794.20350959, -6869.47021486, 1034.20565382)
(5794.26174587, -6869.47021486, 1034.20565382)
(5794.33774215, -6869.47021486, 1034.20565382)
(5794.4129124, -6869.47021485, 1034.20565382)
(5794.50584267, -6869.47021485, 1034.20565382)
(5794.57688268, -6869.47021485, 1034.20565382)
(5794.6499878, -6869.47021485, 1034.20565382)
(5794.73589663, -6869.47021486, 1034.20565382)
(5794.83791335, -6869.47021486, 1034.20565382)
(5794.92464822, -6869.47021486, 1034.20565382)
(5795.00683985, -6869.47021486, 1034.20565382)
(5795.0696194, -6869.47021486, 1034.20565382)
(5795.16791896, -6869.47021485, 1034.20565382)
(5795.25424085, -6869.47021485, 1034.20565382)
(5795.3847562, -6869.47021486, 1034.20565382)
(5795.44794875, -6869.47021486, 1034.20565382)
(5795.54377012, -6869.47021486, 1034.20565382)
(5795.62926592, -6869.47021486, 1034.20565382)
(5795.71971802, -6869.47021486, 1034.20565382)
(5795.80025757, -6869.47021485, 1034.20565382)
(5795.88575341, -6869.47021485, 1034.20565382)
(5795.94109854, -6869.47021485, 1034.20565382)
(5796.02618135, -6869.47021485, 1034.20565382)
(5796.09969948, -6869.47021486, 1034.20565382)
(5796.18767342, -6869.47021486, 1034.20565382)
(5796.2640827, -6869.47021486, 1034.20565382)
(5796.35412176, -6869.47021486, 1034.20565382)
(5796.41648828, -6869.47021486, 1034.20565382)
(5796.48257201, -6869.47021486, 1034.20565382)
(5796.54741668, -6869.47021485, 1034.20565382)
(5796.61391345, -6869.47021485, 1034.20565382)
(5796.69569207, -6869.47021485, 1034.20565382)
(5796.75351533, -6869.47021486, 1034.20565382)
(5796.82579439, -6869.47021486, 1034.20565382)
(5796.89683437, -6869.47021486, 1034.20565382)
(5796.97489575, -6869.47021486, 1034.20565382)
(5797.04097946, -6869.47021486, 1034.20565382)
(5797.1107804, -6869.47021486, 1034.20565382)
(5797.18058134, -6869.47021486, 1034.20565382)
(5797.25988183, -6869.47021485, 1034.20565382)
(5797.33133488, -6869.47021485, 1034.20565382)
(5797.40320093, -6869.47021485, 1034.20565382)
(5797.47878419, -6869.47021486, 1034.20565382)
(5797.55725859, -6869.47021486, 1034.20565382)
(5797.61921207, -6869.47021486, 1034.20565382)
(5797.68653484, -6869.47021486, 1034.20565382)
(5797.75881391, -6869.47021486, 1034.20565382)
(5797.83935345, -6869.47021486, 1034.20565382)
(5797.9231972, -6869.47021485, 1034.20565382)
(5798.00332373, -6869.47021485, 1034.20565382)
(5798.07808096, -6869.47021485, 1034.20565382)
(5798.14251259, -6869.47021485, 1034.20565382)
(5798.20900933, -6869.47021486, 1034.20565382)
(5798.2763321, -6869.47021486, 1034.20565382)
(5798.35439348, -6869.47021486, 1034.20565382)
(5798.41552091, -6869.47021486, 1034.20565382)
(5798.49606045, -6869.47021486, 1034.20565382)
(5798.55594883, -6869.47021486, 1034.20565382)
(5798.6154242, -6869.47021485, 1034.20565382)
(5798.67861678, -6869.47021485, 1034.20565382)
(5798.76287354, -6869.47021485, 1034.20565382)
(5798.82441401, -6869.47021485, 1034.20565382)
(5798.89297587, -6869.47021486, 1034.20565382)
(5798.9541033, -6869.47021486, 1034.20565382)
(5799.0272084, -6869.47021486, 1034.20565382)
(5799.0932921, -6869.47021486, 1034.20565382)
(5799.16928838, -6869.47021486, 1034.20565382)
(5799.2262856, -6869.47021486, 1034.20565382)
(5799.30517306, -6869.47021485, 1034.20565382)
(5799.36547448, -6869.47021485, 1034.20565382)
(5799.46336101, -6869.47021485, 1034.20565382)
(5799.53811823, -6869.47021485, 1034.20565382)
(5799.62361403, -6869.47021486, 1034.20565382)
(5799.69300192, -6869.47021486, 1034.20565382)
(5799.76693306, -6869.47021486, 1034.20565382)
(5799.82723445, -6869.47021486, 1034.20565382)
(5799.89786143, -6869.47021486, 1034.20565382)
(5799.97798796, -6869.47021485, 1034.20565382)
(5800.06802706, -6869.47021485, 1034.20565382)
(5800.17004383, -6869.47021485, 1034.20565382)
(5800.26545218, -6869.47021481, 1034.20565382)
(5800.3571299, -6869.46997177, 1034.20565382)
(5800.4124704, -6869.46981062, 1034.20565382)
(5800.47896251, -6869.46959767, 1034.20565382)
(5800.55206453, -6869.4693636, 1034.20565382)
(5800.62971195, -6869.46913478, 1034.20565382)
