(5678.30318399, -6889.77000057, 1034.20579204)
(5678.35857244, -6889.76973232, 1034.20598734)
(5678.45148481, -6889.76935193, 1034.20565486)
(5678.54895263, -6889.76893493, 1034.20565378)
(5678.61544526, -6889.76859786, 1034.20565377)
(5678.71249743, -6889.76801042, 1034.20565384)
(5678.78766883, -6889.76763065, 1034.20565383)
(5678.89382124, -6889.76721727, 1034.20565384)
(5678.95992627, -6889.76722255, 1034.20565383)
(5679.04791339, -6889.76720187, 1034.20565382)
(5679.11399696, -6889.76710582, 1034.20565382)
(5679.2209726, -6889.76700822, 1034.20565383)
(5679.28788438, -6889.76697214, 1034.20565383)
(5679.38536567, -6889.76702706, 1034.20565383)
(5679.45103598, -6889.76701538, 1034.20565382)
(5679.5476837, -6889.7670003, 1034.20565382)
(5679.63111427, -6889.76698627, 1034.20565382)
(5679.73395775, -6889.76698267, 1034.20565383)
(5679.80128012, -6889.76697441, 1034.20565382)
(5679.90082005, -6889.76698873, 1034.20565383)
(5679.96235976, -6889.76698628, 1034.20565382)
(5680.06024653, -6889.76698511, 1034.20565382)
(5680.15854598, -6889.76698409, 1034.20565382)
(5680.23123799, -6889.76698236, 1034.20565382)
(5680.32003818, -6889.76698253, 1034.20565382)
(5680.39107796, -6889.76698113, 1034.20565382)
(5680.48318232, -6889.76698144, 1034.20565382)
(5680.55463509, -6889.76698026, 1034.20565382)
(5680.64095718, -6889.76698088, 1034.20565382)
(5680.71695323, -6889.76697964, 1034.20565382)
(5680.80699253, -6889.76698064, 1034.20565382)
(5680.88918393, -6889.76697953, 1034.20565382)
(5680.98954884, -6889.76698195, 1034.20565382)
(5681.05480626, -6889.76698171, 1034.20565382)
(5681.15682324, -6889.76698457, 1034.20565382)
(5681.24355793, -6889.76698459, 1034.20565382)
(5681.34764034, -6889.76699622, 1034.20565382)
(5681.4219839, -6889.76699775, 1034.20565382)
(5681.52978322, -6889.76700155, 1034.20565382)
(5681.60619241, -6889.76700315, 1034.20565382)
(5681.71068619, -6889.76700489, 1034.20565381)
(5681.78695248, -6889.76059103, 1034.2056539)
(5681.87713496, -6889.75051778, 1034.20565381)
(5681.96352625, -6889.72945255, 1034.20565389)
(5682.05817064, -6889.66947973, 1034.2056538)
(5682.12415952, -6889.62783637, 1034.20565358)
(5682.19343436, -6889.59064209, 1034.20565378)
(5682.24579267, -6889.5615791, 1034.20565384)
(5682.32975678, -6889.51456965, 1034.2056538)
(5682.40008438, -6889.47341743, 1034.20565384)
(5682.48936513, -6889.42071056, 1034.2056538)
(5682.55197894, -6889.3838698, 1034.20565381)
(5682.62352303, -6889.3418377, 1034.20565384)
(5682.68032261, -6889.30811108, 1034.20565382)
(5682.76333049, -6889.25871664, 1034.20565383)
(5682.82831445, -6889.22014922, 1034.20565382)
(5682.91243374, -6889.1701506, 1034.20565383)
(5682.97241283, -6889.13447804, 1034.20565383)
(5683.06532898, -6889.07909516, 1034.20565382)
(5683.12672902, -6889.04255024, 1034.20565383)
(5683.2030046, -6888.99710224, 1034.20565383)
(5683.28779317, -6888.96128794, 1034.20565361)
(5683.35994323, -6888.95463938, 1034.20565351)
(5683.43308002, -6888.94892196, 1034.20565372)
(5683.5131314, -6888.93376485, 1034.20565367)
(5683.62529694, -6888.90493594, 1034.20565389)
(5683.70180533, -6888.89336539, 1034.20565371)
(5683.79478625, -6888.88731944, 1034.20565397)
(5683.86857768, -6888.87575633, 1034.20565382)
(5683.95029986, -6888.85799682, 1034.20565387)
(5684.01138452, -6888.84893755, 1034.20565377)
(5684.09537418, -6888.83884738, 1034.20565391)
(5684.17749151, -6888.8343928, 1034.20565385)
(5684.2804619, -6888.82746507, 1034.2056538)
(5684.34969754, -6888.82330921, 1034.20565383)
(5684.42884481, -6888.81803046, 1034.20565383)
(5684.49856607, -6888.81497158, 1034.20565382)
(5684.59348649, -6888.81051504, 1034.20565383)
(5684.66404563, -6888.80710324, 1034.20565382)
(5684.74655786, -6888.80306387, 1034.20565383)
(5684.82168034, -6888.79980872, 1034.20565383)
(5684.9112328, -6888.79587966, 1034.20565383)
(5684.98591681, -6888.7925417, 1034.20565383)
(5685.08495782, -6888.78824987, 1034.20565384)
(5685.16676475, -6888.78736494, 1034.20565382)
(5685.26054649, -6888.78572935, 1034.20565383)
(5685.32622255, -6888.78450107, 1034.20565383)
(5685.41997489, -6888.78273865, 1034.20565383)
(5685.48607918, -6888.78200053, 1034.20565383)
(5685.57323358, -6888.7808139, 1034.20565383)
(5685.64633605, -6888.77980192, 1034.20565383)
(5685.72811477, -6888.77874771, 1034.20565383)
(5685.80657986, -6888.77765492, 1034.20565382)
(5685.90404061, -6888.77624019, 1034.20565381)
(5685.97215659, -6888.77494027, 1034.20565382)
(5686.06052786, -6888.77324778, 1034.20565384)
(5686.134186, -6888.76557911, 1034.20565382)
(5686.23123408, -6888.75457717, 1034.20565366)
(5686.33055542, -6888.72821606, 1034.2056538)
(5686.39734799, -6888.6875194, 1034.20565371)
(5686.46581485, -6888.61858184, 1034.20565371)
(5686.51974813, -6888.5744004, 1034.20565401)
(5686.59431694, -6888.52146943, 1034.20565389)
(5686.65775395, -6888.47669467, 1034.20565379)
(5686.74113983, -6888.41664328, 1034.20565385)
(5686.81681796, -6888.35963423, 1034.20565382)
(5686.91182343, -6888.28593498, 1034.20565381)
(5686.97562029, -6888.23740307, 1034.20565382)
(5687.06335361, -6888.17121937, 1034.20565383)
(5687.14580459, -6888.10842051, 1034.20565382)
(5687.23799056, -6888.03803037, 1034.20565382)
(5687.30856307, -6887.99655374, 1034.20565412)
(5687.40118454, -6887.98565672, 1034.20565381)
(5687.47171557, -6887.98780214, 1034.20565377)
(5687.64309079, -6887.94484177, 1034.20565375)
(5687.7130481, -6887.93085947, 1034.20565371)
(5687.82981121, -6887.91532145, 1034.2056539)
(5687.92202773, -6887.89545512, 1034.20565387)
(5688.01177433, -6887.87668234, 1034.20565381)
(5688.10257152, -6887.85887241, 1034.20565382)
(5688.1666968, -6887.85264808, 1034.20565371)
(5688.25151509, -6887.8506425, 1034.20565375)
(5688.33367293, -6887.84448972, 1034.20565378)
(5688.43513559, -6887.83320395, 1034.20565382)
(5688.51193418, -6887.82942667, 1034.20565383)
(5688.62291848, -6887.82474492, 1034.20565385)
(5688.70242706, -6887.81850166, 1034.2056538)
(5688.80983973, -6887.80956548, 1034.20565384)
(5688.8841127, -6887.80637378, 1034.20565382)
(5688.96375999, -6887.80317521, 1034.20565383)
(5689.03103932, -6887.8002586, 1034.20565383)
(5689.12553437, -6887.79594961, 1034.20565385)
(5689.20319001, -6887.79456206, 1034.20565382)
(5689.31224721, -6887.79216279, 1034.20565383)
(5689.37872022, -6887.79038112, 1034.20565383)
(5689.46790353, -6887.78802552, 1034.20565382)
(5689.54102837, -6887.78681908, 1034.20565383)
(5689.63272045, -6887.78509187, 1034.20565382)
(5689.70250659, -6887.78365884, 1034.20565383)
(5689.79459165, -6887.78177793, 1034.20565383)
(5689.87099671, -6887.78036927, 1034.20565383)
(5689.97052913, -6887.77860546, 1034.20565383)
(5690.04898949, -6887.77714264, 1034.20565383)
(5690.14355962, -6887.77544132, 1034.20565382)
(5690.24070871, -6887.77548822, 1034.20565382)
(5690.30720193, -6887.77493132, 1034.20565382)
(5690.39393391, -6887.77419891, 1034.20565382)
(5690.46951594, -6887.77357399, 1034.20565383)
(5690.57400909, -6887.77275, 1034.20565383)
(5690.63803256, -6887.77233697, 1034.20565383)
(5690.7404686, -6887.77172991, 1034.20565383)
(5690.81068074, -6887.77126391, 1034.20565383)
(5690.90113134, -6887.77067499, 1034.20565383)
(5690.98332153, -6887.77014133, 1034.20565383)
(5691.07212448, -6887.7696534, 1034.20565383)
(5691.14607867, -6887.76970798, 1034.20565383)
(5691.2266354, -6887.76971263, 1034.20565383)
(5691.29519737, -6887.76960664, 1034.20565383)
(5691.39349653, -6887.76945788, 1034.20565383)
(5691.46534838, -6887.76913092, 1034.20565382)
(5691.56405038, -6887.76861778, 1034.20565382)
(5691.63137411, -6887.7683524, 1034.20565383)
(5691.73298232, -6887.76804813, 1034.20565383)
(5691.79536663, -6887.76807963, 1034.20565383)
(5691.88831143, -6887.76813259, 1034.20565383)
(5691.96634729, -6887.76763412, 1034.20565382)
(5692.04935476, -6887.76716684, 1034.20565382)
(5692.13030273, -6887.76672464, 1034.20565382)
(5692.22285124, -6887.76672359, 1034.20565383)
(5692.31000322, -6887.76661288, 1034.20565383)
(5692.37567691, -6887.76655611, 1034.20565383)
(5692.45580907, -6887.76655198, 1034.20565383)
(5692.54460926, -6887.76648631, 1034.20565383)
(5692.61069545, -6887.76648314, 1034.20565383)
(5692.71767867, -6887.76662464, 1034.20565383)
(5692.80730368, -6887.76665907, 1034.20565382)
(5692.8783437, -6887.7666852, 1034.20565382)
(5692.95433974, -6887.76671001, 1034.20565382)
(5693.04620237, -6887.75968071, 1034.2056538)
(5693.14552229, -6887.75163566, 1034.20565376)
(5693.23384154, -6887.73290807, 1034.20565395)
(5693.32157452, -6887.68253814, 1034.2056537)
(5693.36934281, -6887.64672214, 1034.20565397)
(5693.45994207, -6887.57867959, 1034.20565386)
(5693.53846419, -6887.52573476, 1034.20565384)
(5693.63230379, -6887.46479312, 1034.20565382)
(5693.71747727, -6887.40457836, 1034.20565386)
(5693.81945229, -6887.32750062, 1034.20565382)
(5693.89113938, -6887.27526263, 1034.2056538)
(5693.98069633, -6887.21259542, 1034.20565382)
(5694.06153525, -6887.15381068, 1034.20565381)
(5694.13516552, -6887.09991179, 1034.20565382)
(5694.22713058, -6887.03268318, 1034.20565381)
(5694.29363719, -6886.99406799, 1034.20565405)
(5694.3935487, -6886.9720016, 1034.20565374)
(5694.45705166, -6886.96735946, 1034.20565379)
(5694.53920646, -6886.95587894, 1034.20565375)
(5694.61245716, -6886.93952926, 1034.20565378)
(5694.71899348, -6886.91418381, 1034.20565387)
(5694.79850169, -6886.90112211, 1034.20565381)
(5694.89771505, -6886.88630613, 1034.20565375)
(5694.97535125, -6886.87220316, 1034.20565381)
(5695.06996289, -6886.85464244, 1034.20565379)
(5695.1312096, -6886.84813396, 1034.20565375)
(5695.21876933, -6886.84051411, 1034.20565384)
(5695.29538887, -6886.83605845, 1034.20565383)
(5695.39258719, -6886.82848876, 1034.20565386)
(5695.46721201, -6886.82469375, 1034.20565384)
(5695.54928437, -6886.81983135, 1034.20565383)
(5695.61365617, -6886.81658852, 1034.20565383)
(5695.71182524, -6886.81121007, 1034.20565383)
(5695.78650966, -6886.80748731, 1034.20565383)
(5695.90653732, -6886.80118278, 1034.20565383)
(5695.98491284, -6886.79715802, 1034.20565383)
(5696.07772849, -6886.79245293, 1034.20565383)
(5696.15084493, -6886.79106882, 1034.20565383)
(5696.23141173, -6886.78959769, 1034.20565381)
(5696.30078966, -6886.78783586, 1034.20565383)
(5696.3990534, -6886.78516912, 1034.20565383)
(5696.47836793, -6886.78372219, 1034.20565383)
(5696.56964222, -6886.78188039, 1034.20565383)
(5696.65099684, -6886.78023546, 1034.20565383)
(5696.73854948, -6886.77854659, 1034.20565383)
(5696.79763058, -6886.77786419, 1034.20565383)
(5696.90132348, -6886.77665658, 1034.20565383)
(5696.96698034, -6886.77561248, 1034.20565382)
(5697.06112895, -6886.77401902, 1034.20565383)
(5697.13715942, -6886.77359741, 1034.20565382)
(5697.24705096, -6886.77285738, 1034.20565382)
(5697.32634827, -6886.77217468, 1034.20565383)
(5697.42216812, -6886.77136899, 1034.20565383)
(5697.49074097, -6886.77097022, 1034.20565383)
(5697.57046288, -6886.77053638, 1034.20565383)
(5697.64893529, -6886.77002716, 1034.20565383)
(5697.74640695, -6886.76939332, 1034.20565383)
(5697.8207497, -6886.76891012, 1034.20565383)
(5697.91698241, -6886.7682972, 1034.20565383)
(5697.99421589, -6886.76780026, 1034.20565383)
(5698.08136563, -6886.76730182, 1034.20565383)
(5698.16441051, -6886.7673463, 1034.20565382)
(5698.24619608, -6886.76722212, 1034.20565383)
(5698.318891, -6886.76711611, 1034.20565383)
(5698.40026341, -6886.76708107, 1034.20565383)
(5698.47749948, -6886.76700026, 1034.20565383)
(5698.5696102, -6886.76702242, 1034.20565383)
(5698.64808437, -6886.76698545, 1034.20565383)
(5698.7352332, -6886.7669669, 1034.20565383)
(5698.80007775, -6886.76694398, 1034.20565383)
(5698.92770585, -6886.76698532, 1034.20565383)
(5699.00741886, -6886.76698808, 1034.20565382)
(5699.14578238, -6886.76701016, 1034.20565383)
(5699.22466919, -6886.76701572, 1034.20565382)
(5699.30933904, -6886.76702325, 1034.20565382)
(5699.38574809, -6886.76702825, 1034.20565382)
(5699.48322179, -6886.7670363, 1034.20565382)
(5699.60423734, -6886.76704358, 1034.20565382)
(5699.6934504, -6886.76704816, 1034.20565382)
(5699.81487924, -6886.76705575, 1034.20565382)
(5699.88344102, -6886.76705928, 1034.20565382)
(5699.988762, -6886.76706576, 1034.20565382)
(5700.06434503, -6886.76706914, 1034.20565382)
(5700.15231902, -6886.76707306, 1034.20565382)
(5700.2200548, -6886.76707575, 1034.20565382)
(5700.32867997, -6886.76708016, 1034.20565382)
(5700.40302412, -6886.76708292, 1034.20565382)
(5700.48893297, -6886.7670861, 1034.20565382)
(5700.56534223, -6886.76708873, 1034.20565382)
(5700.65909848, -6886.76709182, 1034.20565382)
(5700.7309645, -6886.7670941, 1034.20565382)
(5700.82967704, -6886.76709696, 1034.20565382)
(5700.89576076, -6886.76709887, 1034.20565382)
(5700.9870389, -6886.76710115, 1034.20565382)
(5701.05518778, -6886.76710297, 1034.20565382)
(5701.15679148, -6886.7671052, 1034.20565382)
(5701.24022215, -6886.76710722, 1034.20565382)
(5701.33686955, -6886.76710877, 1034.20565382)
(5701.41782215, -6886.76711051, 1034.20565382)
(5701.48349286, -6886.76711207, 1034.20565382)
(5701.58881375, -6886.76711403, 1034.20565382)
(5701.6705924, -6886.76711578, 1034.20565382)
(5701.76765286, -6886.76711719, 1034.20565382)
(5701.84323617, -6886.76711864, 1034.20565382)
(5701.92997096, -6886.76711959, 1034.20565382)
(5702.01133658, -6886.76712097, 1034.20565382)
(5702.10261464, -6886.76712168, 1034.20565382)
(5702.17613287, -6886.76712276, 1034.20565382)
(5702.28021467, -6886.76712325, 1034.20565382)
(5702.34918961, -6886.76712418, 1034.20565382)
(5702.43551142, -6886.7671243, 1034.20565382)
(5702.50655159, -6886.76712511, 1034.20565382)
(5702.59122122, -6886.76712522, 1034.20565382)
(5702.66639152, -6886.76712602, 1034.20565382)
(5702.75849562, -6886.767126, 1034.20565382)
(5702.83944825, -6886.76712683, 1034.20565382)
(5702.93526956, -6886.76712641, 1034.20565382)
(5703.03026507, -6886.76712715, 1034.20565382)
(5703.08974045, -6886.76712797, 1034.20565382)
(5703.19671349, -6886.76712861, 1034.20565382)
(5703.26940564, -6886.76712947, 1034.20565382)
(5703.37885671, -6886.76712975, 1034.20565382)
(5703.45237487, -6886.76713051, 1034.20565382)
(5703.55480458, -6886.76713028, 1034.20565382)
(5703.61180189, -6886.76713063, 1034.20565382)
(5703.6923413, -6886.76713044, 1034.20565382)
(5703.76998982, -6886.767131, 1034.20565382)
(5703.88150611, -6886.76713064, 1034.20565382)
(5703.95998055, -6886.76713114, 1034.20565382)
(5704.05001952, -6886.7671302, 1034.20565382)
(5704.12808093, -6886.76713052, 1034.20565382)
(5704.21275064, -6886.76712943, 1034.20565382)
(5704.29411648, -6886.76713005, 1034.20565382)
(5704.40563267, -6886.76713027, 1034.20565382)
(5704.49154154, -6886.7671309, 1034.20565382)
(5704.58777601, -6886.76713047, 1034.20565382)
(5704.66459842, -6886.76713095, 1034.20565382)
(5704.74596381, -6886.76713036, 1034.20565382)
(5704.83352481, -6886.76713069, 1034.20565382)
(5704.92686808, -6886.76712979, 1034.20565382)
(5705.00286441, -6886.76713006, 1034.20565382)
(5705.13585777, -6886.76712814, 1034.20565382)
(5705.23167934, -6886.76712858, 1034.20565382)
(5705.31634912, -6886.76712792, 1034.20565382)
(5705.39606266, -6886.76712823, 1034.20565382)
(5705.49725323, -6886.76712713, 1034.20565382)
(5705.60876964, -6886.76712736, 1034.20565382)
(5705.69426547, -6886.76712787, 1034.20565382)
(5705.81280304, -6886.76712713, 1034.20565382)
(5705.89169056, -6886.76712718, 1034.20565382)
(5705.98255565, -6886.76712585, 1034.20565382)
(5706.05896517, -6886.76712622, 1034.20565382)
(5706.16469902, -6886.76712617, 1034.20565382)
(5706.24358651, -6886.76712656, 1034.20565382)
(5706.324539, -6886.76712628, 1034.20565382)
(5706.39847027, -6886.76712658, 1034.20565382)
(5706.48107482, -6886.76712631, 1034.20565382)
(5706.56161448, -6886.76712663, 1034.20565382)
(5706.65578375, -6886.76712622, 1034.20565382)
(5706.72558477, -6886.76712643, 1034.20565382)
(5706.80653724, -6886.76712603, 1034.20565382)
(5706.88088152, -6886.76712624, 1034.20565382)
(5706.97463771, -6886.76712581, 1034.20565382)
(5707.0568294, -6886.76712605, 1034.20565382)
(5707.1464554, -6886.76712538, 1034.20565382)
(5707.22616895, -6886.76712555, 1034.20565382)
(5707.33148988, -6886.76712456, 1034.20565382)
(5707.39922581, -6886.76712456, 1034.20565382)
(5707.48596056, -6886.76712357, 1034.20565382)
(5707.55245742, -6886.76712351, 1034.20565382)
(5707.65240894, -6886.76712247, 1034.20565382)
(5707.73129648, -6886.76712246, 1034.20565382)
(5707.84363873, -6886.76712083, 1034.20565382)
(5707.92583052, -6886.76712111, 1034.20565382)
(5708.01215088, -6886.76710278, 1034.20565382)
(5708.07639833, -6886.76228563, 1034.20565372)
(5708.16375061, -6886.75376437, 1034.20565375)
(5708.24890702, -6886.73318473, 1034.20565366)
(5708.33929254, -6886.68366229, 1034.20565376)
(5708.4079308, -6886.63580248, 1034.20565408)
(5708.47251108, -6886.59697681, 1034.20565371)
(5708.53467975, -6886.5556076, 1034.20565385)
(5708.60061577, -6886.50968688, 1034.20565384)
(5708.6624135, -6886.46511752, 1034.20565382)
(5708.73881149, -6886.40774884, 1034.20565382)
(5708.80025461, -6886.3617203, 1034.20565382)
(5708.8949815, -6886.2911481, 1034.20565382)
(5708.95876741, -6886.24340241, 1034.20565382)
(5709.04493103, -6886.17871342, 1034.20565382)
(5709.10360426, -6886.13449245, 1034.20565382)
(5709.17308533, -6886.08197693, 1034.20565381)
(5709.22710359, -6886.03676993, 1034.20565359)
(5709.29353918, -6885.97530507, 1034.205654)
(5709.35001542, -6885.92213204, 1034.2056539)
(5709.41325839, -6885.86282809, 1034.2056538)
(5709.47011638, -6885.80992402, 1034.20565382)
(5709.53947949, -6885.74558683, 1034.20565382)
(5709.58725564, -6885.70114083, 1034.20565383)
(5709.65611542, -6885.63692758, 1034.20565382)
(5709.70324167, -6885.59299373, 1034.20565383)
(5709.77960819, -6885.52168423, 1034.20565382)
(5709.8240187, -6885.48028127, 1034.20565382)
(5709.90689496, -6885.40319403, 1034.20565383)
(5709.96359497, -6885.3507093, 1034.20565383)
(5710.03491802, -6885.28483371, 1034.20565382)
(5710.09935327, -6885.22496738, 1034.20565382)
(5710.18998269, -6885.1405187, 1034.20565382)
(5710.24939551, -6885.08967608, 1034.20565383)
(5710.35539541, -6885.01268027, 1034.20565383)
(5710.44571458, -6884.97230291, 1034.2056535)
(5710.54264464, -6884.97927385, 1034.20565393)
(5710.61581522, -6884.98543648, 1034.20565368)
(5710.76198537, -6884.95235449, 1034.20565381)
(5710.83061843, -6884.92247633, 1034.20565374)
(5710.93487503, -6884.89260251, 1034.20565371)
(5711.06191005, -6884.87443423, 1034.20565406)
(5711.14414328, -6884.85518947, 1034.20578123)
(5711.24376178, -6884.7988624, 1034.20574206)
(5711.31112845, -6884.74034751, 1034.20567849)
(5711.37824223, -6884.67685988, 1034.20565403)
(5711.42566098, -6884.63697356, 1034.20565374)
(5711.50574479, -6884.57852188, 1034.20565388)
(5711.56562151, -6884.53348581, 1034.20565388)
(5711.64554899, -6884.47056907, 1034.2056538)
(5711.70776191, -6884.42078878, 1034.2056538)
(5711.78101957, -6884.36168388, 1034.20565382)
(5711.84034609, -6884.31418761, 1034.20565382)
(5711.90644305, -6884.26127167, 1034.20565382)
(5711.96986627, -6884.21033859, 1034.20565382)
(5712.04770183, -6884.14768461, 1034.20565382)
(5712.10726499, -6884.09982469, 1034.20565383)
(5712.19380789, -6884.0301737, 1034.20565382)
(5712.2539946, -6883.98177056, 1034.20565382)
(5712.33059194, -6883.92016149, 1034.20565382)
(5712.3853056, -6883.87615631, 1034.20565382)
(5712.46156083, -6883.81478855, 1034.20565383)
(5712.52342196, -6883.769305, 1034.20565382)
(5712.58881762, -6883.72548904, 1034.20565383)
(5712.65550273, -6883.69050611, 1034.20565384)
(5712.75890036, -6883.67299907, 1034.20565928)
(5712.84041682, -6883.66036765, 1034.20565401)
(5712.94406341, -6883.63222722, 1034.20565349)
(5713.02049174, -6883.61816909, 1034.20565391)
(5713.09704183, -6883.60751284, 1034.20565389)
(5713.1682464, -6883.59468936, 1034.20565383)
(5713.25583902, -6883.5776819, 1034.20565381)
(5713.36032245, -6883.55978196, 1034.20565393)
(5713.42921765, -6883.55471735, 1034.20565395)
(5713.51288454, -6883.55002501, 1034.2056539)
(5713.5771157, -6883.54518598, 1034.20565381)
(5713.67919946, -6883.53668174, 1034.20565383)
(5713.75587084, -6883.5323032, 1034.20565383)
(5713.85979149, -6883.52603636, 1034.20565383)
(5713.92988048, -6883.52168576, 1034.20565382)
(5714.02593887, -6883.51574274, 1034.20565383)
(5714.09194146, -6883.51214853, 1034.20565383)
(5714.18474348, -6883.50699499, 1034.20565383)
(5714.25525353, -6883.50295127, 1034.20565383)
(5714.35547275, -6883.49738964, 1034.20565381)
(5714.42771834, -6883.49514656, 1034.20565383)
(5714.51194227, -6883.49199221, 1034.20565384)
(5714.57266342, -6883.49086194, 1034.20565383)
(5714.66478864, -6883.48894697, 1034.20565382)
(5714.74036606, -6883.48718653, 1034.20565383)
(5714.83162678, -6883.48504384, 1034.20565383)
(5714.904342, -6883.48400104, 1034.20565383)
(5715.00142395, -6883.48258987, 1034.20565383)
(5715.06627018, -6883.48162372, 1034.20565383)
(5715.15961178, -6883.48027137, 1034.20565383)
(5715.22898239, -6883.47906816, 1034.20565382)
(5715.31115284, -6883.47755221, 1034.20565382)
(5715.37725213, -6883.47669857, 1034.20565383)
(5715.47556646, -6883.47554183, 1034.20565383)
(5715.55034641, -6883.47510096, 1034.20565383)
(5715.66104975, -6883.47426103, 1034.20565383)
(5715.75356774, -6883.47354946, 1034.20565383)
(5715.84691693, -6883.47293518, 1034.20565383)
(5715.92828696, -6883.47244246, 1034.20565382)
(5716.0030424, -6883.47193646, 1034.20565383)
(5716.0988636, -6883.47133501, 1034.20565383)
(5716.1884879, -6883.47075695, 1034.20565383)
(5716.31983302, -6883.47004746, 1034.20565383)
(5716.41610357, -6883.47035508, 1034.20565383)
(5716.52844642, -6883.47025139, 1034.20565383)
(5716.62881072, -6883.47014888, 1034.20565383)
(5716.71265569, -6883.47008327, 1034.20565383)
(5716.81881046, -6883.47014865, 1034.20565382)
(5716.89769729, -6883.47014083, 1034.20565382)
(5716.99310606, -6883.47013355, 1034.20565383)
(5717.06538505, -6883.47012704, 1034.20565382)
(5717.13890318, -6883.47012271, 1034.20565383)
(5717.19672614, -6883.47011778, 1034.20565382)
(5717.28098323, -6883.47011238, 1034.20565383)
(5717.35987045, -6883.47010592, 1034.20565382)
(5717.46106141, -6883.47010087, 1034.20565382)
(5717.54820898, -6883.4700947, 1034.20565383)
(5717.62833621, -6883.47009828, 1034.20565383)
(5717.68698511, -6883.47009564, 1034.20565382)
(5717.77413351, -6883.47009795, 1034.20565383)
(5717.84104281, -6883.47009682, 1034.20565382)
(5717.93892952, -6883.47009769, 1034.20565383)
(5718.01740384, -6883.47009625, 1034.20565382)
(5718.11570388, -6883.47010279, 1034.20565383)
(5718.18426543, -6883.47010362, 1034.20565382)
(5718.27017451, -6883.47010906, 1034.20565382)
(5718.33254067, -6883.47011052, 1034.20565382)
(5718.43001455, -6883.47011481, 1034.20565382)
(5718.51303186, -6883.47011632, 1034.20565382)
(5718.59894083, -6883.47012092, 1034.20565382)
(5718.67163262, -6883.47012235, 1034.20565382)
(5718.7488683, -6883.47012583, 1034.20565382)
(5718.80999548, -6883.47012682, 1034.20565382)
(5718.91077322, -6883.47013034, 1034.20565382)
(5718.98098691, -6883.4701314, 1034.20565382)
(5719.07722164, -6883.47013482, 1034.20565382)
(5719.15239165, -6883.47013585, 1034.20565382)
(5719.23540939, -6883.47013897, 1034.20565382)
(5719.2994277, -6883.47013978, 1034.20565382)
(5719.38864102, -6883.47014245, 1034.20565382)
(5719.46381103, -6883.47014332, 1034.20565382)
(5719.55385022, -6883.47014599, 1034.20565382)
(5719.63025928, -6883.47014667, 1034.20565382)
(5719.72484181, -6883.47014961, 1034.20565382)
(5719.78183885, -6883.47015021, 1034.20565382)
(5719.86196555, -6883.47015221, 1034.20565382)
(5719.93630941, -6883.47015281, 1034.20565382)
(5720.04245652, -6883.4701551, 1034.20565382)
(5720.11762667, -6883.47015557, 1034.20565382)
(5720.22377381, -6883.47015873, 1034.20565382)
(5720.32331216, -6883.47015954, 1034.20565382)
(5720.40013449, -6883.47015956, 1034.20565382)
(5720.49058665, -6883.47016082, 1034.20565382)
(5720.55832236, -6883.47016088, 1034.20565382)
(5720.64134009, -6883.47016192, 1034.20565382)
(5720.71031481, -6883.47016203, 1034.20565382)
(5720.79787592, -6883.47016298, 1034.20565382)
(5720.86602463, -6883.47016308, 1034.20565382)
(5720.9696935, -6883.47016416, 1034.20565382)
(5721.05147202, -6883.47016413, 1034.20565382)
(5721.12209918, -6883.4701651, 1034.20565382)
(5721.21379016, -6883.47016526, 1034.20565382)
(5721.32984979, -6883.47016706, 1034.20565382)
(5721.40873707, -6883.47016754, 1034.20565382)
(5721.50868892, -6883.47016999, 1034.20565382)
(5721.59418465, -6883.47017057, 1034.20565382)
(5721.68670202, -6883.47017388, 1034.20565382)
(5721.76311088, -6883.47017429, 1034.20565382)
(5721.8762794, -6883.47017524, 1034.20565382)
(5721.95062354, -6883.47017532, 1034.20565382)
(5722.04272774, -6883.47017661, 1034.20565382)
(5722.10178991, -6883.47017678, 1034.20565382)
(5722.1856338, -6883.47017769, 1034.20565382)
(5722.25378252, -6883.4701778, 1034.20565382)
(5722.35001699, -6883.47017874, 1034.20565382)
(5722.42683922, -6883.47017873, 1034.20565382)
(5722.52803002, -6883.47017985, 1034.20565382)
(5722.59576576, -6883.47017997, 1034.20565382)
(5722.67465329, -6883.47018095, 1034.20565382)
(5722.73991078, -6883.47018112, 1034.20565382)
(5722.8295369, -6883.47018187, 1034.20565382)
(5722.90305496, -6883.47018184, 1034.20565382)
(5723.00548484, -6883.4701828, 1034.20565382)
(5723.08437219, -6883.47018287, 1034.20565382)
(5723.16738997, -6883.47018388, 1034.20565382)
(5723.22975634, -6883.47018407, 1034.20565382)
(5723.31236108, -6883.47018484, 1034.20565382)
(5723.38298793, -6883.47018484, 1034.20565382)
(5723.47467913, -6883.47018551, 1034.20565382)
(5723.55687072, -6883.47018541, 1034.20565382)
(5723.65227919, -6883.47018639, 1034.20565382)
(5723.71629772, -6883.47018645, 1034.20565382)
(5723.79353311, -6883.47018717, 1034.20565382)
(5723.86374696, -6883.47018716, 1034.20565382)
(5723.96658985, -6883.47018788, 1034.20565382)
(5724.03721674, -6883.47018794, 1034.20565382)
(5724.12766884, -6883.47018872, 1034.20565382)
(5724.19457854, -6883.47018869, 1034.20565382)
(5724.28296563, -6883.47018939, 1034.20565382)
(5724.34946228, -6883.47018946, 1034.20565382)
(5724.45230514, -6883.47019019, 1034.20565382)
(5724.52871435, -6883.47019023, 1034.20565382)
(5724.63733956, -6883.47019127, 1034.20565382)
(5724.70301014, -6883.47019115, 1034.20565382)
(5724.79015806, -6883.47019123, 1034.20565382)
(5724.84674219, -6883.47019105, 1034.20565382)
(5724.93058595, -6883.47019103, 1034.20565382)
(5725.01442968, -6883.47019099, 1034.20565382)
(5725.09827341, -6883.47019097, 1034.20565382)
(5725.16807433, -6883.47019097, 1034.20565382)
(5725.25150501, -6883.4701909, 1034.20565382)
(5725.31717573, -6883.47019087, 1034.20565382)
(5725.40597579, -6883.47019163, 1034.20565382)
(5725.46958127, -6883.47019168, 1034.20565382)
(5725.56333757, -6883.47019226, 1034.20565382)
(5725.63189938, -6883.47019222, 1034.20565382)
(5725.72524271, -6883.47019279, 1034.20565382)
(5725.80206499, -6883.47019277, 1034.20565382)
(5725.89251712, -6883.47019344, 1034.20565382)
(5725.96479614, -6883.47019345, 1034.20565382)
(5726.06103059, -6883.47019419, 1034.20565382)
(5726.13578775, -6883.47019417, 1034.20565382)
(5726.23615242, -6883.47019508, 1034.20565382)
(5726.30306207, -6883.47019494, 1034.20565382)
(5726.38855573, -6883.4701787, 1034.20565382)
(5726.47007587, -6883.45939477, 1034.20565378)
(5726.56324476, -6883.42864679, 1034.205654)
(5726.63079603, -6883.39129629, 1034.20565412)
(5726.72479072, -6883.34132283, 1034.20565377)
(5726.80330987, -6883.29142609, 1034.20565383)
(5726.90349471, -6883.22561658, 1034.2056538)
(5726.9544537, -6883.18787021, 1034.20565381)
(5727.03553935, -6883.12352022, 1034.20565381)
(5727.10945873, -6883.06705633, 1034.20565383)
(5727.20543721, -6882.9962056, 1034.20565382)
(5727.27533435, -6882.94278817, 1034.20565381)
(5727.35612364, -6882.87989171, 1034.20565383)
(5727.4150583, -6882.83453118, 1034.20565383)
(5727.48723347, -6882.77924112, 1034.20565382)
(5727.54527772, -6882.74236165, 1034.2056539)
(5727.62176178, -6882.71406364, 1034.20565377)
(5727.69228402, -6882.70207441, 1034.20565383)
(5727.78463681, -6882.68666115, 1034.20565387)
(5727.86252531, -6882.66740509, 1034.20565369)
(5727.95303684, -6882.6411957, 1034.20565388)
(5728.02637429, -6882.62711012, 1034.20565381)
(5728.11270327, -6882.61604174, 1034.20565377)
(5728.17496559, -6882.60342937, 1034.20565387)
(5728.25948352, -6882.58340928, 1034.20565381)
(5728.32950516, -6882.57097534, 1034.20565392)
(5728.43382789, -6882.55415612, 1034.20565371)
(5728.50015876, -6882.54950875, 1034.20565354)
(5728.58356275, -6882.54698414, 1034.20565391)
(5728.65775665, -6882.54150251, 1034.20565389)
(5728.73876493, -6882.53340511, 1034.20565385)
(5728.80764773, -6882.52985564, 1034.20565389)
(5728.88684615, -6882.52623665, 1034.20565383)
(5728.96311111, -6882.52161893, 1034.20565382)
(5729.05951569, -6882.51516864, 1034.20565383)
(5729.13790223, -6882.51100834, 1034.20565383)
(5729.23606594, -6882.50558756, 1034.20565383)
(5729.29750651, -6882.50208662, 1034.20565383)
(5729.38781243, -6882.49694519, 1034.20565382)
(5729.46719166, -6882.48315018, 1034.205654)
(5729.57190035, -6882.42984977, 1034.20565369)
(5729.63296831, -6882.38478692, 1034.20565381)
(5729.70306213, -6882.3319837, 1034.20565377)
(5729.75483105, -6882.29782897, 1034.20565385)
(5729.82415283, -6882.25366219, 1034.20565384)
(5729.8851828, -6882.21159856, 1034.20565384)
(5729.96236376, -6882.15589209, 1034.20565381)
(5730.02296385, -6882.11142919, 1034.20565383)
(5730.09413689, -6882.05906483, 1034.20565381)
(5730.15163403, -6882.01673596, 1034.20565383)
(5730.22338685, -6881.96382406, 1034.20565383)
(5730.28477565, -6881.91841446, 1034.20565382)
(5730.35408877, -6881.86704239, 1034.20565383)
(5730.40618544, -6881.82845643, 1034.20565382)
(5730.47781455, -6881.77532283, 1034.20565382)
(5730.5372188, -6881.73904356, 1034.20565387)
(5730.61095783, -6881.71042347, 1034.20565391)
(5730.6783865, -6881.69599817, 1034.20565395)
(5730.77043355, -6881.67965922, 1034.20565395)
(5730.83831659, -6881.66362853, 1034.20565398)
(5730.922007, -6881.64067564, 1034.2056538)
(5730.99124457, -6881.62701843, 1034.20565388)
(5731.07972587, -6881.6126034, 1034.20565382)
(5731.14466679, -6881.60030113, 1034.20565384)
(5731.22571662, -6881.58437041, 1034.2056538)
(5731.33176633, -6881.56507952, 1034.2056538)
(5731.40642854, -6881.54617622, 1034.20565385)
(5731.52777585, -6881.51373225, 1034.20565377)
(5731.5942117, -6881.48735851, 1034.20565841)
(5731.68876424, -6881.42254778, 1034.20578222)
(5731.75793225, -6881.36323651, 1034.20565377)
(5731.83289943, -6881.29957662, 1034.20565388)
(5731.90817893, -6881.24025858, 1034.20565382)
(5732.01444073, -6881.16260697, 1034.20565381)
(5732.08221064, -6881.1104556, 1034.20565379)
(5732.16268119, -6881.04432756, 1034.20565377)
(5732.21087264, -6881.00537564, 1034.2056538)
(5732.29120465, -6880.94180104, 1034.20565382)
(5732.34609758, -6880.89862702, 1034.20565384)
(5732.42468007, -6880.8367901, 1034.20565381)
(5732.47585375, -6880.80057638, 1034.20565383)
(5732.54583367, -6880.75669516, 1034.20565382)
(5732.6169609, -6880.72359748, 1034.20565492)
(5732.71602162, -6880.70967004, 1034.20570509)
(5732.80888246, -6880.69457829, 1034.20565224)
(5732.88618979, -6880.67582786, 1034.20565387)
(5732.97402611, -6880.65048091, 1034.20565386)
(5733.06465579, -6880.63294294, 1034.20565388)
(5733.14118545, -6880.62007554, 1034.20565391)
(5733.21241186, -6880.60487554, 1034.20565385)
(5733.28992487, -6880.58780601, 1034.20565382)
(5733.37049725, -6880.57632725, 1034.20565383)
(5733.46550357, -6880.5646664, 1034.20565383)
(5733.52767943, -6880.55978224, 1034.20565382)
(5733.61116138, -6880.55286521, 1034.20565379)
(5733.68978701, -6880.54713108, 1034.20565382)
(5733.78737018, -6880.53911153, 1034.20565384)
(5733.87225122, -6880.53375422, 1034.20565383)
(5733.96251767, -6880.5275732, 1034.20565383)
(5734.03384417, -6880.52302783, 1034.20565383)
(5734.11668709, -6880.51755261, 1034.20565383)
(5734.20039813, -6880.51242506, 1034.20565383)
(5734.32283241, -6880.50478011, 1034.20565382)
(5734.39934193, -6880.49434169, 1034.20565385)
(5734.49844714, -6880.47980854, 1034.20565379)
(5734.57437202, -6880.46001089, 1034.20565397)
(5734.65357094, -6880.41281002, 1034.20565368)
(5734.71880671, -6880.3625267, 1034.20565429)
(5734.79650989, -6880.30616636, 1034.20565376)
(5734.86448011, -6880.25851009, 1034.20565381)
(5734.95092666, -6880.19838211, 1034.20565384)
(5735.00127133, -6880.16056838, 1034.20565382)
(5735.07766417, -6880.10051255, 1034.20565379)
(5735.14564024, -6880.04730697, 1034.20565383)
(5735.21968342, -6879.98970554, 1034.20565383)
(5735.28366408, -6879.94004144, 1034.20565383)
(5735.34737151, -6879.89070221, 1034.20565382)
(5735.40600151, -6879.84502744, 1034.20565382)
(5735.47203556, -6879.79342269, 1034.20565382)
(5735.54100211, -6879.75028354, 1034.2056538)
(5735.62846345, -6879.71980195, 1034.20565379)
(5735.69868685, -6879.70751387, 1034.20565378)
(5735.77951025, -6879.69142981, 1034.20565382)
(5735.84686763, -6879.67484096, 1034.20565386)
(5735.93999311, -6879.65062873, 1034.20565382)
(5736.02073749, -6879.63545116, 1034.20565385)
(5736.12804152, -6879.61625765, 1034.20565385)
(5736.23480575, -6879.59400536, 1034.2056538)
(5736.3191672, -6879.57775362, 1034.20565383)
(5736.40229283, -6879.56165669, 1034.20565378)
(5736.48229265, -6879.55539766, 1034.20565409)
(5736.57559046, -6879.55220648, 1034.20565379)
(5736.64816119, -6879.54558023, 1034.20565387)
(5736.75166364, -6879.5339581, 1034.20565382)
(5736.8545313, -6879.53040108, 1034.20565387)
(5736.93577231, -6879.52564076, 1034.2056538)
(5737.08157036, -6879.5149948, 1034.20565383)
(5737.18222856, -6879.51037268, 1034.20565384)
(5737.30295877, -6879.50255644, 1034.20565383)
(5737.3896085, -6879.48957714, 1034.20565382)
(5737.48595639, -6879.47625569, 1034.205654)
(5737.59276262, -6879.4392665, 1034.2056545)
(5737.67191906, -6879.38301421, 1034.20572676)
(5737.7418031, -6879.30901298, 1034.20565467)
(5737.80107067, -6879.25861986, 1034.20565373)
(5737.88789566, -6879.20677645, 1034.20565401)
(5737.95166655, -6879.16770218, 1034.20565351)
(5738.04019702, -6879.09934462, 1034.20565395)
(5738.09833246, -6879.05438654, 1034.20565373)
(5738.16728188, -6879.00311442, 1034.20565386)
(5738.22628916, -6878.9599425, 1034.20565385)
(5738.30174782, -6878.90494334, 1034.20565382)
(5738.37096648, -6878.85406985, 1034.20565382)
(5738.44136434, -6878.80208959, 1034.20565383)
(5738.49824501, -6878.75729621, 1034.20565386)
(5738.56540089, -6878.70172174, 1034.2056538)
(5738.62609342, -6878.64779284, 1034.20565383)
(5738.70557828, -6878.57252691, 1034.2056538)
(5738.7632372, -6878.51806058, 1034.2056538)
(5738.83393043, -6878.45204728, 1034.20565383)
(5738.88853799, -6878.40096033, 1034.20565383)
(5738.94983775, -6878.34372469, 1034.20565383)
(5739.00926919, -6878.28814606, 1034.20565382)
(5739.08294964, -6878.21936941, 1034.20565382)
(5739.13908534, -6878.16692478, 1034.20565382)
(5739.20946336, -6878.10127647, 1034.20565382)
(5739.25695115, -6878.05709934, 1034.20565382)
(5739.31993007, -6877.99863653, 1034.20565382)
(5739.37022777, -6877.95201944, 1034.20565383)
(5739.45121395, -6877.87713298, 1034.20565382)
(5739.51105059, -6877.82142353, 1034.20565383)
(5739.58592985, -6877.7515962, 1034.20565381)
(5739.64525272, -6877.70714794, 1034.20565387)
(5739.7419944, -6877.67670211, 1034.20565379)
(5739.81572759, -6877.67227991, 1034.20565369)
(5739.89989869, -6877.66101205, 1034.20565387)
(5739.97114472, -6877.64410456, 1034.20565372)
(5740.05863, -6877.61887301, 1034.20565403)
(5740.13524803, -6877.60451437, 1034.20565367)
(5740.23447802, -6877.59164485, 1034.20565382)
(5740.31310952, -6877.57602809, 1034.20565377)
(5740.41652902, -6877.55186876, 1034.20565371)
(5740.5091015, -6877.5127572, 1034.20565415)
(5740.57042946, -6877.47219146, 1034.20565392)
(5740.64585857, -6877.42112432, 1034.20565407)
(5740.70409534, -6877.38833002, 1034.20565396)
(5740.78028495, -6877.3480087, 1034.20565379)
(5740.84503486, -6877.30977329, 1034.20565386)
(5740.92962333, -6877.25680853, 1034.20565384)
(5740.98928515, -6877.21985055, 1034.20565381)
(5741.06701828, -6877.17200549, 1034.20565382)
(5741.12661384, -6877.13495704, 1034.20565382)
(5741.21418904, -6877.08037671, 1034.20565382)
(5741.28459119, -6877.03647042, 1034.20565382)
(5741.37350073, -6876.98089591, 1034.20565383)
(5741.42953338, -6876.9458854, 1034.20565383)
(5741.49812651, -6876.90294621, 1034.20565382)
(5741.55486337, -6876.8674807, 1034.20565382)
(5741.6399213, -6876.81423572, 1034.20565382)
(5741.69909848, -6876.7772188, 1034.20565382)
(5741.81952068, -6876.701866, 1034.20565381)
(5741.89531831, -6876.66843432, 1034.20565425)
(5741.99765679, -6876.66774119, 1034.20565748)
(5742.07736346, -6876.66866874, 1034.20565492)
(5742.17314493, -6876.65441066, 1034.20588787)
(5742.27946799, -6876.62188275, 1034.20565491)
(5742.36224123, -6876.60298551, 1034.20565371)
(5742.49758967, -6876.59534462, 1034.20565349)
(5742.57934162, -6876.58020424, 1034.20565377)
(5742.66910863, -6876.54359004, 1034.20565412)
(5742.74315569, -6876.52370022, 1034.20565388)
(5742.84495924, -6876.52073525, 1034.20585229)
(5742.93269854, -6876.53038223, 1034.20566372)
(5743.03424446, -6876.53314712, 1034.20565367)
(5743.11192381, -6876.52546237, 1034.20565373)
(5743.20926392, -6876.51143083, 1034.20565391)
(5743.2850511, -6876.50904074, 1034.20565376)
(5743.35280733, -6876.50906105, 1034.20565397)
(5743.43873399, -6876.50714145, 1034.20565381)
(5743.53897776, -6876.50302482, 1034.20565382)
(5743.62229168, -6876.49911748, 1034.20565382)
(5743.72090432, -6876.49484744, 1034.20565381)
(5743.79649379, -6876.49360232, 1034.20565383)
(5743.88448493, -6876.49181529, 1034.20565383)
(5743.9575744, -6876.49005114, 1034.20565383)
(5744.03644614, -6876.48819933, 1034.20565383)
(5744.1136931, -6876.48676892, 1034.20565383)
(5744.20702883, -6876.48493912, 1034.20565383)
(5744.28672909, -6876.48336358, 1034.20565383)
(5744.37097647, -6876.48177366, 1034.20565383)
(5744.43167989, -6876.48060273, 1034.20565383)
(5744.51923278, -6876.47901873, 1034.20565382)
(5744.59688637, -6876.47780381, 1034.20565383)
(5744.69187712, -6876.47631602, 1034.20565381)
(5744.76799255, -6876.46602911, 1034.20565383)
(5744.85146577, -6876.4329649, 1034.20565396)
(5744.9196524, -6876.39134709, 1034.2056533)
(5745.00632599, -6876.33799684, 1034.20565384)
(5745.07283877, -6876.29517514, 1034.20565379)
(5745.1553404, -6876.24301509, 1034.2056539)
(5745.21731916, -6876.19806422, 1034.205654)
(5745.29714799, -6876.13559269, 1034.20565392)
(5745.35209861, -6876.09449211, 1034.20565379)
(5745.42145387, -6876.04380034, 1034.20565379)
(5745.48314093, -6875.99805751, 1034.20565382)
(5745.56125195, -6875.9398525, 1034.20565383)
(5745.62431896, -6875.89255886, 1034.20565382)
(5745.69725858, -6875.83779335, 1034.2056538)
(5745.75603383, -6875.79792958, 1034.20565384)
(5745.82430265, -6875.75502096, 1034.20565383)
(5745.88513173, -6875.72448745, 1034.20565393)
(5745.96769228, -6875.70973751, 1034.20565365)
(5746.03908893, -6875.69958011, 1034.20565385)
(5746.13075647, -6875.67701912, 1034.2056539)
(5746.19233698, -6875.66298162, 1034.2056538)
(5746.27175092, -6875.64532628, 1034.20565382)
(5746.34063728, -6875.63179255, 1034.20565382)
(5746.43905271, -6875.61220415, 1034.20565383)
(5746.52177625, -6875.59627124, 1034.20565383)
(5746.62023175, -6875.57682308, 1034.20565376)
(5746.68538195, -6875.56857297, 1034.20565381)
(5746.77069121, -6875.55911986, 1034.20565381)
(5746.85188, -6875.55386994, 1034.20565383)
(5746.949814, -6875.54504071, 1034.20565384)
(5747.02972124, -6875.53968461, 1034.20565381)
(5747.14133624, -6875.53099884, 1034.20565383)
(5747.21719519, -6875.52684296, 1034.20565383)
(5747.31122707, -6875.52131728, 1034.20565383)
(5747.36769263, -6875.51768454, 1034.20565382)
(5747.49174107, -6875.50952633, 1034.20565382)
(5747.57749685, -6875.50421467, 1034.20565383)
(5747.70282724, -6875.49654106, 1034.20565381)
(5747.80400208, -6875.47416455, 1034.20565383)
(5747.9033137, -6875.43198469, 1034.20565371)
(5747.98835336, -6875.378803, 1034.20565425)
(5748.10428742, -6875.31246083, 1034.20565375)
(5748.19157193, -6875.24547851, 1034.20565361)
(5748.2816334, -6875.156087, 1034.20565466)
(5748.33851698, -6875.1014406, 1034.20565378)
(5748.41842093, -6875.05422326, 1034.20565384)
(5748.47116994, -6875.02474581, 1034.20565397)
(5748.53399167, -6874.97932577, 1034.20565571)
(5748.60003997, -6874.92522056, 1034.20565392)
(5748.66986377, -6874.86819188, 1034.20565378)
(5748.7493964, -6874.80646409, 1034.20565383)
(5748.81527033, -6874.76621147, 1034.20565384)
(5748.89471804, -6874.73563137, 1034.20565382)
(5748.96188512, -6874.71964396, 1034.20565375)
(5749.05150944, -6874.70036167, 1034.20565391)
(5749.11683935, -6874.68406401, 1034.20565384)
(5749.22250982, -6874.65555721, 1034.2056538)
(5749.29055188, -6874.64208089, 1034.2056538)
(5749.38473889, -6874.62470173, 1034.20565377)
(5749.4474609, -6874.61185864, 1034.20565384)
(5749.548577, -6874.59094339, 1034.20565383)
(5749.61466339, -6874.57821514, 1034.20565383)
(5749.71116503, -6874.55944093, 1034.20565382)
(5749.781986, -6874.55325944, 1034.20565356)
(5749.86932695, -6874.55265328, 1034.20565396)
(5749.94583812, -6874.54624214, 1034.20565389)
(5750.02428629, -6874.53640764, 1034.20565382)
(5750.09498101, -6874.53267746, 1034.20565391)
(5750.17910062, -6874.52978262, 1034.20565382)
(5750.25202954, -6874.52467531, 1034.20565384)
(5750.33065798, -6874.51842247, 1034.20565384)
(5750.41069202, -6874.51415683, 1034.20565382)
(5750.49608023, -6874.50935653, 1034.20565383)
(5750.57029487, -6874.50497722, 1034.20565383)
(5750.66635097, -6874.49936214, 1034.2056538)
(5750.73974849, -6874.48609167, 1034.20565407)
(5750.8222499, -6874.44810718, 1034.20565378)
(5750.89304297, -6874.39992127, 1034.20565387)
(5750.99101432, -6874.3398468, 1034.20565383)
(5751.04501596, -6874.30332623, 1034.20565381)
(5751.11132919, -6874.25715837, 1034.20565382)
(5751.17383786, -6874.21297243, 1034.20565382)
(5751.24897943, -6874.15893036, 1034.20565383)
(5751.31519979, -6874.11097593, 1034.20565381)
(5751.39005683, -6874.05672154, 1034.20565383)
(5751.4450704, -6874.01654166, 1034.20565382)
(5751.51002814, -6873.96902719, 1034.20565382)
(5751.5743128, -6873.92196947, 1034.20565382)
(5751.65819598, -6873.86043941, 1034.20565382)
(5751.72979041, -6873.80793648, 1034.20565382)
(5751.82263048, -6873.73974812, 1034.20565381)
(5751.92201178, -6873.69025694, 1034.20565362)
(5752.00139975, -6873.68080935, 1034.2056541)
(5752.08870106, -6873.67737488, 1034.20565383)
(5752.16025815, -6873.66451742, 1034.20565382)
(5752.24995202, -6873.63009481, 1034.20565419)
(5752.32403732, -6873.61157118, 1034.2056553)
(5752.42832764, -6873.60067033, 1034.20565185)
(5752.49036694, -6873.59355858, 1034.20565494)
(5752.57767929, -6873.57633151, 1034.2056538)
(5752.66457205, -6873.55970032, 1034.20565383)
(5752.75997232, -6873.5329286, 1034.20565381)
(5752.8306624, -6873.5047685, 1034.20567954)
(5752.92717135, -6873.44045517, 1034.20565444)
(5752.99685307, -6873.38888747, 1034.20565388)
(5753.06885067, -6873.33899331, 1034.20565382)
(5753.12797131, -6873.2957454, 1034.20565382)
(5753.20245524, -6873.23920831, 1034.20565382)
(5753.29079054, -6873.17044104, 1034.2056538)
(5753.37169996, -6873.10703706, 1034.20565383)
(5753.46841462, -6873.0315941, 1034.20565383)
(5753.56312399, -6872.95762226, 1034.20565382)
(5753.64345494, -6872.89477191, 1034.20565382)
(5753.7380137, -6872.82065402, 1034.20565382)
(5753.80850938, -6872.77094801, 1034.20565379)
(5753.88400223, -6872.72162036, 1034.20565379)
(5753.93699658, -6872.69333771, 1034.2056539)
(5754.03805876, -6872.6751535, 1034.20565393)
(5754.10825198, -6872.66782775, 1034.20565377)
(5754.21411152, -6872.64094261, 1034.2056539)
(5754.30094786, -6872.62340428, 1034.20565395)
(5754.40290022, -6872.60482353, 1034.20565389)
(5754.48622849, -6872.59033254, 1034.20565381)
(5754.57760972, -6872.57351434, 1034.2056538)
(5754.64531295, -6872.56557197, 1034.20565383)
(5754.73468322, -6872.55539515, 1034.20565379)
(5754.8092815, -6872.55083111, 1034.20565381)
(5754.89530833, -6872.54442815, 1034.20565381)
(5754.96121237, -6872.53999877, 1034.20565383)
(5755.05764678, -6872.53317448, 1034.20565383)
(5755.12568741, -6872.52929021, 1034.20565383)
(5755.2155899, -6872.52382817, 1034.20565382)
(5755.2861212, -6872.51974648, 1034.20565383)
(5755.3665238, -6872.51495032, 1034.20565384)
(5755.44159892, -6872.51079478, 1034.20565383)
(5755.53314793, -6872.50560856, 1034.20565383)
(5755.615626, -6872.50098184, 1034.20565383)
(5755.70841871, -6872.49585576, 1034.20565382)
(5755.79496072, -6872.479999, 1034.20565373)
(5755.87316091, -6872.44246957, 1034.20565348)
(5755.95320329, -6872.38370789, 1034.2056535)
(5756.00508598, -6872.34408405, 1034.20565377)
(5756.08617023, -6872.29203954, 1034.20565389)
(5756.15076476, -6872.24793839, 1034.20565383)
(5756.23450878, -6872.18861623, 1034.20565384)
(5756.29093394, -6872.14732237, 1034.20565383)
(5756.3610687, -6872.09476147, 1034.2056538)
(5756.41650886, -6872.05308019, 1034.20565382)
(5756.49176738, -6871.99657202, 1034.20565383)
(5756.55236163, -6871.95079987, 1034.20565383)
(5756.62870797, -6871.89300259, 1034.20565382)
(5756.68065431, -6871.85357199, 1034.20565382)
(5756.7558766, -6871.79632938, 1034.20565383)
(5756.81396782, -6871.7562737, 1034.20565382)
(5756.89097798, -6871.7087071, 1034.20565383)
(5756.94526989, -6871.68112575, 1034.20565353)
(5757.0309865, -6871.66655363, 1034.20565365)
(5757.11222439, -6871.65624386, 1034.20565404)
(5757.20292189, -6871.63564573, 1034.20565389)
(5757.27722426, -6871.62179922, 1034.20565379)
(5757.35880478, -6871.60695913, 1034.20565385)
(5757.42348909, -6871.59603429, 1034.20565382)
(5757.51836615, -6871.58002891, 1034.20565382)
(5757.59731834, -6871.56633866, 1034.20565383)
(5757.69823429, -6871.54879553, 1034.20565382)
(5757.80094227, -6871.544528, 1034.20565377)
(5757.87402427, -6871.54119704, 1034.2056538)
(5757.96548769, -6871.53467041, 1034.20565383)
(5758.04466966, -6871.52997965, 1034.20565383)
(5758.13001178, -6871.52464986, 1034.20565383)
(5758.20470201, -6871.5209215, 1034.20565382)
(5758.29791817, -6871.51582172, 1034.20565383)
(5758.38080422, -6871.51115655, 1034.20565383)
(5758.48183742, -6871.50547818, 1034.20565383)
(5758.56476094, -6871.50118774, 1034.20565383)
(5758.63858578, -6871.49725582, 1034.20565386)
(5758.71641963, -6871.48651408, 1034.20565386)
(5758.82277961, -6871.47096688, 1034.20565378)
(5758.92351012, -6871.43763267, 1034.20565326)
(5759.01083135, -6871.38086714, 1034.20587377)
(5759.10784796, -6871.28408998, 1034.20565601)
(5759.17067553, -6871.2274527, 1034.20565324)
(5759.28830133, -6871.1554154, 1034.20565361)
(5759.36434017, -6871.10700314, 1034.20565513)
(5759.44565559, -6871.03217082, 1034.20565557)
(5759.50612123, -6870.9861288, 1034.20565378)
(5759.56149241, -6870.94487459, 1034.20565373)
(5759.6237304, -6870.89924803, 1034.20565379)
(5759.70074142, -6870.84154611, 1034.20565382)
(5759.76481367, -6870.79722823, 1034.2056538)
(5759.84658007, -6870.74466683, 1034.20565384)
(5759.91952122, -6870.71195589, 1034.20565385)
(5760.00089565, -6870.70258261, 1034.2056608)
(5760.06477956, -6870.69454291, 1034.20565393)
(5760.16054502, -6870.66769684, 1034.20565387)
(5760.236959, -6870.65080951, 1034.20565367)
(5760.34104226, -6870.63218126, 1034.20565378)
(5760.41390924, -6870.6174182, 1034.20565379)
(5760.51754689, -6870.59645863, 1034.20565383)
(5760.5901625, -6870.58287298, 1034.20565381)
(5760.68837826, -6870.56431272, 1034.2056538)
(5760.75549693, -6870.54293974, 1034.20565348)
(5760.83701175, -6870.49411724, 1034.20565388)
(5760.90181655, -6870.44854488, 1034.20565356)
(5760.98746212, -6870.38856883, 1034.20565381)
(5761.04872186, -6870.34543346, 1034.20565379)
(5761.12273866, -6870.29270024, 1034.20565379)
(5761.17316565, -6870.25509641, 1034.20565381)
(5761.2476763, -6870.19732699, 1034.20565381)
(5761.32618496, -6870.13623263, 1034.20565381)
(5761.37876949, -6870.09552799, 1034.20565382)
(5761.44998753, -6870.04043001, 1034.20565382)
(5761.5068204, -6869.99644541, 1034.20565382)
(5761.58325158, -6869.93729301, 1034.20565382)
(5761.64563475, -6869.88900743, 1034.20565382)
(5761.7109631, -6869.83845475, 1034.20565382)
(5761.76996565, -6869.79667871, 1034.20565383)
(5761.84469449, -6869.74812711, 1034.2056538)
(5761.90963187, -6869.71578682, 1034.20565396)
(5761.99636104, -6869.6977318, 1034.20566445)
(5762.06992793, -6869.6850807, 1034.20565398)
(5762.15641597, -6869.66451784, 1034.20565377)
(5762.22676079, -6869.64985455, 1034.2056538)
(5762.32496604, -6869.62964045, 1034.20565382)
(5762.39908295, -6869.61528745, 1034.20565383)
(5762.48660061, -6869.59789266, 1034.20565383)
(5762.55882864, -6869.58453433, 1034.20565382)
(5762.64326498, -6869.56873846, 1034.20565376)
(5762.71133838, -6869.56058702, 1034.20565384)
(5762.80152132, -6869.55032152, 1034.20565378)
(5762.87904387, -6869.5459707, 1034.20565384)
(5762.97456159, -6869.53851811, 1034.2056538)
(5763.03058672, -6869.53488695, 1034.20565383)
(5763.11509596, -6869.52934876, 1034.20565383)
(5763.19305783, -6869.52495358, 1034.20565383)
(5763.29734638, -6869.518308, 1034.20565383)
(5763.37902726, -6869.51387767, 1034.20565383)
(5763.50644184, -6869.50646644, 1034.20565383)
(5763.58523047, -6869.50220099, 1034.20565383)
(5763.66812037, -6869.49766617, 1034.2056538)
(5763.72594049, -6869.48909949, 1034.20565376)
(5763.82613427, -6869.44691977, 1034.20565375)
(5763.89035898, -6869.40426603, 1034.20565377)
(5763.97547285, -6869.35213181, 1034.20565384)
(5764.05355231, -6869.30255497, 1034.20565384)
(5764.13002028, -6869.24912551, 1034.20565381)
(5764.22406565, -6869.18146347, 1034.20565383)
(5764.28982993, -6869.13357155, 1034.20565382)
(5764.3777607, -6869.06983723, 1034.20565382)
(5764.42720847, -6869.03323309, 1034.20565383)
(5764.50634356, -6868.97426776, 1034.20565382)
(5764.5730987, -6868.92491469, 1034.20565382)
(5764.673065, -6868.85100523, 1034.20565382)
(5764.73607916, -6868.80427588, 1034.20565382)
(5764.79077246, -6868.76366874, 1034.20565381)
(5764.84145637, -6868.73179719, 1034.20565377)
(5764.93189454, -6868.69980674, 1034.20565387)
(5765.01939398, -6868.68507937, 1034.20565393)
(5765.11983356, -6868.66438078, 1034.20565377)
(5765.20652688, -6868.64313874, 1034.20565386)
(5765.31942389, -6868.61456561, 1034.2056538)
(5765.40060275, -6868.60231561, 1034.20565403)
(5765.47895687, -6868.5927714, 1034.20565391)
(5765.54781489, -6868.58002602, 1034.2056539)
(5765.62923349, -6868.56336749, 1034.20565386)
(5765.70190011, -6868.55466464, 1034.20565384)
(5765.79309775, -6868.54601598, 1034.2056538)
(5765.87955303, -6868.54025909, 1034.20565384)
(5765.97010804, -6868.53257476, 1034.20565385)
(5766.04552631, -6868.52857897, 1034.20565384)
(5766.14490198, -6868.52243903, 1034.20565383)
(5766.22288135, -6868.51834052, 1034.20565382)
(5766.31771983, -6868.51277461, 1034.20565384)
(5766.38911422, -6868.50935689, 1034.20565383)
(5766.46255543, -6868.50567029, 1034.20565383)
(5766.54217212, -6868.50162732, 1034.20565383)
(5766.64075875, -6868.49662879, 1034.20565381)
(5766.74635508, -6868.48024578, 1034.20565377)
(5766.82799267, -6868.45299424, 1034.20565418)
(5766.90175521, -6868.41295705, 1034.20565376)
(5766.95562022, -6868.37701155, 1034.20565391)
(5767.02334663, -6868.32872673, 1034.20565381)
(5767.08350085, -6868.28814498, 1034.20565381)
(5767.15680761, -6868.23948162, 1034.20565382)
(5767.2090411, -6868.20294414, 1034.2056538)
(5767.28152218, -6868.14992687, 1034.20565383)
(5767.33648006, -6868.10888668, 1034.20565382)
(5767.42218281, -6868.04427779, 1034.20565384)
(5767.47571987, -6868.00416866, 1034.20565382)
(5767.54781029, -6867.95023045, 1034.20565382)
(5767.60187946, -6867.90951063, 1034.20565382)
(5767.68092342, -6867.84979992, 1034.20565382)
(5767.74097871, -6867.80458839, 1034.20565382)
(5767.82378065, -6867.74221875, 1034.2056538)
(5767.88081326, -6867.69416576, 1034.20565372)
(5767.94756578, -6867.63186834, 1034.20565391)
(5767.98730621, -6867.59403614, 1034.2056538)
(5768.05207791, -6867.5333057, 1034.20565383)
(5768.10724807, -6867.48164097, 1034.20565383)
(5768.18081166, -6867.41276026, 1034.20565382)
(5768.23628283, -6867.36081509, 1034.20565382)
(5768.30260721, -6867.29870579, 1034.20565382)
(5768.34211982, -6867.26173867, 1034.20565382)
(5768.41125926, -6867.19718024, 1034.20565383)
(5768.47029693, -6867.14181421, 1034.20565382)
(5768.53499549, -6867.08101636, 1034.20565383)
(5768.58254443, -6867.03633091, 1034.20565382)
(5768.63877021, -6866.98339562, 1034.20565382)
(5768.69272199, -6866.93282835, 1034.20565382)
(5768.77060145, -6866.86005795, 1034.20565382)
(5768.82727993, -6866.81103322, 1034.20565385)
(5768.90635256, -6866.75111017, 1034.2056538)
(5768.96289667, -6866.71779828, 1034.20565399)
(5769.0790644, -6866.70334862, 1034.20565404)
(5769.18012544, -6866.69512476, 1034.20565383)
(5769.27822042, -6866.66768382, 1034.20565386)
(5769.35234099, -6866.6418761, 1034.20565379)
(5769.43611006, -6866.62190305, 1034.20565378)
(5769.51688156, -6866.60809648, 1034.20565386)
(5769.63086627, -6866.58687181, 1034.20565381)
(5769.71307557, -6866.56256014, 1034.20565402)
(5769.80583602, -6866.52905991, 1034.20565379)
(5769.87483502, -6866.49432403, 1034.20565413)
(5769.97981504, -6866.4246706, 1034.20565366)
(5770.0396771, -6866.38848161, 1034.20565395)
(5770.10581618, -6866.3503009, 1034.20565384)
(5770.16917171, -6866.31118991, 1034.20565384)
(5770.24418109, -6866.26340412, 1034.20565381)
(5770.30341233, -6866.22572495, 1034.20565382)
(5770.36750203, -6866.18497286, 1034.20565382)
(5770.42631193, -6866.1474593, 1034.20565382)
(5770.48788044, -6866.10813303, 1034.20565382)
(5770.56473542, -6866.05898544, 1034.20565383)
(5770.63988083, -6866.01094143, 1034.20565383)
(5770.71836293, -6865.96052777, 1034.20565382)
(5770.77329287, -6865.92530661, 1034.20565383)
(5770.85948751, -6865.86999428, 1034.20565382)
(5770.91963605, -6865.83142337, 1034.20565382)
(5770.99996804, -6865.77995952, 1034.20565386)
(5771.0548039, -6865.74824383, 1034.20565382)
(5771.13407615, -6865.70610429, 1034.20565382)
(5771.19994935, -6865.68078631, 1034.20565421)
(5771.29048618, -6865.66664205, 1034.20565857)
(5771.35534232, -6865.6567543, 1034.205654)
(5771.44400274, -6865.63608709, 1034.2056538)
(5771.51102547, -6865.62377766, 1034.20565382)
(5771.61806183, -6865.60553332, 1034.20565382)
(5771.68317814, -6865.5946687, 1034.20565385)
(5771.76865485, -6865.57988679, 1034.2056538)
(5771.82490178, -6865.57105766, 1034.20565383)
(5771.91098939, -6865.5575347, 1034.20565383)
(5771.98563783, -6865.54932032, 1034.20565384)
(5772.0771462, -6865.5395286, 1034.2056538)
(5772.14680177, -6865.53561177, 1034.20565386)
(5772.2279756, -6865.53069566, 1034.20565383)
(5772.291877, -6865.52714655, 1034.20565383)
(5772.37187693, -6865.52229076, 1034.20565384)
(5772.44778976, -6865.51826657, 1034.20565382)
(5772.54966, -6865.51253142, 1034.20565382)
(5772.61940318, -6865.50922529, 1034.20565383)
(5772.70192739, -6865.5051936, 1034.20565383)
(5772.76218574, -6865.50247474, 1034.20565383)
(5772.84430004, -6865.49868569, 1034.20565383)
(5772.93836093, -6865.49420044, 1034.20565382)
(5773.00939505, -6865.49289452, 1034.20565383)
(5773.08252565, -6865.49143068, 1034.20565383)
(5773.14405878, -6865.48987627, 1034.20565382)
(5773.21552571, -6865.48855945, 1034.20565383)
(5773.30143404, -6865.48682345, 1034.20565383)
(5773.36795257, -6865.48600243, 1034.20565383)
(5773.45057107, -6865.48485923, 1034.20565383)
(5773.51664529, -6865.48379296, 1034.20565382)
(5773.58974079, -6865.48260969, 1034.20565382)
(5773.65994246, -6865.48143293, 1034.20565382)
(5773.75698116, -6865.47968024, 1034.20565382)
(5773.83546353, -6865.47855505, 1034.20565383)
(5773.93337564, -6865.4771452, 1034.20565386)
(5774.00455377, -6865.47027124, 1034.20565389)
(5774.06058051, -6865.46462917, 1034.20565381)
(5774.14298895, -6865.44620506, 1034.20565426)
(5774.22515699, -6865.40316205, 1034.20565366)
(5774.29368398, -6865.35542251, 1034.20565402)
(5774.37793619, -6865.30380063, 1034.20565371)
(5774.44700035, -6865.25706928, 1034.20565379)
(5774.50612031, -6865.21585953, 1034.2056538)
(5774.55344031, -6865.18163752, 1034.20565382)
(5774.63269663, -6865.12185757, 1034.20565382)
(5774.69826798, -6865.07165956, 1034.2056538)
(5774.78054024, -6865.00868607, 1034.20565382)
(5774.83596571, -6864.96630381, 1034.20565382)
(5774.90445401, -6864.91382209, 1034.20565382)
(5774.978435, -6864.85697552, 1034.20565381)
(5775.04302068, -6864.80524079, 1034.20565383)
(5775.11556242, -6864.74505373, 1034.20565383)
(5775.18713978, -6864.68265768, 1034.20565384)
(5775.25302219, -6864.62263196, 1034.20565382)
(5775.31961135, -6864.56033822, 1034.20565381)
(5775.38342099, -6864.5004331, 1034.20565382)
(5775.43141957, -6864.45560994, 1034.20565383)
(5775.49034991, -6864.40069594, 1034.20565382)
(5775.54893628, -6864.34603544, 1034.20565382)
(5775.6189997, -6864.2806681, 1034.20565382)
(5775.67201257, -6864.23096558, 1034.20565382)
(5775.73186621, -6864.17467591, 1034.20565382)
(5775.78664867, -6864.12321438, 1034.20565382)
(5775.83777243, -6864.07510273, 1034.20565382)
(5775.89020514, -6864.02593932, 1034.20565383)
(5775.95085163, -6863.96922128, 1034.20565382)
(5776.00118724, -6863.92206384, 1034.20565382)
(5776.05604561, -6863.87067291, 1034.20565382)
(5776.10267589, -6863.82942439, 1034.20565382)
(5776.14825161, -6863.79155511, 1034.20565382)
(5776.21111555, -6863.74967139, 1034.20565384)
(5776.27861251, -6863.72396137, 1034.205654)
(5776.36123348, -6863.69674255, 1034.2056536)
(5776.42891349, -6863.68130481, 1034.20565378)
(5776.50896956, -6863.6612993, 1034.2056538)
(5776.56963541, -6863.64837953, 1034.20565377)
(5776.65599454, -6863.62963125, 1034.20565381)
(5776.71596668, -6863.6178431, 1034.20565381)
(5776.80416618, -6863.60017537, 1034.20565381)
(5776.86738004, -6863.58775533, 1034.20565383)
(5776.95042028, -6863.57118068, 1034.20565382)
(5777.02392063, -6863.56372607, 1034.20565366)
(5777.09497473, -6863.56104567, 1034.20565373)
(5777.1543417, -6863.5564718, 1034.2056538)
(5777.24191874, -6863.54817142, 1034.20565384)
(5777.31027724, -6863.54342898, 1034.20565384)
(5777.38940399, -6863.53793133, 1034.20565383)
(5777.47592535, -6863.53162319, 1034.20565382)
(5777.5550777, -6863.52647917, 1034.20565383)
(5777.63217316, -6863.52149045, 1034.20565384)
(5777.68370424, -6863.51819005, 1034.20565383)
(5777.74637069, -6863.5142538, 1034.20565382)
(5777.83088159, -6863.50895808, 1034.20565383)
(5777.89477865, -6863.50496817, 1034.20565383)
(5777.9776419, -6863.4998638, 1034.20565382)
(5778.04080949, -6863.48992006, 1034.20565397)
(5778.11392117, -6863.46200442, 1034.20565384)
(5778.1607409, -6863.43668067, 1034.20565395)
(5778.23033871, -6863.39305765, 1034.20565386)
(5778.28766184, -6863.35987671, 1034.20565387)
(5778.36713132, -6863.31554827, 1034.20565383)
(5778.42073004, -6863.28000614, 1034.20565405)
(5778.47241764, -6863.2396266, 1034.20565378)
(5778.52363319, -6863.2001549, 1034.20565384)
(5778.58713761, -6863.15201724, 1034.20565381)
(5778.64497457, -6863.10866688, 1034.20565383)
(5778.70511996, -6863.06358099, 1034.20565383)
(5778.7596951, -6863.02212571, 1034.20565383)
(5778.80271455, -6862.98936149, 1034.20565382)
(5778.87423911, -6862.93478817, 1034.20565383)
(5778.92570202, -6862.89541323, 1034.20565382)
(5778.99481673, -6862.84241837, 1034.20565382)
(5779.05625026, -6862.80002297, 1034.20565381)
(5779.12545672, -6862.75695085, 1034.20565383)
(5779.17732734, -6862.72975042, 1034.20565368)
(5779.28312816, -6862.71114297, 1034.20565355)
(5779.3367128, -6862.70268206, 1034.20565405)
(5779.42641934, -6862.67914417, 1034.20565386)
(5779.50073632, -6862.662883, 1034.20565383)
(5779.61135388, -6862.63957246, 1034.20565382)
(5779.68700279, -6862.62439335, 1034.20565381)
(5779.76428349, -6862.60851296, 1034.20565383)
(5779.83479972, -6862.59493287, 1034.20565383)
(5779.9389592, -6862.5744517, 1034.20565378)
(5780.04244606, -6862.56303971, 1034.20565386)
(5780.10887336, -6862.55892646, 1034.20565378)
(5780.17716082, -6862.55327044, 1034.20565382)
(5780.23271459, -6862.54903019, 1034.20565383)
(5780.29037435, -6862.54455176, 1034.20565383)
(5780.35953863, -6862.53886073, 1034.20565382)
(5780.42504769, -6862.53448603, 1034.20565383)
(5780.50255016, -6862.52943542, 1034.20565383)
(5780.56479935, -6862.5253319, 1034.20565383)
(5780.63692718, -6862.52053411, 1034.20565383)
(5780.69216244, -6862.51694299, 1034.20565381)
(5780.76635636, -6862.51212967, 1034.20565383)
(5780.8261434, -6862.50843728, 1034.20565383)
(5780.90076999, -6862.50386622, 1034.20565384)
(5780.95936504, -6862.50138675, 1034.20565384)
(5781.01592015, -6862.49897672, 1034.20565382)
(5781.09226371, -6862.49543364, 1034.20565384)
(5781.16082426, -6862.49402681, 1034.20565382)
(5781.24178995, -6862.49204109, 1034.20565382)
(5781.30498525, -6862.49055814, 1034.20565383)
(5781.3884067, -6862.48848725, 1034.20565383)
(5781.44417008, -6862.48735747, 1034.20565382)
(5781.50323408, -6862.48614207, 1034.20565383)
(5781.56683196, -6862.48479389, 1034.20565383)
(5781.64694824, -6862.48313561, 1034.20565383)
(5781.71137797, -6862.48191044, 1034.20565383)
(5781.78241271, -6862.48057665, 1034.20565383)
(5781.83733481, -6862.47950586, 1034.20565383)
(5781.89680206, -6862.47838528, 1034.20565383)
(5781.95647741, -6862.47320641, 1034.20565384)
(5782.03299562, -6862.46386777, 1034.20565384)
(5782.09901573, -6862.44917228, 1034.20565371)
(5782.17687566, -6862.41076533, 1034.20565395)
(5782.23592267, -6862.37110224, 1034.2056538)
(5782.30817099, -6862.32259486, 1034.20565385)
(5782.36313966, -6862.28774277, 1034.20565382)
(5782.42709392, -6862.24727715, 1034.20565382)
(5782.46943753, -6862.2189282, 1034.20565386)
(5782.51532998, -6862.18694417, 1034.20565383)
(5782.58267648, -6862.1381482, 1034.20565383)
(5782.63509217, -6862.09997799, 1034.20565382)
(5782.7065052, -6862.04794876, 1034.20565382)
(5782.76293869, -6862.00621195, 1034.20565384)
(5782.82888995, -6861.95720593, 1034.20565383)
(5782.88022322, -6861.91902568, 1034.20565383)
(5782.92590499, -6861.88500977, 1034.20565383)
(5782.9775606, -6861.84654821, 1034.20565382)
(5783.04340388, -6861.79742169, 1034.20565382)
(5783.10386116, -6861.75635751, 1034.20565383)
(5783.17373576, -6861.71345575, 1034.2056538)
(5783.23648547, -6861.6841695, 1034.20565395)
(5783.30637781, -6861.6710049, 1034.20565417)
(5783.36427799, -6861.66221696, 1034.20565418)
(5783.41501391, -6861.6529814, 1034.20565393)
(5783.4743917, -6861.64062844, 1034.20565378)
(5783.55389702, -6861.62328886, 1034.20565382)
(5783.62101027, -6861.61188912, 1034.20565383)
(5783.70544769, -6861.59874729, 1034.20565383)
(5783.77297989, -6861.58688599, 1034.20565383)
(5783.84212443, -6861.57468536, 1034.20565383)
(5783.88916611, -6861.5685119, 1034.20565381)
(5783.94287266, -6861.56247628, 1034.20565384)
(5784.0170423, -6861.55377092, 1034.20565382)
(5784.08369601, -6861.54874132, 1034.20565386)
(5784.1635451, -6861.54313933, 1034.20565383)
(5784.22655742, -6861.5387717, 1034.20565383)
(5784.28960251, -6861.53425215, 1034.20565383)
(5784.34318516, -6861.53062143, 1034.20565383)
(5784.40541725, -6861.52629785, 1034.20565383)
(5784.47923361, -6861.52234814, 1034.20565384)
(5784.54771197, -6861.51859163, 1034.20565383)
(5784.62568502, -6861.5144336, 1034.20565383)
(5784.73166889, -6861.50849752, 1034.20565383)
(5784.82486285, -6861.50323918, 1034.20565383)
(5784.90692381, -6861.49864791, 1034.20565386)
(5784.96832175, -6861.49057897, 1034.20565377)
(5785.03994906, -6861.47995834, 1034.20565368)
(5785.08940717, -6861.46875134, 1034.20565399)
(5785.16997634, -6861.42917721, 1034.20565381)
(5785.24412359, -6861.38625878, 1034.20565377)
(5785.30051313, -6861.35052982, 1034.20565382)
(5785.3476454, -6861.31893465, 1034.20565378)
(5785.42281509, -6861.27032142, 1034.20565376)
(5785.47736407, -6861.23214029, 1034.20565374)
(5785.54626242, -6861.18090417, 1034.20565388)
(5785.6008234, -6861.14002488, 1034.20565381)
(5785.66017071, -6861.09530655, 1034.20565383)
(5785.70334613, -6861.06273615, 1034.20565382)
(5785.74615238, -6861.03036669, 1034.20565383)
(5785.78990651, -6860.99721472, 1034.20565383)
(5785.83757115, -6860.96103389, 1034.20565383)
(5785.89932286, -6860.91405217, 1034.20565383)
(5785.94966635, -6860.8758655, 1034.20565383)
(5786.0078824, -6860.83166601, 1034.20565383)
(5786.06678359, -6860.79145442, 1034.20565385)
(5786.12966033, -6860.7574652, 1034.20565387)
(5786.20557243, -6860.72967187, 1034.20565382)
(5786.26750151, -6860.71522078, 1034.20565383)
(5786.33931249, -6860.70163905, 1034.20565378)
(5786.38688255, -6860.69123911, 1034.20565376)
(5786.44383785, -6860.67728142, 1034.20565382)
(5786.50341424, -6860.66374308, 1034.20565383)
(5786.56442777, -6860.65080743, 1034.20565382)
(5786.6350596, -6860.63574964, 1034.20565382)
(5786.69089083, -6860.62459989, 1034.20565383)
(5786.75932285, -6860.61097874, 1034.20565383)
(5786.80992337, -6860.60069845, 1034.20565383)
(5786.86942065, -6860.58858484, 1034.20565383)
(5786.91752643, -6860.58103503, 1034.2056538)
(5786.97528062, -6860.57378099, 1034.20565386)
(5787.02862591, -6860.56794062, 1034.20565385)
(5787.09138134, -6860.5609381, 1034.20565381)
(5787.15103056, -6860.55628448, 1034.20565384)
(5787.20822216, -6860.55196847, 1034.20565382)
(5787.27490755, -6860.54636135, 1034.20565385)
(5787.33255136, -6860.54209889, 1034.20565384)
(5787.39516981, -6860.53743894, 1034.20565383)
(5787.4532683, -6860.53324394, 1034.20565383)
(5787.50726483, -6860.52960905, 1034.20565383)
(5787.57239316, -6860.5251806, 1034.20565383)
(5787.63506386, -6860.52122467, 1034.20565383)
(5787.68865442, -6860.51775386, 1034.20565382)
(5787.75790502, -6860.51328495, 1034.20565383)
(5787.81520682, -6860.50965844, 1034.20565383)
(5787.87869079, -6860.50565599, 1034.20565383)
(5787.94176091, -6860.50168561, 1034.20565383)
(5787.99826363, -6860.49432645, 1034.20565391)
(5788.06650144, -6860.48292441, 1034.20565375)
(5788.12201424, -6860.46920587, 1034.20565406)
(5788.18986305, -6860.43447456, 1034.20565397)
(5788.23669477, -6860.40255956, 1034.20565392)
(5788.28800246, -6860.36621287, 1034.20565385)
(5788.342495, -6860.33026376, 1034.20565383)
(5788.3865613, -6860.30157028, 1034.20565382)
(5788.43664861, -6860.26853922, 1034.20565383)
(5788.48454612, -6860.23588144, 1034.20565382)
(5788.54472483, -6860.19342985, 1034.20565381)
(5788.5974316, -6860.15471386, 1034.20565382)
(5788.65407215, -6860.11165293, 1034.20565382)
(5788.69860257, -6860.07742906, 1034.20565381)
(5788.74398831, -6860.04232268, 1034.20565383)
(5788.79388356, -6860.0035793, 1034.20565382)
(5788.84036392, -6859.96781153, 1034.20565382)
(5788.89207221, -6859.92800799, 1034.20565383)
(5788.94633136, -6859.88612907, 1034.20565382)
(5788.9852031, -6859.85607874, 1034.20565382)
(5789.02861907, -6859.82246139, 1034.20565382)
(5789.07758045, -6859.784532, 1034.20565382)
(5789.12391302, -6859.74860277, 1034.20565383)
(5789.16761467, -6859.71467293, 1034.20565382)
(5789.20804361, -6859.68325795, 1034.20565383)
(5789.24814424, -6859.65208737, 1034.20565383)
(5789.29281164, -6859.61736474, 1034.20565383)
(5789.3381421, -6859.58214004, 1034.20565384)
