15: ((43.5379856903, 45.12821464), (43.5383815554, 45.1285379402))

10: ((43.5380001602, 45.1281505234), (43.5382052415, 45.1287845582))

5: ((43.5374814158, 45.1281237391), (43.5381222749, 45.1286630726))

1: ((43.5379025471, 45.1280597047), (43.5381622282, 45.1287435218))

6: ((43.5379549073, 45.12794037), (43.5384582789, 45.1285706032))

3: ((43.5375056345, 45.127996978), (43.5379303857, 45.128693907))

12: ((43.537786286, 45.1279212123), (43.5381068338, 45.1286867756))

9: ((43.5375741695, 45.1281094119), (43.5380618866, 45.1288398763))

4: ((43.5381560808, 45.1279114829), (43.5384630133, 45.1287209021))

13: ((43.53774829, 45.1279865597), (43.5380636147, 45.128821846))

2: ((43.5378525495, 45.1280750826), (43.5383117385, 45.1288768622))

14: ((43.5381061219, 45.1278994784), (43.5381036814, 45.1289570286))

11: ((43.5374152788, 45.1278743594), (43.5385997982, 45.1286579053))

8: ((43.5375839445, 45.1278115357), (43.5386686163, 45.1288189118))

