1: ((43.081065925, 45.2643700457), (43.0820541147, 45.2649807353))

3: ((43.0812797931, 45.2642971477), (43.0824205818, 45.2650763811))

9: ((43.0813134128, 45.2641801541), (43.0824338579, 45.2649756005))

8: ((43.0810576493, 45.2644404416), (43.0822736292, 45.2651476439))

2: ((43.081069469, 45.264360894), (43.0823265524, 45.2650931149))

11: ((43.0813273631, 45.2643567336), (43.0826612913, 45.2651310445))

5: ((43.0812622015, 45.2640519638), (43.0824294417, 45.2649943895))

10: ((43.0807841699, 45.2643644039), (43.0823034251, 45.2648975808))

7: ((43.0808876298, 45.2644429831), (43.0825323073, 45.2648894356))

4: ((43.0810875491, 45.2641053704), (43.0824554377, 45.2650304014))

15: ((43.0810577047, 45.2643984155), (43.0826940823, 45.264891669))

13: ((43.0811367178, 45.2639721174), (43.0826645365, 45.2649131655))

14: ((43.0808303627, 45.2642184414), (43.0824477887, 45.2651107119))

12: ((43.0808285777, 45.264166806), (43.0824737138, 45.2651026598))

6: ((43.0810286356, 45.2641343977), (43.0827434643, 45.2650625625))

