10: ((43.0691466245, 44.9464331933), (43.0697598039, 44.9465551533))

3: ((43.0691199348, 44.9463997452), (43.0695483563, 44.9467625563))

8: ((43.0691045018, 44.9464042805), (43.0697680298, 44.9467260038))

1: ((43.068997612, 44.9461762591), (43.0694793589, 44.946635524))

6: ((43.0688106825, 44.9462444157), (43.0695966836, 44.9464967559))

2: ((43.0690709886, 44.9462451139), (43.0698451768, 44.9467441144))

5: ((43.0689885031, 44.946263496), (43.0699402566, 44.9465793169))

4: ((43.0688452122, 44.9462473), (43.0697638415, 44.9466864327))

7: ((43.0687525383, 44.9462477019), (43.0697194565, 44.9466890831))

9: ((43.0688409281, 44.946152808), (43.0697653001, 44.9467636407))

