5: ((44.1105686048, 41.724857677), (44.1087955807, 41.7248753128))

4: ((44.1104667818, 41.724799965), (44.1089278916, 41.724846347))

6: ((44.1107315813, 41.7248010327), (44.1089290935, 41.7247957996))

7: ((44.1105373268, 41.7247349414), (44.1085297099, 41.7247718147))

1: ((44.1106258901, 41.7248839323), (44.108669184, 41.7248370063))

9: ((44.1106619945, 41.7246499593), (44.1089154217, 41.7249598646))

2: ((44.1108066168, 41.7248334328), (44.1085215711, 41.7247563296))

3: ((44.1107982648, 41.7248215665), (44.108790018, 41.7248146458))

8: ((44.1108359885, 41.7247365991), (44.108709846, 41.7249766898))

10: ((44.1105301028, 41.7248426309), (44.1086220758, 41.7249650141))

