5: ((44.0949951165, 41.7318693398), (44.0949078011, 41.7356589205))

4: ((44.0948852229, 41.7318347595), (44.0973372961, 41.7354189533))

7: ((44.0951198719, 41.7317321558), (44.0961496503, 41.7319353603))

1: ((44.0950773092, 41.7318321146), (44.0961207577, 41.7318397373))

2: ((44.0949371886, 41.7318778537), (44.0959066289, 41.7318718711))

6: ((44.0951486234, 41.73182038), (44.0962094267, 41.7319613034))

10: ((44.0950266101, 41.7317460812), (44.0960900055, 41.732099189))

9: ((44.0949378356, 41.732011843), (44.0961168315, 41.7318932003))

3: ((44.0950919753, 41.7317249519), (44.0959487801, 41.7318928788))

8: ((44.0952252564, 41.7318533598), (44.0959713864, 41.7318876798))

