5: ((44.0994523171, 41.7719050277), (44.0989451767, 41.771982536))

4: ((44.0996321851, 41.7719866775), (44.0992775197, 41.7721137374))

6: ((44.0994716122, 41.7719497658), (44.0989644859, 41.7721336689))

1: ((44.0997020629, 41.772123356), (44.0992824718, 41.771839396))

7: ((44.0994545718, 41.7721051275), (44.0992696275, 41.7721289717))

3: ((44.0994790828, 41.7719413902), (44.0992618936, 41.7720017941))

9: ((44.0995582928, 41.7718616604), (44.0991134561, 41.7720603048))

8: ((44.0994094228, 41.7720199544), (44.0988849241, 41.7719722185))

2: ((44.0995217196, 41.7719126658), (44.0992711091, 41.7721044237))

10: ((44.0994049053, 41.772119508), (44.0992644257, 41.7719696101))

