(17410.3808594, 6420.30078125, 112.492194798)
(17410.4609375, 6420.30078125, 112.492194798)
(17410.5410156, 6420.30126953, 112.49221583)
(17410.6210938, 6420.30175781, 112.492236861)
(17410.7011719, 6420.30224609, 112.492257892)
(17410.78125, 6420.30273438, 112.492278924)
(17410.8613281, 6420.30322266, 112.492299955)
(17410.9414062, 6420.30371094, 112.492320987)
(17411.0214844, 6420.30419922, 112.492342018)
(17411.1015625, 6420.3046875, 112.492363049)
(17411.1816406, 6420.30517578, 112.492384081)
(17411.2617188, 6420.30566406, 112.492405112)
(17411.3417969, 6420.30615234, 112.492426143)
(17411.421875, 6420.30664062, 112.492447175)
(17411.5019531, 6420.30712891, 112.492468206)
(17411.5820312, 6420.30761719, 112.492489238)
(17411.6621094, 6420.30810547, 112.492510269)
(17411.7421875, 6420.30859375, 112.4925313)
(17411.8222656, 6420.30908203, 112.492552332)
(17411.9023438, 6420.30957031, 112.492573363)
(17411.9824219, 6420.31005859, 112.492594395)
(17412.0625, 6420.31054688, 112.492615426)
(17412.1425781, 6420.31054688, 112.492615426)
(17412.2226562, 6420.31054688, 112.492615426)
(17412.3027344, 6420.31054688, 112.492615426)
(17412.3828125, 6420.31103516, 112.492636457)
(17412.4628906, 6420.31103516, 112.492636457)
(17412.5429688, 6420.31103516, 112.492636457)
(17412.6230469, 6420.31103516, 112.492636457)
(17412.703125, 6420.31103516, 112.492636457)
(17412.7832031, 6420.31103516, 112.492636457)
(17412.8632812, 6420.31103516, 112.492636457)
(17412.9433594, 6420.31103516, 112.492636457)
(17413.0234375, 6420.31103516, 112.492636457)
(17413.1035156, 6420.31103516, 112.492636457)
(17413.1835938, 6420.31103516, 112.492636457)
(17413.2636719, 6420.31103516, 112.492636457)
(17413.34375, 6420.31103516, 112.492636457)
(17413.4238281, 6420.31103516, 112.492636457)
(17413.5039062, 6420.31103516, 112.492636457)
(17413.5839844, 6420.31103516, 112.492636457)
(17413.6640625, 6420.31103516, 112.492636457)
(17413.7441406, 6420.31103516, 112.492636457)
(17413.8242188, 6420.31103516, 112.492636457)
(17413.9042969, 6420.31103516, 112.492636457)
(17413.984375, 6420.31103516, 112.492636457)
(17414.0644531, 6420.31103516, 112.492636457)
(17414.1445312, 6420.31103516, 112.492636457)
(17414.2246094, 6420.31103516, 112.492636457)
(17414.3046875, 6420.31103516, 112.492636457)
(17414.3847656, 6420.31103516, 112.492636457)
(17414.4648438, 6420.31103516, 112.492636457)
(17414.5449219, 6420.31103516, 112.492636457)
(17414.625, 6420.31103516, 112.492636457)
(17414.7050781, 6420.31103516, 112.492636457)
(17414.7851562, 6420.31103516, 112.492636457)
(17414.8652344, 6420.31103516, 112.492636457)
(17414.9433594, 6420.32373047, 112.493183274)
(17415.0195312, 6420.34863281, 112.494255874)
(17415.0898438, 6420.38525391, 112.495833229)
(17415.1542969, 6420.43261719, 112.497873274)
(17415.2148438, 6420.48583984, 112.500165695)
(17415.2753906, 6420.5390625, 112.502458117)
(17415.3339844, 6420.59228516, 112.504750538)
(17415.3925781, 6420.64550781, 112.50704296)
(17415.4511719, 6420.69873047, 112.509335381)
(17415.5117188, 6420.75195312, 112.511627803)
(17415.5722656, 6420.80517578, 112.513920224)
(17415.6308594, 6420.85839844, 112.516212646)
(17415.6894531, 6420.91162109, 112.518505067)
(17415.7480469, 6420.96484375, 112.520797489)
(17415.8085938, 6421.01806641, 112.52308991)
(17415.8691406, 6421.07128906, 112.525382332)
(17415.9296875, 6421.12451172, 112.527674753)
(17415.9882812, 6421.17773438, 112.529967175)
(17416.046875, 6421.23095703, 112.532259596)
(17416.1054688, 6421.28417969, 112.534552018)
(17416.1640625, 6421.33740234, 112.536844439)
(17416.2246094, 6421.390625, 112.539136861)
(17416.2851562, 6421.44384766, 112.541429283)
(17416.3457031, 6421.49707031, 112.543721704)
(17416.4042969, 6421.55029297, 112.546014126)
(17416.4628906, 6421.60351562, 112.548306547)
(17416.5214844, 6421.65673828, 112.550598969)
(17416.5800781, 6421.70996094, 112.55289139)
(17416.640625, 6421.76318359, 112.555183812)
(17416.7011719, 6421.81640625, 112.557476233)
(17416.7617188, 6421.86962891, 112.559768655)
(17416.8203125, 6421.92285156, 112.562061076)
(17416.8789062, 6421.97607422, 112.564353498)
(17416.9375, 6422.02929688, 112.566645919)
(17416.9960938, 6422.08251953, 112.568938341)
(17417.0566406, 6422.13574219, 112.571230762)
(17417.1171875, 6422.18896484, 112.573523184)
(17417.1777344, 6422.2421875, 112.575815605)
(17417.2363281, 6422.29541016, 112.578108027)
(17417.2949219, 6422.34863281, 112.580400448)
(17417.3535156, 6422.40185547, 112.58269287)
(17417.4121094, 6422.45507812, 112.584985291)
(17417.4726562, 6422.50830078, 112.587277713)
(17417.5234375, 6422.56982422, 112.589927668)
(17417.5644531, 6422.63867188, 112.592893094)
(17417.59375, 6422.71289062, 112.596089865)
(17417.6113281, 6422.79101562, 112.599454888)
(17417.6171875, 6422.87060547, 112.602883004)
(17417.6230469, 6422.95019531, 112.606311121)
(17417.6289062, 6423.02978516, 112.609739238)
(17417.6347656, 6423.109375, 112.613167354)
(17417.640625, 6423.18896484, 112.616595471)
(17417.6464844, 6423.26855469, 112.620023587)
(17417.6523438, 6423.34814453, 112.623451704)
(17417.6582031, 6423.42773438, 112.626879821)
(17417.6640625, 6423.50732422, 112.630307937)
(17417.6699219, 6423.58691406, 112.633736054)
(17417.6757812, 6423.66650391, 112.63716417)
(17417.6816406, 6423.74609375, 112.640592287)
(17417.6875, 6423.82568359, 112.644020404)
(17417.6933594, 6423.90527344, 112.64744852)
(17417.6992188, 6423.98486328, 112.650876637)
(17417.7050781, 6424.06445312, 112.654304753)
(17417.7109375, 6424.14404297, 112.65773287)
(17417.71875, 6424.22363281, 112.661160987)
(17417.7265625, 6424.30322266, 112.664589103)
(17417.734375, 6424.3828125, 112.66801722)
(17417.7402344, 6424.46240234, 112.671445336)
(17417.7460938, 6424.54199219, 112.674873453)
(17417.7519531, 6424.62158203, 112.67830157)
(17417.7597656, 6424.70117188, 112.681729686)
(17417.7675781, 6424.78076172, 112.685157803)
(17417.7753906, 6424.86035156, 112.688585919)
(17417.7714844, 6424.93994141, 112.692014036)
(17417.7558594, 6425.01806641, 112.695379058)
(17417.7285156, 6425.09326172, 112.698617892)
(17417.6894531, 6425.16308594, 112.701625381)
(17417.640625, 6425.22607422, 112.70433843)
(17417.5878906, 6425.28564453, 112.70690426)
(17417.5351562, 6425.34521484, 112.70947009)
(17417.4824219, 6425.40478516, 112.712035919)
(17417.4296875, 6425.46435547, 112.714601749)
(17417.3769531, 6425.52392578, 112.717167578)
(17417.3242188, 6425.58349609, 112.719733408)
(17417.2714844, 6425.64306641, 112.722299238)
(17417.21875, 6425.70263672, 112.724865067)
(17417.1660156, 6425.76220703, 112.727430897)
(17417.1132812, 6425.82177734, 112.729996726)
(17417.0605469, 6425.88085938, 112.732541525)
(17417.0078125, 6425.93994141, 112.735086323)
(17416.9550781, 6425.99902344, 112.737631121)
(17416.9023438, 6426.05810547, 112.740175919)
(17416.8496094, 6426.1171875, 112.742720717)
(17416.796875, 6426.17626953, 112.745265516)
(17416.7441406, 6426.23535156, 112.747810314)
(17416.6894531, 6426.29443359, 112.750355112)
(17416.6347656, 6426.35351562, 112.75289991)
(17416.5800781, 6426.41259766, 112.755444709)
(17416.5273438, 6426.47167969, 112.757989507)
(17416.4746094, 6426.53076172, 112.760534305)
(17416.421875, 6426.58984375, 112.763079103)
(17416.3691406, 6426.64892578, 112.765623901)
(17416.3144531, 6426.70800781, 112.7681687)
(17416.2597656, 6426.76708984, 112.770713498)
(17416.2050781, 6426.82617188, 112.773258296)
(17416.1523438, 6426.88525391, 112.775803094)
(17416.0996094, 6426.94433594, 112.778347892)
(17416.046875, 6427.00341797, 112.780892691)
(17416.0039062, 6427.07080078, 112.783795022)
(17415.9726562, 6427.14404297, 112.786949731)
(17415.953125, 6427.22167969, 112.790293722)
(17415.9453125, 6427.30126953, 112.793721839)
(17415.9492188, 6427.38085938, 112.797149955)
(17415.9648438, 6427.45898438, 112.800514978)
(17415.9921875, 6427.53417969, 112.803753812)
(17416.0078125, 6427.61279297, 112.807139865)
(17416.0117188, 6427.69287109, 112.810589013)
(17416.0273438, 6427.77099609, 112.813954036)
(17416.03125, 6427.85107422, 112.817403184)
(17416.046875, 6427.92919922, 112.820768206)
(17416.0507812, 6428.00927734, 112.824217354)
(17416.0664062, 6428.08740234, 112.827582377)
(17416.0800781, 6428.16650391, 112.830989462)
(17416.0976562, 6428.24462891, 112.834354484)
(17416.1210938, 6428.32128906, 112.837656413)
(17416.1484375, 6428.39648438, 112.840895247)
(17416.1777344, 6428.47070312, 112.844092018)
(17416.2089844, 6428.54443359, 112.847267758)
(17416.2402344, 6428.61816406, 112.850443498)
(17416.2714844, 6428.69189453, 112.853619238)
(17416.3027344, 6428.765625, 112.856794978)
(17416.3339844, 6428.83935547, 112.859970717)
(17416.3632812, 6428.91357422, 112.863167489)
(17416.390625, 6428.98828125, 112.866385291)
(17416.4101562, 6429.06542969, 112.869708251)
(17416.4257812, 6429.14404297, 112.873094305)
(17416.4296875, 6429.22412109, 112.876543453)
(17416.4296875, 6429.30419922, 112.879992601)
(17416.4179688, 6429.38330078, 112.883399686)
(17416.3945312, 6429.45947266, 112.886680583)
(17416.3828125, 6429.53857422, 112.890087668)
(17416.359375, 6429.61474609, 112.893368565)
(17416.3242188, 6429.68652344, 112.896460179)
(17416.3007812, 6429.76318359, 112.899762108)
(17416.265625, 6429.83496094, 112.902853722)
(17416.2421875, 6429.91162109, 112.90615565)
(17416.2070312, 6429.98339844, 112.909247265)
(17416.1835938, 6430.06005859, 112.912549193)
(17416.1484375, 6430.13183594, 112.915640807)
(17416.125, 6430.20849609, 112.918942735)
(17416.0898438, 6430.28027344, 112.92203435)
(17416.0429688, 6430.34570312, 112.924852556)
(17416.0078125, 6430.41699219, 112.927923139)
(17415.9609375, 6430.48242188, 112.930741345)
(17415.9257812, 6430.55371094, 112.933811928)
(17415.8789062, 6430.61914062, 112.936630135)
(17415.84375, 6430.69042969, 112.939700717)
(17415.796875, 6430.75585938, 112.942518924)
(17415.7402344, 6430.81298828, 112.944979596)
(17415.6933594, 6430.87792969, 112.947776771)
(17415.6367188, 6430.93457031, 112.950216413)
(17415.5898438, 6430.99951172, 112.953013587)
(17415.5332031, 6431.05615234, 112.955453229)
(17415.4863281, 6431.12109375, 112.958250404)
(17415.4296875, 6431.17773438, 112.960690045)
(17415.3652344, 6431.22460938, 112.962709058)
(17415.2949219, 6431.26074219, 112.964265381)
(17415.21875, 6431.28564453, 112.965337982)
(17415.140625, 6431.29833984, 112.965884798)
(17415.0605469, 6431.29882812, 112.96590583)
(17414.9824219, 6431.31201172, 112.966473677)
(17414.90625, 6431.33642578, 112.967525247)
(17414.8300781, 6431.36083984, 112.968576816)
(17414.7539062, 6431.38525391, 112.969628386)
(17414.6777344, 6431.40966797, 112.970679955)
(17414.6015625, 6431.43408203, 112.971731525)
(17414.5253906, 6431.45849609, 112.972783094)
(17414.4492188, 6431.48291016, 112.973834664)
(17414.3730469, 6431.50732422, 112.974886233)
(17414.296875, 6431.53173828, 112.975937803)
(17414.2207031, 6431.55615234, 112.976989372)
(17414.1445312, 6431.58056641, 112.978040942)
(17414.0683594, 6431.60498047, 112.979092511)
(17413.9921875, 6431.62939453, 112.980144081)
(17413.9160156, 6431.65380859, 112.98119565)
(17413.8398438, 6431.67822266, 112.98224722)
(17413.7636719, 6431.70263672, 112.983298789)
(17413.6875, 6431.72705078, 112.984350359)
(17413.6113281, 6431.75146484, 112.985401928)
(17413.5351562, 6431.77587891, 112.986453498)
(17413.4589844, 6431.80029297, 112.987505067)
(17413.3828125, 6431.82470703, 112.988556637)
(17413.3066406, 6431.84912109, 112.989608206)
(17413.2304688, 6431.87353516, 112.990659776)
(17413.1542969, 6431.89794922, 112.991711345)
(17413.078125, 6431.92236328, 112.992762915)
(17413.0019531, 6431.94677734, 112.993814484)
(17412.9257812, 6431.97119141, 112.994866054)
(17412.8496094, 6431.99560547, 112.995917623)
(17412.7734375, 6432.02001953, 112.996969193)
(17412.6972656, 6432.04443359, 112.998020762)
(17412.6210938, 6432.06884766, 112.999072332)
(17412.5449219, 6432.09326172, 113.000123901)
(17412.46875, 6432.11767578, 113.001175471)
(17412.3925781, 6432.14208984, 113.00222704)
(17412.3164062, 6432.16650391, 113.00327861)
(17412.2402344, 6432.19091797, 113.004330179)
(17412.1640625, 6432.21533203, 113.005381749)
(17412.0878906, 6432.23974609, 113.006433318)
(17412.0117188, 6432.26416016, 113.007484888)
(17411.9355469, 6432.28857422, 113.008536457)
(17411.859375, 6432.31298828, 113.009588027)
(17411.7832031, 6432.33740234, 113.010639596)
(17411.7070312, 6432.36181641, 113.011691166)
(17411.6308594, 6432.38623047, 113.012742735)
(17411.5546875, 6432.41064453, 113.013794305)
(17411.4785156, 6432.43505859, 113.014845874)
(17411.4023438, 6432.45947266, 113.015897444)
(17411.3261719, 6432.48388672, 113.016949013)
(17411.25, 6432.50830078, 113.018000583)
(17411.1738281, 6432.53320312, 113.019073184)
(17411.0976562, 6432.55810547, 113.020145785)
(17411.0214844, 6432.58300781, 113.021218386)
(17410.9453125, 6432.60742188, 113.022269955)
(17410.8691406, 6432.63183594, 113.023321525)
(17410.7929688, 6432.65673828, 113.024394126)
(17410.7167969, 6432.68164062, 113.025466726)
(17410.6464844, 6432.71826172, 113.027044081)
(17410.5820312, 6432.765625, 113.029084126)
(17410.5253906, 6432.82226562, 113.031523767)
(17410.4785156, 6432.88671875, 113.03429991)
(17410.4414062, 6432.95800781, 113.037370493)
(17410.4160156, 6433.03369141, 113.040630359)
(17410.4023438, 6433.11230469, 113.044016413)
(17410.4003906, 6433.19238281, 113.047465561)
(17410.3984375, 6433.27246094, 113.050914709)
(17410.3964844, 6433.35253906, 113.054363857)
(17410.3945312, 6433.43261719, 113.057813004)
(17410.3925781, 6433.51269531, 113.061262152)
(17410.390625, 6433.59277344, 113.0647113)
(17410.3886719, 6433.67285156, 113.068160448)
(17410.3867188, 6433.75292969, 113.071609596)
(17410.3847656, 6433.83300781, 113.075058744)
(17410.3828125, 6433.91308594, 113.078507892)
(17410.3808594, 6433.99316406, 113.08195704)
(17410.3789062, 6434.07324219, 113.085406188)
(17410.3769531, 6434.15332031, 113.088855336)
(17410.375, 6434.23339844, 113.092304484)
(17410.3730469, 6434.31347656, 113.095753632)
(17410.3710938, 6434.39355469, 113.09920278)
(17410.3691406, 6434.47363281, 113.102651928)
(17410.3671875, 6434.55371094, 113.106101076)
(17410.3652344, 6434.63378906, 113.109550224)
(17410.3632812, 6434.71386719, 113.112999372)
(17410.3613281, 6434.79394531, 113.11644852)
(17410.359375, 6434.87402344, 113.119897668)
(17410.3574219, 6434.95410156, 113.123346816)
(17410.3554688, 6435.03417969, 113.126795964)
(17410.3535156, 6435.11425781, 113.130245112)
(17410.3515625, 6435.19433594, 113.13369426)
(17410.3496094, 6435.27441406, 113.137143408)
(17410.3476562, 6435.35449219, 113.140592556)
(17410.3457031, 6435.43457031, 113.144041704)
(17410.34375, 6435.51464844, 113.147490852)
(17410.3417969, 6435.59472656, 113.15094)
(17410.3398438, 6435.67480469, 113.154389148)
(17410.3378906, 6435.75488281, 113.157838296)
(17410.3359375, 6435.83496094, 113.161287444)
(17410.3339844, 6435.91503906, 113.164736592)
(17410.3339844, 6435.99511719, 113.16818574)
(17410.3339844, 6436.07519531, 113.171634888)
(17410.3339844, 6436.15527344, 113.175084036)
(17410.3320312, 6436.23535156, 113.178533184)
(17410.3300781, 6436.31542969, 113.181982332)
(17410.328125, 6436.39550781, 113.18543148)
(17410.328125, 6436.47558594, 113.188880628)
(17410.328125, 6436.55566406, 113.192329776)
(17410.328125, 6436.63574219, 113.195778924)
(17410.3261719, 6436.71582031, 113.199228072)
(17410.3242188, 6436.79589844, 113.20267722)
(17410.3222656, 6436.87597656, 113.206126368)
(17410.3222656, 6436.95605469, 113.209575516)
(17410.3222656, 6437.03613281, 113.213024664)
(17410.3222656, 6437.11621094, 113.216473812)
(17410.3203125, 6437.19628906, 113.21992296)
(17410.3183594, 6437.27636719, 113.223372108)
(17410.3164062, 6437.35644531, 113.226821256)
(17410.3164062, 6437.43652344, 113.230270404)
(17410.3164062, 6437.51660156, 113.233719552)
(17410.3164062, 6437.59667969, 113.2371687)
(17410.3164062, 6437.67675781, 113.240617848)
(17410.3164062, 6437.75683594, 113.244066996)
(17410.3164062, 6437.83691406, 113.247516143)
(17410.3164062, 6437.91699219, 113.250965291)
(17410.3164062, 6437.99707031, 113.254414439)
(17410.3164062, 6438.07714844, 113.257863587)
(17410.3164062, 6438.15722656, 113.261312735)
(17410.3164062, 6438.23730469, 113.264761883)
(17410.3164062, 6438.31738281, 113.268211031)
(17410.3164062, 6438.39746094, 113.271660179)
(17410.3164062, 6438.47753906, 113.275109327)
(17410.3164062, 6438.55761719, 113.278558475)
(17410.3164062, 6438.63769531, 113.282007623)
(17410.3164062, 6438.71777344, 113.285456771)
(17410.3164062, 6438.79785156, 113.288905919)
(17410.3164062, 6438.87792969, 113.292355067)
(17410.3164062, 6438.95800781, 113.295804215)
(17410.3164062, 6439.03808594, 113.299253363)
(17410.3164062, 6439.11816406, 113.302702511)
(17410.3164062, 6439.19824219, 113.306151659)
(17410.3164062, 6439.27832031, 113.309600807)
(17410.3164062, 6439.35839844, 113.313049955)
(17410.3164062, 6439.43847656, 113.316499103)
(17410.3164062, 6439.51855469, 113.319948251)
(17410.3164062, 6439.59863281, 113.323397399)
(17410.3164062, 6439.67871094, 113.326846547)
(17410.3164062, 6439.75878906, 113.330295695)
(17410.3164062, 6439.83886719, 113.333744843)
(17410.3164062, 6439.91894531, 113.337193991)
(17410.3164062, 6439.99902344, 113.340643139)
(17410.3164062, 6440.07910156, 113.344092287)
(17410.3164062, 6440.15917969, 113.347541435)
(17410.3164062, 6440.23925781, 113.350990583)
(17410.3164062, 6440.31933594, 113.354439731)
(17410.3164062, 6440.39941406, 113.357888879)
(17410.3164062, 6440.47949219, 113.361338027)
(17410.3164062, 6440.55957031, 113.364787175)
(17410.3164062, 6440.63964844, 113.368236323)
(17410.3164062, 6440.71972656, 113.371685471)
(17410.3164062, 6440.79980469, 113.375134619)
(17410.3164062, 6440.87988281, 113.378583767)
(17410.3164062, 6440.95996094, 113.382032915)
(17410.3164062, 6441.04003906, 113.385482063)
(17410.3164062, 6441.12011719, 113.388931211)
(17410.3164062, 6441.20019531, 113.392380359)
(17410.3164062, 6441.28027344, 113.395829507)
(17410.3164062, 6441.36035156, 113.399278655)
(17410.3164062, 6441.44042969, 113.402727803)
(17410.3164062, 6441.52050781, 113.406176951)
(17410.3164062, 6441.60058594, 113.409626099)
(17410.3164062, 6441.68066406, 113.413075247)
(17410.3164062, 6441.76074219, 113.416524395)
(17410.3164062, 6441.84082031, 113.419973543)
(17410.3164062, 6441.92089844, 113.423422691)
(17410.3164062, 6442.00097656, 113.426871839)
(17410.3164062, 6442.08105469, 113.430320987)
(17410.3164062, 6442.16113281, 113.433770135)
(17410.3164062, 6442.24121094, 113.437219283)
(17410.3164062, 6442.32128906, 113.44066843)
(17410.3164062, 6442.40136719, 113.444117578)
(17410.3164062, 6442.48144531, 113.447566726)
(17410.3164062, 6442.56152344, 113.451015874)
(17410.3164062, 6442.64160156, 113.454465022)
(17410.3164062, 6442.72167969, 113.45791417)
(17410.3164062, 6442.80175781, 113.461363318)
(17410.3164062, 6442.88183594, 113.464812466)
(17410.3164062, 6442.96191406, 113.468261614)
(17410.3164062, 6443.04199219, 113.471710762)
(17410.3164062, 6443.12207031, 113.47515991)
(17410.3164062, 6443.20214844, 113.478609058)
(17410.3164062, 6443.28222656, 113.482058206)
(17410.3164062, 6443.36230469, 113.485507354)
(17410.3164062, 6443.44238281, 113.488956502)
(17410.3164062, 6443.52246094, 113.49240565)
(17410.3164062, 6443.60253906, 113.495854798)
(17410.3164062, 6443.68261719, 113.499303946)
(17410.3164062, 6443.76269531, 113.502753094)
(17410.3164062, 6443.84277344, 113.506202242)
(17410.3164062, 6443.92285156, 113.50965139)
(17410.3164062, 6444.00292969, 113.513100538)
(17410.3164062, 6444.08300781, 113.516549686)
(17410.3164062, 6444.16308594, 113.519998834)
(17410.3164062, 6444.24316406, 113.523447982)
(17410.3164062, 6444.32324219, 113.52689713)
(17410.3164062, 6444.40332031, 113.530346278)
(17410.3164062, 6444.48339844, 113.533795426)
(17410.3164062, 6444.56347656, 113.537244574)
(17410.3164062, 6444.64355469, 113.540693722)
(17410.3164062, 6444.72363281, 113.54414287)
(17410.3164062, 6444.80371094, 113.547592018)
(17410.3164062, 6444.88378906, 113.551041166)
(17410.3164062, 6444.96386719, 113.554490314)
(17410.3164062, 6445.04394531, 113.557939462)
(17410.3164062, 6445.12402344, 113.56138861)
(17410.3164062, 6445.20410156, 113.564837758)
(17410.3164062, 6445.28417969, 113.568286906)
(17410.3164062, 6445.36425781, 113.569506726)
(17410.3164062, 6445.44433594, 113.569506726)
(17410.3164062, 6445.52441406, 113.569506726)
(17410.3164062, 6445.60449219, 113.569506726)
(17410.3164062, 6445.68457031, 113.569506726)
(17410.3164062, 6445.76464844, 113.569506726)
(17410.3164062, 6445.84472656, 113.569506726)
(17410.3164062, 6445.92480469, 113.569506726)
(17410.3164062, 6446.00488281, 113.569506726)
(17410.3164062, 6446.08496094, 113.569506726)
(17410.3164062, 6446.16503906, 113.569506726)
(17410.3164062, 6446.24511719, 113.569506726)
(17410.3164062, 6446.32519531, 113.569506726)
(17410.3164062, 6446.40527344, 113.569506726)
(17410.3164062, 6446.48535156, 113.569506726)
(17410.3164062, 6446.56542969, 113.569506726)
(17410.3164062, 6446.64550781, 113.569506726)
(17410.3164062, 6446.72558594, 113.569506726)
(17410.3164062, 6446.80566406, 113.569506726)
(17410.3164062, 6446.88574219, 113.569506726)
(17410.3164062, 6446.96582031, 113.569506726)
(17410.3164062, 6447.04589844, 113.569506726)
(17410.3164062, 6447.12597656, 113.569506726)
(17410.3164062, 6447.20605469, 113.569506726)
(17410.3164062, 6447.28613281, 113.569506726)
(17410.3164062, 6447.36621094, 113.569506726)
(17410.3164062, 6447.44628906, 113.569506726)
(17410.3164062, 6447.52636719, 113.569506726)
(17410.3164062, 6447.60644531, 113.569506726)
(17410.3164062, 6447.68652344, 113.569506726)
(17410.3164062, 6447.76660156, 113.569506726)
(17410.3164062, 6447.84667969, 113.569506726)
(17410.3164062, 6447.92675781, 113.569506726)
(17410.3164062, 6448.00683594, 113.569506726)
(17410.3164062, 6448.08691406, 113.569506726)
(17410.3164062, 6448.16699219, 113.569506726)
(17410.3164062, 6448.24707031, 113.569506726)
(17410.3164062, 6448.32714844, 113.569506726)
(17410.3164062, 6448.40722656, 113.569506726)
(17410.3164062, 6448.48730469, 113.569506726)
(17410.3164062, 6448.56738281, 113.569506726)
(17410.3164062, 6448.64746094, 113.569506726)
(17410.3164062, 6448.72753906, 113.569506726)
(17410.3164062, 6448.80761719, 113.569506726)
(17410.3164062, 6448.88769531, 113.569506726)
(17410.3164062, 6448.96777344, 113.569506726)
(17410.3164062, 6449.04785156, 113.569506726)
(17410.3164062, 6449.12792969, 113.569506726)
(17410.3164062, 6449.20800781, 113.569506726)
(17410.3164062, 6449.28808594, 113.569506726)
(17410.3164062, 6449.36816406, 113.569506726)
(17410.3164062, 6449.44824219, 113.569506726)
(17410.3164062, 6449.52832031, 113.569506726)
(17410.3164062, 6449.60839844, 113.569506726)
(17410.3164062, 6449.68847656, 113.569506726)
(17410.3164062, 6449.76855469, 113.569506726)
(17410.3164062, 6449.84863281, 113.569506726)
(17410.3164062, 6449.92871094, 113.569506726)
(17410.3164062, 6450.00878906, 113.569506726)
(17410.3164062, 6450.08886719, 113.569506726)
(17410.3164062, 6450.16894531, 113.569506726)
(17410.3164062, 6450.24902344, 113.569506726)
(17410.3164062, 6450.32910156, 113.569506726)
(17410.3164062, 6450.40917969, 113.569506726)
(17410.3164062, 6450.48925781, 113.569506726)
(17410.3164062, 6450.56933594, 113.569506726)
(17410.3164062, 6450.64941406, 113.569506726)
(17410.3164062, 6450.72949219, 113.569506726)
(17410.3164062, 6450.80957031, 113.569506726)
(17410.3164062, 6450.88964844, 113.569506726)
(17410.3164062, 6450.96972656, 113.569506726)
(17410.3164062, 6451.04980469, 113.569506726)
(17410.3164062, 6451.12988281, 113.569506726)
(17410.3164062, 6451.20996094, 113.569506726)
(17410.3164062, 6451.29003906, 113.569506726)
(17410.3164062, 6451.37011719, 113.569506726)
(17410.3164062, 6451.45019531, 113.569506726)
(17410.3164062, 6451.53027344, 113.569506726)
(17410.3164062, 6451.61035156, 113.569506726)
(17410.3164062, 6451.69042969, 113.569506726)
(17410.3164062, 6451.77050781, 113.569506726)
(17410.3164062, 6451.85058594, 113.569506726)
(17410.3164062, 6451.93066406, 113.569506726)
(17410.3164062, 6452.01074219, 113.569506726)
(17410.3164062, 6452.09082031, 113.569506726)
(17410.3164062, 6452.17089844, 113.569506726)
(17410.3164062, 6452.25097656, 113.569506726)
(17410.3164062, 6452.33105469, 113.569506726)
(17410.3164062, 6452.41113281, 113.569506726)
(17410.3164062, 6452.49121094, 113.569506726)
(17410.3164062, 6452.57128906, 113.569506726)
(17410.3164062, 6452.65136719, 113.569506726)
(17410.3164062, 6452.73144531, 113.569506726)
(17410.3164062, 6452.81152344, 113.569506726)
(17410.3164062, 6452.89160156, 113.569506726)
(17410.3164062, 6452.97167969, 113.569506726)
(17410.3164062, 6453.05175781, 113.569506726)
(17410.3164062, 6453.13183594, 113.569506726)
(17410.3164062, 6453.21191406, 113.569506726)
(17410.3164062, 6453.29199219, 113.569506726)
(17410.3164062, 6453.37207031, 113.569506726)
(17410.3164062, 6453.45214844, 113.569506726)
(17410.3164062, 6453.53222656, 113.569506726)
(17410.3164062, 6453.61230469, 113.569506726)
(17410.3164062, 6453.69238281, 113.569506726)
(17410.3164062, 6453.77246094, 113.569506726)
(17410.3164062, 6453.85253906, 113.569506726)
(17410.3164062, 6453.93261719, 113.569506726)
(17410.3164062, 6454.01269531, 113.569506726)
(17410.3164062, 6454.09277344, 113.569506726)
(17410.3164062, 6454.17285156, 113.569506726)
(17410.3164062, 6454.25292969, 113.569506726)
(17410.3164062, 6454.33300781, 113.569506726)
(17410.3164062, 6454.41308594, 113.569506726)
(17410.3164062, 6454.49316406, 113.569506726)
(17410.3164062, 6454.57324219, 113.569506726)
(17410.3164062, 6454.65332031, 113.569506726)
(17410.3164062, 6454.73339844, 113.569506726)
(17410.3164062, 6454.81347656, 113.569506726)
(17410.3164062, 6454.89355469, 113.569506726)
(17410.3164062, 6454.97363281, 113.569506726)
(17410.3164062, 6455.05371094, 113.569506726)
(17410.3164062, 6455.13378906, 113.569506726)
(17410.3164062, 6455.21386719, 113.569506726)
(17410.3164062, 6455.29394531, 113.569506726)
(17410.3164062, 6455.37402344, 113.569506726)
(17410.3164062, 6455.45410156, 113.569506726)
(17410.3164062, 6455.53417969, 113.569506726)
(17410.3164062, 6455.61425781, 113.569506726)
(17410.3164062, 6455.69433594, 113.569506726)
(17410.3164062, 6455.77441406, 113.569506726)
(17410.3164062, 6455.85449219, 113.569506726)
(17410.3164062, 6455.93457031, 113.569506726)
(17410.3164062, 6456.01464844, 113.569506726)
(17410.3164062, 6456.09472656, 113.569506726)
(17410.3164062, 6456.17480469, 113.569506726)
(17410.3164062, 6456.25488281, 113.569506726)
(17410.3164062, 6456.33496094, 113.569506726)
(17410.3164062, 6456.41503906, 113.569506726)
(17410.3164062, 6456.49511719, 113.569506726)
(17410.3164062, 6456.57519531, 113.569506726)
(17410.3164062, 6456.65527344, 113.569506726)
(17410.3164062, 6456.73535156, 113.569506726)
(17410.3164062, 6456.81542969, 113.569506726)
(17410.3164062, 6456.89550781, 113.569506726)
(17410.3164062, 6456.97558594, 113.569506726)
(17410.3164062, 6457.05566406, 113.569506726)
(17410.3164062, 6457.13574219, 113.569506726)
(17410.3164062, 6457.21582031, 113.569506726)
(17410.3164062, 6457.29589844, 113.569506726)
(17410.3164062, 6457.37597656, 113.569506726)
(17410.3164062, 6457.45605469, 113.569506726)
(17410.3164062, 6457.53613281, 113.569506726)
(17410.3164062, 6457.61621094, 113.569506726)
(17410.3164062, 6457.69628906, 113.569506726)
(17410.3164062, 6457.77636719, 113.569506726)
(17410.3164062, 6457.85644531, 113.569506726)
(17410.3164062, 6457.93652344, 113.569506726)
(17410.3164062, 6458.01660156, 113.569506726)
(17410.3164062, 6458.09667969, 113.569506726)
(17410.3164062, 6458.17675781, 113.569506726)
(17410.3164062, 6458.25683594, 113.569506726)
(17410.3164062, 6458.33691406, 113.569506726)
(17410.3164062, 6458.41699219, 113.569506726)
(17410.3164062, 6458.49707031, 113.569506726)
(17410.3164062, 6458.57714844, 113.569506726)
(17410.3164062, 6458.65722656, 113.569506726)
(17410.3164062, 6458.73730469, 113.569506726)
(17410.3164062, 6458.81738281, 113.569506726)
(17410.3164062, 6458.89746094, 113.569506726)
(17410.3164062, 6458.97753906, 113.569506726)
(17410.3164062, 6459.05761719, 113.569506726)
(17410.3164062, 6459.13769531, 113.569506726)
(17410.3164062, 6459.21777344, 113.569506726)
(17410.3164062, 6459.29785156, 113.569506726)
(17410.3164062, 6459.37792969, 113.569506726)
(17410.3164062, 6459.45800781, 113.569506726)
(17410.3164062, 6459.53808594, 113.569506726)
(17410.3164062, 6459.61816406, 113.569506726)
(17410.3164062, 6459.69824219, 113.569506726)
(17410.3164062, 6459.77832031, 113.569506726)
(17410.3164062, 6459.85839844, 113.569506726)
(17410.3164062, 6459.93847656, 113.569506726)
(17410.3164062, 6460.01855469, 113.569506726)
(17410.3164062, 6460.09863281, 113.569506726)
(17410.3164062, 6460.17871094, 113.569506726)
(17410.3164062, 6460.25878906, 113.569506726)
(17410.3164062, 6460.33886719, 113.569506726)
(17410.3164062, 6460.41894531, 113.569506726)
(17410.3164062, 6460.49902344, 113.569506726)
(17410.3164062, 6460.57910156, 113.569506726)
(17410.3164062, 6460.65917969, 113.569506726)
(17410.3164062, 6460.73925781, 113.569506726)
(17410.3164062, 6460.81933594, 113.569506726)
(17410.3164062, 6460.89941406, 113.569506726)
(17410.3164062, 6460.97949219, 113.569506726)
(17410.3164062, 6461.05957031, 113.569506726)
(17410.3164062, 6461.13964844, 113.569506726)
(17410.3164062, 6461.21972656, 113.569506726)
(17410.3164062, 6461.29980469, 113.569506726)
(17410.3164062, 6461.37988281, 113.569506726)
(17410.3164062, 6461.45996094, 113.569506726)
(17410.3164062, 6461.54003906, 113.569506726)
(17410.3164062, 6461.62011719, 113.569506726)
(17410.3164062, 6461.70019531, 113.569506726)
(17410.3164062, 6461.78027344, 113.569506726)
(17410.3164062, 6461.86035156, 113.569506726)
(17410.3164062, 6461.94042969, 113.569506726)
(17410.3164062, 6462.02050781, 113.569506726)
(17410.3164062, 6462.10058594, 113.569506726)
(17410.3164062, 6462.18066406, 113.569506726)
(17410.3164062, 6462.26074219, 113.569506726)
(17410.3164062, 6462.34082031, 113.569506726)
(17410.3164062, 6462.42089844, 113.569506726)
(17410.3164062, 6462.50097656, 113.569506726)
(17410.3164062, 6462.58105469, 113.569506726)
(17410.3164062, 6462.66113281, 113.569506726)
(17410.3164062, 6462.74121094, 113.569506726)
(17410.3164062, 6462.82128906, 113.569506726)
(17410.3164062, 6462.90136719, 113.569506726)
(17410.3164062, 6462.98144531, 113.569506726)
(17410.3164062, 6463.06152344, 113.569506726)
(17410.3164062, 6463.14160156, 113.569506726)
(17410.3164062, 6463.22167969, 113.569506726)
(17410.3164062, 6463.30175781, 113.569506726)
(17410.3164062, 6463.38183594, 113.569506726)
(17410.3164062, 6463.46191406, 113.569506726)
(17410.3164062, 6463.54199219, 113.569506726)
(17410.3164062, 6463.62207031, 113.569506726)
(17410.3164062, 6463.70214844, 113.569506726)
(17410.3164062, 6463.78222656, 113.569506726)
(17410.3164062, 6463.86230469, 113.569506726)
(17410.3164062, 6463.94238281, 113.569506726)
(17410.3164062, 6464.02246094, 113.569506726)
(17410.3164062, 6464.10253906, 113.569506726)
(17410.3164062, 6464.18261719, 113.569506726)
(17410.3164062, 6464.26269531, 113.569506726)
(17410.3164062, 6464.34277344, 113.569506726)
(17410.3164062, 6464.42285156, 113.569506726)
(17410.3164062, 6464.50292969, 113.569506726)
(17410.3164062, 6464.58300781, 113.569506726)
(17410.3164062, 6464.66308594, 113.569506726)
(17410.3164062, 6464.74316406, 113.569506726)
(17410.3164062, 6464.82324219, 113.569506726)
(17410.3164062, 6464.90332031, 113.569506726)
(17410.3164062, 6464.98339844, 113.569506726)
(17410.3164062, 6465.06347656, 113.569506726)
(17410.3164062, 6465.14355469, 113.569506726)
(17410.3164062, 6465.22363281, 113.569506726)
(17410.3164062, 6465.30371094, 113.569506726)
(17410.3164062, 6465.38378906, 113.569506726)
(17410.3164062, 6465.46386719, 113.569506726)
(17410.3164062, 6465.54394531, 113.569506726)
(17410.3164062, 6465.62402344, 113.569506726)
(17410.3164062, 6465.70410156, 113.569506726)
(17410.3164062, 6465.78417969, 113.569506726)
(17410.3164062, 6465.86425781, 113.569506726)
(17410.3164062, 6465.94433594, 113.569506726)
(17410.3164062, 6466.02441406, 113.569506726)
(17410.3164062, 6466.10449219, 113.569506726)
(17410.3164062, 6466.18457031, 113.569506726)
(17410.3164062, 6466.26464844, 113.569506726)
(17410.3164062, 6466.34472656, 113.569506726)
(17410.3164062, 6466.42480469, 113.569506726)
(17410.3164062, 6466.50488281, 113.569506726)
(17410.3164062, 6466.58496094, 113.569506726)
(17410.3164062, 6466.66503906, 113.569506726)
(17410.3164062, 6466.74511719, 113.569506726)
(17410.3164062, 6466.82519531, 113.569506726)
(17410.3164062, 6466.90527344, 113.569506726)
(17410.3164062, 6466.98535156, 113.569506726)
(17410.3164062, 6467.06542969, 113.569506726)
(17410.3164062, 6467.14550781, 113.569506726)
(17410.3164062, 6467.22558594, 113.569506726)
(17410.3164062, 6467.30566406, 113.569506726)
(17410.3164062, 6467.38574219, 113.569506726)
(17410.3164062, 6467.46582031, 113.569506726)
(17410.3164062, 6467.54589844, 113.569506726)
(17410.3164062, 6467.62597656, 113.569506726)
(17410.3164062, 6467.70605469, 113.569506726)
(17410.3164062, 6467.78613281, 113.569506726)
(17410.3164062, 6467.86621094, 113.569506726)
(17410.3164062, 6467.94628906, 113.569506726)
(17410.3164062, 6468.02636719, 113.569506726)
(17410.3164062, 6468.10644531, 113.569506726)
(17410.3164062, 6468.18652344, 113.569506726)
(17410.3164062, 6468.26660156, 113.569506726)
(17410.3164062, 6468.34667969, 113.569506726)
(17410.3164062, 6468.42675781, 113.569506726)
(17410.3164062, 6468.50683594, 113.569506726)
(17410.3164062, 6468.58691406, 113.569506726)
(17410.3164062, 6468.66699219, 113.569506726)
(17410.3164062, 6468.74707031, 113.569506726)
(17410.3164062, 6468.82714844, 113.569506726)
(17410.3164062, 6468.90722656, 113.569506726)
(17410.3164062, 6468.98730469, 113.569506726)
(17410.3164062, 6469.06738281, 113.569506726)
(17410.3164062, 6469.14746094, 113.569506726)
(17410.3164062, 6469.22753906, 113.569506726)
(17410.3164062, 6469.30761719, 113.569506726)
(17410.3164062, 6469.38769531, 113.569506726)
(17410.3164062, 6469.46777344, 113.569506726)
(17410.3164062, 6469.54785156, 113.569506726)
(17410.3164062, 6469.62792969, 113.569506726)
(17410.3164062, 6469.70800781, 113.569506726)
(17410.3164062, 6469.78808594, 113.569506726)
(17410.3164062, 6469.86816406, 113.569506726)
(17410.3164062, 6469.94824219, 113.569506726)
(17410.3164062, 6470.02832031, 113.569506726)
(17410.3164062, 6470.10839844, 113.569506726)
(17410.3164062, 6470.18847656, 113.569506726)
(17410.3164062, 6470.26855469, 113.569506726)
(17410.3164062, 6470.34863281, 113.569506726)
(17410.3164062, 6470.42871094, 113.569506726)
(17410.3164062, 6470.50878906, 113.569506726)
(17410.3164062, 6470.58886719, 113.569506726)
(17410.3164062, 6470.66894531, 113.569506726)
(17410.3164062, 6470.74902344, 113.569506726)
(17410.3164062, 6470.82910156, 113.569506726)
(17410.3164062, 6470.90917969, 113.569506726)
(17410.3164062, 6470.98925781, 113.569506726)
(17410.3164062, 6471.06933594, 113.569506726)
(17410.3164062, 6471.14941406, 113.569506726)
(17410.3164062, 6471.22949219, 113.569506726)
(17410.3164062, 6471.30957031, 113.569506726)
(17410.3164062, 6471.38964844, 113.569506726)
(17410.3164062, 6471.46972656, 113.569506726)
(17410.3164062, 6471.54980469, 113.569506726)
(17410.3164062, 6471.62988281, 113.569506726)
(17410.3164062, 6471.70996094, 113.569506726)
(17410.3164062, 6471.79003906, 113.569506726)
(17410.3164062, 6471.87011719, 113.569506726)
(17410.3164062, 6471.95019531, 113.569506726)
(17410.3164062, 6472.03027344, 113.569506726)
(17410.3164062, 6472.11035156, 113.569506726)
(17410.3164062, 6472.19042969, 113.569506726)
(17410.3164062, 6472.27050781, 113.569506726)
(17410.3164062, 6472.35058594, 113.569506726)
(17410.3164062, 6472.43066406, 113.569506726)
(17410.3164062, 6472.51074219, 113.569506726)
(17410.3164062, 6472.59082031, 113.569506726)
(17410.3164062, 6472.67089844, 113.569506726)
(17410.3164062, 6472.75097656, 113.569506726)
(17410.3164062, 6472.83105469, 113.569506726)
(17410.3164062, 6472.91113281, 113.569506726)
(17410.3164062, 6472.99121094, 113.569506726)
(17410.3164062, 6473.07128906, 113.569506726)
(17410.3164062, 6473.15136719, 113.569506726)
(17410.3164062, 6473.23144531, 113.569506726)
(17410.3164062, 6473.31152344, 113.569506726)
(17410.3164062, 6473.39160156, 113.569506726)
(17410.3164062, 6473.47167969, 113.569506726)
(17410.3164062, 6473.55175781, 113.569506726)
(17410.3164062, 6473.63183594, 113.569506726)
(17410.3164062, 6473.71191406, 113.569506726)
(17410.3164062, 6473.79199219, 113.569506726)
(17410.3164062, 6473.87207031, 113.569506726)
(17410.3164062, 6473.95214844, 113.569506726)
(17410.3164062, 6474.03222656, 113.569506726)
(17410.3164062, 6474.11230469, 113.569506726)
(17410.3164062, 6474.19238281, 113.569506726)
(17410.3164062, 6474.27246094, 113.569506726)
(17410.3164062, 6474.35253906, 113.569506726)
(17410.3164062, 6474.43261719, 113.569506726)
(17410.3164062, 6474.51269531, 113.569506726)
(17410.3164062, 6474.59277344, 113.569506726)
(17410.3164062, 6474.67285156, 113.569506726)
(17410.3164062, 6474.75292969, 113.569506726)
(17410.3164062, 6474.83300781, 113.569506726)
(17410.3164062, 6474.91308594, 113.569506726)
(17410.3164062, 6474.99316406, 113.569506726)
(17410.3164062, 6475.07324219, 113.569506726)
(17410.3164062, 6475.15332031, 113.569506726)
(17410.3164062, 6475.23339844, 113.569506726)
(17410.3164062, 6475.31347656, 113.569506726)
(17410.3164062, 6475.39355469, 113.569506726)
(17410.3164062, 6475.47363281, 113.569506726)
(17410.3164062, 6475.55371094, 113.569506726)
(17410.3164062, 6475.63378906, 113.569506726)
(17410.3164062, 6475.71386719, 113.569506726)
(17410.3164062, 6475.79394531, 113.569506726)
(17410.3164062, 6475.87402344, 113.569506726)
(17410.3164062, 6475.95410156, 113.569506726)
(17410.3164062, 6476.03417969, 113.569506726)
(17410.3164062, 6476.11425781, 113.569506726)
(17410.3164062, 6476.19433594, 113.569506726)
(17410.3164062, 6476.27441406, 113.569506726)
(17410.3164062, 6476.35449219, 113.569506726)
(17410.3164062, 6476.43457031, 113.569506726)
(17410.3164062, 6476.51464844, 113.569506726)
(17410.3164062, 6476.59472656, 113.569506726)
(17410.3164062, 6476.67480469, 113.569506726)
(17410.3164062, 6476.75488281, 113.569506726)
(17410.3164062, 6476.83496094, 113.569506726)
(17410.3164062, 6476.91503906, 113.569506726)
(17410.3164062, 6476.99511719, 113.569506726)
(17410.3164062, 6477.07519531, 113.569506726)
(17410.3164062, 6477.15527344, 113.569506726)
(17410.3164062, 6477.23535156, 113.569506726)
(17410.3164062, 6477.31542969, 113.569506726)
(17410.3164062, 6477.39550781, 113.569506726)
(17410.3164062, 6477.47558594, 113.569506726)
(17410.3164062, 6477.55566406, 113.569506726)
(17410.3164062, 6477.63574219, 113.569506726)
(17410.3164062, 6477.71582031, 113.569506726)
(17410.3164062, 6477.79589844, 113.569506726)
(17410.3164062, 6477.87597656, 113.569506726)
(17410.3164062, 6477.95605469, 113.569506726)
(17410.3164062, 6478.03613281, 113.569506726)
(17410.3164062, 6478.11621094, 113.569506726)
(17410.3164062, 6478.19628906, 113.569506726)
(17410.3164062, 6478.27636719, 113.569506726)
(17410.3164062, 6478.35644531, 113.569506726)
(17410.3164062, 6478.43652344, 113.569506726)
(17410.3164062, 6478.51660156, 113.569506726)
(17410.3164062, 6478.59667969, 113.569506726)
(17410.3164062, 6478.67675781, 113.569506726)
(17410.3164062, 6478.75683594, 113.569506726)
(17410.3164062, 6478.83691406, 113.569506726)
(17410.3164062, 6478.91699219, 113.569506726)
(17410.3164062, 6478.99707031, 113.569506726)
(17410.3164062, 6479.07714844, 113.569506726)
(17410.3164062, 6479.15722656, 113.569506726)
(17410.3164062, 6479.23730469, 113.569506726)
(17410.3164062, 6479.31738281, 113.569506726)
(17410.3164062, 6479.39746094, 113.569506726)
(17410.3164062, 6479.47753906, 113.569506726)
(17410.3164062, 6479.55761719, 113.569506726)
(17410.3164062, 6479.63769531, 113.569506726)
(17410.3164062, 6479.71777344, 113.569506726)
(17410.3164062, 6479.79785156, 113.569506726)
(17410.3164062, 6479.87792969, 113.569506726)
(17410.3164062, 6479.95800781, 113.569506726)
(17410.3164062, 6480.03808594, 113.569506726)
(17410.3164062, 6480.11816406, 113.569506726)
(17410.3164062, 6480.19824219, 113.569506726)
(17410.3164062, 6480.27832031, 113.569506726)
(17410.3164062, 6480.35839844, 113.569506726)
(17410.3164062, 6480.43847656, 113.569506726)
(17410.3164062, 6480.51855469, 113.569506726)
(17410.3164062, 6480.59863281, 113.569506726)
(17410.3164062, 6480.67871094, 113.569506726)
(17410.3164062, 6480.75878906, 113.569506726)
(17410.3164062, 6480.83886719, 113.569506726)
(17410.3164062, 6480.91894531, 113.569506726)
(17410.3164062, 6480.99902344, 113.569506726)
(17410.3164062, 6481.07910156, 113.569506726)
(17410.3164062, 6481.15917969, 113.569506726)
(17410.3164062, 6481.23925781, 113.569506726)
(17410.3164062, 6481.31933594, 113.569506726)
(17410.3164062, 6481.39941406, 113.569506726)
(17410.3164062, 6481.47949219, 113.569506726)
(17410.3164062, 6481.55957031, 113.569506726)
(17410.3164062, 6481.63964844, 113.569506726)
(17410.3164062, 6481.71972656, 113.569506726)
(17410.3164062, 6481.79980469, 113.569506726)
(17410.3164062, 6481.87988281, 113.569506726)
(17410.3164062, 6481.95996094, 113.569506726)
(17410.3164062, 6482.04003906, 113.569506726)
(17410.3164062, 6482.12011719, 113.569506726)
(17410.3164062, 6482.20019531, 113.569506726)
(17410.3164062, 6482.28027344, 113.569506726)
(17410.3164062, 6482.36035156, 113.569506726)
(17410.3164062, 6482.44042969, 113.569506726)
(17410.3164062, 6482.52050781, 113.569506726)
(17410.3164062, 6482.60058594, 113.569506726)
(17410.3164062, 6482.68066406, 113.569506726)
(17410.3164062, 6482.76074219, 113.569506726)
(17410.3164062, 6482.84082031, 113.569506726)
(17410.3164062, 6482.92089844, 113.569506726)
(17410.3164062, 6483.00097656, 113.569506726)
(17410.3164062, 6483.08105469, 113.569506726)
(17410.3164062, 6483.16113281, 113.569506726)
(17410.3164062, 6483.24121094, 113.569506726)
(17410.3164062, 6483.32128906, 113.569506726)
(17410.3164062, 6483.40136719, 113.569506726)
(17410.3164062, 6483.48144531, 113.569506726)
(17410.3164062, 6483.56152344, 113.569506726)
(17410.3164062, 6483.64160156, 113.569506726)
(17410.3164062, 6483.72167969, 113.569506726)
(17410.3164062, 6483.80175781, 113.569506726)
(17410.3164062, 6483.88183594, 113.569506726)
(17410.3164062, 6483.96191406, 113.569506726)
(17410.3164062, 6484.04199219, 113.569506726)
(17410.3164062, 6484.12207031, 113.569506726)
(17410.3164062, 6484.20214844, 113.569506726)
(17410.3164062, 6484.28222656, 113.569506726)
(17410.3164062, 6484.36230469, 113.569506726)
(17410.3164062, 6484.44238281, 113.569506726)
(17410.3164062, 6484.52246094, 113.569506726)
(17410.3164062, 6484.60253906, 113.569506726)
(17410.3164062, 6484.68261719, 113.569506726)
(17410.3164062, 6484.76269531, 113.569506726)
(17410.3164062, 6484.84277344, 113.569506726)
(17410.3164062, 6484.92285156, 113.569506726)
(17410.3164062, 6485.00292969, 113.569506726)
(17410.3164062, 6485.08300781, 113.569506726)
(17410.3164062, 6485.16308594, 113.569506726)
(17410.3164062, 6485.24316406, 113.569506726)
(17410.3164062, 6485.32324219, 113.569506726)
(17410.3164062, 6485.40332031, 113.569506726)
(17410.3164062, 6485.48339844, 113.569506726)
(17410.3164062, 6485.56347656, 113.569506726)
(17410.3164062, 6485.64355469, 113.569506726)
(17410.3164062, 6485.72363281, 113.569506726)
(17410.3164062, 6485.80371094, 113.569506726)
(17410.3164062, 6485.88378906, 113.569506726)
(17410.3164062, 6485.96386719, 113.569506726)
(17410.3164062, 6486.04394531, 113.569506726)
(17410.3164062, 6486.12402344, 113.569506726)
(17410.3164062, 6486.20410156, 113.569506726)
(17410.3164062, 6486.28417969, 113.569506726)
(17410.3164062, 6486.36425781, 113.569506726)
(17410.3164062, 6486.44433594, 113.569506726)
(17410.3164062, 6486.52441406, 113.569506726)
(17410.3164062, 6486.60449219, 113.569506726)
(17410.3164062, 6486.68457031, 113.569506726)
(17410.3164062, 6486.76464844, 113.569506726)
(17410.3164062, 6486.84472656, 113.569506726)
(17410.3164062, 6486.92480469, 113.569506726)
(17410.3164062, 6487.00488281, 113.569506726)
(17410.3164062, 6487.08496094, 113.569506726)
(17410.3164062, 6487.16503906, 113.569506726)
(17410.3164062, 6487.24511719, 113.569506726)
(17410.3164062, 6487.32519531, 113.569506726)
(17410.3164062, 6487.40527344, 113.569506726)
(17410.3164062, 6487.48535156, 113.569506726)
(17410.3164062, 6487.56542969, 113.569506726)
(17410.3164062, 6487.64550781, 113.569506726)
(17410.3164062, 6487.72558594, 113.569506726)
(17410.3164062, 6487.80566406, 113.569506726)
(17410.3164062, 6487.88574219, 113.569506726)
(17410.3164062, 6487.96582031, 113.569506726)
(17410.3164062, 6488.04589844, 113.569506726)
(17410.3164062, 6488.12597656, 113.569506726)
(17410.3164062, 6488.20605469, 113.569506726)
(17410.3164062, 6488.28613281, 113.569506726)
(17410.3164062, 6488.36621094, 113.569506726)
(17410.3164062, 6488.44628906, 113.569506726)
(17410.3164062, 6488.52636719, 113.569506726)
(17410.3164062, 6488.60644531, 113.569506726)
(17410.3164062, 6488.68652344, 113.569506726)
(17410.3164062, 6488.76660156, 113.569506726)
(17410.3164062, 6488.84667969, 113.569506726)
(17410.3164062, 6488.92675781, 113.569506726)
(17410.3164062, 6489.00683594, 113.569506726)
(17410.3164062, 6489.08691406, 113.569506726)
(17410.3164062, 6489.16699219, 113.569506726)
(17410.3164062, 6489.24707031, 113.569506726)
(17410.3164062, 6489.32714844, 113.569506726)
(17410.3164062, 6489.40722656, 113.569506726)
(17410.3164062, 6489.48730469, 113.569506726)
(17410.3164062, 6489.56738281, 113.569506726)
(17410.3164062, 6489.64746094, 113.569506726)
(17410.3164062, 6489.72753906, 113.569506726)
(17410.3164062, 6489.80761719, 113.569506726)
(17410.3164062, 6489.88769531, 113.569506726)
(17410.3164062, 6489.96777344, 113.569506726)
(17410.3164062, 6490.04785156, 113.569506726)
(17410.3164062, 6490.12792969, 113.569506726)
(17410.3164062, 6490.20800781, 113.569506726)
(17410.3164062, 6490.28808594, 113.569506726)
(17410.3164062, 6490.36816406, 113.569506726)
(17410.3164062, 6490.44824219, 113.569506726)
(17410.3164062, 6490.52832031, 113.569506726)
(17410.3164062, 6490.60839844, 113.569506726)
(17410.3164062, 6490.68847656, 113.569506726)
(17410.3164062, 6490.76855469, 113.569506726)
(17410.3164062, 6490.84863281, 113.569506726)
(17410.3164062, 6490.92871094, 113.569506726)
(17410.3164062, 6491.00878906, 113.569506726)
(17410.3164062, 6491.08886719, 113.569506726)
(17410.3164062, 6491.16894531, 113.569506726)
(17410.3164062, 6491.24902344, 113.569506726)
(17410.3164062, 6491.32910156, 113.569506726)
(17410.3164062, 6491.40917969, 113.569506726)
(17410.3164062, 6491.48925781, 113.569506726)
(17410.3164062, 6491.56933594, 113.569506726)
(17410.3164062, 6491.64941406, 113.569506726)
(17410.3164062, 6491.72949219, 113.569506726)
(17410.3164062, 6491.80957031, 113.569506726)
(17410.3164062, 6491.88964844, 113.569506726)
(17410.3164062, 6491.96972656, 113.569506726)
(17410.3164062, 6492.04980469, 113.569506726)
(17410.3164062, 6492.12988281, 113.569506726)
(17410.3164062, 6492.20996094, 113.569506726)
(17410.3164062, 6492.29003906, 113.569506726)
(17410.3164062, 6492.37011719, 113.569506726)
(17410.3164062, 6492.45019531, 113.569506726)
(17410.3164062, 6492.53027344, 113.569506726)
(17410.3164062, 6492.61035156, 113.569506726)
(17410.3164062, 6492.69042969, 113.569506726)
(17410.3164062, 6492.77050781, 113.569506726)
(17410.3164062, 6492.85058594, 113.569506726)
(17410.3164062, 6492.93066406, 113.569506726)
(17410.3164062, 6493.01074219, 113.569506726)
(17410.3164062, 6493.09082031, 113.569506726)
(17410.3164062, 6493.17089844, 113.569506726)
(17410.3164062, 6493.25097656, 113.569506726)
(17410.3164062, 6493.33105469, 113.569506726)
(17410.3164062, 6493.41113281, 113.569506726)
(17410.3164062, 6493.49121094, 113.569506726)
(17410.3164062, 6493.57128906, 113.569506726)
(17410.3164062, 6493.65136719, 113.569506726)
(17410.3164062, 6493.73144531, 113.569506726)
(17410.3164062, 6493.81152344, 113.569506726)
(17410.3164062, 6493.89160156, 113.569506726)
(17410.3164062, 6493.97167969, 113.569506726)
(17410.3164062, 6494.05175781, 113.569506726)
(17410.3164062, 6494.13183594, 113.569506726)
(17410.3164062, 6494.21191406, 113.572577309)
(17410.3164062, 6494.29199219, 113.576026457)
(17410.3164062, 6494.37207031, 113.579475605)
(17410.3164062, 6494.45214844, 113.582924753)
(17410.3164062, 6494.53222656, 113.586373901)
(17410.3164062, 6494.61230469, 113.589823049)
(17410.3164062, 6494.69238281, 113.593272197)
(17410.3164062, 6494.77246094, 113.596721345)
(17410.3164062, 6494.85253906, 113.600170493)
(17410.3164062, 6494.93261719, 113.603619641)
(17410.3164062, 6495.01269531, 113.607068789)
(17410.3164062, 6495.09277344, 113.610517937)
(17410.3164062, 6495.17285156, 113.613967085)
(17410.3164062, 6495.25292969, 113.617416233)
(17410.3164062, 6495.33300781, 113.620865381)
(17410.3164062, 6495.41308594, 113.624314529)
(17410.3164062, 6495.49316406, 113.627763677)
(17410.3164062, 6495.57324219, 113.631212825)
(17410.3164062, 6495.65332031, 113.634661973)
(17410.3164062, 6495.73339844, 113.638111121)
(17410.3164062, 6495.81347656, 113.641560269)
(17410.3164062, 6495.89355469, 113.645009417)
(17410.3164062, 6495.97363281, 113.648458565)
(17410.3164062, 6496.05371094, 113.651907713)
(17410.3164062, 6496.13378906, 113.655356861)
(17410.3164062, 6496.21386719, 113.658806009)
(17410.3164062, 6496.29394531, 113.662255157)
(17410.3164062, 6496.37402344, 113.665704305)
(17410.3164062, 6496.45410156, 113.669153453)
(17410.3164062, 6496.53417969, 113.672602601)
(17410.3164062, 6496.61425781, 113.676051749)
(17410.3164062, 6496.69433594, 113.679500897)
(17410.3164062, 6496.77441406, 113.682950045)
(17410.3164062, 6496.85449219, 113.686399193)
(17410.3164062, 6496.93457031, 113.689848341)
(17410.3164062, 6497.01464844, 113.693297489)
(17410.3164062, 6497.09472656, 113.696746637)
(17410.3164062, 6497.17480469, 113.700195785)
(17410.3164062, 6497.25488281, 113.703644933)
(17410.3164062, 6497.33496094, 113.707094081)
(17410.3164062, 6497.41503906, 113.710543229)
(17410.3164062, 6497.49511719, 113.713992377)
(17410.3164062, 6497.57519531, 113.717441525)
(17410.3164062, 6497.65527344, 113.720890673)
(17410.3164062, 6497.73535156, 113.724339821)
(17410.3164062, 6497.81542969, 113.727788969)
(17410.3164062, 6497.89550781, 113.731238117)
(17410.3164062, 6497.97558594, 113.734687265)
(17410.3164062, 6498.05566406, 113.738136413)
(17410.3164062, 6498.13574219, 113.741585561)
(17410.3164062, 6498.21582031, 113.745034709)
(17410.3164062, 6498.29589844, 113.748483857)
(17410.3164062, 6498.37597656, 113.751933004)
(17410.3164062, 6498.45605469, 113.755382152)
(17410.3164062, 6498.53613281, 113.7588313)
(17410.3164062, 6498.61621094, 113.762280448)
(17410.3164062, 6498.69628906, 113.765729596)
(17410.3164062, 6498.77636719, 113.769178744)
(17410.3164062, 6498.85644531, 113.772627892)
(17410.3164062, 6498.93652344, 113.77607704)
(17410.3164062, 6499.01660156, 113.779526188)
(17410.3164062, 6499.09667969, 113.782975336)
(17410.3164062, 6499.17675781, 113.786424484)
(17410.3164062, 6499.25683594, 113.789873632)
(17410.3164062, 6499.33691406, 113.79332278)
(17410.3164062, 6499.41699219, 113.796771928)
(17410.3164062, 6499.49707031, 113.800221076)
(17410.3164062, 6499.57714844, 113.803670224)
(17410.3164062, 6499.65722656, 113.807119372)
(17410.3164062, 6499.73730469, 113.81056852)
(17410.3164062, 6499.81738281, 113.814017668)
(17410.3164062, 6499.89746094, 113.817466816)
(17410.3164062, 6499.97753906, 113.820915964)
(17410.3164062, 6500.05761719, 113.824365112)
(17410.3164062, 6500.13769531, 113.82781426)
(17410.3164062, 6500.21777344, 113.831263408)
(17410.3164062, 6500.29785156, 113.834712556)
(17410.3164062, 6500.37792969, 113.838161704)
(17410.3164062, 6500.45800781, 113.841610852)
(17410.3164062, 6500.53808594, 113.84506)
(17410.3164062, 6500.61816406, 113.848509148)
(17410.3164062, 6500.69824219, 113.851958296)
(17410.3164062, 6500.77832031, 113.855407444)
(17410.3164062, 6500.85839844, 113.858856592)
(17410.3164062, 6500.93847656, 113.86230574)
(17410.3164062, 6501.01855469, 113.865754888)
(17410.3164062, 6501.09863281, 113.869204036)
(17410.3164062, 6501.17871094, 113.872653184)
(17410.3164062, 6501.25878906, 113.876102332)
(17410.3164062, 6501.33886719, 113.87955148)
(17410.3164062, 6501.41894531, 113.883000628)
(17410.3164062, 6501.49902344, 113.886449776)
(17410.3164062, 6501.57910156, 113.889898924)
(17410.3164062, 6501.65917969, 113.893348072)
(17410.3164062, 6501.73925781, 113.89679722)
(17410.3164062, 6501.81933594, 113.900246368)
(17410.3164062, 6501.89941406, 113.903695516)
(17410.3164062, 6501.97949219, 113.907144664)
(17410.3164062, 6502.05957031, 113.910593812)
(17410.3164062, 6502.13964844, 113.91404296)
(17410.3164062, 6502.21972656, 113.917492108)
(17410.3164062, 6502.29980469, 113.920941256)
(17410.3164062, 6502.37988281, 113.924390404)
(17410.3164062, 6502.45996094, 113.927839552)
(17410.3164062, 6502.54003906, 113.9312887)
(17410.3164062, 6502.62011719, 113.934737848)
(17410.3164062, 6502.70019531, 113.938186996)
(17410.3164062, 6502.78027344, 113.941636143)
(17410.3164062, 6502.86035156, 113.945085291)
(17410.3164062, 6502.94042969, 113.948534439)
(17410.3164062, 6503.02050781, 113.951983587)
(17410.3164062, 6503.10058594, 113.955432735)
(17410.3164062, 6503.18066406, 113.958881883)
(17410.3164062, 6503.26074219, 113.962331031)
(17410.3164062, 6503.34082031, 113.965780179)
(17410.3164062, 6503.42089844, 113.969229327)
(17410.3164062, 6503.50097656, 113.972678475)
(17410.3164062, 6503.58105469, 113.976127623)
(17410.3164062, 6503.66113281, 113.979576771)
(17410.3164062, 6503.74121094, 113.983025919)
(17410.3164062, 6503.82128906, 113.986475067)
(17410.3164062, 6503.90136719, 113.989924215)
(17410.3164062, 6503.98144531, 113.993373363)
(17410.3164062, 6504.06152344, 113.996822511)
(17410.3164062, 6504.14160156, 114.000271659)
(17410.3164062, 6504.22167969, 114.003720807)
(17410.3164062, 6504.30175781, 114.007169955)
(17410.3164062, 6504.38183594, 114.010619103)
(17410.3164062, 6504.46191406, 114.014068251)
(17410.3164062, 6504.54199219, 114.017517399)
(17410.3164062, 6504.62207031, 114.020966547)
(17410.3164062, 6504.70214844, 114.024415695)
(17410.3164062, 6504.78222656, 114.027864843)
(17410.3164062, 6504.86230469, 114.031313991)
(17410.3164062, 6504.94238281, 114.034763139)
(17410.3164062, 6505.02246094, 114.038212287)
(17410.3164062, 6505.10253906, 114.041661435)
(17410.3164062, 6505.18261719, 114.045110583)
(17410.3164062, 6505.26269531, 114.048559731)
(17410.3164062, 6505.34277344, 114.052008879)
(17410.3164062, 6505.42285156, 114.055458027)
(17410.3164062, 6505.50292969, 114.058907175)
(17410.3164062, 6505.58300781, 114.062356323)
(17410.3164062, 6505.66308594, 114.065805471)
(17410.3164062, 6505.74316406, 114.069254619)
(17410.3164062, 6505.82324219, 114.072703767)
(17410.3164062, 6505.90332031, 114.076152915)
(17410.3164062, 6505.98339844, 114.079602063)
(17410.3164062, 6506.06347656, 114.083051211)
(17410.3164062, 6506.14355469, 114.086500359)
(17410.3164062, 6506.22363281, 114.089949507)
(17410.3164062, 6506.30371094, 114.093398655)
(17410.3164062, 6506.38378906, 114.096847803)
(17410.3164062, 6506.46386719, 114.100296951)
(17410.3164062, 6506.54394531, 114.103746099)
(17410.3164062, 6506.62402344, 114.107195247)
(17410.3164062, 6506.70410156, 114.110644395)
(17410.3164062, 6506.78417969, 114.114093543)
(17410.3164062, 6506.86425781, 114.117542691)
(17410.3164062, 6506.94433594, 114.120991839)
(17410.3164062, 6507.02441406, 114.124440987)
(17410.3164062, 6507.10449219, 114.127890135)
(17410.3164062, 6507.18457031, 114.131339283)
(17410.3164062, 6507.26464844, 114.13478843)
(17410.3164062, 6507.34472656, 114.138237578)
(17410.3164062, 6507.42480469, 114.141686726)
(17410.3164062, 6507.50488281, 114.145135874)
(17410.3164062, 6507.58496094, 114.148585022)
(17410.3164062, 6507.66503906, 114.15203417)
(17410.3164062, 6507.74511719, 114.155483318)
(17410.3164062, 6507.82519531, 114.158932466)
(17410.3164062, 6507.90527344, 114.162381614)
(17410.3164062, 6507.98535156, 114.165830762)
(17410.3164062, 6508.06542969, 114.16927991)
(17410.3164062, 6508.14550781, 114.172729058)
(17410.3164062, 6508.22558594, 114.176178206)
(17410.3164062, 6508.30566406, 114.179627354)
(17410.3164062, 6508.38574219, 114.183076502)
(17410.3164062, 6508.46582031, 114.18652565)
(17410.3164062, 6508.54589844, 114.189974798)
(17410.3164062, 6508.62597656, 114.193423946)
(17410.3164062, 6508.70605469, 114.196873094)
(17410.3164062, 6508.78613281, 114.200322242)
(17410.3164062, 6508.86621094, 114.20377139)
(17410.3164062, 6508.94628906, 114.207220538)
(17410.3164062, 6509.02636719, 114.210669686)
(17410.3164062, 6509.10644531, 114.214118834)
(17410.3164062, 6509.18652344, 114.217567982)
(17410.3164062, 6509.26660156, 114.22101713)
(17410.3164062, 6509.34667969, 114.224466278)
(17410.3164062, 6509.42675781, 114.227915426)
(17410.3164062, 6509.50683594, 114.231364574)
(17410.3164062, 6509.58691406, 114.234813722)
(17410.3164062, 6509.66699219, 114.23826287)
(17410.3164062, 6509.74707031, 114.241712018)
(17410.3164062, 6509.82714844, 114.245161166)
(17410.3164062, 6509.90722656, 114.248610314)
(17410.3164062, 6509.98730469, 114.252059462)
(17410.3164062, 6510.06738281, 114.25550861)
(17410.3164062, 6510.14746094, 114.258957758)
(17410.3164062, 6510.22753906, 114.262406906)
(17410.3164062, 6510.30761719, 114.265856054)
(17410.3164062, 6510.38769531, 114.269305202)
(17410.3164062, 6510.46777344, 114.27275435)
(17410.3164062, 6510.54785156, 114.276203498)
(17410.3164062, 6510.62792969, 114.279652646)
(17410.3164062, 6510.70800781, 114.283101794)
(17410.3164062, 6510.78808594, 114.286550942)
(17410.3164062, 6510.86816406, 114.29000009)
(17410.3164062, 6510.94824219, 114.293449238)
(17410.3164062, 6511.02832031, 114.296898386)
(17410.3164062, 6511.10839844, 114.300347534)
(17410.3164062, 6511.18847656, 114.303796682)
(17410.3164062, 6511.26855469, 114.30724583)
(17410.3164062, 6511.34863281, 114.310694978)
(17410.3164062, 6511.42871094, 114.314144126)
(17410.3164062, 6511.50878906, 114.317593274)
(17410.3164062, 6511.58886719, 114.321042422)
(17410.3164062, 6511.66894531, 114.32449157)
(17410.3164062, 6511.74902344, 114.327940717)
(17410.3164062, 6511.82910156, 114.331389865)
(17410.3164062, 6511.90917969, 114.334839013)
(17410.3164062, 6511.98925781, 114.338288161)
(17410.3164062, 6512.06933594, 114.341737309)
(17410.3164062, 6512.14941406, 114.345186457)
(17410.3164062, 6512.22949219, 114.348635605)
(17410.3164062, 6512.30957031, 114.352084753)
(17410.3164062, 6512.38964844, 114.355533901)
(17410.3164062, 6512.46972656, 114.358983049)
(17410.3164062, 6512.54980469, 114.362432197)
(17410.3164062, 6512.62988281, 114.365881345)
(17410.3164062, 6512.70996094, 114.369330493)
(17410.3164062, 6512.79003906, 114.372779641)
(17410.3164062, 6512.87011719, 114.376228789)
(17410.3164062, 6512.95019531, 114.379677937)
(17410.3164062, 6513.03027344, 114.383127085)
(17410.3164062, 6513.11035156, 114.386576233)
(17410.3164062, 6513.19042969, 114.390025381)
(17410.3164062, 6513.27050781, 114.393474529)
(17410.3164062, 6513.35058594, 114.396923677)
(17410.3164062, 6513.43066406, 114.400372825)
(17410.3164062, 6513.51074219, 114.403821973)
(17410.3164062, 6513.59082031, 114.407271121)
(17410.3164062, 6513.67089844, 114.410720269)
(17410.3046875, 6513.75, 114.414127354)
(17410.28125, 6513.82617188, 114.417408251)
(17410.2460938, 6513.89794922, 114.420499865)
(17410.1992188, 6513.96337891, 114.423318072)
(17410.1425781, 6514.02050781, 114.425778744)
(17410.078125, 6514.06787109, 114.427818789)
(17410.0078125, 6514.10449219, 114.429396143)
(17409.9433594, 6514.15185547, 114.431436188)
(17409.8867188, 6514.20849609, 114.43387583)
(17409.8398438, 6514.27294922, 114.436651973)
(17409.8027344, 6514.34423828, 114.439722556)
(17409.7773438, 6514.41992188, 114.442982422)
(17409.7636719, 6514.49853516, 114.446368475)
(17409.7617188, 6514.57861328, 114.449817623)
(17409.7714844, 6514.65771484, 114.453224709)
(17409.7851562, 6514.73681641, 114.456631794)
(17409.7988281, 6514.81591797, 114.460038879)
(17409.8125, 6514.89501953, 114.463445964)
(17409.8261719, 6514.97412109, 114.466853049)
(17409.8398438, 6515.05322266, 114.470260135)
(17409.8417969, 6515.13330078, 114.473709283)
(17409.8320312, 6515.21240234, 114.477116368)
(17409.8105469, 6515.2890625, 114.480418296)
(17409.8007812, 6515.36865234, 114.483846413)
(17409.8027344, 6515.44873047, 114.487295561)
(17409.8164062, 6515.52734375, 114.490681614)
(17409.8320312, 6515.60546875, 114.494046637)
(17409.8476562, 6515.68359375, 114.497411659)
(17409.8515625, 6515.76367188, 114.500860807)
(17409.8671875, 6515.84179688, 114.50422583)
(17409.8828125, 6515.91992188, 114.507590852)
(17409.8984375, 6515.99804688, 114.510955874)
(17409.9140625, 6516.07617188, 114.514320897)
(17409.9296875, 6516.15429688, 114.517685919)
(17409.9453125, 6516.23242188, 114.521050942)
(17409.9609375, 6516.31054688, 114.524415964)
(17409.9765625, 6516.38867188, 114.527780987)
(17409.9921875, 6516.46679688, 114.531146009)
(17410.0097656, 6516.54492188, 114.534511031)
(17410.0273438, 6516.62304688, 114.537876054)
(17410.0449219, 6516.70117188, 114.541241076)
(17410.0605469, 6516.77929688, 114.544606099)
(17410.0761719, 6516.85742188, 114.547971121)
(17410.0917969, 6516.93554688, 114.551336143)
(17410.109375, 6517.01367188, 114.554701166)
(17410.1269531, 6517.09179688, 114.558066188)
(17410.1445312, 6517.16992188, 114.561431211)
(17410.1601562, 6517.24804688, 114.564796233)
(17410.1757812, 6517.32617188, 114.568161256)
(17410.1914062, 6517.40429688, 114.571526278)
(17410.2089844, 6517.48242188, 114.5748913)
(17410.2148438, 6517.56201172, 114.578319417)
(17410.2167969, 6517.64208984, 114.581768565)
(17410.21875, 6517.72216797, 114.585217713)
(17410.2207031, 6517.80224609, 114.588666861)
(17410.2226562, 6517.88232422, 114.592116009)
(17410.2246094, 6517.96240234, 114.595565157)
(17410.2265625, 6518.04248047, 114.599014305)
(17410.2285156, 6518.12255859, 114.602463453)
(17410.2304688, 6518.20263672, 114.605912601)
(17410.2324219, 6518.28271484, 114.609361749)
(17410.234375, 6518.36279297, 114.612810897)
(17410.2363281, 6518.44287109, 114.616260045)
(17410.2402344, 6518.52294922, 114.619709193)
(17410.2441406, 6518.60302734, 114.623158341)
(17410.2480469, 6518.68310547, 114.626607489)
(17410.25, 6518.76318359, 114.630056637)
(17410.2519531, 6518.84326172, 114.633505785)
(17410.2539062, 6518.92333984, 114.636954933)
(17410.2578125, 6519.00341797, 114.640404081)
(17410.2617188, 6519.08349609, 114.643853229)
(17410.265625, 6519.16357422, 114.647302377)
(17410.2675781, 6519.24365234, 114.650751525)
(17410.2695312, 6519.32373047, 114.654200673)
(17410.2714844, 6519.40380859, 114.657649821)
(17410.2753906, 6519.48388672, 114.661098969)
(17410.2792969, 6519.56396484, 114.664548117)
(17410.2832031, 6519.64404297, 114.667997265)
(17410.2871094, 6519.72412109, 114.671446413)
(17410.2890625, 6519.80419922, 114.674895561)
(17410.2910156, 6519.88427734, 114.678344709)
(17410.2929688, 6519.96435547, 114.681793857)
(17410.296875, 6520.04443359, 114.685243004)
(17410.3125, 6520.12255859, 114.688608027)
(17410.3398438, 6520.19775391, 114.691846861)
(17410.3789062, 6520.26757812, 114.69485435)
(17410.4277344, 6520.33056641, 114.697567399)
(17410.4863281, 6520.38525391, 114.699922915)
(17410.5527344, 6520.43017578, 114.701857803)
(17410.625, 6520.46386719, 114.703308969)
(17410.6914062, 6520.50878906, 114.705243857)
(17410.7636719, 6520.54248047, 114.706695022)
(17410.8300781, 6520.58740234, 114.70862991)
(17410.8886719, 6520.64208984, 114.710985426)
(17410.9550781, 6520.68701172, 114.712920314)
(17411.0136719, 6520.74169922, 114.71527583)
(17411.0800781, 6520.78662109, 114.717210717)
(17411.1386719, 6520.84130859, 114.719566233)
(17411.2050781, 6520.88623047, 114.721501121)
(17411.2636719, 6520.94091797, 114.723856637)
(17411.3300781, 6520.98583984, 114.725791525)
(17411.3886719, 6521.04052734, 114.72814704)
(17411.4550781, 6521.08544922, 114.730081928)
(17411.5136719, 6521.14013672, 114.732437444)
(17411.5625, 6521.203125, 114.735150493)
(17411.6210938, 6521.2578125, 114.737506009)
(17411.6699219, 6521.32080078, 114.740219058)
(17411.7285156, 6521.37548828, 114.742574574)
(17411.7773438, 6521.43847656, 114.745287623)
(17411.8359375, 6521.49316406, 114.747643139)
(17411.8847656, 6521.55615234, 114.750356188)
(17411.9433594, 6521.61083984, 114.752711704)
(17411.9921875, 6521.67382812, 114.755424753)
(17412.03125, 6521.74365234, 114.758432242)
(17412.0800781, 6521.80664062, 114.761145291)
(17412.1191406, 6521.87646484, 114.76415278)
(17412.1679688, 6521.93945312, 114.76686583)
(17412.2070312, 6522.00927734, 114.769873318)
(17412.2558594, 6522.07226562, 114.772586368)
(17412.2949219, 6522.14208984, 114.775593857)
(17412.34375, 6522.20507812, 114.778306906)
(17412.3828125, 6522.27539062, 114.781335426)
(17412.4101562, 6522.35058594, 114.78457426)
(17412.4492188, 6522.42041016, 114.787581749)
(17412.4765625, 6522.49560547, 114.790820583)
(17412.515625, 6522.56542969, 114.793828072)
(17412.5429688, 6522.640625, 114.797066906)
(17412.5820312, 6522.71044922, 114.800074395)
(17412.609375, 6522.78564453, 114.803313229)
(17412.6484375, 6522.85546875, 114.806320717)
(17412.6757812, 6522.93066406, 114.809559552)
(17412.6914062, 6523.00927734, 114.812945605)
(17412.71875, 6523.08447266, 114.816184439)
(17412.734375, 6523.16308594, 114.819570493)
(17412.7617188, 6523.23828125, 114.822809327)
(17412.7773438, 6523.31689453, 114.826195381)
(17412.8046875, 6523.39208984, 114.829434215)
(17412.8203125, 6523.47070312, 114.832820269)
(17412.8242188, 6523.55078125, 114.836269417)
(17412.8398438, 6523.62890625, 114.839634439)
(17412.84375, 6523.70898438, 114.843083587)
(17412.859375, 6523.78710938, 114.84644861)
(17412.8632812, 6523.8671875, 114.849897758)
(17412.8789062, 6523.9453125, 114.85326278)
(17412.8828125, 6524.02539062, 114.856711928)
(17412.875, 6524.10498047, 114.860140045)
(17412.8789062, 6524.18505859, 114.863589193)
(17412.8710938, 6524.26464844, 114.867017309)
(17412.875, 6524.34472656, 114.870466457)
(17412.8671875, 6524.42431641, 114.873894574)
(17412.8476562, 6524.50195312, 114.877238565)
(17412.8164062, 6524.57568359, 114.880414305)
(17412.7734375, 6524.64355469, 114.883337668)
(17412.7207031, 6524.70361328, 114.885924529)
(17412.6582031, 6524.75488281, 114.888132825)
(17412.6054688, 6524.81445312, 114.890698655)
(17412.5585938, 6524.87890625, 114.893474798)
(17412.5117188, 6524.94335938, 114.896250942)
(17412.4648438, 6525.0078125, 114.899027085)
(17412.4179688, 6525.07226562, 114.901803229)
(17412.3710938, 6525.13671875, 114.904579372)
(17412.3242188, 6525.20117188, 114.907355516)
(17412.2773438, 6525.265625, 114.910131659)
(17412.2304688, 6525.33007812, 114.912907803)
(17412.1835938, 6525.39453125, 114.915683946)
(17412.1367188, 6525.45898438, 114.91846009)
(17412.0898438, 6525.5234375, 114.921236233)
(17412.0429688, 6525.58789062, 114.924012377)
(17411.9960938, 6525.65234375, 114.92678852)
(17411.9492188, 6525.71679688, 114.929564664)
(17411.9023438, 6525.78125, 114.932340807)
(17411.8554688, 6525.84570312, 114.935116951)
(17411.8085938, 6525.91015625, 114.937893094)
(17411.7617188, 6525.97460938, 114.940669238)
(17411.7148438, 6526.0390625, 114.943445381)
(17411.6679688, 6526.10351562, 114.946221525)
(17411.6210938, 6526.16796875, 114.948997668)
(17411.5742188, 6526.23242188, 114.951773812)
(17411.5273438, 6526.296875, 114.954549955)
(17411.4804688, 6526.36132812, 114.957326099)
(17411.4335938, 6526.42578125, 114.960102242)
(17411.3867188, 6526.49023438, 114.962878386)
(17411.3398438, 6526.5546875, 114.965654529)
(17411.2929688, 6526.61914062, 114.968430673)
(17411.2460938, 6526.68359375, 114.971206816)
(17411.1992188, 6526.74804688, 114.97398296)
(17411.1523438, 6526.8125, 114.976759103)
(17411.1054688, 6526.87695312, 114.979535247)
(17411.0585938, 6526.94140625, 114.98231139)
(17411.0117188, 6527.00585938, 114.985087534)
(17410.9648438, 6527.0703125, 114.987863677)
(17410.9179688, 6527.13476562, 114.990639821)
(17410.8710938, 6527.19921875, 114.993415964)
(17410.8242188, 6527.26416016, 114.996213139)
(17410.7773438, 6527.32910156, 114.999010314)
(17410.7304688, 6527.39355469, 115.001786457)
(17410.6835938, 6527.45800781, 115.004562601)
(17410.6367188, 6527.52246094, 115.007338744)
(17410.5898438, 6527.58691406, 115.010114888)
(17410.5527344, 6527.65820312, 115.013185471)
(17410.5273438, 6527.73388672, 115.016445336)
(17410.5136719, 6527.8125, 115.01983139)
(17410.5078125, 6527.89208984, 115.023259507)
(17410.5019531, 6527.97167969, 115.026687623)
(17410.4960938, 6528.05126953, 115.03011574)
(17410.4902344, 6528.13085938, 115.033543857)
(17410.484375, 6528.21044922, 115.036971973)
(17410.4785156, 6528.29003906, 115.04040009)
(17410.4726562, 6528.36962891, 115.043828206)
(17410.4667969, 6528.44921875, 115.047256323)
(17410.4609375, 6528.52880859, 115.050684439)
(17410.4550781, 6528.60839844, 115.054112556)
(17410.4492188, 6528.68798828, 115.057540673)
(17410.4433594, 6528.76757812, 115.060968789)
(17410.4375, 6528.84716797, 115.064396906)
(17410.4316406, 6528.92675781, 115.067825022)
(17410.4257812, 6529.00634766, 115.071253139)
(17410.4199219, 6529.0859375, 115.074681256)
(17410.4140625, 6529.16552734, 115.078109372)
(17410.4082031, 6529.24511719, 115.081537489)
(17410.4023438, 6529.32470703, 115.084965605)
(17410.3964844, 6529.40429688, 115.088393722)
(17410.390625, 6529.48388672, 115.091821839)
(17410.3847656, 6529.56347656, 115.095249955)
(17410.3789062, 6529.64306641, 115.098678072)
(17410.3730469, 6529.72265625, 115.102106188)
(17410.3671875, 6529.80224609, 115.105534305)
(17410.3613281, 6529.88183594, 115.108962422)
(17410.3554688, 6529.96142578, 115.112390538)
(17410.3496094, 6530.04101562, 115.115818655)
(17410.3476562, 6530.12109375, 115.119267803)
(17410.3457031, 6530.20117188, 115.122716951)
(17410.34375, 6530.28125, 115.126166099)
(17410.34375, 6530.36132812, 115.129615247)
(17410.34375, 6530.44140625, 115.133064395)
(17410.34375, 6530.52148438, 115.136513543)
(17410.3417969, 6530.6015625, 115.139962691)
(17410.3398438, 6530.68164062, 115.143411839)
(17410.3378906, 6530.76171875, 115.146860987)
(17410.3378906, 6530.84179688, 115.150310135)
(17410.3378906, 6530.921875, 115.153759283)
(17410.3378906, 6531.00195312, 115.15720843)
(17410.3359375, 6531.08203125, 115.160657578)
(17410.3339844, 6531.16210938, 115.164106726)
(17410.3320312, 6531.2421875, 115.167555874)
(17410.3320312, 6531.32226562, 115.171005022)
(17410.3320312, 6531.40234375, 115.17445417)
(17410.3320312, 6531.48242188, 115.177903318)
(17410.3300781, 6531.5625, 115.181352466)
(17410.328125, 6531.64257812, 115.184801614)
(17410.3261719, 6531.72265625, 115.188250762)
(17410.3261719, 6531.80273438, 115.19169991)
(17410.3261719, 6531.8828125, 115.195149058)
(17410.3261719, 6531.96289062, 115.198598206)
(17410.3242188, 6532.04296875, 115.202047354)
(17410.3222656, 6532.12304688, 115.205496502)
(17410.3203125, 6532.203125, 115.20894565)
(17410.3203125, 6532.28320312, 115.212394798)
(17410.3203125, 6532.36328125, 115.215843946)
(17410.3203125, 6532.44335938, 115.219293094)
(17410.3183594, 6532.5234375, 115.222742242)
(17410.3183594, 6532.60351562, 115.22619139)
(17410.3183594, 6532.68359375, 115.229640538)
(17410.3183594, 6532.76367188, 115.233089686)
(17410.3183594, 6532.84375, 115.236538834)
(17410.3183594, 6532.92382812, 115.239987982)
(17410.3183594, 6533.00390625, 115.24343713)
(17410.3183594, 6533.08398438, 115.246886278)
(17410.3183594, 6533.1640625, 115.250335426)
(17410.3183594, 6533.24414062, 115.253784574)
(17410.3183594, 6533.32421875, 115.257233722)
(17410.3183594, 6533.40429688, 115.26068287)
(17410.3183594, 6533.484375, 115.264132018)
(17410.3183594, 6533.56445312, 115.267581166)
(17410.3183594, 6533.64453125, 115.271030314)
(17410.3183594, 6533.72460938, 115.274479462)
(17410.3183594, 6533.8046875, 115.27792861)
(17410.3183594, 6533.88476562, 115.281377758)
(17410.3183594, 6533.96484375, 115.284826906)
(17410.3183594, 6534.04492188, 115.288276054)
(17410.3183594, 6534.125, 115.291725202)
(17410.3183594, 6534.20507812, 115.29517435)
(17410.3183594, 6534.28515625, 115.298623498)
(17410.3183594, 6534.36523438, 115.302072646)
(17410.3183594, 6534.4453125, 115.305521794)
(17410.3183594, 6534.52539062, 115.308970942)
(17410.3183594, 6534.60546875, 115.31242009)
(17410.3183594, 6534.68554688, 115.315869238)
(17410.3183594, 6534.765625, 115.319318386)
(17410.3183594, 6534.84570312, 115.322767534)
(17410.3183594, 6534.92578125, 115.326216682)
(17410.3183594, 6535.00585938, 115.32966583)
(17410.3183594, 6535.0859375, 115.333114978)
(17410.3183594, 6535.16601562, 115.336564126)
(17410.3183594, 6535.24609375, 115.340013274)
(17410.3183594, 6535.32617188, 115.343462422)
(17410.3183594, 6535.40625, 115.34691157)
(17410.3183594, 6535.48632812, 115.350360717)
(17410.3183594, 6535.56640625, 115.353809865)
(17410.3183594, 6535.64648438, 115.357259013)
(17410.3183594, 6535.7265625, 115.360708161)
(17410.3183594, 6535.80664062, 115.364157309)
(17410.3183594, 6535.88671875, 115.367606457)
(17410.3183594, 6535.96679688, 115.371055605)
(17410.3183594, 6536.046875, 115.374504753)
(17410.3183594, 6536.12695312, 115.377953901)
(17410.3183594, 6536.20703125, 115.381403049)
(17410.3183594, 6536.28710938, 115.384852197)
(17410.3183594, 6536.3671875, 115.388301345)
(17410.3183594, 6536.44726562, 115.391750493)
(17410.3183594, 6536.52734375, 115.395199641)
(17410.3183594, 6536.60742188, 115.398648789)
(17410.3183594, 6536.6875, 115.402097937)
(17410.3183594, 6536.76757812, 115.405547085)
(17410.3183594, 6536.84765625, 115.408996233)
(17410.3183594, 6536.92773438, 115.412445381)
(17410.3183594, 6537.0078125, 115.415894529)
(17410.3183594, 6537.08789062, 115.419343677)
(17410.3183594, 6537.16796875, 115.422792825)
(17410.3183594, 6537.24804688, 115.426241973)
(17410.3183594, 6537.328125, 115.429691121)
(17410.3183594, 6537.40820312, 115.433140269)
(17410.3183594, 6537.48828125, 115.436589417)
(17410.3183594, 6537.56835938, 115.440038565)
(17410.3183594, 6537.6484375, 115.443487713)
(17410.3164062, 6537.72851562, 115.446936861)
