(17382.8808594, 6440.29980469, 113.353598475)
(17382.9609375, 6440.29980469, 113.353598475)
(17383.0410156, 6440.30029297, 113.353619507)
(17383.1210938, 6440.30078125, 113.353640538)
(17383.2011719, 6440.30126953, 113.35366157)
(17383.28125, 6440.30175781, 113.353682601)
(17383.3613281, 6440.30224609, 113.353703632)
(17383.4414062, 6440.30273438, 113.353724664)
(17383.5214844, 6440.30322266, 113.353745695)
(17383.6015625, 6440.30371094, 113.353766726)
(17383.6816406, 6440.30419922, 113.353787758)
(17383.7617188, 6440.3046875, 113.353808789)
(17383.8417969, 6440.30517578, 113.353829821)
(17383.921875, 6440.30566406, 113.353850852)
(17384.0019531, 6440.30615234, 113.353871883)
(17384.0820312, 6440.30664062, 113.353892915)
(17384.1621094, 6440.30712891, 113.353913946)
(17384.2421875, 6440.30761719, 113.353934978)
(17384.3222656, 6440.30810547, 113.353956009)
(17384.4023438, 6440.30859375, 113.35397704)
(17384.4824219, 6440.30908203, 113.353998072)
(17384.5625, 6440.30957031, 113.354019103)
(17384.6425781, 6440.31005859, 113.354040135)
(17384.7226562, 6440.31054688, 113.354061166)
(17384.8027344, 6440.31103516, 113.354082197)
(17384.8828125, 6440.31152344, 113.354103229)
(17384.9628906, 6440.31152344, 113.354103229)
(17385.0429688, 6440.31152344, 113.354103229)
(17385.1230469, 6440.31152344, 113.354103229)
(17385.203125, 6440.31152344, 113.354103229)
(17385.2832031, 6440.31152344, 113.354103229)
(17385.3632812, 6440.31152344, 113.354103229)
(17385.4433594, 6440.31152344, 113.354103229)
(17385.5234375, 6440.31152344, 113.354103229)
(17385.6035156, 6440.31152344, 113.354103229)
(17385.6835938, 6440.31152344, 113.354103229)
(17385.7636719, 6440.31152344, 113.354103229)
(17385.84375, 6440.31152344, 113.354103229)
(17385.9238281, 6440.31152344, 113.354103229)
(17386.0039062, 6440.31152344, 113.354103229)
(17386.0839844, 6440.31152344, 113.354103229)
(17386.1640625, 6440.31152344, 113.354103229)
(17386.2441406, 6440.31152344, 113.354103229)
(17386.3242188, 6440.31152344, 113.354103229)
(17386.4042969, 6440.31152344, 113.354103229)
(17386.484375, 6440.31152344, 113.354103229)
(17386.5644531, 6440.31152344, 113.354103229)
(17386.6445312, 6440.31152344, 113.354103229)
(17386.7246094, 6440.31152344, 113.354103229)
(17386.8046875, 6440.31152344, 113.354103229)
(17386.8847656, 6440.31152344, 113.354103229)
(17386.9648438, 6440.31152344, 113.354103229)
(17387.0449219, 6440.31152344, 113.354103229)
(17387.125, 6440.31152344, 113.354103229)
(17387.2050781, 6440.31152344, 113.354103229)
(17387.2851562, 6440.31152344, 113.354103229)
(17387.3652344, 6440.31152344, 113.354103229)
(17387.4433594, 6440.32421875, 113.354650045)
(17387.5195312, 6440.34912109, 113.355722646)
(17387.5898438, 6440.38574219, 113.3573)
(17387.6542969, 6440.43310547, 113.359340045)
(17387.7148438, 6440.48632812, 113.361632466)
(17387.7753906, 6440.53955078, 113.363924888)
(17387.8359375, 6440.59277344, 113.366217309)
(17387.8945312, 6440.64599609, 113.368509731)
(17387.953125, 6440.69921875, 113.370802152)
(17388.0117188, 6440.75244141, 113.373094574)
(17388.0703125, 6440.80566406, 113.375386996)
(17388.1308594, 6440.85888672, 113.377679417)
(17388.1914062, 6440.91210938, 113.379971839)
(17388.2519531, 6440.96533203, 113.38226426)
(17388.3105469, 6441.01855469, 113.384556682)
(17388.3691406, 6441.07177734, 113.386849103)
(17388.4277344, 6441.125, 113.389141525)
(17388.4863281, 6441.17822266, 113.391433946)
(17388.546875, 6441.23144531, 113.393726368)
(17388.6074219, 6441.28466797, 113.396018789)
(17388.6679688, 6441.33789062, 113.398311211)
(17388.7265625, 6441.39111328, 113.400603632)
(17388.7851562, 6441.44433594, 113.402896054)
(17388.84375, 6441.49755859, 113.405188475)
(17388.9023438, 6441.55078125, 113.407480897)
(17388.9628906, 6441.60400391, 113.409773318)
(17389.0234375, 6441.65722656, 113.41206574)
(17389.0839844, 6441.71044922, 113.414358161)
(17389.1425781, 6441.76367188, 113.416650583)
(17389.2011719, 6441.81689453, 113.418943004)
(17389.2597656, 6441.87011719, 113.421235426)
(17389.3183594, 6441.92333984, 113.423527848)
(17389.3789062, 6441.9765625, 113.425820269)
(17389.4394531, 6442.02978516, 113.428112691)
(17389.5, 6442.08300781, 113.430405112)
(17389.5585938, 6442.13623047, 113.432697534)
(17389.6171875, 6442.18945312, 113.434989955)
(17389.6757812, 6442.24267578, 113.437282377)
(17389.734375, 6442.29589844, 113.439574798)
(17389.7949219, 6442.34912109, 113.44186722)
(17389.8554688, 6442.40234375, 113.444159641)
(17389.9160156, 6442.45556641, 113.446452063)
(17389.9746094, 6442.50878906, 113.448744484)
(17390.03125, 6442.56494141, 113.451163094)
(17390.0878906, 6442.62109375, 113.453581704)
(17390.1445312, 6442.67724609, 113.456000314)
(17390.2011719, 6442.73339844, 113.458418924)
(17390.2578125, 6442.78955078, 113.460837534)
(17390.3144531, 6442.84570312, 113.463256143)
(17390.3710938, 6442.90185547, 113.465674753)
(17390.4277344, 6442.95800781, 113.468093363)
(17390.484375, 6443.01416016, 113.470511973)
(17390.5410156, 6443.0703125, 113.472930583)
(17390.5976562, 6443.12646484, 113.475349193)
(17390.6542969, 6443.18261719, 113.477767803)
(17390.7109375, 6443.23876953, 113.480186413)
(17390.7675781, 6443.29492188, 113.482605022)
(17390.8242188, 6443.35107422, 113.485023632)
(17390.8808594, 6443.40722656, 113.487442242)
(17390.9375, 6443.46337891, 113.489860852)
(17390.9941406, 6443.51953125, 113.492279462)
(17391.0507812, 6443.57568359, 113.494698072)
(17391.1074219, 6443.63183594, 113.497116682)
(17391.1640625, 6443.68798828, 113.499535291)
(17391.2207031, 6443.74414062, 113.501953901)
(17391.2773438, 6443.80029297, 113.504372511)
(17391.3339844, 6443.85644531, 113.506791121)
(17391.390625, 6443.91259766, 113.509209731)
(17391.4472656, 6443.96875, 113.511628341)
(17391.5039062, 6444.02490234, 113.514046951)
(17391.5605469, 6444.08105469, 113.516465561)
(17391.6171875, 6444.13720703, 113.51888417)
(17391.6738281, 6444.19335938, 113.52130278)
(17391.7304688, 6444.24951172, 113.52372139)
(17391.7871094, 6444.30566406, 113.52614)
(17391.84375, 6444.36181641, 113.52855861)
(17391.9003906, 6444.41796875, 113.53097722)
(17391.9570312, 6444.47412109, 113.53339583)
(17392.0136719, 6444.53027344, 113.535814439)
(17392.0703125, 6444.58642578, 113.538233049)
(17392.1269531, 6444.64257812, 113.540651659)
(17392.1835938, 6444.69873047, 113.543070269)
(17392.2402344, 6444.75439453, 113.545467848)
(17392.296875, 6444.81005859, 113.547865426)
(17392.3535156, 6444.86572266, 113.550263004)
(17392.4101562, 6444.92138672, 113.552660583)
(17392.4667969, 6444.97705078, 113.555058161)
(17392.5136719, 6445.04150391, 113.557834305)
(17392.5585938, 6445.10742188, 113.560673543)
(17392.6035156, 6445.17333984, 113.56351278)
(17392.6484375, 6445.23925781, 113.566352018)
(17392.6933594, 6445.30517578, 113.569191256)
(17392.7382812, 6445.37109375, 113.569506726)
(17392.7832031, 6445.43701172, 113.569506726)
(17392.828125, 6445.50292969, 113.569506726)
(17392.8730469, 6445.56884766, 113.569506726)
(17392.9179688, 6445.63476562, 113.569506726)
(17392.9628906, 6445.70068359, 113.569506726)
(17393.0078125, 6445.76660156, 113.569506726)
(17393.0527344, 6445.83251953, 113.569506726)
(17393.0976562, 6445.8984375, 113.569506726)
(17393.1425781, 6445.96435547, 113.569506726)
(17393.1875, 6446.03027344, 113.569506726)
(17393.2324219, 6446.09619141, 113.569506726)
(17393.2773438, 6446.16210938, 113.569506726)
(17393.3222656, 6446.22802734, 113.569506726)
(17393.3671875, 6446.29394531, 113.569506726)
(17393.4121094, 6446.35986328, 113.569506726)
(17393.4570312, 6446.42578125, 113.569506726)
(17393.5019531, 6446.49169922, 113.569506726)
(17393.546875, 6446.55761719, 113.569506726)
(17393.5917969, 6446.62353516, 113.569506726)
(17393.6367188, 6446.68945312, 113.569506726)
(17393.6816406, 6446.75537109, 113.569506726)
(17393.7265625, 6446.82128906, 113.569506726)
(17393.7714844, 6446.88720703, 113.569506726)
(17393.8164062, 6446.953125, 113.569506726)
(17393.8613281, 6447.01904297, 113.569506726)
(17393.90625, 6447.08496094, 113.569506726)
(17393.9511719, 6447.15087891, 113.569506726)
(17393.9960938, 6447.21679688, 113.569506726)
(17394.0410156, 6447.28271484, 113.569506726)
(17394.0859375, 6447.34863281, 113.569506726)
(17394.1308594, 6447.41455078, 113.569506726)
(17394.1757812, 6447.48046875, 113.569506726)
(17394.2207031, 6447.54638672, 113.569506726)
(17394.265625, 6447.61230469, 113.569506726)
(17394.3105469, 6447.67822266, 113.569506726)
(17394.3554688, 6447.74414062, 113.569506726)
(17394.4003906, 6447.81005859, 113.569506726)
(17394.4453125, 6447.87597656, 113.569506726)
(17394.4902344, 6447.94189453, 113.569506726)
(17394.5351562, 6448.0078125, 113.569506726)
(17394.5800781, 6448.07373047, 113.569506726)
(17394.625, 6448.13964844, 113.569506726)
(17394.6699219, 6448.20556641, 113.569506726)
(17394.7148438, 6448.27148438, 113.569506726)
(17394.7597656, 6448.33740234, 113.569506726)
(17394.8046875, 6448.40332031, 113.569506726)
(17394.8496094, 6448.46923828, 113.569506726)
(17394.8945312, 6448.53515625, 113.569506726)
(17394.9394531, 6448.60107422, 113.569506726)
(17394.984375, 6448.66699219, 113.569506726)
(17395.0292969, 6448.73291016, 113.569506726)
(17395.0839844, 6448.79101562, 113.569506726)
(17395.1386719, 6448.84863281, 113.569506726)
(17395.1933594, 6448.90625, 113.569506726)
(17395.2480469, 6448.96386719, 113.569506726)
(17395.3027344, 6449.02148438, 113.569506726)
(17395.3574219, 6449.07910156, 113.569506726)
(17395.4121094, 6449.13671875, 113.569506726)
(17395.4667969, 6449.19433594, 113.569506726)
(17395.5214844, 6449.25195312, 113.569506726)
(17395.5761719, 6449.30957031, 113.569506726)
(17395.6308594, 6449.3671875, 113.569506726)
(17395.6855469, 6449.42480469, 113.569506726)
(17395.7402344, 6449.48242188, 113.569506726)
(17395.7949219, 6449.54003906, 113.569506726)
(17395.8496094, 6449.59765625, 113.569506726)
(17395.9042969, 6449.65527344, 113.569506726)
(17395.9589844, 6449.71289062, 113.569506726)
(17396.0136719, 6449.77050781, 113.569506726)
(17396.0683594, 6449.828125, 113.569506726)
(17396.1230469, 6449.88574219, 113.569506726)
(17396.1777344, 6449.94335938, 113.569506726)
(17396.2324219, 6450.00097656, 113.569506726)
(17396.2871094, 6450.05859375, 113.569506726)
(17396.3417969, 6450.11621094, 113.569506726)
(17396.3964844, 6450.17382812, 113.569506726)
(17396.4511719, 6450.23144531, 113.569506726)
(17396.5058594, 6450.2890625, 113.569506726)
(17396.5605469, 6450.34667969, 113.569506726)
(17396.6152344, 6450.40429688, 113.569506726)
(17396.6699219, 6450.46191406, 113.569506726)
(17396.7246094, 6450.51953125, 113.569506726)
(17396.78125, 6450.57714844, 113.569506726)
(17396.8378906, 6450.63476562, 113.569506726)
(17396.8945312, 6450.69238281, 113.569506726)
(17396.9511719, 6450.75, 113.569506726)
(17397.0058594, 6450.80761719, 113.569506726)
(17397.0605469, 6450.86523438, 113.569506726)
(17397.1152344, 6450.92285156, 113.569506726)
(17397.171875, 6450.98046875, 113.569506726)
(17397.2285156, 6451.03808594, 113.569506726)
(17397.2851562, 6451.09570312, 113.569506726)
(17397.3417969, 6451.15332031, 113.569506726)
(17397.3964844, 6451.2109375, 113.569506726)
(17397.4511719, 6451.26855469, 113.569506726)
(17397.5058594, 6451.32617188, 113.569506726)
(17397.5625, 6451.3828125, 113.569506726)
(17397.6191406, 6451.43945312, 113.569506726)
(17397.6757812, 6451.49609375, 113.569506726)
(17397.7324219, 6451.55273438, 113.569506726)
(17397.7890625, 6451.609375, 113.569506726)
(17397.8457031, 6451.66601562, 113.569506726)
(17397.9023438, 6451.72265625, 113.569506726)
(17397.9589844, 6451.77929688, 113.569506726)
(17398.015625, 6451.8359375, 113.569506726)
(17398.0722656, 6451.89257812, 113.569506726)
(17398.1289062, 6451.94921875, 113.569506726)
(17398.1855469, 6452.00585938, 113.569506726)
(17398.2421875, 6452.0625, 113.569506726)
(17398.2988281, 6452.11914062, 113.569506726)
(17398.3554688, 6452.17578125, 113.569506726)
(17398.4121094, 6452.23242188, 113.569506726)
(17398.46875, 6452.2890625, 113.569506726)
(17398.5253906, 6452.34570312, 113.569506726)
(17398.5820312, 6452.40234375, 113.569506726)
(17398.6386719, 6452.45898438, 113.569506726)
(17398.6953125, 6452.515625, 113.569506726)
(17398.7519531, 6452.57226562, 113.569506726)
(17398.8085938, 6452.62890625, 113.569506726)
(17398.8652344, 6452.68554688, 113.569506726)
(17398.921875, 6452.7421875, 113.569506726)
(17398.9785156, 6452.79882812, 113.569506726)
(17399.0351562, 6452.85546875, 113.569506726)
(17399.0917969, 6452.91210938, 113.569506726)
(17399.1484375, 6452.96875, 113.569506726)
(17399.2050781, 6453.02539062, 113.569506726)
(17399.2617188, 6453.08203125, 113.569506726)
(17399.3183594, 6453.13867188, 113.569506726)
(17399.375, 6453.1953125, 113.569506726)
(17399.4316406, 6453.25195312, 113.569506726)
(17399.4882812, 6453.30859375, 113.569506726)
(17399.5449219, 6453.36523438, 113.569506726)
(17399.6015625, 6453.421875, 113.569506726)
(17399.6582031, 6453.47851562, 113.569506726)
(17399.7148438, 6453.53515625, 113.569506726)
(17399.7714844, 6453.59228516, 113.569506726)
(17399.828125, 6453.64941406, 113.569506726)
(17399.8847656, 6453.70654297, 113.569506726)
(17399.9414062, 6453.76367188, 113.569506726)
(17399.9980469, 6453.82080078, 113.569506726)
(17400.0546875, 6453.87744141, 113.569506726)
(17400.1113281, 6453.93408203, 113.569506726)
(17400.1679688, 6453.99072266, 113.569506726)
(17400.2246094, 6454.04736328, 113.569506726)
(17400.28125, 6454.10400391, 113.569506726)
(17400.3378906, 6454.16064453, 113.569506726)
(17400.3945312, 6454.21728516, 113.569506726)
(17400.4511719, 6454.27392578, 113.569506726)
(17400.5078125, 6454.33056641, 113.569506726)
(17400.5644531, 6454.38720703, 113.569506726)
(17400.6210938, 6454.44384766, 113.569506726)
(17400.6777344, 6454.50048828, 113.569506726)
(17400.734375, 6454.55712891, 113.569506726)
(17400.7910156, 6454.61376953, 113.569506726)
(17400.8476562, 6454.67041016, 113.569506726)
(17400.9042969, 6454.72705078, 113.569506726)
(17400.9609375, 6454.78369141, 113.569506726)
(17401.0175781, 6454.84033203, 113.569506726)
(17401.0742188, 6454.89697266, 113.569506726)
(17401.1308594, 6454.95361328, 113.569506726)
(17401.1875, 6455.01025391, 113.569506726)
(17401.2441406, 6455.06689453, 113.569506726)
(17401.3007812, 6455.12353516, 113.569506726)
(17401.3574219, 6455.18017578, 113.569506726)
(17401.4140625, 6455.23681641, 113.569506726)
(17401.4707031, 6455.29345703, 113.569506726)
(17401.5273438, 6455.35009766, 113.569506726)
(17401.5839844, 6455.40673828, 113.569506726)
(17401.640625, 6455.46337891, 113.569506726)
(17401.6972656, 6455.52001953, 113.569506726)
(17401.7539062, 6455.57666016, 113.569506726)
(17401.8105469, 6455.63330078, 113.569506726)
(17401.8671875, 6455.68994141, 113.569506726)
(17401.9238281, 6455.74658203, 113.569506726)
(17401.9804688, 6455.80322266, 113.569506726)
(17402.0371094, 6455.85986328, 113.569506726)
(17402.09375, 6455.91650391, 113.569506726)
(17402.1503906, 6455.97314453, 113.569506726)
(17402.2070312, 6456.02978516, 113.569506726)
(17402.2636719, 6456.08642578, 113.569506726)
(17402.3203125, 6456.14306641, 113.569506726)
(17402.3769531, 6456.19970703, 113.569506726)
(17402.4335938, 6456.25634766, 113.569506726)
(17402.4902344, 6456.31347656, 113.569506726)
(17402.546875, 6456.37011719, 113.569506726)
(17402.6035156, 6456.42675781, 113.569506726)
(17402.6601562, 6456.48339844, 113.569506726)
(17402.7167969, 6456.54003906, 113.569506726)
(17402.7734375, 6456.59667969, 113.569506726)
(17402.8300781, 6456.65332031, 113.569506726)
(17402.8867188, 6456.70996094, 113.569506726)
(17402.9433594, 6456.76660156, 113.569506726)
(17403.0, 6456.82324219, 113.569506726)
(17403.0566406, 6456.87988281, 113.569506726)
(17403.1132812, 6456.93652344, 113.569506726)
(17403.1699219, 6456.99316406, 113.569506726)
(17403.2265625, 6457.04980469, 113.569506726)
(17403.2832031, 6457.10644531, 113.569506726)
(17403.3398438, 6457.16308594, 113.569506726)
(17403.3964844, 6457.21972656, 113.569506726)
(17403.453125, 6457.27636719, 113.569506726)
(17403.5097656, 6457.33300781, 113.569506726)
(17403.5664062, 6457.38964844, 113.569506726)
(17403.6230469, 6457.44628906, 113.569506726)
(17403.6796875, 6457.50292969, 113.569506726)
(17403.7363281, 6457.55957031, 113.569506726)
(17403.7929688, 6457.61621094, 113.569506726)
(17403.8496094, 6457.67285156, 113.569506726)
(17403.90625, 6457.72949219, 113.569506726)
(17403.9628906, 6457.78613281, 113.569506726)
(17404.0195312, 6457.84277344, 113.569506726)
(17404.0761719, 6457.89941406, 113.569506726)
(17404.1328125, 6457.95605469, 113.569506726)
(17404.1894531, 6458.01269531, 113.569506726)
(17404.2460938, 6458.06933594, 113.569506726)
(17404.3027344, 6458.12597656, 113.569506726)
(17404.359375, 6458.18261719, 113.569506726)
(17404.4160156, 6458.23925781, 113.569506726)
(17404.4726562, 6458.29589844, 113.569506726)
(17404.5292969, 6458.35253906, 113.569506726)
(17404.5859375, 6458.40917969, 113.569506726)
(17404.6425781, 6458.46582031, 113.569506726)
(17404.6992188, 6458.52246094, 113.569506726)
(17404.7558594, 6458.57910156, 113.569506726)
(17404.8125, 6458.63574219, 113.569506726)
(17404.8691406, 6458.69238281, 113.569506726)
(17404.9257812, 6458.74902344, 113.569506726)
(17404.9824219, 6458.80566406, 113.569506726)
(17405.0390625, 6458.86230469, 113.569506726)
(17405.0957031, 6458.91894531, 113.569506726)
(17405.1523438, 6458.97558594, 113.569506726)
(17405.2089844, 6459.03222656, 113.569506726)
(17405.265625, 6459.08886719, 113.569506726)
(17405.3222656, 6459.14550781, 113.569506726)
(17405.3789062, 6459.20214844, 113.569506726)
(17405.4355469, 6459.25878906, 113.569506726)
(17405.4921875, 6459.31542969, 113.569506726)
(17405.5488281, 6459.37207031, 113.569506726)
(17405.6054688, 6459.42871094, 113.569506726)
(17405.6621094, 6459.48535156, 113.569506726)
(17405.71875, 6459.54199219, 113.569506726)
(17405.7753906, 6459.59863281, 113.569506726)
(17405.8320312, 6459.65527344, 113.569506726)
(17405.8886719, 6459.71191406, 113.569506726)
(17405.9453125, 6459.76855469, 113.569506726)
(17406.0019531, 6459.82519531, 113.569506726)
(17406.0585938, 6459.88183594, 113.569506726)
(17406.1152344, 6459.93847656, 113.569506726)
(17406.171875, 6459.99511719, 113.569506726)
(17406.2285156, 6460.05175781, 113.569506726)
(17406.2851562, 6460.10839844, 113.569506726)
(17406.3417969, 6460.16503906, 113.569506726)
(17406.3984375, 6460.22167969, 113.569506726)
(17406.4550781, 6460.27832031, 113.569506726)
(17406.5117188, 6460.33496094, 113.569506726)
(17406.5683594, 6460.39160156, 113.569506726)
(17406.625, 6460.44824219, 113.569506726)
(17406.6816406, 6460.50488281, 113.569506726)
(17406.7382812, 6460.56152344, 113.569506726)
(17406.7949219, 6460.61816406, 113.569506726)
(17406.8515625, 6460.67480469, 113.569506726)
(17406.9082031, 6460.73144531, 113.569506726)
(17406.9648438, 6460.78808594, 113.569506726)
(17407.0214844, 6460.84472656, 113.569506726)
(17407.078125, 6460.90136719, 113.569506726)
(17407.1347656, 6460.95800781, 113.569506726)
(17407.1914062, 6461.01464844, 113.569506726)
(17407.2480469, 6461.07128906, 113.569506726)
(17407.3046875, 6461.12792969, 113.569506726)
(17407.3613281, 6461.18457031, 113.569506726)
(17407.4179688, 6461.24121094, 113.569506726)
(17407.4746094, 6461.29785156, 113.569506726)
(17407.53125, 6461.35449219, 113.569506726)
(17407.5878906, 6461.41113281, 113.569506726)
(17407.6445312, 6461.46777344, 113.569506726)
(17407.7011719, 6461.52441406, 113.569506726)
(17407.7578125, 6461.58105469, 113.569506726)
(17407.8144531, 6461.63769531, 113.569506726)
(17407.8710938, 6461.69433594, 113.569506726)
(17407.9277344, 6461.75097656, 113.569506726)
(17407.984375, 6461.80761719, 113.569506726)
(17408.0410156, 6461.86425781, 113.569506726)
(17408.0976562, 6461.92089844, 113.569506726)
(17408.1542969, 6461.97753906, 113.569506726)
(17408.2109375, 6462.03417969, 113.569506726)
(17408.2675781, 6462.09082031, 113.569506726)
(17408.3242188, 6462.14746094, 113.569506726)
(17408.3808594, 6462.20410156, 113.569506726)
(17408.4375, 6462.26074219, 113.569506726)
(17408.4941406, 6462.31738281, 113.569506726)
(17408.5507812, 6462.37402344, 113.569506726)
(17408.6074219, 6462.43066406, 113.569506726)
(17408.6640625, 6462.48730469, 113.569506726)
(17408.7207031, 6462.54394531, 113.569506726)
(17408.7773438, 6462.60058594, 113.569506726)
(17408.8339844, 6462.65722656, 113.569506726)
(17408.890625, 6462.71386719, 113.569506726)
(17408.9472656, 6462.77050781, 113.569506726)
(17409.0039062, 6462.82714844, 113.569506726)
(17409.0605469, 6462.88378906, 113.569506726)
(17409.1171875, 6462.94042969, 113.569506726)
(17409.1738281, 6462.99707031, 113.569506726)
(17409.2304688, 6463.05371094, 113.569506726)
(17409.2871094, 6463.11035156, 113.569506726)
(17409.34375, 6463.16699219, 113.569506726)
(17409.4003906, 6463.22363281, 113.569506726)
(17409.4570312, 6463.28027344, 113.569506726)
(17409.5136719, 6463.33691406, 113.569506726)
(17409.5703125, 6463.39355469, 113.569506726)
(17409.6269531, 6463.45019531, 113.569506726)
(17409.6835938, 6463.50683594, 113.569506726)
(17409.7402344, 6463.56347656, 113.569506726)
(17409.796875, 6463.62011719, 113.569506726)
(17409.8535156, 6463.67675781, 113.569506726)
(17409.9179688, 6463.72363281, 113.569506726)
(17409.9882812, 6463.75976562, 113.569506726)
(17410.0644531, 6463.78466797, 113.569506726)
(17410.1425781, 6463.79736328, 113.569506726)
(17410.2226562, 6463.79785156, 113.569506726)
(17410.3007812, 6463.78564453, 113.569506726)
(17410.3769531, 6463.76123047, 113.569506726)
(17410.4550781, 6463.74902344, 113.569506726)
(17410.53125, 6463.72460938, 113.569506726)
(17410.609375, 6463.71240234, 113.569506726)
(17410.6894531, 6463.71240234, 113.569506726)
(17410.7675781, 6463.69970703, 113.569506726)
(17410.8476562, 6463.69921875, 113.569506726)
(17410.9257812, 6463.68603516, 113.569506726)
(17411.0058594, 6463.68505859, 113.569506726)
(17411.0839844, 6463.67138672, 113.569506726)
(17411.1640625, 6463.66992188, 113.569506726)
(17411.2441406, 6463.68115234, 113.569506726)
(17411.3242188, 6463.6796875, 113.569506726)
(17411.4042969, 6463.69091797, 113.569506726)
(17411.484375, 6463.68945312, 113.569506726)
(17411.5644531, 6463.70068359, 113.569506726)
(17411.6445312, 6463.69921875, 113.569506726)
(17411.7246094, 6463.71044922, 113.569506726)
(17411.8007812, 6463.73388672, 113.569506726)
(17411.8808594, 6463.74511719, 113.569506726)
(17411.9570312, 6463.76855469, 113.569506726)
(17412.0371094, 6463.77978516, 113.569506726)
(17412.1132812, 6463.80322266, 113.569506726)
(17412.1933594, 6463.81445312, 113.569506726)
(17412.2695312, 6463.83789062, 113.569506726)
(17412.3417969, 6463.87304688, 113.569506726)
(17412.4179688, 6463.89648438, 113.569506726)
(17412.4902344, 6463.93164062, 113.569506726)
(17412.5664062, 6463.95507812, 113.569506726)
(17412.6386719, 6463.99023438, 113.569506726)
(17412.7148438, 6464.01367188, 113.569506726)
(17412.7871094, 6464.04882812, 113.569506726)
(17412.8535156, 6464.09472656, 113.569506726)
(17412.9257812, 6464.12939453, 113.569506726)
(17412.9921875, 6464.17480469, 113.569506726)
(17413.0644531, 6464.20898438, 113.569506726)
(17413.140625, 6464.23144531, 113.569506726)
(17413.2207031, 6464.24169922, 113.569506726)
(17413.3007812, 6464.23925781, 113.569506726)
(17413.3808594, 6464.24951172, 113.569506726)
(17413.4570312, 6464.27197266, 113.569506726)
(17413.5371094, 6464.28222656, 113.569506726)
(17413.6132812, 6464.3046875, 113.569506726)
(17413.6933594, 6464.31494141, 113.569506726)
(17413.7695312, 6464.33740234, 113.569506726)
(17413.8496094, 6464.34765625, 113.569506726)
(17413.9257812, 6464.37011719, 113.569506726)
(17414.0058594, 6464.38037109, 113.569506726)
(17414.0820312, 6464.40283203, 113.569506726)
(17414.1621094, 6464.41308594, 113.569506726)
(17414.2382812, 6464.43554688, 113.569506726)
(17414.3183594, 6464.44580078, 113.569506726)
(17414.3945312, 6464.46826172, 113.569506726)
(17414.4667969, 6464.50244141, 113.569506726)
(17414.5429688, 6464.52490234, 113.569506726)
(17414.6152344, 6464.55908203, 113.569506726)
(17414.6914062, 6464.58154297, 113.569506726)
(17414.7636719, 6464.61572266, 113.569506726)
(17414.8398438, 6464.63818359, 113.569506726)
(17414.9121094, 6464.67236328, 113.569506726)
(17414.9882812, 6464.69482422, 113.569506726)
(17415.0605469, 6464.72900391, 113.569506726)
(17415.1269531, 6464.77392578, 113.569506726)
(17415.1992188, 6464.80761719, 113.569506726)
(17415.265625, 6464.85253906, 113.569506726)
(17415.3242188, 6464.90722656, 113.569506726)
(17415.3730469, 6464.97021484, 113.569506726)
(17415.4121094, 6465.04052734, 113.569506726)
(17415.4394531, 6465.11572266, 113.569506726)
(17415.4550781, 6465.19433594, 113.569506726)
(17415.4589844, 6465.27441406, 113.569506726)
(17415.4746094, 6465.35253906, 113.569506726)
(17415.5019531, 6465.42773438, 113.569506726)
(17415.5410156, 6465.49755859, 113.569506726)
(17415.5898438, 6465.56054688, 113.569506726)
(17415.6484375, 6465.61523438, 113.569506726)
(17415.6972656, 6465.67822266, 113.569506726)
(17415.7363281, 6465.74853516, 113.569506726)
(17415.7636719, 6465.82373047, 113.569506726)
(17415.7792969, 6465.90234375, 113.569506726)
(17415.7832031, 6465.98242188, 113.569506726)
(17415.7753906, 6466.06201172, 113.569506726)
(17415.7636719, 6466.14111328, 113.569506726)
(17415.7519531, 6466.22021484, 113.569506726)
(17415.7402344, 6466.29931641, 113.569506726)
(17415.7285156, 6466.37841797, 113.569506726)
(17415.7167969, 6466.45751953, 113.569506726)
(17415.7050781, 6466.53662109, 113.569506726)
(17415.6933594, 6466.61572266, 113.569506726)
(17415.6816406, 6466.69482422, 113.569506726)
(17415.6699219, 6466.77392578, 113.569506726)
(17415.6582031, 6466.85302734, 113.569506726)
(17415.6464844, 6466.93212891, 113.569506726)
(17415.6347656, 6467.01123047, 113.569506726)
(17415.6230469, 6467.09033203, 113.569506726)
(17415.6113281, 6467.16943359, 113.569506726)
(17415.5996094, 6467.24853516, 113.569506726)
(17415.5878906, 6467.32763672, 113.569506726)
(17415.5761719, 6467.40673828, 113.569506726)
(17415.5644531, 6467.48583984, 113.569506726)
(17415.5527344, 6467.56494141, 113.569506726)
(17415.5410156, 6467.64404297, 113.569506726)
(17415.5292969, 6467.72314453, 113.569506726)
(17415.5175781, 6467.80224609, 113.569506726)
(17415.5058594, 6467.88134766, 113.569506726)
(17415.4941406, 6467.96044922, 113.569506726)
(17415.4824219, 6468.03955078, 113.569506726)
(17415.4707031, 6468.11865234, 113.569506726)
(17415.4589844, 6468.19775391, 113.569506726)
(17415.4472656, 6468.27685547, 113.569506726)
(17415.4355469, 6468.35595703, 113.569506726)
(17415.4238281, 6468.43505859, 113.569506726)
(17415.4121094, 6468.51416016, 113.569506726)
(17415.4003906, 6468.59326172, 113.569506726)
(17415.3886719, 6468.67236328, 113.569506726)
(17415.3886719, 6468.75244141, 113.569506726)
(17415.4003906, 6468.83154297, 113.569506726)
(17415.4238281, 6468.90771484, 113.569506726)
(17415.4589844, 6468.97949219, 113.569506726)
(17415.5058594, 6469.04492188, 113.569506726)
(17415.5585938, 6469.10498047, 113.569506726)
(17415.6113281, 6469.16455078, 113.569506726)
(17415.6640625, 6469.22412109, 113.569506726)
(17415.7167969, 6469.28369141, 113.569506726)
(17415.7695312, 6469.34326172, 113.569506726)
(17415.8222656, 6469.40283203, 113.569506726)
(17415.875, 6469.46240234, 113.569506726)
(17415.9277344, 6469.52197266, 113.569506726)
(17415.9804688, 6469.58154297, 113.569506726)
(17416.0332031, 6469.64111328, 113.569506726)
(17416.0859375, 6469.70068359, 113.569506726)
(17416.1386719, 6469.76025391, 113.569506726)
(17416.1914062, 6469.81982422, 113.569506726)
(17416.2441406, 6469.87939453, 113.569506726)
(17416.296875, 6469.93896484, 113.569506726)
(17416.3496094, 6469.99853516, 113.569506726)
(17416.4023438, 6470.05810547, 113.569506726)
(17416.4550781, 6470.11767578, 113.569506726)
(17416.5078125, 6470.17724609, 113.569506726)
(17416.5605469, 6470.23681641, 113.569506726)
(17416.6132812, 6470.29638672, 113.569506726)
(17416.6660156, 6470.35595703, 113.569506726)
(17416.71875, 6470.41552734, 113.569506726)
(17416.7714844, 6470.47509766, 113.569506726)
(17416.8242188, 6470.53466797, 113.569506726)
(17416.8769531, 6470.59423828, 113.569506726)
(17416.9296875, 6470.65380859, 113.569506726)
(17416.9824219, 6470.71337891, 113.569506726)
(17417.0351562, 6470.77294922, 113.569506726)
(17417.0878906, 6470.83251953, 113.569506726)
(17417.140625, 6470.89208984, 113.569506726)
(17417.1933594, 6470.95166016, 113.569506726)
(17417.2460938, 6471.01123047, 113.569506726)
(17417.2988281, 6471.07080078, 113.569506726)
(17417.3515625, 6471.13037109, 113.569506726)
(17417.4042969, 6471.18994141, 113.569506726)
(17417.4570312, 6471.24951172, 113.569506726)
(17417.5097656, 6471.30859375, 113.569506726)
(17417.5527344, 6471.37597656, 113.569506726)
(17417.5839844, 6471.44921875, 113.569506726)
(17417.6035156, 6471.52685547, 113.569506726)
(17417.6113281, 6471.60644531, 113.569506726)
(17417.6171875, 6471.68603516, 113.569506726)
(17417.6230469, 6471.765625, 113.569506726)
(17417.6289062, 6471.84521484, 113.569506726)
(17417.6347656, 6471.92480469, 113.569506726)
(17417.640625, 6472.00439453, 113.569506726)
(17417.6464844, 6472.08398438, 113.569506726)
(17417.6523438, 6472.16357422, 113.569506726)
(17417.6582031, 6472.24316406, 113.569506726)
(17417.6640625, 6472.32275391, 113.569506726)
(17417.6699219, 6472.40234375, 113.569506726)
(17417.6757812, 6472.48193359, 113.569506726)
(17417.6816406, 6472.56152344, 113.569506726)
(17417.6875, 6472.64111328, 113.569506726)
(17417.6933594, 6472.72070312, 113.569506726)
(17417.6992188, 6472.80029297, 113.569506726)
(17417.7050781, 6472.87988281, 113.569506726)
(17417.7109375, 6472.95947266, 113.569506726)
(17417.7167969, 6473.0390625, 113.569506726)
(17417.7246094, 6473.11865234, 113.569506726)
(17417.7324219, 6473.19824219, 113.569506726)
(17417.7402344, 6473.27783203, 113.569506726)
(17417.7460938, 6473.35742188, 113.569506726)
(17417.7519531, 6473.43701172, 113.569506726)
(17417.7578125, 6473.51660156, 113.569506726)
(17417.765625, 6473.59619141, 113.569506726)
(17417.7734375, 6473.67578125, 113.569506726)
(17417.7753906, 6473.75585938, 113.569506726)
(17417.7773438, 6473.8359375, 113.569506726)
(17417.7792969, 6473.91601562, 113.569506726)
(17417.78125, 6473.99609375, 113.569506726)
(17417.78125, 6474.07617188, 113.569506726)
(17417.78125, 6474.15625, 113.569506726)
(17417.78125, 6474.23632812, 113.569506726)
(17417.7832031, 6474.31640625, 113.569506726)
(17417.7851562, 6474.39648438, 113.569506726)
(17417.7871094, 6474.4765625, 113.569506726)
(17417.7871094, 6474.55664062, 113.569506726)
(17417.7871094, 6474.63671875, 113.569506726)
(17417.7871094, 6474.71679688, 113.569506726)
(17417.7890625, 6474.796875, 113.569506726)
(17417.7910156, 6474.87695312, 113.569506726)
(17417.7929688, 6474.95703125, 113.569506726)
(17417.7929688, 6475.03710938, 113.569506726)
(17417.7929688, 6475.1171875, 113.569506726)
(17417.7929688, 6475.19726562, 113.569506726)
(17417.7949219, 6475.27734375, 113.569506726)
(17417.796875, 6475.35742188, 113.569506726)
(17417.7988281, 6475.4375, 113.569506726)
(17417.7988281, 6475.51757812, 113.569506726)
(17417.7988281, 6475.59765625, 113.569506726)
(17417.7988281, 6475.67773438, 113.569506726)
(17417.8007812, 6475.7578125, 113.569506726)
(17417.8027344, 6475.83789062, 113.569506726)
(17417.8046875, 6475.91796875, 113.569506726)
(17417.8046875, 6475.99804688, 113.569506726)
(17417.8046875, 6476.078125, 113.569506726)
(17417.8046875, 6476.15820312, 113.569506726)
(17417.8046875, 6476.23828125, 113.569506726)
(17417.8046875, 6476.31835938, 113.569506726)
(17417.8046875, 6476.3984375, 113.569506726)
(17417.8046875, 6476.47851562, 113.569506726)
(17417.8046875, 6476.55859375, 113.569506726)
(17417.8046875, 6476.63867188, 113.569506726)
(17417.8046875, 6476.71875, 113.569506726)
(17417.8046875, 6476.79882812, 113.569506726)
(17417.8046875, 6476.87890625, 113.569506726)
(17417.8046875, 6476.95898438, 113.569506726)
(17417.8046875, 6477.0390625, 113.569506726)
(17417.8046875, 6477.11914062, 113.569506726)
(17417.8046875, 6477.19921875, 113.569506726)
(17417.8046875, 6477.27929688, 113.569506726)
(17417.8046875, 6477.359375, 113.569506726)
(17417.8046875, 6477.43945312, 113.569506726)
(17417.8046875, 6477.51953125, 113.569506726)
(17417.8046875, 6477.59960938, 113.569506726)
(17417.8046875, 6477.6796875, 113.569506726)
(17417.8046875, 6477.75976562, 113.569506726)
(17417.8046875, 6477.83984375, 113.569506726)
(17417.8046875, 6477.91992188, 113.569506726)
(17417.8046875, 6478.0, 113.569506726)
(17417.8046875, 6478.08007812, 113.569506726)
(17417.8046875, 6478.16015625, 113.569506726)
(17417.8046875, 6478.24023438, 113.569506726)
(17417.8046875, 6478.3203125, 113.569506726)
(17417.8046875, 6478.40039062, 113.569506726)
(17417.8046875, 6478.48046875, 113.569506726)
(17417.8046875, 6478.56054688, 113.569506726)
(17417.8046875, 6478.640625, 113.569506726)
(17417.8066406, 6478.72070312, 113.569506726)
(17417.8066406, 6478.80078125, 113.569506726)
(17417.8066406, 6478.88085938, 113.569506726)
(17417.8066406, 6478.9609375, 113.569506726)
(17417.8066406, 6479.04101562, 113.569506726)
(17417.8066406, 6479.12109375, 113.569506726)
(17417.8066406, 6479.20117188, 113.569506726)
(17417.8066406, 6479.28125, 113.569506726)
(17417.8066406, 6479.36132812, 113.569506726)
(17417.8066406, 6479.44140625, 113.569506726)
(17417.8066406, 6479.52148438, 113.569506726)
(17417.8066406, 6479.6015625, 113.569506726)
(17417.8066406, 6479.68164062, 113.569506726)
(17417.8066406, 6479.76171875, 113.569506726)
(17417.8066406, 6479.84179688, 113.569506726)
(17417.8066406, 6479.921875, 113.569506726)
(17417.8066406, 6480.00195312, 113.569506726)
(17417.8066406, 6480.08203125, 113.569506726)
(17417.8066406, 6480.16210938, 113.569506726)
(17417.8066406, 6480.2421875, 113.569506726)
(17417.8066406, 6480.32226562, 113.569506726)
(17417.8066406, 6480.40234375, 113.569506726)
(17417.8066406, 6480.48242188, 113.569506726)
(17417.8066406, 6480.5625, 113.569506726)
(17417.8066406, 6480.64257812, 113.569506726)
(17417.8066406, 6480.72265625, 113.569506726)
(17417.8066406, 6480.80273438, 113.569506726)
(17417.8066406, 6480.8828125, 113.569506726)
(17417.8066406, 6480.96289062, 113.569506726)
(17417.8066406, 6481.04296875, 113.569506726)
(17417.8066406, 6481.12304688, 113.569506726)
(17417.8066406, 6481.203125, 113.569506726)
(17417.8066406, 6481.28320312, 113.569506726)
(17417.8066406, 6481.36328125, 113.569506726)
(17417.8066406, 6481.44335938, 113.569506726)
(17417.8066406, 6481.5234375, 113.569506726)
(17417.8066406, 6481.60351562, 113.569506726)
(17417.8066406, 6481.68359375, 113.569506726)
(17417.8066406, 6481.76367188, 113.569506726)
(17417.8066406, 6481.84375, 113.569506726)
(17417.8066406, 6481.92382812, 113.569506726)
(17417.8066406, 6482.00390625, 113.569506726)
(17417.8066406, 6482.08398438, 113.569506726)
(17417.8066406, 6482.1640625, 113.569506726)
(17417.8066406, 6482.24414062, 113.569506726)
(17417.8066406, 6482.32421875, 113.569506726)
(17417.8066406, 6482.40429688, 113.569506726)
(17417.8066406, 6482.484375, 113.569506726)
(17417.8066406, 6482.56445312, 113.569506726)
(17417.8066406, 6482.64453125, 113.569506726)
(17417.8066406, 6482.72460938, 113.569506726)
(17417.8066406, 6482.8046875, 113.569506726)
(17417.8066406, 6482.88476562, 113.569506726)
(17417.8066406, 6482.96484375, 113.569506726)
(17417.8066406, 6483.04492188, 113.569506726)
(17417.8066406, 6483.125, 113.569506726)
(17417.8066406, 6483.20507812, 113.569506726)
(17417.8066406, 6483.28515625, 113.569506726)
(17417.8066406, 6483.36523438, 113.569506726)
(17417.8066406, 6483.4453125, 113.569506726)
(17417.8066406, 6483.52539062, 113.569506726)
(17417.8066406, 6483.60546875, 113.569506726)
(17417.8066406, 6483.68554688, 113.569506726)
(17417.8066406, 6483.765625, 113.569506726)
(17417.8066406, 6483.84570312, 113.569506726)
(17417.8066406, 6483.92578125, 113.569506726)
(17417.8066406, 6484.00585938, 113.569506726)
(17417.8066406, 6484.0859375, 113.569506726)
(17417.8066406, 6484.16601562, 113.569506726)
(17417.8066406, 6484.24609375, 113.569506726)
(17417.8066406, 6484.32617188, 113.569506726)
(17417.8066406, 6484.40625, 113.569506726)
(17417.8066406, 6484.48632812, 113.569506726)
(17417.8066406, 6484.56640625, 113.569506726)
(17417.8066406, 6484.64648438, 113.569506726)
(17417.8066406, 6484.7265625, 113.569506726)
(17417.8066406, 6484.80664062, 113.569506726)
(17417.8066406, 6484.88671875, 113.569506726)
(17417.8066406, 6484.96679688, 113.569506726)
(17417.8066406, 6485.046875, 113.569506726)
(17417.8066406, 6485.12695312, 113.569506726)
(17417.8066406, 6485.20703125, 113.569506726)
(17417.8066406, 6485.28710938, 113.569506726)
(17417.8066406, 6485.3671875, 113.569506726)
(17417.8066406, 6485.44726562, 113.569506726)
(17417.8066406, 6485.52734375, 113.569506726)
(17417.8066406, 6485.60742188, 113.569506726)
(17417.8066406, 6485.6875, 113.569506726)
(17417.8066406, 6485.76757812, 113.569506726)
(17417.8066406, 6485.84765625, 113.569506726)
(17417.8066406, 6485.92773438, 113.569506726)
(17417.8066406, 6486.0078125, 113.569506726)
(17417.8066406, 6486.08789062, 113.569506726)
(17417.8066406, 6486.16796875, 113.569506726)
(17417.8066406, 6486.24804688, 113.569506726)
(17417.8066406, 6486.328125, 113.569506726)
(17417.8066406, 6486.40820312, 113.569506726)
(17417.8066406, 6486.48828125, 113.569506726)
(17417.8066406, 6486.56835938, 113.569506726)
(17417.8066406, 6486.6484375, 113.569506726)
(17417.8066406, 6486.72851562, 113.569506726)
(17417.8066406, 6486.80859375, 113.569506726)
(17417.8066406, 6486.88867188, 113.569506726)
(17417.8066406, 6486.96875, 113.569506726)
(17417.8066406, 6487.04882812, 113.569506726)
(17417.8066406, 6487.12890625, 113.569506726)
(17417.8066406, 6487.20898438, 113.569506726)
(17417.8066406, 6487.2890625, 113.569506726)
(17417.8066406, 6487.36914062, 113.569506726)
(17417.8066406, 6487.44921875, 113.569506726)
(17417.8066406, 6487.52929688, 113.569506726)
(17417.8066406, 6487.609375, 113.569506726)
(17417.8066406, 6487.68945312, 113.569506726)
(17417.8066406, 6487.76953125, 113.569506726)
(17417.8066406, 6487.84960938, 113.569506726)
(17417.8066406, 6487.9296875, 113.569506726)
(17417.8066406, 6488.00976562, 113.569506726)
(17417.8066406, 6488.08984375, 113.569506726)
(17417.8066406, 6488.16992188, 113.569506726)
(17417.8066406, 6488.25, 113.569506726)
(17417.8066406, 6488.33007812, 113.569506726)
(17417.8066406, 6488.41015625, 113.569506726)
(17417.8066406, 6488.49023438, 113.569506726)
(17417.8066406, 6488.5703125, 113.569506726)
(17417.8066406, 6488.65039062, 113.569506726)
(17417.8066406, 6488.73046875, 113.569506726)
(17417.8066406, 6488.81054688, 113.569506726)
(17417.8066406, 6488.890625, 113.569506726)
(17417.8066406, 6488.97070312, 113.569506726)
(17417.8066406, 6489.05078125, 113.569506726)
(17417.8066406, 6489.13085938, 113.569506726)
(17417.8066406, 6489.2109375, 113.569506726)
(17417.8066406, 6489.29101562, 113.569506726)
(17417.8066406, 6489.37109375, 113.569506726)
(17417.8066406, 6489.45117188, 113.569506726)
(17417.8066406, 6489.53125, 113.569506726)
(17417.8066406, 6489.61132812, 113.569506726)
(17417.8066406, 6489.69140625, 113.569506726)
(17417.8066406, 6489.77148438, 113.569506726)
(17417.8066406, 6489.8515625, 113.569506726)
(17417.8066406, 6489.93164062, 113.569506726)
(17417.8066406, 6490.01171875, 113.569506726)
(17417.8066406, 6490.09179688, 113.569506726)
(17417.8066406, 6490.171875, 113.569506726)
(17417.8066406, 6490.25195312, 113.569506726)
(17417.8066406, 6490.33203125, 113.569506726)
(17417.8066406, 6490.41210938, 113.569506726)
(17417.8066406, 6490.4921875, 113.569506726)
(17417.8066406, 6490.57226562, 113.569506726)
(17417.8066406, 6490.65234375, 113.569506726)
(17417.8066406, 6490.73242188, 113.569506726)
(17417.8066406, 6490.8125, 113.569506726)
(17417.8066406, 6490.89257812, 113.569506726)
(17417.8066406, 6490.97265625, 113.569506726)
(17417.8066406, 6491.05273438, 113.569506726)
(17417.8066406, 6491.1328125, 113.569506726)
(17417.8066406, 6491.21289062, 113.569506726)
(17417.8066406, 6491.29296875, 113.569506726)
(17417.8066406, 6491.37304688, 113.569506726)
(17417.8066406, 6491.453125, 113.569506726)
(17417.8066406, 6491.53320312, 113.569506726)
(17417.8066406, 6491.61328125, 113.569506726)
(17417.8066406, 6491.69335938, 113.569506726)
(17417.8066406, 6491.7734375, 113.569506726)
(17417.8066406, 6491.85351562, 113.569506726)
(17417.8066406, 6491.93359375, 113.569506726)
(17417.8066406, 6492.01367188, 113.569506726)
(17417.8066406, 6492.09375, 113.569506726)
(17417.8066406, 6492.17382812, 113.569506726)
(17417.8066406, 6492.25390625, 113.569506726)
(17417.8066406, 6492.33398438, 113.569506726)
(17417.8066406, 6492.4140625, 113.569506726)
(17417.8066406, 6492.49414062, 113.569506726)
(17417.8066406, 6492.57421875, 113.569506726)
(17417.8066406, 6492.65429688, 113.569506726)
(17417.8066406, 6492.734375, 113.569506726)
(17417.8066406, 6492.81445312, 113.569506726)
(17417.8066406, 6492.89453125, 113.569506726)
(17417.8066406, 6492.97460938, 113.569506726)
(17417.8066406, 6493.0546875, 113.569506726)
(17417.8066406, 6493.13476562, 113.569506726)
(17417.8066406, 6493.21484375, 113.569506726)
(17417.8066406, 6493.29492188, 113.569506726)
(17417.8066406, 6493.375, 113.569506726)
(17417.8066406, 6493.45507812, 113.569506726)
(17417.8066406, 6493.53515625, 113.569506726)
(17417.8066406, 6493.61523438, 113.569506726)
(17417.8066406, 6493.6953125, 113.569506726)
(17417.8066406, 6493.77539062, 113.569506726)
(17417.8066406, 6493.85546875, 113.569506726)
(17417.8066406, 6493.93554688, 113.569506726)
(17417.8066406, 6494.015625, 113.569506726)
(17417.8066406, 6494.09570312, 113.569506726)
(17417.8066406, 6494.17578125, 113.571020987)
(17417.8066406, 6494.25585938, 113.574470135)
(17417.8066406, 6494.3359375, 113.577919283)
(17417.8066406, 6494.41601562, 113.58136843)
(17417.8066406, 6494.49609375, 113.584817578)
(17417.8066406, 6494.57617188, 113.588266726)
(17417.8066406, 6494.65625, 113.591715874)
(17417.8066406, 6494.73632812, 113.595165022)
(17417.8066406, 6494.81640625, 113.59861417)
(17417.8066406, 6494.89648438, 113.602063318)
(17417.8066406, 6494.9765625, 113.605512466)
(17417.8066406, 6495.05664062, 113.608961614)
(17417.8066406, 6495.13671875, 113.612410762)
(17417.8066406, 6495.21679688, 113.61585991)
(17417.8066406, 6495.296875, 113.619309058)
(17417.8066406, 6495.37695312, 113.622758206)
(17417.8066406, 6495.45703125, 113.626207354)
(17417.8066406, 6495.53710938, 113.629656502)
(17417.8066406, 6495.6171875, 113.63310565)
(17417.8066406, 6495.69726562, 113.636554798)
(17417.8066406, 6495.77734375, 113.640003946)
(17417.8066406, 6495.85742188, 113.643453094)
(17417.8066406, 6495.9375, 113.646902242)
(17417.8066406, 6496.01757812, 113.65035139)
(17417.8066406, 6496.09765625, 113.653800538)
(17417.8066406, 6496.17773438, 113.657249686)
(17417.8066406, 6496.2578125, 113.660698834)
(17417.8066406, 6496.33789062, 113.664147982)
(17417.8066406, 6496.41796875, 113.66759713)
(17417.8066406, 6496.49804688, 113.671046278)
(17417.8066406, 6496.578125, 113.674495426)
(17417.8066406, 6496.65820312, 113.677944574)
(17417.8066406, 6496.73828125, 113.681393722)
(17417.8066406, 6496.81835938, 113.68484287)
(17417.8066406, 6496.8984375, 113.688292018)
(17417.8066406, 6496.97851562, 113.691741166)
(17417.8066406, 6497.05859375, 113.695190314)
(17417.8066406, 6497.13867188, 113.698639462)
(17417.8066406, 6497.21875, 113.70208861)
(17417.8066406, 6497.29882812, 113.705537758)
(17417.8066406, 6497.37890625, 113.708986906)
(17417.8066406, 6497.45898438, 113.712436054)
(17417.8066406, 6497.5390625, 113.715885202)
(17417.8066406, 6497.61914062, 113.71933435)
(17417.8066406, 6497.69921875, 113.722783498)
(17417.8066406, 6497.77929688, 113.726232646)
(17417.8066406, 6497.859375, 113.729681794)
(17417.8066406, 6497.93945312, 113.733130942)
(17417.8066406, 6498.01953125, 113.73658009)
(17417.8066406, 6498.09960938, 113.740029238)
(17417.8066406, 6498.1796875, 113.743478386)
(17417.8066406, 6498.25976562, 113.746927534)
(17417.8066406, 6498.33984375, 113.750376682)
(17417.8066406, 6498.41992188, 113.75382583)
(17417.8066406, 6498.5, 113.757274978)
(17417.8066406, 6498.58007812, 113.760724126)
(17417.8066406, 6498.66015625, 113.764173274)
(17417.8066406, 6498.74023438, 113.767622422)
(17417.8066406, 6498.8203125, 113.77107157)
(17417.8066406, 6498.90039062, 113.774520717)
(17417.8066406, 6498.98046875, 113.777969865)
(17417.8066406, 6499.06054688, 113.781419013)
(17417.8066406, 6499.140625, 113.784868161)
(17417.8066406, 6499.22070312, 113.788317309)
(17417.8066406, 6499.30078125, 113.791766457)
(17417.8066406, 6499.38085938, 113.795215605)
(17417.8066406, 6499.4609375, 113.798664753)
(17417.8066406, 6499.54101562, 113.802113901)
(17417.8066406, 6499.62109375, 113.805563049)
(17417.8066406, 6499.70117188, 113.809012197)
(17417.8066406, 6499.78125, 113.812461345)
(17417.8066406, 6499.86132812, 113.815910493)
(17417.8066406, 6499.94140625, 113.819359641)
(17417.8066406, 6500.02148438, 113.822808789)
(17417.8066406, 6500.1015625, 113.826257937)
(17417.8066406, 6500.18164062, 113.829707085)
(17417.8066406, 6500.26171875, 113.833156233)
(17417.8066406, 6500.34179688, 113.836605381)
(17417.8066406, 6500.421875, 113.840054529)
(17417.8066406, 6500.50195312, 113.843503677)
(17417.8066406, 6500.58203125, 113.846952825)
(17417.8066406, 6500.66210938, 113.850401973)
(17417.8066406, 6500.7421875, 113.853851121)
(17417.8066406, 6500.82226562, 113.857300269)
(17417.8066406, 6500.90234375, 113.860749417)
(17417.8066406, 6500.98242188, 113.864198565)
(17417.8066406, 6501.0625, 113.867647713)
(17417.8066406, 6501.14257812, 113.871096861)
(17417.8066406, 6501.22265625, 113.874546009)
(17417.8066406, 6501.30273438, 113.877995157)
(17417.8066406, 6501.3828125, 113.881444305)
(17417.8066406, 6501.46289062, 113.884893453)
(17417.8066406, 6501.54296875, 113.888342601)
(17417.8066406, 6501.62304688, 113.891791749)
(17417.8066406, 6501.703125, 113.895240897)
(17417.8066406, 6501.78320312, 113.898690045)
(17417.8066406, 6501.86328125, 113.902139193)
(17417.8066406, 6501.94335938, 113.905588341)
(17417.8066406, 6502.0234375, 113.909037489)
(17417.8066406, 6502.10351562, 113.912486637)
(17417.8066406, 6502.18359375, 113.915935785)
(17417.8066406, 6502.26367188, 113.919384933)
(17417.8066406, 6502.34375, 113.922834081)
(17417.8066406, 6502.42382812, 113.926283229)
(17417.8066406, 6502.50390625, 113.929732377)
(17417.8066406, 6502.58398438, 113.933181525)
(17417.8066406, 6502.6640625, 113.936630673)
(17417.8066406, 6502.74414062, 113.940079821)
(17417.8066406, 6502.82421875, 113.943528969)
(17417.8066406, 6502.90429688, 113.946978117)
(17417.8066406, 6502.984375, 113.950427265)
(17417.8066406, 6503.06445312, 113.953876413)
(17417.8066406, 6503.14453125, 113.957325561)
(17417.8066406, 6503.22460938, 113.960774709)
(17417.8066406, 6503.3046875, 113.964223857)
(17417.8066406, 6503.38476562, 113.967673004)
(17417.8066406, 6503.46484375, 113.971122152)
(17417.8066406, 6503.54492188, 113.9745713)
(17417.8066406, 6503.625, 113.978020448)
(17417.8066406, 6503.70507812, 113.981469596)
(17417.8066406, 6503.78515625, 113.984918744)
(17417.8066406, 6503.86523438, 113.988367892)
(17417.8066406, 6503.9453125, 113.99181704)
(17417.8066406, 6504.02539062, 113.995266188)
(17417.8066406, 6504.10546875, 113.998715336)
(17417.8066406, 6504.18554688, 114.002164484)
(17417.8066406, 6504.265625, 114.005613632)
(17417.8066406, 6504.34570312, 114.00906278)
(17417.8066406, 6504.42578125, 114.012511928)
(17417.8066406, 6504.50585938, 114.015961076)
(17417.8066406, 6504.5859375, 114.019410224)
(17417.8066406, 6504.66601562, 114.022859372)
(17417.8066406, 6504.74609375, 114.02630852)
(17417.8066406, 6504.82617188, 114.029757668)
(17417.8066406, 6504.90625, 114.033206816)
(17417.8066406, 6504.98632812, 114.036655964)
(17417.8066406, 6505.06640625, 114.040105112)
(17417.8066406, 6505.14648438, 114.04355426)
(17417.8066406, 6505.2265625, 114.047003408)
(17417.8066406, 6505.30664062, 114.050452556)
(17417.8066406, 6505.38671875, 114.053901704)
(17417.8066406, 6505.46679688, 114.057350852)
(17417.8066406, 6505.546875, 114.0608)
(17417.8066406, 6505.62695312, 114.064249148)
(17417.8066406, 6505.70703125, 114.067698296)
(17417.8066406, 6505.78710938, 114.071147444)
(17417.8066406, 6505.8671875, 114.074596592)
(17417.8066406, 6505.94726562, 114.07804574)
(17417.8066406, 6506.02734375, 114.081494888)
(17417.8066406, 6506.10742188, 114.084944036)
(17417.8066406, 6506.1875, 114.088393184)
(17417.8066406, 6506.26757812, 114.091842332)
(17417.8066406, 6506.34765625, 114.09529148)
(17417.8066406, 6506.42773438, 114.098740628)
(17417.8066406, 6506.5078125, 114.102189776)
(17417.8066406, 6506.58789062, 114.105638924)
(17417.8066406, 6506.66796875, 114.109088072)
(17417.8066406, 6506.74804688, 114.11253722)
(17417.8066406, 6506.828125, 114.115986368)
(17417.8066406, 6506.90820312, 114.119435516)
(17417.8066406, 6506.98828125, 114.122884664)
(17417.8066406, 6507.06835938, 114.126333812)
(17417.8066406, 6507.1484375, 114.12978296)
(17417.8066406, 6507.22851562, 114.133232108)
(17417.8066406, 6507.30859375, 114.136681256)
(17417.8066406, 6507.38867188, 114.140130404)
(17417.8066406, 6507.46875, 114.143579552)
(17417.8066406, 6507.54882812, 114.1470287)
(17417.8066406, 6507.62890625, 114.150477848)
(17417.8066406, 6507.70898438, 114.153926996)
(17417.8066406, 6507.7890625, 114.157376143)
(17417.8066406, 6507.86914062, 114.160825291)
(17417.8066406, 6507.94921875, 114.164274439)
(17417.8066406, 6508.02929688, 114.167723587)
(17417.8066406, 6508.109375, 114.171172735)
(17417.8066406, 6508.18945312, 114.174621883)
(17417.8066406, 6508.26953125, 114.178071031)
(17417.8066406, 6508.34960938, 114.181520179)
(17417.8066406, 6508.4296875, 114.184969327)
(17417.8066406, 6508.50976562, 114.188418475)
(17417.8066406, 6508.58984375, 114.191867623)
(17417.8066406, 6508.66992188, 114.195316771)
(17417.8066406, 6508.75, 114.198765919)
(17417.8066406, 6508.83007812, 114.202215067)
(17417.8066406, 6508.91015625, 114.205664215)
(17417.8066406, 6508.99023438, 114.209113363)
(17417.8066406, 6509.0703125, 114.212562511)
(17417.8066406, 6509.15039062, 114.216011659)
(17417.8066406, 6509.23046875, 114.219460807)
(17417.8066406, 6509.31054688, 114.222909955)
(17417.8066406, 6509.390625, 114.226359103)
(17417.8066406, 6509.47070312, 114.229808251)
(17417.8066406, 6509.55078125, 114.233257399)
(17417.8066406, 6509.63085938, 114.236706547)
(17417.8066406, 6509.7109375, 114.240155695)
(17417.8066406, 6509.79101562, 114.243604843)
(17417.8066406, 6509.87109375, 114.247053991)
(17417.8066406, 6509.95117188, 114.250503139)
(17417.8066406, 6510.03125, 114.253952287)
(17417.8066406, 6510.11132812, 114.257401435)
(17417.8066406, 6510.19140625, 114.260850583)
(17417.8066406, 6510.27148438, 114.264299731)
(17417.8066406, 6510.3515625, 114.267748879)
(17417.8066406, 6510.43164062, 114.271198027)
(17417.8066406, 6510.51171875, 114.274647175)
(17417.8066406, 6510.59179688, 114.278096323)
(17417.8066406, 6510.671875, 114.281545471)
(17417.8066406, 6510.75195312, 114.284994619)
(17417.8066406, 6510.83203125, 114.288443767)
(17417.8066406, 6510.91210938, 114.291892915)
(17417.8066406, 6510.9921875, 114.295342063)
(17417.8066406, 6511.07226562, 114.298791211)
(17417.8066406, 6511.15234375, 114.302240359)
(17417.8066406, 6511.23242188, 114.305689507)
(17417.8066406, 6511.3125, 114.309138655)
(17417.8066406, 6511.39257812, 114.312587803)
(17417.8066406, 6511.47265625, 114.316036951)
(17417.8066406, 6511.55273438, 114.319486099)
(17417.8066406, 6511.6328125, 114.322935247)
(17417.8066406, 6511.71289062, 114.326384395)
(17417.8066406, 6511.79296875, 114.329833543)
(17417.8066406, 6511.87304688, 114.333282691)
(17417.8066406, 6511.953125, 114.336731839)
(17417.8066406, 6512.03320312, 114.340180987)
(17417.8066406, 6512.11328125, 114.343630135)
(17417.8066406, 6512.19335938, 114.347079283)
(17417.8066406, 6512.2734375, 114.35052843)
(17417.8066406, 6512.35351562, 114.353977578)
(17417.8066406, 6512.43359375, 114.357426726)
(17417.8066406, 6512.51367188, 114.360875874)
(17417.8066406, 6512.59375, 114.364325022)
(17417.8066406, 6512.67382812, 114.36777417)
(17417.8066406, 6512.75390625, 114.371223318)
(17417.8066406, 6512.83398438, 114.374672466)
(17417.8066406, 6512.9140625, 114.378121614)
(17417.8066406, 6512.99414062, 114.381570762)
(17417.8066406, 6513.07421875, 114.38501991)
(17417.8066406, 6513.15429688, 114.388469058)
(17417.8066406, 6513.234375, 114.391918206)
(17417.8066406, 6513.31445312, 114.395367354)
(17417.8066406, 6513.39453125, 114.398816502)
(17417.8066406, 6513.47460938, 114.40226565)
(17417.8066406, 6513.5546875, 114.405714798)
(17417.8066406, 6513.63476562, 114.409163946)
(17417.8066406, 6513.71484375, 114.412613094)
(17417.8066406, 6513.79492188, 114.416062242)
(17417.8066406, 6513.875, 114.41951139)
(17417.8066406, 6513.95507812, 114.422960538)
(17417.8066406, 6514.03515625, 114.426409686)
(17417.8066406, 6514.11523438, 114.429858834)
(17417.8066406, 6514.1953125, 114.433307982)
(17417.8066406, 6514.27539062, 114.43675713)
(17417.8066406, 6514.35546875, 114.440206278)
(17417.8066406, 6514.43554688, 114.443655426)
(17417.8066406, 6514.515625, 114.447104574)
(17417.8066406, 6514.59570312, 114.450553722)
(17417.8066406, 6514.67578125, 114.45400287)
(17417.8066406, 6514.75585938, 114.457452018)
(17417.8066406, 6514.8359375, 114.460901166)
(17417.8066406, 6514.91601562, 114.464350314)
(17417.8066406, 6514.99609375, 114.467799462)
(17417.8066406, 6515.07617188, 114.47124861)
(17417.8066406, 6515.15625, 114.474697758)
(17417.8066406, 6515.23632812, 114.478146906)
(17417.8066406, 6515.31640625, 114.481596054)
(17417.8066406, 6515.39648438, 114.485045202)
(17417.8066406, 6515.4765625, 114.48849435)
(17417.8066406, 6515.55664062, 114.491943498)
(17417.8066406, 6515.63671875, 114.495392646)
(17417.8066406, 6515.71679688, 114.498841794)
(17417.8066406, 6515.796875, 114.502290942)
(17417.8066406, 6515.87695312, 114.50574009)
(17417.8066406, 6515.95703125, 114.509189238)
(17417.8066406, 6516.03710938, 114.512638386)
(17417.8066406, 6516.1171875, 114.516087534)
(17417.8066406, 6516.19726562, 114.519536682)
(17417.8066406, 6516.27734375, 114.52298583)
(17417.8066406, 6516.35742188, 114.526434978)
(17417.8066406, 6516.4375, 114.529884126)
(17417.8066406, 6516.51757812, 114.533333274)
(17417.8066406, 6516.59765625, 114.536782422)
(17417.8066406, 6516.67773438, 114.54023157)
(17417.8066406, 6516.7578125, 114.543680717)
(17417.8066406, 6516.83789062, 114.547129865)
(17417.8066406, 6516.91796875, 114.550579013)
(17417.8066406, 6516.99804688, 114.554028161)
(17417.8066406, 6517.078125, 114.557477309)
(17417.8066406, 6517.15820312, 114.560926457)
(17417.8066406, 6517.23828125, 114.564375605)
(17417.8066406, 6517.31835938, 114.567824753)
(17417.8066406, 6517.3984375, 114.571273901)
(17417.8066406, 6517.47851562, 114.574723049)
(17417.8066406, 6517.55859375, 114.578172197)
(17417.8066406, 6517.63867188, 114.581621345)
(17417.8066406, 6517.71875, 114.585070493)
(17417.8066406, 6517.79882812, 114.588519641)
(17417.8066406, 6517.87890625, 114.591968789)
(17417.8066406, 6517.95898438, 114.595417937)
(17417.8066406, 6518.0390625, 114.598867085)
(17417.8066406, 6518.11914062, 114.602316233)
(17417.8066406, 6518.19921875, 114.605765381)
(17417.8066406, 6518.27929688, 114.609214529)
(17417.8066406, 6518.359375, 114.612663677)
(17417.8066406, 6518.43945312, 114.616112825)
(17417.8066406, 6518.51953125, 114.619561973)
(17417.8066406, 6518.59960938, 114.623011121)
(17417.8183594, 6518.67871094, 114.626418206)
(17417.8417969, 6518.75488281, 114.629699103)
(17417.8769531, 6518.82666016, 114.632790717)
(17417.9238281, 6518.89208984, 114.635608924)
(17417.9804688, 6518.94921875, 114.638069596)
(17418.0449219, 6518.99658203, 114.640109641)
(17418.1152344, 6519.03320312, 114.641686996)
(17418.1796875, 6519.08056641, 114.64372704)
(17418.2363281, 6519.13720703, 114.646166682)
(17418.2832031, 6519.20166016, 114.648942825)
(17418.3203125, 6519.27294922, 114.652013408)
(17418.3457031, 6519.34863281, 114.655273274)
(17418.359375, 6519.42724609, 114.658659327)
(17418.3613281, 6519.50732422, 114.662108475)
(17418.3515625, 6519.58642578, 114.665515561)
(17418.3398438, 6519.66552734, 114.668922646)
(17418.328125, 6519.74462891, 114.672329731)
(17418.3164062, 6519.82373047, 114.675736816)
(17418.3046875, 6519.90283203, 114.679143901)
(17418.2929688, 6519.98193359, 114.682550987)
(17418.2929688, 6520.06201172, 114.686000135)
(17418.3046875, 6520.14111328, 114.68940722)
(17418.328125, 6520.21728516, 114.692688117)
(17418.3398438, 6520.29638672, 114.696095202)
(17418.3398438, 6520.37646484, 114.69954435)
(17418.328125, 6520.45556641, 114.702951435)
(17418.3125, 6520.53369141, 114.706316457)
(17418.296875, 6520.61181641, 114.70968148)
(17418.28125, 6520.68994141, 114.713046502)
(17418.265625, 6520.76806641, 114.716411525)
(17418.25, 6520.84619141, 114.719776547)
(17418.234375, 6520.92431641, 114.72314157)
(17418.21875, 6521.00244141, 114.726506592)
(17418.203125, 6521.08056641, 114.729871614)
(17418.1875, 6521.15869141, 114.733236637)
(17418.171875, 6521.23681641, 114.736601659)
(17418.15625, 6521.31494141, 114.739966682)
(17418.140625, 6521.39306641, 114.743331704)
(17418.125, 6521.47119141, 114.746696726)
(17418.109375, 6521.54931641, 114.750061749)
(17418.09375, 6521.62744141, 114.753426771)
(17418.078125, 6521.70556641, 114.756791794)
(17418.0625, 6521.78369141, 114.760156816)
(17418.046875, 6521.86181641, 114.763521839)
(17418.03125, 6521.93994141, 114.766886861)
(17418.015625, 6522.01806641, 114.770251883)
(17417.9980469, 6522.09619141, 114.773616906)
(17417.9804688, 6522.17431641, 114.776981928)
(17417.9628906, 6522.25244141, 114.780346951)
(17417.9472656, 6522.33056641, 114.783711973)
(17417.9316406, 6522.40869141, 114.787076996)
(17417.9160156, 6522.48681641, 114.790442018)
(17417.9121094, 6522.56689453, 114.793891166)
(17417.9101562, 6522.64697266, 114.797340314)
(17417.9082031, 6522.72705078, 114.800789462)
(17417.90625, 6522.80712891, 114.80423861)
(17417.9042969, 6522.88720703, 114.807687758)
(17417.9023438, 6522.96728516, 114.811136906)
(17417.9003906, 6523.04736328, 114.814586054)
(17417.8984375, 6523.12744141, 114.818035202)
(17417.8964844, 6523.20751953, 114.82148435)
(17417.8925781, 6523.28759766, 114.824933498)
(17417.8886719, 6523.36767578, 114.828382646)
(17417.8847656, 6523.44775391, 114.831831794)
(17417.8828125, 6523.52783203, 114.835280942)
(17417.8808594, 6523.60791016, 114.83873009)
(17417.8789062, 6523.68798828, 114.842179238)
(17417.875, 6523.76806641, 114.845628386)
(17417.8710938, 6523.84814453, 114.849077534)
(17417.8671875, 6523.92822266, 114.852526682)
(17417.8652344, 6524.00830078, 114.85597583)
(17417.8632812, 6524.08837891, 114.859424978)
(17417.8613281, 6524.16845703, 114.862874126)
(17417.8574219, 6524.24853516, 114.866323274)
(17417.8535156, 6524.32861328, 114.869772422)
(17417.8496094, 6524.40869141, 114.87322157)
(17417.8476562, 6524.48876953, 114.876670717)
(17417.8457031, 6524.56884766, 114.880119865)
(17417.84375, 6524.64892578, 114.883569013)
(17417.8398438, 6524.72900391, 114.887018161)
(17417.8359375, 6524.80908203, 114.890467309)
(17417.8320312, 6524.88916016, 114.893916457)
(17417.8300781, 6524.96923828, 114.897365605)
(17417.8300781, 6525.04931641, 114.900814753)
(17417.8300781, 6525.12939453, 114.904263901)
(17417.8300781, 6525.20947266, 114.907713049)
(17417.8300781, 6525.28955078, 114.911162197)
(17417.8300781, 6525.36962891, 114.914611345)
(17417.8300781, 6525.44970703, 114.918060493)
(17417.8300781, 6525.52978516, 114.921509641)
(17417.8300781, 6525.60986328, 114.924958789)
(17417.8300781, 6525.68994141, 114.928407937)
(17417.8300781, 6525.77001953, 114.931857085)
(17417.8300781, 6525.85009766, 114.935306233)
(17417.8300781, 6525.93017578, 114.938755381)
(17417.8300781, 6526.01025391, 114.942204529)
(17417.8300781, 6526.09033203, 114.945653677)
(17417.8300781, 6526.17041016, 114.949102825)
(17417.8300781, 6526.25048828, 114.952551973)
(17417.8300781, 6526.33056641, 114.956001121)
(17417.8300781, 6526.41064453, 114.959450269)
(17417.8300781, 6526.49072266, 114.962899417)
(17417.8300781, 6526.57080078, 114.966348565)
(17417.8300781, 6526.65087891, 114.969797713)
(17417.828125, 6526.73095703, 114.973246861)
(17417.8261719, 6526.81103516, 114.976696009)
(17417.8242188, 6526.89111328, 114.980145157)
(17417.8242188, 6526.97119141, 114.983594305)
(17417.8242188, 6527.05126953, 114.987043453)
(17417.8242188, 6527.13134766, 114.990492601)
(17417.8222656, 6527.21142578, 114.993941749)
(17417.8203125, 6527.29150391, 114.997390897)
(17417.8183594, 6527.37158203, 115.000840045)
(17417.8183594, 6527.45166016, 115.004289193)
(17417.8183594, 6527.53173828, 115.007738341)
(17417.8183594, 6527.61181641, 115.011187489)
(17417.8183594, 6527.69189453, 115.014636637)
(17417.8183594, 6527.77197266, 115.018085785)
(17417.8183594, 6527.85205078, 115.021534933)
(17417.8183594, 6527.93212891, 115.024984081)
(17417.8183594, 6528.01220703, 115.028433229)
(17417.8183594, 6528.09228516, 115.031882377)
(17417.8183594, 6528.17236328, 115.035331525)
(17417.8183594, 6528.25244141, 115.038780673)
(17417.8183594, 6528.33251953, 115.042229821)
(17417.8183594, 6528.41259766, 115.045678969)
(17417.8183594, 6528.49267578, 115.049128117)
(17417.8183594, 6528.57275391, 115.052577265)
(17417.8183594, 6528.65283203, 115.056026413)
(17417.8183594, 6528.73291016, 115.059475561)
(17417.8183594, 6528.81298828, 115.062924709)
(17417.8183594, 6528.89306641, 115.066373857)
(17417.8183594, 6528.97314453, 115.069823004)
(17417.8183594, 6529.05322266, 115.073272152)
(17417.8183594, 6529.13330078, 115.0767213)
(17417.8183594, 6529.21337891, 115.080170448)
(17417.8183594, 6529.29345703, 115.083619596)
(17417.8183594, 6529.37353516, 115.087068744)
(17417.8183594, 6529.45361328, 115.090517892)
(17417.8183594, 6529.53369141, 115.09396704)
(17417.8183594, 6529.61376953, 115.097416188)
(17417.8183594, 6529.69384766, 115.100865336)
(17417.8183594, 6529.77392578, 115.104314484)
(17417.8183594, 6529.85400391, 115.107763632)
(17417.8183594, 6529.93408203, 115.11121278)
(17417.8183594, 6530.01416016, 115.114661928)
(17417.8183594, 6530.09423828, 115.118111076)
(17417.8164062, 6530.17431641, 115.121560224)
(17417.8144531, 6530.25439453, 115.125009372)
