1: ((44.7840170378, 40.2107237224), (44.7852521794, 40.2092582007))
2: ((44.7836744039, 40.210525398), (44.785461724, 40.2093458634))
3: ((44.7839344842, 40.2106436607), (44.7857196269, 40.2097603676))
4: ((44.7839769317, 40.2111457528), (44.7859233759, 40.2093887707))
5: ((44.7840436298, 40.2109106831), (44.7859943194, 40.2097055797))
6: ((44.7843944236, 40.2110585144), (44.7860797461, 40.2094328781))
7: ((44.7841471215, 40.2104995577), (44.7853658653, 40.2093635065))
8: ((44.7837337961, 40.2107903163), (44.7852866671, 40.2092887005))
9: ((44.7837624731, 40.2110374497), (44.7859259339, 40.2093932979))
10: ((44.7836135854, 40.2108912688), (44.7853537995, 40.2093840595))
11: ((44.7834736232, 40.2108032879), (44.7854904453, 40.2094556244))
12: ((44.783667912, 40.2110664069), (44.7858229807, 40.2091548798))
13: ((44.7836243429, 40.2109387729), (44.7853914734, 40.2097501904))
14: ((44.7836227189, 40.2105804938), (44.7857209918, 40.2093368775))
15: ((44.7834644674, 40.2106321485), (44.7854161009, 40.2097443878))
16: ((44.7843143973, 40.2104046659), (44.7852439811, 40.2095468809))
17: ((44.7842122206, 40.2107133275), (44.7852151073, 40.2096647658))
18: ((44.7837401228, 40.2104277654), (44.78542847, 40.2096956664))
19: ((44.7834853447, 40.2103871803), (44.7853426333, 40.209093776))
20: ((44.7841315233, 40.2111212321), (44.7851428931, 40.2097465495))

