(-20560.4989039, 154.311590018, 161.594556103)
(-20560.4290427, 154.305509183, 161.594793961)
(-20560.3368983, 154.301796555, 161.594942238)
(-20560.2622321, 154.298724072, 161.595074254)
(-20560.1720389, 154.301450439, 161.594956795)
(-20560.0925759, 154.298108783, 161.595100728)
(-20560.0026027, 154.298884268, 161.595067261)
(-20559.945663, 154.301067756, 161.594973228)
(-20559.8656626, 154.307949153, 161.594676857)
(-20559.8041961, 154.320398645, 161.594140628)
(-20559.7310115, 154.352346707, 161.592764761)
(-20559.6731676, 154.383378272, 161.591428005)
(-20559.6056604, 154.422542652, 161.589741028)
(-20559.5576736, 154.453382673, 161.58841266)
(-20559.484141, 154.505674096, 161.586160289)
(-20559.4324393, 154.542441263, 161.584576717)
(-20559.3605987, 154.596217168, 161.582260365)
(-20559.3059836, 154.6369258, 161.580506938)
(-20559.2443372, 154.684915929, 161.578439957)
(-20559.1894927, 154.726838451, 161.576634237)
(-20559.1280117, 154.775658829, 161.574531496)
(-20559.0802573, 154.812519129, 161.572943743)
(-20559.0237234, 154.856771964, 161.571037655)
(-20558.9658023, 154.902641388, 161.569061899)
(-20558.9029293, 154.955841658, 161.566770585)
(-20558.8449281, 155.003004078, 161.564739081)
(-20558.7797716, 155.055194721, 161.562491174)
(-20558.7253084, 155.094752184, 161.560787284)
(-20558.6633333, 155.131478344, 161.55920547)
(-20558.6103117, 155.15890665, 161.558023909)
(-20558.5478847, 155.192564283, 161.556574256)
(-20558.4857881, 155.226188313, 161.555125988)
(-20558.4085694, 155.272025451, 161.553151692)
(-20558.3548608, 155.302157084, 161.551853835)
(-20558.2923462, 155.339321007, 161.550253072)
(-20558.2286878, 155.376820493, 161.548637867)
(-20558.1634502, 155.4149856, 161.546993991)
(-20558.0909908, 155.462610109, 161.544942672)
(-20558.0227139, 155.503621101, 161.543176277)
(-20557.9243353, 155.560148943, 161.540741466)
(-20557.8432278, 155.602449586, 161.538919506)
(-20557.7677907, 155.645703472, 161.537056497)
(-20557.7106011, 155.677196028, 161.535699947)
(-20557.6289249, 155.726050579, 161.533595726)
(-20557.5517439, 155.768985679, 161.531746391)
(-20557.4730483, 155.817369976, 161.529662227)
(-20557.4082978, 155.853674681, 161.528098463)
(-20557.325632, 155.901179127, 161.526052433)
(-20557.2770567, 155.928543112, 161.524873788)
(-20557.203864, 155.97300761, 161.522958595)
(-20557.1458882, 156.005337931, 161.521566116)
(-20557.0789139, 156.043744888, 161.519911781)
(-20557.0219901, 156.078273161, 161.518424545)
(-20556.9616641, 156.118908633, 161.516674243)
(-20556.9146137, 156.153871934, 161.515168416)
(-20556.8546472, 156.203612529, 161.513025906)
(-20556.8053336, 156.247317564, 161.511143493)
(-20556.750546, 156.298109481, 161.508955722)
(-20556.7065946, 156.338314336, 161.507223898)
(-20556.6473775, 156.392822763, 161.504876123)
(-20556.6037083, 156.432000906, 161.50318862)
(-20556.5422219, 156.487124684, 161.500814308)
(-20556.4984574, 156.525575549, 161.499158127)
(-20556.4447437, 156.572677898, 161.497129308)
(-20556.3951148, 156.616275479, 161.495251453)
(-20556.340856, 156.665733039, 161.493121156)
(-20556.2900873, 156.711315125, 161.491157859)
(-20556.242322, 156.755058904, 161.48927376)
(-20556.2000419, 156.792773205, 161.487649267)
(-20556.1460978, 156.84031487, 161.485601526)
(-20556.0932275, 156.887116095, 161.483585676)
(-20556.0314993, 156.944155841, 161.481128827)
(-20555.9793359, 156.991867256, 161.479073811)
(-20555.9222294, 157.044391503, 161.476811432)
(-20555.8674792, 157.094628583, 161.474647597)
(-20555.819668, 157.139973845, 161.472694456)
(-20555.7820243, 157.175870959, 161.471148263)
(-20555.7246622, 157.231666382, 161.468745008)
(-20555.6787714, 157.275781691, 161.466844902)
(-20555.6235273, 157.330167468, 161.464502355)
(-20555.563093, 157.393462934, 161.461775986)
(-20555.5120964, 157.446038632, 161.459511427)
(-20555.4531073, 157.506764412, 161.456895721)
(-20555.4078977, 157.551650061, 161.454962577)
(-20555.3646713, 157.593779087, 161.453147919)
(-20555.3121177, 157.644100249, 161.450980483)
(-20555.2560033, 157.698260848, 161.44864764)
(-20555.2019615, 157.74940896, 161.446444603)
(-20555.1391483, 157.810248166, 161.443823996)
(-20555.0892906, 157.857996387, 161.441767419)
(-20555.0322605, 157.914131204, 161.439349605)
(-20554.9851542, 157.959992171, 161.43737425)
(-20554.9382539, 158.006417903, 161.435374567)
(-20554.8892205, 158.053866398, 161.433330823)
(-20554.8362708, 158.105911429, 161.431089116)
(-20554.7793405, 158.164533376, 161.428564175)
(-20554.7286619, 158.216229241, 161.426337447)
(-20554.6643771, 158.282622748, 161.42347778)
(-20554.613538, 158.333570083, 161.421283263)
(-20554.5513516, 158.39575727, 161.418604604)
(-20554.5120823, 158.434233455, 161.41694746)
(-20554.4634095, 158.481895191, 161.414894546)
(-20554.4178399, 158.52578316, 161.413004184)
(-20554.3585581, 158.583744864, 161.410507676)
(-20554.3006143, 158.639194638, 161.408119269)
(-20554.2362448, 158.702612644, 161.405387757)
(-20554.189842, 158.748007862, 161.403432417)
(-20554.1246166, 158.813442557, 161.400614017)
(-20554.0775619, 158.859937428, 161.398611321)
(-20554.0225492, 158.915220531, 161.396230216)
(-20553.976518, 158.960400557, 161.394284146)
(-20553.9328054, 159.003652083, 161.392421175)
(-20553.8829595, 159.054793973, 161.390218421)
(-20553.839913, 159.098375331, 161.388341219)
(-20553.7768529, 159.162034025, 161.385599197)
(-20553.7310268, 159.207400592, 161.383645238)
(-20553.6765388, 159.261502936, 161.381314828)
(-20553.6371651, 159.299886522, 161.379661608)
(-20553.5840774, 159.35188074, 161.377422093)
(-20553.5359551, 159.399489931, 161.375371453)
(-20553.4764604, 159.460875495, 161.372727345)
(-20553.4291821, 159.5089262, 161.37065777)
(-20553.3803757, 159.558794389, 161.368509873)
(-20553.3378228, 159.601054997, 161.366689547)
(-20553.282302, 159.655367271, 161.364350179)
(-20553.2326783, 159.70337663, 161.36228228)
(-20553.1741702, 159.760936613, 161.359803073)
(-20553.1206228, 159.812612185, 161.357577231)
(-20553.0789235, 159.853729703, 161.355806223)
(-20553.0198916, 159.915456313, 161.353147552)
(-20552.9739206, 159.963138057, 161.351093759)
(-20552.921297, 160.017355441, 161.348758455)
(-20552.8771831, 160.06160929, 161.346852297)
(-20552.8294268, 160.108564061, 161.344829857)
(-20552.7795131, 160.156838396, 161.342750552)
(-20552.7192486, 160.215636981, 161.340217957)
(-20552.6756795, 160.257401405, 161.338419052)
(-20552.6271022, 160.305047073, 161.336366848)
(-20552.5771282, 160.356632815, 161.334144964)
(-20552.5336452, 160.400960669, 161.332235613)
(-20552.4835727, 160.451897013, 161.330041646)
(-20552.4363386, 160.49883844, 161.32801978)
(-20552.3618377, 160.572089417, 161.324864679)
(-20552.2861809, 160.645491469, 161.32170305)
(-20552.2274398, 160.70582302, 161.31910443)
(-20552.1722738, 160.762386647, 161.316668082)
(-20552.1081568, 160.829426924, 161.31378051)
(-20552.0483671, 160.890203247, 161.311162672)
(-20551.9666137, 160.974108104, 161.307548699)
(-20551.905677, 161.033661239, 161.304983602)
(-20551.8380061, 161.098562142, 161.302188165)
(-20551.786035, 161.148204752, 161.300049944)
(-20551.7289343, 161.204884161, 161.297608541)
(-20551.6865777, 161.246715221, 161.295806826)
(-20551.6337749, 161.300046302, 161.293509751)
(-20551.584961, 161.348298428, 161.291431417)
(-20551.5232059, 161.409702761, 161.288786559)
(-20551.4747322, 161.457099787, 161.286745054)
(-20551.4207354, 161.511008044, 161.284423096)
(-20551.3678517, 161.564340932, 161.282125904)
(-20551.3240853, 161.608159517, 161.280238539)
(-20551.2733067, 161.660699361, 161.277975568)
(-20551.2333163, 161.701537905, 161.276216443)
(-20551.1828011, 161.752183573, 161.27403507)
(-20551.1341557, 161.80001107, 161.271975011)
(-20551.0699566, 161.863069371, 161.269258926)
(-20551.0135384, 161.917702007, 161.266905762)
(-20550.9495554, 161.981500757, 161.264157795)
(-20550.9055494, 162.025198478, 161.262275604)
(-20550.8501609, 162.081248247, 161.259861432)
(-20550.802248, 162.128642452, 161.257820019)
(-20550.7630479, 162.167655835, 161.256139633)
(-20550.7108044, 162.221044938, 161.253840116)
(-20550.6671511, 162.265188083, 161.251938682)
(-20550.6112505, 162.321943777, 161.249494076)
(-20550.5646107, 162.368279672, 161.247498245)
(-20550.5112975, 162.421232777, 161.245217365)
(-20550.4600396, 162.471126892, 161.243068354)
(-20550.3996192, 162.530858924, 161.240495552)
(-20550.3439805, 162.58661938, 161.238093789)
(-20550.2961818, 162.635086805, 161.236006211)
(-20550.2395944, 162.691795003, 161.233563645)
(-20550.1946538, 162.736785294, 161.231625779)
(-20550.1466861, 162.786204144, 161.229497222)
(-20550.1097904, 162.823613495, 161.227885851)
(-20550.0588569, 162.874407149, 161.225698073)
(-20550.0054575, 162.926812362, 161.22344088)
(-20549.9362509, 162.994783302, 161.220513178)
(-20549.8867324, 163.042834956, 161.218443456)
(-20549.8213726, 163.108153554, 161.215630077)
(-20549.7764228, 163.152663394, 161.213712884)
(-20549.719633, 163.21018439, 161.211235317)
(-20549.6533606, 163.278131069, 161.208308749)
(-20549.5997832, 163.331555573, 161.206007542)
(-20549.5370404, 163.394824933, 161.203282457)
(-20549.4896574, 163.44158499, 161.201268312)
(-20549.4334404, 163.49797858, 161.198839264)
(-20549.3947677, 163.535900478, 161.197205899)
(-20549.348832, 163.581048298, 161.195261292)
(-20549.2978707, 163.632853939, 161.19302986)
(-20549.2482519, 163.682675994, 161.190883921)
(-20549.1989132, 163.733046651, 161.188714389)
(-20549.1597068, 163.772214826, 161.187027246)
(-20549.1067746, 163.824436822, 161.184777917)
(-20549.0517408, 163.879155846, 161.182421038)
(-20549.0050752, 163.925880536, 161.180408496)
(-20548.9533301, 163.979246695, 161.178109939)
(-20548.901356, 164.032050995, 161.175835463)
(-20548.8425114, 164.091733604, 161.173264808)
(-20548.7920462, 164.141819099, 161.17110746)
(-20548.744533, 164.189429652, 161.169056802)
(-20548.703163, 164.229924137, 161.167312564)
(-20548.6385578, 164.293175844, 161.164588167)
(-20548.5900816, 164.339973231, 161.162572486)
(-20548.5384676, 164.391004938, 161.160374433)
(-20548.4857673, 164.443876002, 161.15809714)
(-20548.4354556, 164.494550823, 161.155914436)
(-20548.3797096, 164.552729023, 161.153408567)
(-20548.3329447, 164.600775654, 161.151339096)
(-20548.2763619, 164.65811703, 161.148869241)
(-20548.2409133, 164.693421043, 161.147348597)
(-20548.1883967, 164.744952732, 161.145129)
(-20548.1406163, 164.791301773, 161.143132623)
(-20548.0817221, 164.849132357, 161.140641714)
(-20548.0223556, 164.908152104, 161.138099594)
(-20547.9677351, 164.963190156, 161.135728976)
(-20547.9122222, 165.019166165, 161.133317941)
(-20547.8592378, 165.07244818, 161.131022972)
(-20547.8059104, 165.128415892, 161.128612215)
(-20547.7686648, 165.166690215, 161.126963684)
(-20547.7130267, 165.22274278, 161.124549374)
(-20547.6724523, 165.262853959, 161.122821717)
(-20547.6165164, 165.317359955, 161.120473989)
(-20547.5701251, 165.3621586, 161.118544406)
(-20547.5139249, 165.417368138, 161.116166396)
(-20547.4647154, 165.466144135, 161.114065489)
(-20547.4179314, 165.512750087, 161.112058059)
(-20547.3652351, 165.566949097, 161.109723524)
(-20547.3228215, 165.609956996, 161.107871127)
(-20547.2720236, 165.661343295, 161.10565782)
(-20547.2306216, 165.702399268, 161.103889401)
(-20547.1632025, 165.768220852, 161.101054281)
(-20547.1142555, 165.81571099, 161.099008759)
(-20547.0468033, 165.883001266, 161.096110414)
(-20546.9704778, 165.958107211, 161.092875362)
(-20546.9026443, 166.028086146, 161.089861284)
(-20546.8568493, 166.075305755, 161.087827415)
(-20546.7923898, 166.142721069, 161.084923624)
(-20546.7254797, 166.210382058, 161.082009277)
(-20546.660186, 166.276925086, 161.079142984)
(-20546.6038895, 166.332872231, 161.076733337)
(-20546.5613692, 166.373951325, 161.074963967)
(-20546.5059238, 166.426608799, 161.072695849)
(-20546.4606539, 166.470567355, 161.07080247)
(-20546.4103393, 166.521172187, 161.068622802)
(-20546.3643421, 166.567058273, 161.066646378)
(-20546.3130385, 166.619003851, 161.064409001)
(-20546.2648181, 166.666671109, 161.062355769)
(-20546.2133017, 166.717884685, 161.060149899)
(-20546.1607687, 166.770424582, 161.057886872)
(-20546.1162732, 166.814677186, 161.0559808)
(-20546.0616114, 166.87098358, 161.05355562)
(-20546.0210174, 166.912352584, 161.051773654)
(-20545.9633537, 166.970373446, 161.049274573)
(-20545.9192669, 167.013981384, 161.047396265)
(-20545.8568911, 167.075399272, 161.044750852)
(-20545.8097305, 167.121188926, 161.042778567)
(-20545.7477001, 167.182817856, 161.04012409)
(-20545.6998507, 167.229674508, 161.038105815)
(-20545.6401354, 167.289512233, 161.035528463)
(-20545.5935745, 167.336840087, 161.033489955)
(-20545.5536472, 167.376931835, 161.031763082)
(-20545.5020303, 167.430273656, 161.029465552)
(-20545.4547087, 167.478330397, 161.027395616)
(-20545.4003223, 167.533159395, 161.025033904)
(-20545.3562387, 167.576763854, 161.023155825)
(-20545.2924751, 167.639699998, 161.020445004)
(-20545.251592, 167.679496019, 161.018730887)
(-20545.1961218, 167.73433052, 161.016369046)
(-20545.1499917, 167.780376629, 161.014385718)
(-20545.0955167, 167.83682394, 161.01195445)
(-20545.0530218, 167.880360055, 161.010079167)
(-20544.9979811, 167.936298091, 161.007669679)
(-20544.9499273, 167.984129439, 161.00560957)
(-20544.896589, 168.03705522, 161.003329925)
(-20544.8548881, 168.077786742, 161.001575493)
(-20544.7878924, 168.143312195, 160.998753173)
(-20544.7379244, 168.191538648, 160.996675934)
(-20544.6781865, 168.250780723, 160.994124247)
(-20544.6273936, 168.302042011, 160.991916292)
(-20544.5774896, 168.352536801, 160.989741348)
(-20544.5361386, 168.394108915, 160.987950727)
(-20544.4890761, 168.442668972, 160.985859129)
(-20544.4428817, 168.489515891, 160.983841323)
(-20544.3905881, 168.541786386, 160.981589889)
(-20544.3387654, 168.592846223, 160.979390618)
(-20544.2856171, 168.645346663, 160.977129284)
(-20544.2337272, 168.697281653, 160.974892327)
(-20544.1910298, 168.73982465, 160.973059887)
(-20544.1331883, 168.799255884, 160.970500017)
(-20544.0873238, 168.845800077, 160.968495262)
(-20544.0367217, 168.897346665, 160.966275075)
(-20543.9989174, 168.934993548, 160.964653467)
(-20543.9372213, 168.995469462, 160.962048628)
(-20543.8894491, 169.041814219, 160.960052436)
(-20543.8360506, 169.094571977, 160.957780028)
(-20543.7931057, 169.137377299, 160.955936302)
(-20543.7368422, 169.195560742, 160.953430245)
(-20543.6966232, 169.236682261, 160.951658963)
(-20543.6437695, 169.29015277, 160.94935585)
(-20543.6000419, 169.333556246, 160.947486394)
(-20543.5402043, 169.392292968, 160.944956439)
(-20543.4947741, 169.436314038, 160.943060332)
(-20543.4392951, 169.491066699, 160.940702001)
(-20543.394862, 169.535331489, 160.93879542)
(-20543.3377758, 169.594464598, 160.93624834)
(-20543.2960854, 169.637014906, 160.934415668)
(-20543.2419809, 169.69212809, 160.932041702)
(-20543.1953329, 169.738455999, 160.930046341)
(-20543.1447614, 169.788330689, 160.927898138)
(-20543.0987783, 169.832974074, 160.925975204)
(-20543.0444063, 169.88652606, 160.923668591)
(-20542.9987619, 169.931866332, 160.921715671)
(-20542.9485231, 169.983766916, 160.919480187)
(-20542.8995967, 170.033764555, 160.917326687)
(-20542.8480192, 170.086118457, 160.915071705)
(-20542.7992961, 170.134469201, 160.912989055)
(-20542.7528139, 170.180260887, 160.911016685)
(-20542.7026332, 170.228876949, 160.908922673)
(-20542.6540305, 170.276564378, 160.906868661)
(-20542.5922459, 170.340257378, 160.904125316)
(-20542.5512087, 170.382334954, 160.902312832)
(-20542.4991797, 170.435948996, 160.900003559)
(-20542.4524205, 170.482810492, 160.897985141)
(-20542.3866336, 170.547392886, 160.895203396)
(-20542.3367951, 170.595762726, 160.89311998)
(-20542.2803142, 170.651882941, 160.890702639)
(-20542.240766, 170.690663129, 160.889032392)
(-20542.1841335, 170.747202691, 160.886597125)
(-20542.1371273, 170.793169032, 160.884617225)
(-20542.0877197, 170.842369976, 160.882498035)
(-20542.0342837, 170.898165976, 160.880094681)
(-20541.9917942, 170.941684481, 160.878220372)
(-20541.9447217, 170.989792667, 160.876148261)
(-20541.8986643, 171.035581693, 160.87417601)
(-20541.8427867, 171.090186602, 160.871824056)
(-20541.7679257, 171.162519782, 160.8687085)
(-20541.7017247, 171.229355587, 160.865829798)
(-20541.641678, 171.28979524, 160.863226528)
(-20541.580422, 171.3528787, 160.860509442)
(-20541.5384442, 171.395112294, 160.858690308)
(-20541.4883966, 171.445501493, 160.85652001)
(-20541.4436393, 171.48961023, 160.854620104)
(-20541.372049, 171.559905648, 160.851592365)
(-20541.3204286, 171.609998156, 160.849434784)
(-20541.2527535, 171.677724286, 160.846517646)
(-20541.173617, 171.755856179, 160.843152411)
(-20541.0960677, 171.838675998, 160.839585157)
(-20541.0325834, 171.905715674, 160.836697723)
(-20540.9793094, 171.958811123, 160.834410767)
(-20540.9115376, 172.02434519, 160.831588067)
(-20540.8630871, 172.070575316, 160.829596849)
(-20540.8065375, 172.126091576, 160.827205663)
(-20540.7608555, 172.170437645, 160.825295601)
(-20540.7032306, 172.227747395, 160.822827126)
(-20540.6565743, 172.273463486, 160.820858092)
(-20540.595914, 172.334110218, 160.818245918)
(-20540.5396233, 172.389476414, 160.815861208)
(-20540.4759011, 172.453518192, 160.813102745)
(-20540.4300564, 172.498880195, 160.811148973)
(-20540.3821295, 172.547187985, 160.809068257)
(-20540.3299241, 172.600050851, 160.806791357)
(-20540.2778229, 172.652468366, 160.804533639)
(-20540.2122802, 172.721300987, 160.801568951)
(-20540.1665977, 172.768736585, 160.799525798)
(-20540.1136615, 172.822765367, 160.797198635)
(-20540.0714958, 172.86483831, 160.795386461)
(-20540.013924, 172.921266697, 160.792956009)
(-20539.9693444, 172.964379358, 160.791099034)
(-20539.9178699, 173.014988951, 160.788919212)
(-20539.8681401, 173.062890901, 160.786855979)
(-20539.8131434, 173.116962073, 160.784527023)
(-20539.7696372, 173.160353081, 160.782658095)
(-20539.7223512, 173.209378378, 160.780546481)
(-20539.6757268, 173.257020766, 160.778494465)
(-20539.6238139, 173.309656156, 160.776227226)
(-20539.5762265, 173.35679096, 160.774197147)
(-20539.5235928, 173.408674138, 160.771962449)
(-20539.4755056, 173.455304639, 160.769953967)
(-20539.4348866, 173.495211543, 160.768235115)
(-20539.3828151, 173.548180585, 160.765953652)
(-20539.3349961, 173.596352797, 160.763878768)
(-20539.2790388, 173.653579511, 160.761413899)
(-20539.2342178, 173.698210862, 160.75949155)
(-20539.1735494, 173.758418415, 160.756898262)
(-20539.1300947, 173.80090582, 160.755068262)
(-20539.0830076, 173.847738058, 160.753051116)
(-20539.0426204, 173.887896404, 160.751321434)
(-20538.9832368, 173.948746376, 160.748700529)
(-20538.9342565, 173.998616129, 160.746552517)
(-20538.8763216, 174.058004934, 160.743994555)
(-20538.8235746, 174.110549117, 160.741731363)
(-20538.7647475, 174.169069142, 160.739210743)
(-20538.72629, 174.206618046, 160.737593477)
(-20538.6833895, 174.248936737, 160.735770758)
(-20538.6259852, 174.304369431, 160.733383153)
(-20538.579167, 174.350279833, 160.731405708)
(-20538.5347878, 174.395769997, 160.729446366)
(-20538.4906919, 174.440651799, 160.727513178)
(-20538.4299995, 174.502538884, 160.724847649)
(-20538.3820019, 174.550444468, 160.72278425)
(-20538.3191613, 174.613117748, 160.720084789)
(-20538.2751907, 174.656264108, 160.718226373)
(-20538.2146118, 174.7165156, 160.715631224)
(-20538.170803, 174.759223223, 160.713791744)
(-20538.1204762, 174.809227201, 160.711637989)
(-20538.0744307, 174.855356682, 160.709651112)
(-20538.014825, 174.917235656, 160.706985907)
(-20537.9682953, 174.964952697, 160.70493063)
(-20537.917207, 175.017208779, 160.702679917)
(-20537.8741514, 175.060144643, 160.700830506)
(-20537.8163042, 175.116881312, 160.698386769)
(-20537.7732423, 175.158589136, 160.696590299)
(-20537.7158806, 175.21502386, 160.694159562)
(-20537.6571134, 175.27348497, 160.691641531)
(-20537.6015963, 175.329388107, 160.689233688)
(-20537.5271394, 175.404371582, 160.686004026)
(-20537.480977, 175.44999389, 160.684038989)
(-20537.4308491, 175.500257633, 160.681874081)
(-20537.390383, 175.539909281, 160.680166127)
(-20537.3438176, 175.585597499, 160.678198255)
(-20537.2965156, 175.633377286, 160.676140337)
(-20537.2497337, 175.680202274, 160.674123468)
(-20537.1930547, 175.737880618, 160.671639128)
(-20537.1496397, 175.781007348, 160.66978159)
(-20537.0986939, 175.831650108, 160.667600313)
(-20537.0540669, 175.876324753, 160.665676095)
(-20536.9973134, 175.935202907, 160.663140133)
(-20536.947303, 175.986443519, 160.660933088)
(-20536.8998679, 176.034760977, 160.65885196)
(-20536.855313, 176.079121607, 160.656941259)
(-20536.7962424, 176.136918322, 160.654451846)
(-20536.7481331, 176.183515726, 160.652444794)
(-20536.6783353, 176.252533405, 160.649472049)
(-20536.6333538, 176.296397933, 160.64758276)
(-20536.5750316, 176.354724938, 160.645070557)
(-20536.5234519, 176.405468391, 160.642884885)
(-20536.4762583, 176.452751509, 160.640848326)
(-20536.4266949, 176.501433264, 160.638751501)
(-20536.3781549, 176.549744594, 160.636670631)
(-20536.3276189, 176.601944811, 160.634422284)
(-20536.2882866, 176.642238563, 160.632686691)
(-20536.2438933, 176.687217219, 160.630749455)
(-20536.1910853, 176.739684199, 160.62848958)
(-20536.1402755, 176.789882954, 160.626327429)
(-20536.0800037, 176.852259972, 160.623640689)
(-20536.0360653, 176.897241285, 160.621703337)
(-20535.9694233, 176.966532835, 160.618718847)
(-20535.9251193, 177.011169581, 160.616796224)
(-20535.8489308, 177.0874026, 160.613512632)
(-20535.7815826, 177.153344985, 160.610672429)
(-20535.7278868, 177.206418047, 160.608386502)
(-20535.6784944, 177.254083735, 160.606333426)
(-20535.6192224, 177.312058906, 160.603836338)
(-20535.5524392, 177.378263333, 160.600984838)
(-20535.493359, 177.436084584, 160.59849433)
(-20535.4394029, 177.490052309, 160.596169752)
(-20535.3869189, 177.541634748, 160.59394807)
(-20535.3056431, 177.623684032, 160.590414033)
(-20535.2612398, 177.668149017, 160.588498857)
(-20535.2085184, 177.722147332, 160.586173129)
(-20535.1588322, 177.771888494, 160.584030629)
(-20535.0940005, 177.83666891, 160.581240401)
(-20535.0474957, 177.882519863, 160.57926553)
(-20534.9751638, 177.955438067, 160.576124723)
(-20534.9266995, 178.003441062, 160.574057191)
(-20534.8716134, 178.059181213, 160.571656402)
(-20534.8322931, 178.098219794, 160.569974888)
(-20534.7787217, 178.151496507, 160.567680177)
(-20534.735168, 178.194928006, 160.565809509)
(-20534.6734228, 178.258719476, 160.56306191)
(-20534.633201, 178.299851542, 160.561290247)
(-20534.5743186, 178.359531096, 160.558719776)
(-20534.5309605, 178.402724258, 160.556859312)
(-20534.4677815, 178.465114549, 160.554172079)
(-20534.4171687, 178.514469273, 160.552046255)
(-20534.3531243, 178.578162785, 160.54930291)
(-20534.3022617, 178.627853429, 160.547162599)
(-20534.2393399, 178.690940958, 160.544445198)
(-20534.1923591, 178.737499016, 160.542439961)
(-20534.1395513, 178.790869512, 160.540141057)
(-20534.0978111, 178.832160624, 160.53836271)
(-20534.0483672, 178.881365398, 160.536243358)
(-20533.9962151, 178.933141013, 160.534013284)
(-20533.9344828, 178.997544824, 160.531239309)
(-20533.8854518, 179.048012741, 160.529065533)
(-20533.8239405, 179.111447305, 160.526333141)
(-20533.7789319, 179.156512952, 160.524392259)
(-20533.7294872, 179.205751021, 160.522271467)
(-20533.6893208, 179.245098948, 160.520576685)
(-20533.6313986, 179.301621509, 160.518142144)
(-20533.5789842, 179.352081464, 160.515968731)
(-20533.5131989, 179.416948137, 160.5131748)
(-20533.4590381, 179.469741801, 160.510900851)
(-20533.3932831, 179.535856646, 160.508053243)
(-20533.3473062, 179.581688152, 160.506079149)
(-20533.2848186, 179.645197789, 160.503343668)
(-20533.2317533, 179.697975996, 160.501070402)
(-20533.1687547, 179.761576883, 160.498330997)
(-20533.1220021, 179.807782274, 160.496340844)
(-20533.0603256, 179.86981297, 160.493669028)
(-20533.0178846, 179.91156234, 160.491870845)
(-20532.9585767, 179.970729305, 160.489322445)
(-20532.9114708, 180.018144863, 160.487280132)
(-20532.8580771, 180.07159566, 160.48497792)
(-20532.8150712, 180.116194044, 160.483056986)
(-20532.7669562, 180.165264035, 160.480943476)
(-20532.7184673, 180.214300757, 160.478831391)
(-20532.6652646, 180.266929521, 160.476564515)
(-20532.6108528, 180.32053057, 160.474255818)
(-20532.5586273, 180.371193613, 160.472073676)
(-20532.511418, 180.417902606, 160.470061824)
(-20532.4653525, 180.4640344, 160.468074848)
(-20532.4090016, 180.522715242, 160.465547377)
(-20532.359968, 180.573181683, 160.463373686)
(-20532.3011358, 180.633465895, 160.460777173)
(-20532.2534606, 180.681129071, 160.458724183)
(-20532.19565, 180.738374066, 160.456258514)
(-20532.1560357, 180.777106691, 160.45459022)
(-20532.1005139, 180.83193024, 160.452228882)
(-20532.0529468, 180.877901468, 160.450248808)
(-20532.004987, 180.925009908, 160.448219772)
(-20531.9523496, 180.97735988, 160.445964949)
(-20531.8925005, 181.040068872, 160.443263914)
(-20531.8467275, 181.087346667, 160.441227653)
(-20531.7804927, 181.155392969, 160.438296743)
(-20531.7326097, 181.203440788, 160.436227233)
(-20531.6779306, 181.257959578, 160.433879027)
(-20531.6303985, 181.304555245, 160.431872036)
(-20531.5834138, 181.350962245, 160.429873234)
(-20531.5343377, 181.398360668, 160.427831648)
(-20531.4833832, 181.448310746, 160.425680231)
(-20531.4330143, 181.49673721, 160.423594396)
(-20531.388557, 181.540349891, 160.421715926)
(-20531.3273092, 181.603963049, 160.418976046)
(-20531.2812599, 181.651542451, 160.416926695)
(-20531.2390132, 181.695114525, 160.415049927)
(-20531.1969527, 181.737335319, 160.41323136)
(-20531.1337503, 181.799252491, 160.410564502)
(-20531.0820237, 181.849237862, 160.408411526)
(-20531.0148591, 181.915631422, 160.405551835)
(-20530.9667295, 181.96276671, 160.403521629)
(-20530.9033589, 182.026543775, 160.400774693)
(-20530.8570487, 182.072621714, 160.39878999)
(-20530.8151903, 182.114814566, 160.396972645)
(-20530.7652931, 182.164764846, 160.394821196)
(-20530.7157967, 182.213977196, 160.392701531)
(-20530.6612155, 182.270272063, 160.390276865)
(-20530.6163, 182.316037692, 160.388305597)
(-20530.5668638, 182.365891319, 160.386158303)
(-20530.5216481, 182.410729813, 160.384227031)
(-20530.4606604, 182.470637711, 160.381646677)
(-20530.4091007, 182.52230549, 160.379421256)
(-20530.3657452, 182.564909315, 160.377586206)
(-20530.3179744, 182.61172924, 160.375569597)
(-20530.2526244, 182.678269419, 160.372703653)
(-20530.2125601, 182.718954296, 160.37095118)
(-20530.1508009, 182.782662632, 160.368207244)
(-20530.0943717, 182.839097025, 160.365776423)
(-20530.0226803, 182.911506631, 160.362657622)
(-20529.974179, 182.959483667, 160.360591156)
(-20529.9090125, 183.025577999, 160.357744355)
(-20529.8570982, 183.07774696, 160.355497369)
(-20529.7838103, 183.152572106, 160.352274483)
(-20529.7095425, 183.225247235, 160.349144238)
(-20529.6379144, 183.295359372, 160.346124384)
(-20529.5873114, 183.345145884, 160.343979963)
(-20529.502478, 183.431180251, 160.340274311)
(-20529.4324037, 183.502050502, 160.33722179)
(-20529.3775724, 183.555965036, 160.334899598)
(-20529.317066, 183.615144809, 160.332350606)
(-20529.2641466, 183.6662583, 160.330149048)
(-20529.1977882, 183.732353322, 160.327302281)
(-20529.1428714, 183.786768966, 160.324958408)
(-20529.0763672, 183.85441651, 160.322044632)
(-20529.0156268, 183.915291816, 160.319422733)
(-20528.953028, 183.979868715, 160.316641195)
(-20528.9030944, 184.030507714, 160.314460148)
(-20528.8539333, 184.080609284, 160.312302123)
(-20528.8119505, 184.122249663, 160.310508656)
(-20528.7596881, 184.17339156, 160.308305865)
(-20528.7044024, 184.226845079, 160.306003518)
(-20528.6383571, 184.292045799, 160.303195153)
(-20528.5803979, 184.348646321, 160.300757326)
(-20528.5110556, 184.418723893, 160.297739007)
(-20528.4602765, 184.469701582, 160.295543248)
(-20528.398671, 184.532893881, 160.292821493)
(-20528.353793, 184.578077132, 160.290875303)
(-20528.2969951, 184.635154973, 160.288416805)
(-20528.2522544, 184.679271316, 160.286516686)
(-20528.1980134, 184.733013802, 160.284201893)
(-20528.1493921, 184.780280514, 160.282166016)
(-20528.0986555, 184.830455022, 160.280004912)
(-20528.0379554, 184.893995644, 160.277268101)
(-20527.9915574, 184.942407211, 160.275182971)
(-20527.9437459, 184.992081245, 160.273043354)
(-20527.9070898, 185.029189339, 160.271445034)
(-20527.8499034, 185.085429977, 160.269022656)
(-20527.8031416, 185.130426094, 160.2670846)
(-20527.7352871, 185.196217114, 160.264250864)
(-20527.680478, 185.248851669, 160.261983794)
(-20527.6229825, 185.305702865, 160.259535159)
(-20527.5684703, 185.359329784, 160.257225255)
(-20527.5063912, 185.42208765, 160.25452208)
(-20527.4557355, 185.472574049, 160.252347616)
(-20527.3897947, 185.539619852, 160.249459923)
(-20527.331208, 185.597969958, 160.246946594)
(-20527.2722305, 185.65797526, 160.244362081)
(-20527.2199351, 185.710340228, 160.24210663)
(-20527.1580796, 185.773328895, 160.239393454)
(-20527.1179572, 185.813314634, 160.237671302)
(-20527.0571405, 185.873942551, 160.235059966)
(-20527.0117355, 185.918570193, 160.233137755)
(-20526.9522404, 185.978084458, 160.230574376)
(-20526.8959447, 186.034945022, 160.228125263)
(-20526.8376589, 186.093981011, 160.225582497)
(-20526.7621288, 186.176311066, 160.222036348)
(-20526.7179033, 186.222869934, 160.220030974)
(-20526.6578316, 186.281457537, 160.21750752)
(-20526.613877, 186.322849227, 160.215724701)
(-20526.5487166, 186.384354087, 160.213075575)
(-20526.5034051, 186.427172543, 160.211231297)
(-20526.4459653, 186.482916872, 160.208830286)
(-20526.4026852, 186.525950183, 160.206976754)
(-20526.3487914, 186.582322399, 160.204548762)
(-20526.3082611, 186.624303741, 160.202740466)
(-20526.24307, 186.6906086, 160.199884611)
(-20526.1859601, 186.747530424, 160.197432851)
(-20526.1229539, 186.811074972, 160.194695943)
(-20526.0703382, 186.863142132, 160.192453258)
(-20526.0125376, 186.921425887, 160.189942851)
(-20525.9602338, 186.973201273, 160.187712808)
(-20525.8926352, 187.041485309, 160.184771709)
(-20525.8351887, 187.098644504, 160.182309728)
(-20525.7859788, 187.148621262, 160.18015721)
(-20525.7420528, 187.192443745, 160.178269647)
(-20525.6886614, 187.245337227, 160.175991419)
(-20525.6422193, 187.290678953, 160.174038435)
(-20525.5791265, 187.353051392, 160.171351974)
(-20525.5402615, 187.390768469, 160.169727396)
(-20525.4766116, 187.453735385, 160.16701531)
(-20525.4125166, 187.517947547, 160.164249591)
(-20525.3686416, 187.561196375, 160.162386762)
(-20525.3082881, 187.621620335, 160.159784202)
(-20525.2670972, 187.663261424, 160.157990637)
(-20525.2159701, 187.716698838, 160.155689058)
(-20525.164811, 187.769170599, 160.153428928)
(-20525.1005986, 187.834586799, 160.150611409)
(-20525.0528583, 187.882160009, 160.148562262)
(-20524.9825683, 187.952570268, 160.145529508)
(-20524.939488, 187.994851911, 160.143708401)
(-20524.8879092, 188.046505333, 160.141483631)
(-20524.8422004, 188.091442718, 160.139548059)
(-20524.7851056, 188.148175358, 160.137104415)
(-20524.733228, 188.198594939, 160.134932835)
(-20524.6784004, 188.252832085, 160.132596782)
(-20524.6250191, 188.304680361, 160.130363499)
(-20524.5665341, 188.362849578, 160.127858124)
(-20524.5151839, 188.41323923, 160.125687669)
(-20524.4703207, 188.458191185, 160.123751535)
(-20524.4110101, 188.521352305, 160.121031011)
(-20524.3672484, 188.567155678, 160.119058256)
(-20524.3112568, 188.624595651, 160.116584118)
(-20524.2629665, 188.672826369, 160.114506772)
(-20524.209881, 188.724940743, 160.112262112)
(-20524.1592005, 188.774224039, 160.110139394)
(-20524.1017283, 188.831081076, 160.107690383)
(-20524.0525053, 188.878901347, 160.105630736)
(-20524.000102, 188.930911357, 160.103390632)
(-20523.9361191, 188.993213007, 160.100707131)
(-20523.8706032, 189.0589426, 160.097876032)
(-20523.8121628, 189.117435542, 160.095356618)
(-20523.7593542, 189.171942169, 160.093008898)
(-20523.6997274, 189.232218537, 160.09041273)
(-20523.6548071, 189.277775519, 160.088450492)
(-20523.6071674, 189.324880028, 160.086421631)
(-20523.5245005, 189.406830376, 160.082891847)
(-20523.4738384, 189.456130977, 160.080768372)
(-20523.3903686, 189.540626091, 160.077129073)
(-20523.3282789, 189.60367908, 160.074413155)
(-20523.2743974, 189.660890227, 160.071948941)
(-20523.2081806, 189.728657292, 160.0690302)
(-20523.1643538, 189.771457746, 160.067186638)
(-20523.111437, 189.82201053, 160.065009237)
(-20523.0652616, 189.866840694, 160.063078357)
(-20523.0051471, 189.92756269, 160.060462849)
(-20522.9516453, 189.981060839, 160.058158666)
(-20522.9037414, 190.029959651, 160.056052571)
(-20522.8631077, 190.070641834, 160.05430023)
(-20522.8005777, 190.132529753, 160.051634619)
(-20522.7506007, 190.181363424, 160.049531263)
(-20522.6866201, 190.245120903, 160.046785167)
(-20522.6364674, 190.294362192, 160.044664186)
(-20522.5750574, 190.356048047, 160.042007215)
(-20522.5362504, 190.394415922, 160.04035468)
(-20522.4859289, 190.444503782, 160.038197301)
(-20522.4305879, 190.499513832, 160.035827921)
(-20522.3747697, 190.555195488, 160.033429606)
(-20522.3292956, 190.60077703, 160.031466325)
(-20522.2727557, 190.659196829, 160.028950103)
(-20522.2195004, 190.713574651, 160.026607915)
(-20522.1520932, 190.783257399, 160.023606489)
(-20522.1051187, 190.830439265, 160.021574368)
(-20522.0568017, 190.879024487, 160.01948169)
(-20522.0155352, 190.919638616, 160.017732337)
(-20521.9521257, 190.981234943, 160.0150793)
(-20521.8967163, 191.034541577, 160.012783288)
(-20521.8391686, 191.091354213, 160.010336298)
(-20521.7866158, 191.142859171, 160.008117825)
(-20521.7371394, 191.192530618, 160.005978429)
(-20521.6897908, 191.239335761, 160.003962394)
(-20521.6394626, 191.28992665, 160.001783357)
(-20521.5713749, 191.362419841, 159.998660871)
(-20521.5166469, 191.419488178, 159.996202882)
(-20521.4490487, 191.490225106, 159.993156198)
(-20521.395276, 191.543472343, 159.990862644)
(-20521.3215018, 191.613523885, 159.98784541)
(-20521.2657622, 191.666306826, 159.985571965)
(-20521.2013514, 191.729555793, 159.982847703)
(-20521.1476916, 191.782749043, 159.980556597)
(-20521.0803295, 191.851868643, 159.977579392)
(-20521.0414704, 191.891376819, 159.975877767)
(-20520.9884654, 191.945231075, 159.973558216)
(-20520.9320933, 192.001136582, 159.971150195)
(-20520.8701872, 192.062954316, 159.96848763)
(-20520.8208293, 192.11121567, 159.96640892)
(-20520.7630061, 192.168872754, 159.963925536)
(-20520.7228386, 192.208226845, 159.962230437)
(-20520.6662823, 192.264321323, 159.959814362)
(-20520.619404, 192.311350631, 159.957788716)
(-20520.5615683, 192.372005523, 159.955176259)
(-20520.5123149, 192.422861919, 159.95298575)
(-20520.4499672, 192.486140639, 159.95026009)
(-20520.4075114, 192.528472211, 159.94843689)
(-20520.3468625, 192.588697032, 159.945842927)
(-20520.293582, 192.640664251, 159.943604544)
(-20520.2277969, 192.706132286, 159.940784744)
(-20520.1805955, 192.75247778, 159.93878855)
(-20520.1246961, 192.808647267, 159.936369191)
(-20520.0744087, 192.858340247, 159.934228822)
(-20520.009214, 192.923821827, 159.931408387)
(-20519.9576924, 192.974611061, 159.929220838)
(-20519.8964359, 193.03644029, 159.926557706)
(-20519.848335, 193.084240649, 159.924498899)
(-20519.7837154, 193.14969807, 159.921679551)
(-20519.7441134, 193.189045304, 159.919984743)
(-20519.6818756, 193.25116022, 159.917309384)
(-20519.6272177, 193.304664271, 159.915004825)
(-20519.5636316, 193.368254076, 159.912265895)
(-20519.513865, 193.417300905, 159.910153367)
(-20519.4517184, 193.479957229, 159.907454677)
(-20519.4021723, 193.529233791, 159.905332215)
(-20519.3375757, 193.594699908, 159.902512456)
(-20519.2997908, 193.632356976, 159.900890479)
(-20519.2459669, 193.68596463, 159.898581512)
(-20519.1954342, 193.735404118, 159.896452066)
(-20519.1292143, 193.801023251, 159.893625738)
(-20519.0626878, 193.868049753, 159.890738817)
(-20519.0054715, 193.924851963, 159.8882922)
(-20518.9374141, 193.993866926, 159.885319476)
(-20518.8811889, 194.049901071, 159.882906069)
(-20518.8217131, 194.11059473, 159.880291867)
(-20518.7776972, 194.154872722, 159.878384786)
(-20518.7269574, 194.205757696, 159.876193091)
(-20518.6813107, 194.250726258, 159.874256175)
(-20518.6179738, 194.312924583, 159.871577176)
(-20518.5639236, 194.365262404, 159.869322884)
(-20518.4952382, 194.433638559, 159.86637784)
(-20518.4393861, 194.488865491, 159.863999041)
(-20518.3758726, 194.553668275, 159.861207938)
(-20518.3194397, 194.610697106, 159.858751515)
(-20518.2599595, 194.671955986, 159.856112906)
(-20518.2079853, 194.724061411, 159.853868712)
(-20518.1442435, 194.788679975, 159.851085399)
(-20518.0916865, 194.840764087, 159.848842152)
(-20518.0396777, 194.893148229, 159.846585873)
(-20517.9970352, 194.935306927, 159.844769981)
(-20517.9332746, 194.998790207, 159.842035651)
(-20517.882835, 195.054889963, 159.839625845)
(-20517.8310513, 195.125910271, 159.837843424)
(-20517.7923604, 195.181614851, 159.83662996)
(-20517.7543338, 195.242098293, 159.835168584)
(-20517.7204958, 195.300028732, 159.833808648)
(-20517.6888483, 195.35882929, 159.832477439)
(-20517.6498202, 195.444898565, 159.830507241)
(-20517.6186948, 195.500322992, 159.829376436)
(-20517.5733475, 195.572578174, 159.828533124)
(-20517.5291099, 195.650760166, 159.828532822)
(-20517.4866825, 195.726329187, 159.828532887)
(-20517.4447734, 195.796056541, 159.828532846)
(-20517.4018298, 195.866447255, 159.828532852)
(-20517.356684, 195.94288527, 159.828532852)
(-20517.317668, 196.008581958, 159.828532852)
(-20517.2818001, 196.068945267, 159.828532855)
(-20517.2455053, 196.130014117, 159.828532854)
(-20517.1764704, 196.246083195, 159.828532854)
(-20517.1328515, 196.319112469, 159.828532854)
(-20517.0912772, 196.388551664, 159.828532856)
(-20517.041302, 196.472238015, 159.828532853)
(-20516.9942555, 196.550928551, 159.82853285)
(-20516.9448949, 196.633539036, 159.828532855)
(-20516.8988407, 196.710381659, 159.828532804)
(-20516.8661453, 196.759127901, 159.828532766)
(-20516.8213826, 196.822604, 159.828532839)
(-20516.7667097, 196.893748855, 159.82853286)
(-20516.7200099, 196.949336591, 159.82853288)
(-20516.6498199, 197.027052693, 159.828532885)
(-20516.6001127, 197.081370511, 159.828532869)
(-20516.537782, 197.149755889, 159.828532848)
(-20516.4839684, 197.209114484, 159.828532851)
(-20516.4169511, 197.283259007, 159.828532853)
(-20516.3687956, 197.337121777, 159.828532858)
(-20516.3144472, 197.39821753, 159.828532884)
(-20516.2723551, 197.444369546, 159.82853284)
(-20516.2118333, 197.510078196, 159.828532841)
(-20516.1642856, 197.562291663, 159.82853285)
(-20516.0963499, 197.637262675, 159.828532853)
(-20516.0479507, 197.691410097, 159.828532855)
(-20515.985867, 197.761105065, 159.828532855)
(-20515.9432089, 197.807413812, 159.828532839)
(-20515.8878066, 197.866155339, 159.828532861)
(-20515.8348309, 197.920879227, 159.828532845)
(-20515.7836479, 197.972686713, 159.828532844)
(-20515.7335389, 198.023063166, 159.828532852)
(-20515.6691759, 198.08781012, 159.828532852)
(-20515.6177014, 198.139718372, 159.828532851)
(-20515.5511118, 198.206886716, 159.828532852)
(-20515.5046144, 198.253840664, 159.828532852)
(-20515.4410257, 198.318156453, 159.828532851)
(-20515.3971672, 198.362494065, 159.828532861)
(-20515.3405701, 198.419786054, 159.828532851)
(-20515.2836763, 198.477370829, 159.828532853)
(-20515.2103256, 198.551774237, 159.828532864)
(-20515.159577, 198.604226037, 159.828532849)
(-20515.1040462, 198.662389987, 159.828532865)
(-20515.0625053, 198.705534042, 159.828532851)
(-20514.9970651, 198.773265958, 159.82853286)
(-20514.9556572, 198.815486431, 159.828532845)
(-20514.8986901, 198.873114524, 159.82853285)
(-20514.8335349, 198.938840888, 159.828532852)
(-20514.7819794, 198.990695653, 159.828532848)
(-20514.7224945, 199.05040176, 159.828532852)
(-20514.6764616, 199.09666682, 159.828532852)
(-20514.6277818, 199.145542962, 159.828532853)
(-20514.5729936, 199.200569951, 159.828532851)
(-20514.5099715, 199.263727347, 159.828532851)
(-20514.4545802, 199.319315083, 159.828532853)
(-20514.4029709, 199.371093258, 159.828532853)
(-20514.3569075, 199.41731764, 159.828532852)
(-20514.2962649, 199.478163503, 159.828532854)
(-20514.2402892, 199.534334679, 159.828532852)
(-20514.1767313, 199.598111765, 159.828532852)
(-20514.1271713, 199.647848244, 159.828532851)
(-20514.0598286, 199.715432929, 159.828532851)
(-20514.0096903, 199.765759323, 159.828532851)
(-20513.9339478, 199.841876542, 159.828532851)
(-20513.8774116, 199.898656598, 159.828532851)
(-20513.7966891, 199.97973062, 159.828532852)
(-20513.7421505, 200.034426659, 159.828532852)
(-20513.6662393, 200.110400293, 159.828532851)
(-20513.6061342, 200.170620717, 159.828532853)
(-20513.5319786, 200.244831881, 159.828532852)
(-20513.462517, 200.314386421, 159.828532852)
(-20513.4053141, 200.371667899, 159.828532852)
(-20513.3373112, 200.439760977, 159.828532852)
(-20513.2804011, 200.496750328, 159.828532852)
(-20513.2240733, 200.553154637, 159.828532852)
(-20513.1747526, 200.602546741, 159.828532851)
(-20513.1093808, 200.668014026, 159.828532851)
(-20513.0603541, 200.717116157, 159.828532851)
(-20512.9958626, 200.781711434, 159.82853285)
(-20512.9445019, 200.833152828, 159.828532851)
(-20512.8706733, 200.907101658, 159.82853285)
(-20512.8245629, 200.953280719, 159.828532852)
(-20512.7624008, 201.015532586, 159.828532852)
(-20512.7218334, 201.056156, 159.828532852)
(-20512.6561647, 201.121911337, 159.828532853)
(-20512.6085899, 201.169545567, 159.828532854)
(-20512.5484462, 201.229728064, 159.828532853)
(-20512.4903567, 201.287874683, 159.828532852)
(-20512.426987, 201.351259606, 159.828532853)
(-20512.3782308, 201.400048103, 159.828532852)
(-20512.3215898, 201.456718793, 159.828532857)
(-20512.2798404, 201.498495506, 159.828532852)
(-20512.2223244, 201.556048275, 159.828532852)
(-20512.1729855, 201.605422237, 159.828532852)
(-20512.1075896, 201.670865248, 159.828532852)
(-20512.0588364, 201.719656987, 159.828532851)
(-20511.9951955, 201.783350459, 159.828532851)
(-20511.9487783, 201.829805545, 159.828532851)
(-20511.881343, 201.897297947, 159.828532851)
(-20511.8276256, 201.951056033, 159.828532852)
(-20511.7657337, 202.012994021, 159.828532852)
(-20511.7190216, 202.059738864, 159.828532852)
(-20511.6617984, 202.117000175, 159.828532852)
(-20511.6165452, 202.162282951, 159.828532852)
(-20511.557861, 202.221003189, 159.828532852)
(-20511.4874974, 202.291408611, 159.828532852)
(-20511.4369877, 202.341949045, 159.828532852)
(-20511.3701275, 202.408838755, 159.828532853)
(-20511.3178651, 202.461130145, 159.828532852)
(-20511.2550903, 202.523928482, 159.828532853)
(-20511.2001986, 202.57884814, 159.828532852)
(-20511.1336263, 202.645446815, 159.828532851)
(-20511.092166, 202.686928392, 159.828532852)
(-20511.0223833, 202.756746068, 159.828532852)
(-20510.9467653, 202.832410167, 159.828532851)
(-20510.888957, 202.890254463, 159.828532851)
(-20510.8387374, 202.940500917, 159.828532852)
(-20510.7488068, 203.030474331, 159.828532852)
(-20510.6810656, 203.09824563, 159.828532853)
(-20510.6159425, 203.163376073, 159.828532852)
(-20510.5627951, 203.21653435, 159.828532852)
(-20510.4944303, 203.284853526, 159.828532854)
(-20510.434554, 203.344718867, 159.828532853)
(-20510.3828547, 203.396401205, 159.828532852)
(-20510.3180138, 203.461230464, 159.828532852)
(-20510.2382736, 203.540950201, 159.828532851)
(-20510.1862857, 203.592932429, 159.828532851)
(-20510.1071351, 203.672073749, 159.828532851)
(-20510.0487235, 203.730482352, 159.828532851)
(-20509.9721965, 203.806988141, 159.828532842)
(-20509.9134378, 203.86133251, 159.828532806)
(-20509.8265491, 203.930784647, 159.828532889)
(-20509.7581418, 203.973268928, 159.828532867)
(-20509.6626551, 204.018874743, 159.828532981)
(-20509.5930569, 204.060028953, 159.82853256)
(-20509.5082991, 204.120231826, 159.828532822)
(-20509.4502683, 204.157536402, 159.828532681)
(-20509.378469, 204.197813775, 159.828532922)
(-20509.3068908, 204.240036907, 159.828532783)
(-20509.2592897, 204.269094581, 159.828532855)
(-20509.1790974, 204.318446948, 159.828532824)
(-20509.1146736, 204.35726436, 159.828532854)
(-20509.0356612, 204.404691568, 159.828532859)
(-20508.9741172, 204.441798344, 159.828532851)
(-20508.8828641, 204.496823977, 159.828532851)
(-20508.8029286, 204.545024941, 159.828532851)
(-20508.7435071, 204.580855034, 159.828532851)
(-20508.6745369, 204.62244445, 159.828532851)
(-20508.6144079, 204.658700755, 159.828532851)
(-20508.5387166, 204.704341513, 159.828532851)
(-20508.4732811, 204.743795754, 159.828532851)
(-20508.402894, 204.786235507, 159.828532851)
(-20508.3501908, 204.818010387, 159.828532852)
(-20508.2836923, 204.858100787, 159.828532852)
(-20508.2023431, 204.907154706, 159.828532845)
(-20508.1382285, 204.95389602, 159.828532696)
(-20508.0752087, 205.007481654, 159.828533149)
(-20508.0111247, 205.062883573, 159.828532834)
(-20507.9357447, 205.129109526, 159.828532867)
(-20507.8760304, 205.182431004, 159.828532826)
(-20507.8042467, 205.247048892, 159.828532859)
(-20507.7474084, 205.298650834, 159.828532841)
(-20507.6711425, 205.368196821, 159.828532849)
(-20507.6125136, 205.42156781, 159.82853285)
(-20507.5280159, 205.498659004, 159.828532854)
(-20507.4712655, 205.549883482, 159.828532852)
(-20507.3984224, 205.615343145, 159.828532843)
(-20507.3393831, 205.667746349, 159.82853285)
(-20507.2674484, 205.731120031, 159.828532853)
(-20507.2267047, 205.767879819, 159.82853286)
(-20507.1633079, 205.825720821, 159.828532859)
(-20507.1136719, 205.871720334, 159.828532864)
(-20507.0461528, 205.935426636, 159.828532863)
(-20506.9846693, 205.994685591, 159.828532854)
(-20506.9142266, 206.064240735, 159.828532849)
(-20506.8649322, 206.113066588, 159.828532853)
(-20506.8047454, 206.172620225, 159.828532851)
(-20506.7604027, 206.216475989, 159.828532851)
(-20506.7027963, 206.27335974, 159.828532853)
(-20506.6472354, 206.328198991, 159.828532852)
(-20506.5827857, 206.391680595, 159.828532852)
(-20506.5227881, 206.45083824, 159.828532852)
(-20506.4541833, 206.51833966, 159.828532854)
(-20506.4000304, 206.571661533, 159.828532853)
(-20506.3275482, 206.6428778, 159.828532853)
(-20506.2544891, 206.714674724, 159.828532852)
(-20506.1930203, 206.774192823, 159.828532859)
(-20506.1344289, 206.830712283, 159.828532854)
(-20506.093518, 206.870398033, 159.828532851)
(-20506.0280028, 206.933952877, 159.828532847)
(-20505.9777519, 206.983471818, 159.828532851)
(-20505.9053722, 207.055276973, 159.828532834)
(-20505.8490965, 207.111116444, 159.828532844)
(-20505.7846304, 207.175130218, 159.828532848)
(-20505.7371623, 207.222276406, 159.828532855)
(-20505.6803691, 207.278782732, 159.828532853)
(-20505.6446281, 207.314300549, 159.828532862)
(-20505.5810962, 207.377509949, 159.828532855)
(-20505.5298387, 207.428470603, 159.828532851)
(-20505.4607516, 207.497224444, 159.828532851)
(-20505.408042, 207.549652889, 159.828532851)
(-20505.3579723, 207.599464166, 159.828532851)
(-20505.3084839, 207.648689639, 159.828532852)
(-20505.2420132, 207.714809897, 159.828532851)
(-20505.1869605, 207.769568542, 159.828532852)
(-20505.1196105, 207.836561044, 159.828532851)
(-20505.0695603, 207.886388023, 159.828532854)
(-20505.0066935, 207.949089745, 159.828532853)
(-20504.9519818, 208.003604098, 159.828532848)
(-20504.8832874, 208.072162267, 159.828532852)
(-20504.8215774, 208.133698593, 159.828532851)
(-20504.7666177, 208.188547152, 159.828532852)
(-20504.7160292, 208.239008742, 159.828532852)
(-20504.6511167, 208.303767087, 159.828532851)
(-20504.5932188, 208.361521962, 159.828532852)
(-20504.5329861, 208.421616053, 159.828532849)
(-20504.4780139, 208.476455566, 159.828532852)
(-20504.4136891, 208.540632789, 159.828532852)
(-20504.3537467, 208.600431728, 159.828532852)
(-20504.2745113, 208.679490934, 159.828532852)
(-20504.2262654, 208.727622358, 159.828532852)
(-20504.1686642, 208.785088711, 159.828532852)
(-20504.1236353, 208.830011708, 159.828532852)
(-20504.0698355, 208.883686923, 159.828532852)
(-20504.0096034, 208.943780236, 159.828532852)
(-20503.9368148, 209.016430077, 159.828532851)
(-20503.8789311, 209.074197809, 159.828532852)
(-20503.8321867, 209.120905031, 159.828532853)
(-20503.783376, 209.169640218, 159.828532852)
(-20503.7214183, 209.231512343, 159.828532858)
(-20503.6623797, 209.290462349, 159.828532852)
(-20503.6086086, 209.34416577, 159.828532855)
(-20503.5647697, 209.387943131, 159.828532852)
(-20503.5001898, 209.452448557, 159.828532851)
(-20503.4402805, 209.512280144, 159.828532852)
(-20503.3581794, 209.5943097, 159.82853286)
(-20503.3000315, 209.652398835, 159.82853285)
(-20503.2144659, 209.737969061, 159.828532852)
(-20503.1461113, 209.806294289, 159.828532852)
(-20503.0771763, 209.875208283, 159.828532852)
(-20503.029268, 209.923093773, 159.828532853)
(-20502.9717201, 209.980613942, 159.828532853)
(-20502.9287774, 210.023534701, 159.828532853)
(-20502.8586666, 210.093608656, 159.828532853)
(-20502.7917688, 210.160470504, 159.828532853)
(-20502.7085107, 210.243681984, 159.828532853)
(-20502.6544657, 210.297696272, 159.828532853)
(-20502.5484185, 210.403678091, 159.828532853)
(-20502.4908682, 210.461195991, 159.828532853)
(-20502.4219235, 210.530099902, 159.828532853)
(-20502.3538569, 210.598128955, 159.828532853)
(-20502.2945552, 210.657400035, 159.828532853)
(-20502.2375906, 210.714335406, 159.828532853)
(-20502.1841326, 210.767767941, 159.828532852)
(-20502.1233722, 210.828501032, 159.828532852)
(-20502.0740032, 210.877845858, 159.828532853)
(-20502.0182078, 210.933614107, 159.828532853)
(-20501.9673778, 210.984418151, 159.828532853)
(-20501.8963909, 211.055368342, 159.828532853)
(-20501.8423474, 211.109383942, 159.828532853)
(-20501.7786637, 211.173034712, 159.828532853)
(-20501.731047, 211.220626777, 159.828532853)
(-20501.6644419, 211.287197219, 159.828532853)
(-20501.6136119, 211.338001165, 159.828532853)
(-20501.5554789, 211.39610469, 159.828532853)
(-20501.5055258, 211.446033039, 159.828532853)
(-20501.4579099, 211.493625801, 159.828532852)
(-20501.3989017, 211.552606268, 159.828532852)
(-20501.3322992, 211.619179484, 159.828532852)
(-20501.2756293, 211.675825542, 159.828532852)
(-20501.2052326, 211.746196644, 159.828532852)
(-20501.1558675, 211.795544942, 159.828532852)
(-20501.1021516, 211.849298864, 159.828532853)
(-20501.0539636, 211.897488976, 159.828532853)
(-20500.9897138, 211.961741446, 159.828532852)
(-20500.9400645, 212.011389943, 159.828532853)
(-20500.8761048, 212.075348878, 159.828532853)
(-20500.8232419, 212.128208986, 159.828532853)
(-20500.7671663, 212.184281128, 159.828532853)
(-20500.7189759, 212.232467878, 159.828532853)
(-20500.6459595, 212.305477348, 159.828532853)
(-20500.5933878, 212.358044143, 159.828532853)
(-20500.5270882, 212.424336021, 159.828532853)
(-20500.4756849, 212.475734764, 159.828532853)
(-20500.4201921, 212.53122164, 159.828532853)
(-20500.3722941, 212.579116342, 159.828532853)
(-20500.3054121, 212.645993895, 159.828532853)
(-20500.2589754, 212.6924293, 159.828532852)
(-20500.1918035, 212.759600768, 159.828532852)
(-20500.1401113, 212.811294807, 159.828532852)
(-20500.077031, 212.874381135, 159.828532852)
(-20500.0250458, 212.926366765, 159.828532852)
(-20499.9686808, 212.98273331, 159.828532852)
(-20499.92312, 213.028292864, 159.828532853)
(-20499.8591597, 213.0922513, 159.828532853)
(-20499.8086331, 213.142774688, 159.828532853)
(-20499.7399983, 213.211404233, 159.828532853)
(-20499.6888872, 213.262511256, 159.828532853)
(-20499.6348551, 213.316538173, 159.828532853)
(-20499.5866646, 213.36472455, 159.828532853)
(-20499.5162766, 213.4351056, 159.828532853)
(-20499.4616608, 213.489716999, 159.828532853)
(-20499.3877683, 213.563602558, 159.828532853)
(-20499.3389944, 213.612373558, 159.828532853)
(-20499.2770777, 213.674286694, 159.828532853)
(-20499.2204197, 213.730944239, 159.828532852)
(-20499.1658068, 213.785558606, 159.828532852)
(-20499.1164503, 213.83491583, 159.828532852)
(-20499.0466518, 213.904717847, 159.828532852)
(-20498.9984627, 213.952906109, 159.828532853)
(-20498.9412203, 214.010147753, 159.828532853)
(-20498.8848527, 214.066512355, 159.828532853)
(-20498.810669, 214.140690879, 159.828532853)
(-20498.7642307, 214.187125168, 159.828532853)
(-20498.701728, 214.249620814, 159.828532853)
(-20498.6494482, 214.301895261, 159.828532853)
(-20498.5743859, 214.376947471, 159.828532853)
(-20498.5215216, 214.429805894, 159.828532853)
(-20498.4593098, 214.492008359, 159.828532853)
(-20498.3842495, 214.567061915, 159.828532853)
(-20498.3296345, 214.621674125, 159.828532853)
(-20498.2639216, 214.687384199, 159.828532853)
(-20498.2169013, 214.734404241, 159.828532852)
(-20498.1660851, 214.78522199, 159.828532852)
(-20498.1135161, 214.837791885, 159.828532852)
(-20498.0454698, 214.905841317, 159.828532852)
(-20497.9870591, 214.964251485, 159.828532852)
(-20497.919595, 215.031715323, 159.828532852)
(-20497.8670243, 215.084283467, 159.828532853)
(-20497.8062758, 215.145028424, 159.828532853)
(-20497.7575015, 215.193799437, 159.828532853)
(-20497.6985047, 215.252791544, 159.828532853)
(-20497.6608286, 215.290464655, 159.828532853)
(-20497.5878122, 215.363474089, 159.828532853)
(-20497.5279393, 215.423342264, 159.828532853)
(-20497.4625167, 215.488758838, 159.828532853)
(-20497.4102378, 215.541034256, 159.828532853)
(-20497.3521176, 215.599150517, 159.828532853)
(-20497.2951668, 215.656099433, 159.828532852)
(-20497.2320833, 215.719182024, 159.828532852)
(-20497.1827275, 215.768539449, 159.828532852)
(-20497.1225677, 215.828705219, 159.828532852)
(-20497.0761331, 215.875143079, 159.828532852)
(-20497.0092589, 215.942027416, 159.828532851)
(-20496.9511416, 216.000147219, 159.828532852)
(-20496.8845561, 216.066737642, 159.828532852)
(-20496.8270216, 216.124271732, 159.828532853)
(-20496.740867, 216.210427289, 159.828532852)
(-20496.6821635, 216.269128866, 159.828532853)
(-20496.6149903, 216.336299337, 159.828532853)
(-20496.5615437, 216.389743624, 159.828532853)
(-20496.4856083, 216.46567505, 159.828532853)
(-20496.438879, 216.512402301, 159.828532853)
(-20496.3816356, 216.569643024, 159.828532853)
(-20496.3366595, 216.614618513, 159.828532852)
(-20496.2764971, 216.674781138, 159.828532852)
(-20496.2072823, 216.743998524, 159.828532852)
(-20496.1360249, 216.815262718, 159.828532852)
(-20496.080245, 216.871046446, 159.828532852)
(-20496.0218413, 216.9294621, 159.828532851)
(-20495.9780337, 216.973271037, 159.828532853)
(-20495.8959676, 217.055337957, 159.828532853)
(-20495.8413533, 217.109951063, 159.828532853)
(-20495.7721356, 217.179166039, 159.828532853)
(-20495.7005815, 217.250717155, 159.828532853)
(-20495.6027403, 217.348550529, 159.828532853)
(-20495.5238836, 217.427401747, 159.828532853)
(-20495.4581703, 217.49311162, 159.828532853)
(-20495.3693828, 217.581890934, 159.828532853)
(-20495.3089283, 217.642345457, 159.828532852)
(-20495.2353314, 217.715942486, 159.828532852)
(-20495.1672859, 217.783992949, 159.828532852)
(-20495.117639, 217.83364369, 159.828532852)
(-20495.0574802, 217.893809443, 159.828532852)
(-20494.9970268, 217.954265776, 159.828532852)
(-20494.9266444, 218.02465251, 159.828532852)
(-20494.878164, 218.073133518, 159.828532852)
(-20494.8139129, 218.137385058, 159.828532852)
(-20494.76514, 218.186157487, 159.828532853)
(-20494.700888, 218.250408209, 159.828532853)
(-20494.6468576, 218.304437013, 159.828532853)
(-20494.5823127, 218.368978987, 159.828532853)
(-20494.5347076, 218.416582624, 159.828532853)
(-20494.4762961, 218.474991761, 159.828532853)
(-20494.4240184, 218.527268335, 159.828532852)
(-20494.3565538, 218.594731449, 159.828532852)
(-20494.3127463, 218.638539273, 159.828532852)
(-20494.257257, 218.694029556, 159.828532852)
(-20494.2093621, 218.741927356, 159.828532852)
(-20494.1308042, 218.820493344, 159.828532852)
(-20494.0837848, 218.867514866, 159.828532852)
(-20494.0148623, 218.936440596, 159.828532852)
(-20493.968426, 218.982876934, 159.828532853)
(-20493.9073869, 219.043915393, 159.828532853)
(-20493.86241, 219.088890622, 159.828532853)
(-20493.8057501, 219.145547055, 159.828532853)
(-20493.7523033, 219.198990992, 159.828532853)
(-20493.6830845, 219.268204477, 159.828532853)
(-20493.6296375, 219.321648279, 159.828532853)
(-20493.5612941, 219.389985443, 159.828532853)
(-20493.5128121, 219.438464362, 159.828532853)
(-20493.4491422, 219.502128727, 159.828532853)
(-20493.3965721, 219.554696886, 159.828532853)
(-20493.3302745, 219.620990999, 159.828532852)
(-20493.2712802, 219.679985162, 159.828532852)
(-20493.2064451, 219.744820978, 159.828532852)
(-20493.1614708, 219.789798295, 159.828532852)
(-20493.0960556, 219.855221518, 159.828532851)
(-20493.0414429, 219.909836646, 159.828532852)
(-20492.9760248, 219.975257685, 159.828532852)
(-20492.9211186, 220.030163301, 159.828532852)
(-20492.8539458, 220.097334312, 159.828532853)
(-20492.7952419, 220.156035422, 159.828532853)
(-20492.7292354, 220.222036181, 159.828532853)
(-20492.6819218, 220.269346896, 159.828532853)
(-20492.610074, 220.341188746, 159.828532853)
(-20492.5650968, 220.386163343, 159.828532853)
(-20492.5066842, 220.444571425, 159.828532853)
(-20492.4538218, 220.497431365, 159.828532853)
(-20492.3886923, 220.562556986, 159.828532853)
(-20492.338167, 220.613081295, 159.828532852)
(-20492.2736231, 220.67762413, 159.828532852)
(-20492.2233912, 220.727857755, 159.828532852)
(-20492.1579741, 220.793279671, 159.828532852)
(-20492.1033624, 220.847895045, 159.828532852)
(-20492.0318138, 220.919451494, 159.828532851)
(-20491.9856703, 220.965596796, 159.828532852)
(-20491.9182079, 221.033062377, 159.828532852)
(-20491.8697271, 221.081542939, 159.828532852)
(-20491.8016787, 221.149590579, 159.828532852)
(-20491.750277, 221.200991099, 159.828532852)
(-20491.6760944, 221.275170724, 159.828532853)
(-20491.623816, 221.32744686, 159.828532853)
(-20491.5458352, 221.405421849, 159.828532853)
(-20491.4690241, 221.482229486, 159.828532852)
(-20491.4295968, 221.521655957, 159.828532852)
(-20491.3641765, 221.587074835, 159.828532852)
(-20491.3174487, 221.633803244, 159.828532852)
(-20491.2534904, 221.69776356, 159.828532852)
(-20491.2070558, 221.74420127, 159.828532852)
(-20491.1390119, 221.812253019, 159.828532852)
(-20491.0852755, 221.865991884, 159.828532852)
(-20491.0116806, 221.939591123, 159.828532852)
(-20490.9678729, 221.983399172, 159.828532852)
(-20490.9138434, 222.037428737, 159.828532852)
(-20490.8592291, 222.092041949, 159.828532852)
(-20490.7862148, 222.165053532, 159.828532853)
(-20490.7345207, 222.216745562, 159.828532853)
(-20490.6728957, 222.278366468, 159.828532853)
(-20490.6331757, 222.318084419, 159.828532853)
(-20490.5660015, 222.385254091, 159.828532853)
(-20490.5213167, 222.429936901, 159.828532853)
(-20490.4544349, 222.496814648, 159.828532853)
(-20490.3995285, 222.551719441, 159.828532852)
(-20490.334692, 222.616553863, 159.828532852)
(-20490.2847518, 222.666495026, 159.828532852)
(-20490.2172892, 222.733960362, 159.828532852)
(-20490.169979, 222.78127439, 159.828532851)
(-20490.1171215, 222.834139053, 159.828532851)
(-20490.0557919, 222.895471621, 159.828532852)
(-20489.9897904, 222.961477561, 159.828532852)
(-20489.9299198, 223.021348512, 159.828532852)
(-20489.8656687, 223.085600049, 159.828532852)
(-20489.8125146, 223.138752936, 159.828532852)
(-20489.7634489, 223.187816556, 159.828532853)
(-20489.7149674, 223.23629605, 159.828532853)
(-20489.6504218, 223.300837557, 159.828532853)
(-20489.5949306, 223.356325943, 159.828532853)
(-20489.5254198, 223.425831525, 159.828532853)
(-20489.4766461, 223.474602808, 159.828532852)
(-20489.4129765, 223.538267909, 159.828532853)
(-20489.3636192, 223.587623787, 159.828532852)
(-20489.2996589, 223.651582086, 159.828532852)
(-20489.2491347, 223.702107417, 159.828532852)
(-20489.1796285, 223.771617435, 159.828532852)
(-20489.1299829, 223.821268734, 159.828532851)
(-20489.0470587, 223.904229497, 159.828532852)
(-20488.979017, 223.972284248, 159.828532852)
(-20488.9331682, 224.01813982, 159.828532852)
(-20488.8660009, 224.085316356, 159.828532852)
(-20488.7921158, 224.159209463, 159.828532853)
(-20488.7208576, 224.230472429, 159.828532853)
(-20488.6712106, 224.280122972, 159.828532853)
(-20488.6230221, 224.328312227, 159.828532853)
(-20488.5520558, 224.399282541, 159.828532853)
(-20488.4910159, 224.460317026, 159.828532853)
(-20488.415377, 224.535960327, 159.828532853)
(-20488.3341873, 224.617151717, 159.828532853)
(-20488.2813281, 224.67001468, 159.828532852)
(-20488.1919631, 224.759385239, 159.828532852)
(-20488.1139916, 224.837368738, 159.828532852)
(-20488.0514955, 224.899871006, 159.828532852)
(-20487.9755653, 224.975807645, 159.828532852)
(-20487.9098548, 225.041520813, 159.828532853)
(-20487.8569942, 225.094383019, 159.828532853)
(-20487.7863173, 225.165058896, 159.828532853)
(-20487.7343323, 225.217044056, 159.828532853)
(-20487.678548, 225.272824067, 159.828532853)
(-20487.6359081, 225.315463095, 159.828532853)
(-20487.5663975, 225.384969072, 159.828532853)
(-20487.519085, 225.43228076, 159.828532853)
(-20487.4457776, 225.505583529, 159.828532853)
(-20487.3946686, 225.55669247, 159.828532853)
(-20487.3359649, 225.615393575, 159.828532853)
(-20487.2816444, 225.669715744, 159.828532852)
(-20487.2238186, 225.727542436, 159.828532852)
(-20487.1738803, 225.777485103, 159.828532852)
(-20487.114597, 225.83677479, 159.828532852)
(-20487.0626134, 225.888761704, 159.828532852)
(-20487.0001157, 225.951262043, 159.828532852)
(-20486.9490071, 226.002371741, 159.828532852)
(-20486.8859232, 226.06545463, 159.828532853)
(-20486.8327697, 226.118607692, 159.828532853)
(-20486.7717291, 226.17964458, 159.828532853)
(-20486.714194, 226.237177784, 159.828532853)
(-20486.6554869, 226.295876259, 159.828532853)
(-20486.6055447, 226.345815458, 159.828532853)
(-20486.5491745, 226.402177124, 159.828532856)
(-20486.4957272, 226.455620184, 159.828532853)
(-20486.428551, 226.522788331, 159.828532853)
(-20486.3850343, 226.566302727, 159.828532852)
(-20486.3213645, 226.629967324, 159.828532852)
(-20486.2740521, 226.677279022, 159.828532852)
(-20486.2118448, 226.739485718, 159.828532852)
(-20486.1636582, 226.787675475, 159.828532851)
(-20486.114304, 226.837034702, 159.828532851)
(-20486.0605674, 226.890773456, 159.828532852)
(-20485.9913526, 226.959991059, 159.828532852)
(-20485.9358628, 227.015481214, 159.828532852)
(-20485.8701508, 227.08119254, 159.828532852)
(-20485.8187492, 227.132593009, 159.828532852)
(-20485.758001, 227.193338261, 159.828532852)
(-20485.7074751, 227.243862211, 159.828532852)
(-20485.6411769, 227.310155811, 159.828532852)
(-20485.5853938, 227.3659361, 159.828532852)
(-20485.5182192, 227.433105048, 159.828532853)
(-20485.4773312, 227.473991297, 159.828532852)
(-20485.4124935, 227.53882495, 159.828532852)
(-20485.3660572, 227.585260628, 159.828532852)
(-20485.2959643, 227.655352385, 159.828532852)
(-20485.243104, 227.708214362, 159.828532852)
(-20485.1887838, 227.762537275, 159.828532852)
(-20485.149942, 227.801381136, 159.828532852)
(-20485.080728, 227.870599722, 159.828532851)
(-20485.0316637, 227.919664999, 159.828532852)
(-20484.9674128, 227.983916732, 159.828532852)
(-20484.9189317, 228.032397124, 159.828532852)
(-20484.8613965, 228.08993021, 159.828532852)
(-20484.8243054, 228.127020032, 159.828532852)
(-20484.7594682, 228.191853854, 159.828532852)
(-20484.7115703, 228.239749085, 159.828532852)
(-20484.6464391, 228.304873322, 159.828532853)
(-20484.597373, 228.353936085, 159.828532852)
(-20484.5377912, 228.41351116, 159.828532853)
(-20484.487557, 228.463742392, 159.828532852)
(-20484.4276832, 228.523610378, 159.828532852)
(-20484.3727768, 228.578514892, 159.828532852)
(-20484.3061873, 228.645100791, 159.828532852)
(-20484.2451494, 228.706139806, 159.828532851)
(-20484.1791477, 228.772145246, 159.828532851)
(-20484.1286243, 228.82267167, 159.828532851)
(-20484.0699244, 228.881376557, 159.828532851)
(-20484.0255331, 228.925769402, 159.828532852)
(-20483.9653714, 228.985932834, 159.828532852)
(-20483.8920666, 229.059238095, 159.828532852)
(-20483.8389128, 229.112391114, 159.828532852)
(-20483.7775809, 229.173720857, 159.828532852)
(-20483.7314359, 229.21986432, 159.828532852)
(-20483.6706874, 229.280609488, 159.828532852)
(-20483.6248345, 229.326460582, 159.828532852)
(-20483.5547401, 229.396550753, 159.828532852)
(-20483.5080109, 229.443277962, 159.828532852)
(-20483.4385004, 229.512784425, 159.828532852)
(-20483.3891433, 229.56214043, 159.828532852)
(-20483.324599, 229.626682701, 159.828532852)
(-20483.2752429, 229.676039782, 159.828532851)
(-20483.2048598, 229.746425265, 159.828532851)
(-20483.1575498, 229.793739687, 159.828532851)
(-20483.101772, 229.849525765, 159.828532851)
(-20483.0556291, 229.895671846, 159.828532851)
(-20482.9858316, 229.965474685, 159.828532851)
(-20482.9405641, 230.01074358, 159.828532852)
(-20482.8710567, 230.080252695, 159.828532852)
(-20482.8348423, 230.116467173, 159.828532852)
(-20482.7700064, 230.181302257, 159.828532852)
(-20482.7130557, 230.238251818, 159.828532852)
(-20482.6607778, 230.290528411, 159.828532852)
(-20482.590684, 230.360619113, 159.828532852)
(-20482.5395743, 230.411727337, 159.828532852)
(-20482.4718166, 230.479481941, 159.828532852)
(-20482.4195391, 230.53175871, 159.828532852)
(-20482.3535349, 230.59776174, 159.828532852)
(-20482.3012584, 230.650039306, 159.828532851)
(-20482.2492742, 230.70202536, 159.828532851)
(-20482.1914504, 230.759853605, 159.828532851)
(-20482.1269109, 230.824401034, 159.828532851)
(-20482.0612007, 230.890114611, 159.828532852)
(-20481.9934471, 230.957872698, 159.828532851)
(-20481.9385415, 231.012778835, 159.828532852)
(-20481.8696173, 231.081702919, 159.828532852)
(-20481.8126661, 231.138652029, 159.828532852)
(-20481.7343927, 231.216918825, 159.828532852)
(-20481.6850349, 231.266274244, 159.828532852)
(-20481.6044255, 231.346877069, 159.828532852)
(-20481.5538992, 231.39740045, 159.828532852)
(-20481.477378, 231.473914873, 159.828532852)
(-20481.432109, 231.519181521, 159.828532852)
(-20481.3561729, 231.595112078, 159.828532852)
(-20481.2551229, 231.696161228, 159.828532852)
(-20481.2063517, 231.744934861, 159.828532851)
(-20481.1423951, 231.80889688, 159.828532851)
(-20481.0871993, 231.864096776, 159.828532851)
(-20481.0209075, 231.930396121, 159.828532851)
(-20480.9730116, 231.978293592, 159.828532852)
(-20480.9075931, 232.043714169, 159.828532852)
(-20480.8477219, 232.103584309, 159.828532852)
(-20480.7828854, 232.168418806, 159.828532852)
(-20480.7256422, 232.225660013, 159.828532852)
(-20480.6622651, 232.289033258, 159.828532852)
(-20480.610863, 232.340432978, 159.828532852)
(-20480.5471934, 232.404098078, 159.828532852)
(-20480.4975435, 232.453745699, 159.828532852)
(-20480.4367947, 232.514490538, 159.828532852)
(-20480.3824726, 232.568811181, 159.828532852)
(-20480.3223089, 232.628972756, 159.828532852)
(-20480.2720766, 232.679205779, 159.828532851)
(-20480.2171718, 232.734112275, 159.828532851)
(-20480.1631447, 232.788143964, 159.828532851)
(-20480.1003578, 232.850939389, 159.828532851)
(-20480.0437015, 232.907599633, 159.828532851)
(-20479.9750722, 232.976234282, 159.828532851)
(-20479.9260081, 233.025299863, 159.828532852)
(-20479.8602973, 233.091012201, 159.828532852)
(-20479.8048072, 233.146502047, 159.828532852)
(-20479.7370505, 233.214257411, 159.828532852)
(-20479.6833123, 233.267994201, 159.828532852)
(-20479.6310339, 233.320270044, 159.828532852)
(-20479.5816763, 233.369625868, 159.828532852)
(-20479.5197595, 233.431539283, 159.828532852)
(-20479.4668976, 233.484399845, 159.828532852)
(-20479.4046895, 233.546605659, 159.828532852)
(-20479.3451112, 233.60618402, 159.828532852)
(-20479.2872852, 233.664010475, 159.828532852)
(-20479.2382218, 233.71307605, 159.828532851)
(-20479.1763093, 233.774993423, 159.828532851)
(-20479.1301667, 233.821139228, 159.828532851)
(-20479.0740954, 233.877215697, 159.828532851)
(-20479.0238632, 233.927449593, 159.828532852)
(-20478.9613651, 233.989949561, 159.828532852)
(-20478.9064592, 234.044855209, 159.828532852)
(-20478.8492164, 234.102096644, 159.828532852)
(-20478.7931415, 234.158169736, 159.828532852)
(-20478.728304, 234.223003369, 159.828532852)
(-20478.678362, 234.272942786, 159.828532852)
(-20478.6307557, 234.320545236, 159.828532852)
(-20478.5831503, 234.368148341, 159.828532852)
(-20478.525614, 234.425680839, 159.828532852)
(-20478.4493864, 234.501903906, 159.828532852)
(-20478.3971086, 234.554180325, 159.828532852)
(-20478.3302273, 234.621058792, 159.828532852)
(-20478.2829154, 234.668371193, 159.828532851)
(-20478.2207094, 234.730578997, 159.828532851)
(-20478.1739829, 234.777308904, 159.828532851)
(-20478.1120715, 234.839227356, 159.828532851)
(-20478.0647601, 234.886541186, 159.828532852)
(-20478.0022627, 234.949041732, 159.828532851)
(-20477.9567028, 234.994602113, 159.828532852)
(-20477.8898229, 235.061481829, 159.828532852)
(-20477.8398815, 235.111422264, 159.828532852)
(-20477.7829303, 235.16837136, 159.828532852)
(-20477.74029, 235.211010129, 159.828532852)
(-20477.6655229, 235.285773231, 159.828532852)
(-20477.6030218, 235.348270211, 159.828532852)
(-20477.5524958, 235.398794003, 159.828532852)
(-20477.5034294, 235.447857263, 159.828532852)
(-20477.4561164, 235.495168559, 159.828532852)
(-20477.4041301, 235.547152633, 159.828532852)
(-20477.3264411, 235.624835309, 159.828532852)
(-20477.2654023, 235.685873603, 159.828532852)
(-20477.2148788, 235.736399698, 159.828532851)
(-20477.1520902, 235.799193421, 159.828532851)
(-20477.1059479, 235.845339314, 159.828532851)
(-20477.0466648, 235.904628852, 159.828532851)
(-20476.9996454, 235.951650434, 159.828532852)
(-20476.9348116, 236.016487508, 159.828532851)
(-20476.8714372, 236.079863734, 159.828532852)
(-20476.8159472, 236.135353578, 159.828532852)
(-20476.7581206, 236.193179501, 159.828532852)
(-20476.7163569, 236.234942454, 159.828532852)
(-20476.6459714, 236.305325685, 159.828532852)
(-20476.5963219, 236.354973786, 159.828532852)
(-20476.5291485, 236.422144339, 159.828532852)
(-20476.4698615, 236.481430096, 159.828532852)
(-20476.4102821, 236.541007629, 159.828532852)
(-20476.3547926, 236.596497462, 159.828532852)
(-20476.2946303, 236.656660393, 159.828532851)
(-20476.2438146, 236.707478413, 159.828532851)
(-20476.1871587, 236.764138629, 159.828532851)
(-20476.1331308, 236.818169925, 159.828532851)
(-20476.0750155, 236.876290681, 159.828532851)
(-20476.0247835, 236.926524865, 159.828532852)
(-20475.9739673, 236.977342613, 159.828532852)
(-20475.9336641, 237.017645845, 159.828532852)
(-20475.8764215, 237.074887532, 159.828532852)
(-20475.8142134, 237.137093615, 159.828532852)
(-20475.7636874, 237.187617565, 159.828532852)
(-20475.7029384, 237.248361851, 159.828532852)
(-20475.6509518, 237.30034538, 159.828532852)
(-20475.5948748, 237.356416715, 159.828532852)
(-20475.5452246, 237.406063864, 159.828532852)
(-20475.4850594, 237.466223965, 159.828532852)
(-20475.4386224, 237.512658931, 159.828532852)
(-20475.3746612, 237.576616414, 159.828532852)
(-20475.3250123, 237.626264742, 159.828532852)
(-20475.2642653, 237.687011226, 159.828532851)
(-20475.1979713, 237.753308315, 159.828532851)
(-20475.1284663, 237.822819695, 159.828532851)
(-20475.0741472, 237.87714357, 159.828532851)
(-20474.9821574, 237.969146767, 159.828532852)
(-20474.9281278, 238.023176597, 159.828532852)
(-20474.865045, 238.086259972, 159.828532852)
(-20474.8148116, 238.136492571, 159.828532852)
(-20474.7321596, 238.219141661, 159.828532852)
(-20474.683678, 238.267621142, 159.828532852)
(-20474.5989796, 238.352313102, 159.828532852)
(-20474.5323906, 238.418899454, 159.828532852)
(-20474.4760229, 238.475263506, 159.828532852)
(-20474.4284179, 238.522867046, 159.828532852)
(-20474.3752633, 238.576019422, 159.828532852)
(-20474.3221099, 238.629172515, 159.828532852)
(-20474.2514335, 238.699849059, 159.828532852)
(-20474.19945, 238.751835507, 159.828532851)
(-20474.1290692, 238.822223358, 159.828532851)
(-20474.0791307, 238.872166276, 159.828532851)
(-20474.0064149, 238.944892257, 159.828532851)
(-20473.9567672, 238.994542708, 159.828532852)
(-20473.9021555, 239.049158212, 159.828532851)
(-20473.8603923, 239.090922111, 159.828532852)
(-20473.7978932, 239.15342117, 159.828532852)
(-20473.7426952, 239.208618599, 159.828532852)
(-20473.6755224, 239.275789513, 159.828532852)
(-20473.622076, 239.329234182, 159.828532852)
(-20473.5540259, 239.397280333, 159.828532852)
(-20473.5099255, 239.441379236, 159.828532852)
(-20473.4611516, 239.490150626, 159.828532852)
(-20473.4167596, 239.534541898, 159.828532852)
(-20473.3519237, 239.599376999, 159.828532852)
(-20473.3002312, 239.651070534, 159.828532852)
(-20473.228388, 239.72291667, 159.828532851)
(-20473.1740689, 239.777240395, 159.828532851)
(-20473.1031058, 239.848213704, 159.828532851)
(-20473.0537503, 239.897572263, 159.828532852)
(-20472.987749, 239.96357836, 159.828532851)
(-20472.9424811, 240.008846867, 159.828532852)
(-20472.8916642, 240.059663902, 159.828532852)
(-20472.8455193, 240.105807665, 159.828532852)
(-20472.7722125, 240.179110734, 159.828532852)
(-20472.714385, 240.236935442, 159.828532852)
(-20472.6431212, 240.308193141, 159.828532852)
(-20472.58909, 240.362221076, 159.828532852)
(-20472.523959, 240.427345107, 159.828532853)
(-20472.4731406, 240.478160127, 159.828532852)
(-20472.4196925, 240.53160302, 159.828532852)
(-20472.3790968, 240.572197319, 159.828532852)
(-20472.3157202, 240.635571332, 159.828532852)
(-20472.2637356, 240.68755663, 159.828532851)
(-20472.1933525, 240.757942417, 159.828532851)
(-20472.1364054, 240.814894586, 159.828532851)
(-20472.078876, 240.87243324, 159.828532851)
(-20472.0286442, 240.922667825, 159.828532852)
(-20471.9687756, 240.982540471, 159.828532851)
(-20471.9176666, 241.033649929, 159.828532852)
(-20471.8563356, 241.094980683, 159.828532852)
(-20471.8084384, 241.142876566, 159.828532852)
(-20471.7529473, 241.198364928, 159.828532852)
(-20471.7088466, 241.242463658, 159.828532852)
(-20471.6425485, 241.308757318, 159.828532852)
(-20471.5911462, 241.360157176, 159.828532852)
(-20471.5455844, 241.405715532, 159.828532852)
(-20471.4947664, 241.456531058, 159.828532852)
(-20471.4264242, 241.524869081, 159.828532852)
(-20471.372394, 241.5788978, 159.828532852)
(-20471.3072653, 241.644024168, 159.828532852)
(-20471.2555727, 241.695717474, 159.828532852)
(-20471.1948271, 241.756465224, 159.828532851)
(-20471.1466412, 241.804655621, 159.828532851)
(-20471.0899876, 241.861317737, 159.828532851)
(-20471.0479334, 241.903374996, 159.828532851)
(-20470.9851446, 241.966168421, 159.828532851)
(-20470.9395851, 242.011729385, 159.828532852)
(-20470.8817595, 242.069556191, 159.828532852)
(-20470.8271459, 242.124170007, 159.828532852)
(-20470.7716558, 242.179659498, 159.828532852)
(-20470.718794, 242.232520316, 159.828532852)
(-20470.6647636, 242.286549175, 159.828532852)
(-20470.604015, 242.347294376, 159.828532852)
(-20470.557578, 242.393729512, 159.828532852)
(-20470.4985818, 242.45272209, 159.828532852)
(-20470.451853, 242.49944948, 159.828532852)
(-20470.3887686, 242.562531595, 159.828532852)
(-20470.3399962, 242.611304137, 159.828532852)
(-20470.2725327, 242.678768463, 159.828532852)
(-20470.2252217, 242.726081888, 159.828532851)
(-20470.1650619, 242.786246995, 159.828532851)
(-20470.1162911, 242.835021406, 159.828532851)
(-20470.0499988, 242.901320601, 159.828532851)
(-20470.0061916, 242.945129429, 159.828532852)
(-20469.9609244, 242.990398148, 159.828532852)
(-20469.9112754, 243.040047011, 159.828532852)
(-20469.8426425, 243.108678496, 159.828532852)
(-20469.7891962, 243.162122992, 159.828532852)
(-20469.7237748, 243.22754063, 159.828532852)
(-20469.6785056, 243.272807479, 159.828532852)
(-20469.6373246, 243.313985357, 159.828532852)
(-20469.5885509, 243.362756654, 159.828532852)
(-20469.5313071, 243.419997065, 159.828532852)
(-20469.4644237, 243.486873218, 159.828532853)
(-20469.4136055, 243.537688864, 159.828532852)
(-20469.3551931, 243.596097135, 159.828532852)
(-20469.3143058, 243.63698392, 159.828532852)
(-20469.265533, 243.685756335, 159.828532852)
(-20469.2188059, 243.732485312, 159.828532851)
(-20469.1566014, 243.794694415, 159.828532851)
(-20469.1090095, 243.845045642, 159.828532818)
(-20469.0447655, 243.91987424, 159.828527119)
(-20469.0041577, 243.978883991, 159.82849089)
(-20468.9640618, 244.055564124, 159.828491855)
(-20468.9297688, 244.112492481, 159.828501954)
(-20468.8835013, 244.181260877, 159.827548154)
(-20468.8478606, 244.237666456, 159.82481464)
(-20468.798676, 244.315528274, 159.821043633)
(-20468.7592493, 244.376710497, 159.818354757)
(-20468.7037959, 244.462761171, 159.814648553)
(-20468.6685295, 244.519774453, 159.812192677)
(-20468.6237175, 244.595475224, 159.80893216)
(-20468.5884246, 244.652868346, 159.806460013)
(-20468.5390091, 244.736595196, 159.80285372)
(-20468.4982904, 244.802477751, 159.800015889)
(-20468.4515666, 244.883298557, 159.796534819)
(-20468.4140138, 244.944397762, 159.793903091)
(-20468.3630236, 245.032393176, 159.790112897)
(-20468.331528, 245.084023842, 159.787889017)
(-20468.294597, 245.146582689, 159.785194456)
(-20468.2645138, 245.195247178, 159.783098368)
(-20468.2036683, 245.295957966, 159.778760503)
(-20468.1736379, 245.345331413, 159.776633897)
(-20468.1198696, 245.43871648, 159.772611626)
(-20468.0807168, 245.502750828, 159.769853421)
(-20468.0417072, 245.570091649, 159.766952936)
(-20468.0106948, 245.617884482, 159.764894324)
(-20467.9719635, 245.670758851, 159.76261702)
(-20467.9341909, 245.717962927, 159.760583527)
(-20467.8707925, 245.78664987, 159.757625407)
(-20467.8282411, 245.831370755, 159.75569883)
(-20467.7757101, 245.887409475, 159.75328516)
(-20467.7260577, 245.941018189, 159.750976163)
(-20467.6730263, 246.00142263, 159.748374442)
(-20467.6323382, 246.047190859, 159.74640302)
(-20467.5850853, 246.101251909, 159.744074519)
(-20467.5435598, 246.146965351, 159.742105532)
(-20467.4921006, 246.202945877, 159.739694253)
(-20467.4465355, 246.251565238, 159.737600104)
(-20467.3779422, 246.324772559, 159.734446892)
(-20467.3302145, 246.376220823, 159.732230882)
(-20467.2789147, 246.433236107, 159.729775111)
(-20467.2326741, 246.484009182, 159.727588178)
(-20467.1822262, 246.540639212, 159.725148995)
(-20467.1350074, 246.593148833, 159.722887167)
(-20467.0931905, 246.638498913, 159.720933914)
(-20467.0460562, 246.689932501, 159.718718531)
(-20467.0023109, 246.735671132, 159.716748478)
(-20466.9369262, 246.801902985, 159.713895646)
(-20466.8887524, 246.84962157, 159.711840356)
(-20466.8272719, 246.911302032, 159.709183607)
(-20466.7851366, 246.952765766, 159.707397634)
(-20466.7248789, 247.013266911, 159.704791757)
(-20466.6850989, 247.052417365, 159.703105399)
(-20466.642739, 247.094691259, 159.70128457)
(-20466.5864098, 247.152814632, 159.698781056)
(-20466.5285891, 247.211998147, 159.69623184)
(-20466.471219, 247.271791265, 159.693656435)
(-20466.4247124, 247.319455549, 159.691603415)
(-20466.3681601, 247.37837995, 159.68906535)
(-20466.3279619, 247.419439083, 159.687296861)
(-20466.2741389, 247.475341096, 159.684889095)
(-20466.2229135, 247.527043083, 159.682662091)
(-20466.1714472, 247.578909701, 159.68042806)
(-20466.1047134, 247.646986742, 159.677495813)
(-20466.0538636, 247.693784156, 159.675480101)
(-20465.9899897, 247.741695728, 159.673416571)
(-20465.9376326, 247.770921096, 159.672157947)
(-20465.8625878, 247.787363674, 159.67152275)
(-20465.8008369, 247.799593647, 159.670951709)
(-20465.723716, 247.810125066, 159.670467347)
(-20465.6533903, 247.820219599, 159.670033956)
(-20465.5661917, 247.839180999, 159.669217785)
(-20465.4891212, 247.849394636, 159.668777675)
(-20465.412395, 247.861686791, 159.668248112)
(-20465.3483464, 247.86930278, 159.667920064)
(-20465.2654518, 247.881851412, 159.667379548)
(-20465.2082397, 247.885348021, 159.667229154)
(-20465.1235778, 247.887052746, 159.667155478)
(-20465.0591915, 247.888864267, 159.667077577)
(-20464.981358, 247.895307914, 159.666800015)
(-20464.9133298, 247.899817599, 159.666605757)
(-20464.8518185, 247.902087667, 159.666507987)
(-20464.7713165, 247.91119862, 159.666115575)
(-20464.6947079, 247.912833996, 159.666045028)
(-20464.6200384, 247.916438558, 159.665889866)
(-20464.5653801, 247.916743805, 159.665876615)
(-20464.4841315, 247.919936544, 159.66573917)
(-20464.4175373, 247.920640803, 159.665708869)
(-20464.3350797, 247.92540933, 159.665503473)
(-20464.2496159, 247.930637393, 159.665278118)
(-20464.1607738, 247.931649409, 159.665234678)
(-20464.0996023, 247.929777335, 159.66531532)
(-20464.0418111, 247.931079517, 159.66525922)
(-20463.9712151, 247.932346028, 159.665204664)
(-20463.8817205, 247.941534165, 159.664808974)
(-20463.8106079, 247.941989774, 159.664789393)
(-20463.7283724, 247.940467828, 159.664854824)
(-20463.6581048, 247.938235331, 159.66495099)
(-20463.5649814, 247.943843956, 159.664709511)
(-20463.4867233, 247.942635635, 159.664761609)
(-20463.3979867, 247.94684868, 159.66458003)
(-20463.333204, 247.945461038, 159.664639638)
(-20463.2556047, 247.946255232, 159.664605595)
(-20463.1954899, 247.944140627, 159.66469661)
(-20463.1138106, 247.945161274, 159.664652702)
(-20463.047483, 247.943033438, 159.66474434)
(-20462.9690645, 247.944217072, 159.664693376)
(-20462.9014651, 247.942216209, 159.664779603)
(-20462.8342065, 247.943484402, 159.664724837)
(-20462.758606, 247.951734851, 159.664369514)
(-20462.6919114, 247.953346701, 159.664300098)
(-20462.6047174, 247.946644999, 159.664588794)
(-20462.5374155, 247.944743195, 159.664670655)
(-20462.466754, 247.94864181, 159.664502844)
(-20462.4069909, 247.947713499, 159.664542692)
(-20462.3433587, 247.946963635, 159.664575136)
(-20462.2841226, 247.944027402, 159.664701493)
(-20462.2259644, 247.943385052, 159.664729224)
(-20462.1354047, 247.949937145, 159.664447062)
(-20462.0693737, 247.949242222, 159.664476899)
(-20461.9875214, 247.948073477, 159.664527204)
(-20461.925932, 247.945591493, 159.664634154)
(-20461.8591131, 247.946907245, 159.664577529)
(-20461.8058817, 247.945280024, 159.664647576)
(-20461.7402182, 247.944359188, 159.664687258)
(-20461.6524942, 247.949942135, 159.664446805)
(-20461.5809863, 247.948503152, 159.664508736)
(-20461.4876951, 247.949559226, 159.66446327)
(-20461.4189351, 247.947340273, 159.664558963)
(-20461.3343128, 247.950277167, 159.664432369)
(-20461.2705983, 247.948252078, 159.664519477)
(-20461.2123913, 247.94822633, 159.664520725)
(-20461.147736, 247.945515081, 159.664637359)
(-20461.075523, 247.945534801, 159.664636528)
(-20460.9667016, 247.958073399, 159.664096602)
(-20460.8811175, 247.958396245, 159.664082182)
(-20460.7824877, 247.943760192, 159.66471304)
(-20460.6648085, 247.948064428, 159.664527673)
(-20460.5959058, 247.949130849, 159.664481797)
(-20460.510996, 247.954632527, 159.664244727)
(-20460.4460868, 247.953751315, 159.664282687)
(-20460.3406963, 247.950177998, 159.66443662)
(-20460.2774746, 247.948065103, 159.664527587)
(-20460.1689029, 247.956620328, 159.664159153)
(-20460.109806, 247.956857786, 159.664148778)
(-20460.0317127, 247.952536871, 159.664334983)
(-20459.9755173, 247.949816121, 159.66445218)
(-20459.8719741, 247.952978291, 159.66431603)
(-20459.8173991, 247.951839139, 159.66436505)
(-20459.7467833, 247.951378515, 159.664384989)
(-20459.6924465, 247.948599676, 159.664504537)
(-20459.6293461, 247.947820844, 159.664538156)
(-20459.5728091, 247.94764706, 159.664545632)
(-20459.4995241, 247.951963025, 159.664359699)
(-20459.4418581, 247.951568332, 159.664376709)
(-20459.3682828, 247.948675648, 159.664501328)
(-20459.3100066, 247.945771136, 159.664626415)
(-20459.2427655, 247.945864115, 159.664622379)
(-20459.1608939, 247.95343793, 159.664296201)
(-20459.0961194, 247.953911516, 159.664275754)
(-20459.0155372, 247.949982143, 159.664445056)
(-20458.954389, 247.947467357, 159.664553373)
(-20458.8839315, 247.94911809, 159.664482324)
(-20458.8354673, 247.947588356, 159.664548345)
(-20458.7697892, 247.946181053, 159.664608679)
(-20458.7060892, 247.949359048, 159.664471922)
(-20458.6496345, 247.948827813, 159.664494845)
(-20458.5814569, 247.947994645, 159.664530653)
(-20458.5157821, 247.947710547, 159.664542896)
(-20458.4628858, 247.946951019, 159.664575599)
(-20458.3919678, 247.949560477, 159.664463241)
(-20458.3329245, 247.947820199, 159.664538074)
(-20458.2622772, 247.946687126, 159.664587)
(-20458.2090771, 247.947123199, 159.664568166)
(-20458.1390271, 247.951869007, 159.664363749)
(-20458.074582, 247.951105312, 159.66439664)
(-20458.0101019, 247.948669743, 159.664501587)
(-20457.9551319, 247.945955572, 159.664618483)
(-20457.8903753, 247.945843449, 159.664623338)
(-20457.821989, 247.950925887, 159.664404364)
(-20457.7551209, 247.95016169, 159.664437317)
(-20457.674927, 247.948650784, 159.664502433)
(-20457.6063245, 247.946029308, 159.664615304)
(-20457.5225586, 247.947554654, 159.664549651)
(-20457.4582496, 247.94525002, 159.664648909)
(-20457.3996262, 247.945919899, 159.664620017)
(-20457.348, 247.945662303, 159.664631069)
(-20457.2874799, 247.948500847, 159.664508882)
(-20457.2351928, 247.94744633, 159.664554357)
(-20457.171971, 247.945349098, 159.664644562)
(-20457.1044175, 247.948443017, 159.664511396)
(-20457.044613, 247.947485501, 159.664552461)
(-20456.9801814, 247.947273111, 159.664561763)
(-20456.9169878, 247.947229619, 159.664563598)
(-20456.85873, 247.946715342, 159.66458571)
(-20456.8051863, 247.949237861, 159.664477147)
(-20456.7557726, 247.948115387, 159.664525502)
(-20456.702866, 247.946076512, 159.664613314)
(-20456.6434728, 247.947494253, 159.664552205)
(-20456.5814623, 247.945921526, 159.664619794)
(-20456.5274192, 247.945751976, 159.664627194)
(-20456.4578774, 247.95008141, 159.664440841)
(-20456.4011102, 247.94963748, 159.664459873)
(-20456.3411835, 247.94803301, 159.664529002)
(-20456.2820784, 247.944880084, 159.664664767)
(-20456.2301072, 247.944382414, 159.664686246)
(-20456.1617577, 247.948050386, 159.664528241)
(-20456.1024683, 247.947418868, 159.66455551)
(-20456.0388145, 247.946320311, 159.664602743)
(-20455.9867618, 247.945890354, 159.664621281)
(-20455.9212281, 247.948495235, 159.664509141)
(-20455.8703955, 247.947119723, 159.664568474)
(-20455.8154229, 247.945842273, 159.664623388)
(-20455.7511089, 247.948669006, 159.664501615)
(-20455.6915723, 247.947651219, 159.664545508)
(-20455.6325331, 247.947346299, 159.664558526)
(-20455.5816986, 247.946713499, 159.664585813)
(-20455.5264945, 247.948504725, 159.664508673)
(-20455.4720359, 247.947025137, 159.664572577)
(-20455.4141681, 247.945601356, 159.664633724)
(-20455.3420964, 247.948875998, 159.664492758)
(-20455.279694, 247.947659631, 159.664544933)
(-20455.2095277, 247.947748946, 159.664541259)
(-20455.144898, 247.944952611, 159.664661668)
(-20455.0896145, 247.944932919, 159.664662532)
(-20455.0291501, 247.949039525, 159.664485672)
(-20454.9785246, 247.94914312, 159.664481241)
(-20454.9243807, 247.947119286, 159.664568383)
(-20454.8714861, 247.946157625, 159.664609793)
(-20454.8096135, 247.948035339, 159.664528958)
(-20454.7602127, 247.946409293, 159.66459911)
(-20454.7044134, 247.944931941, 159.664662591)
(-20454.637616, 247.947458731, 159.664553792)
(-20454.5770985, 247.946040541, 159.66461466)
(-20454.5172272, 247.945709787, 159.664629058)
(-20454.4577444, 247.945321335, 159.664645825)
(-20454.3877215, 247.949066119, 159.664484554)
(-20454.3391452, 247.948474304, 159.664510057)
(-20454.2825152, 247.946889864, 159.664578282)
(-20454.2267006, 247.94567761, 159.664630423)
(-20454.1554069, 247.948664617, 159.664501778)
(-20454.0963063, 247.94753403, 159.664550559)
(-20454.0211228, 247.946584301, 159.664591443)
(-20453.9513632, 247.946942379, 159.664575974)
(-20453.8848422, 247.952280318, 159.664346084)
(-20453.8209605, 247.952366108, 159.664342279)
(-20453.7424392, 247.949756904, 159.664454733)
(-20453.6837503, 247.94695549, 159.664575405)
(-20453.6131831, 247.947344578, 159.664558647)
(-20453.5475989, 247.948101908, 159.664526015)
(-20453.4723243, 247.95459121, 159.664246518)
(-20453.4152692, 247.954929738, 159.664231828)
(-20453.3607224, 247.951205194, 159.66439233)
(-20453.3066283, 247.947400827, 159.664556247)
(-20453.2521579, 247.946235276, 159.664606435)
(-20453.1958882, 247.948688386, 159.66450074)
(-20453.1339216, 247.947545349, 159.664549944)
(-20453.072795, 247.94684305, 159.664580227)
(-20453.0182909, 247.946468803, 159.664596379)
(-20452.959009, 247.949060727, 159.66448477)
(-20452.9101806, 247.948218952, 159.66452107)
(-20452.859759, 247.94655235, 159.664592806)
(-20452.7912733, 247.948088473, 159.664526574)
(-20452.7313953, 247.946581924, 159.664591434)
(-20452.6587484, 247.946022306, 159.664615587)
(-20452.5964702, 247.946838932, 159.66458037)
(-20452.5203441, 247.953473634, 159.664294659)
(-20452.4585124, 247.953036631, 159.66431347)
(-20452.3907522, 247.948896872, 159.664491768)
(-20452.3320984, 247.946229538, 159.664606717)
(-20452.2710211, 247.946555298, 159.664592652)
(-20452.2161149, 247.946266484, 159.66460506)
(-20452.1580788, 247.949108912, 159.664482705)
(-20452.1012717, 247.947816773, 159.664538392)
(-20452.0479593, 247.946409192, 159.664598958)
(-20451.9795125, 247.949078583, 159.664484036)
(-20451.9196929, 247.947692883, 159.664543575)
(-20451.8532418, 247.947278881, 159.664561524)
(-20451.7888365, 247.947501061, 159.664551885)
(-20451.73346, 247.946984515, 159.664574161)
(-20451.6675324, 247.949707698, 159.664456877)
(-20451.608327, 247.948434091, 159.664511778)
(-20451.5066472, 247.946290738, 159.664604061)
(-20451.452906, 247.944832757, 159.664666816)
(-20451.3943473, 247.94564421, 159.664631906)
(-20451.3381814, 247.945614509, 159.664633165)
(-20451.2806124, 247.948526253, 159.664507698)
(-20451.1921754, 247.946208772, 159.664607579)
(-20451.1253173, 247.946475873, 159.664596115)
(-20451.0664711, 247.944501057, 159.66468108)
(-20451.0190462, 247.944380249, 159.664686275)
(-20450.9527638, 247.948391304, 159.664513605)
(-20450.8532609, 247.945179317, 159.664651967)
(-20450.790951, 247.946774484, 159.664583234)
(-20450.7410283, 247.945743289, 159.664627752)
(-20450.6762009, 247.945236973, 159.664649387)
(-20450.6130199, 247.945047342, 159.664657591)
(-20450.5278247, 247.950756632, 159.664411689)
(-20450.4650626, 247.950325293, 159.664430224)
(-20450.37371, 247.947536592, 159.664550404)
(-20450.3088037, 247.945938632, 159.664619206)
(-20450.2341779, 247.948321009, 159.664516614)
(-20450.1753003, 247.946614794, 159.664589984)
(-20450.1092545, 247.945898425, 159.664620988)
(-20450.0543502, 247.945981583, 159.664617365)
(-20449.9954825, 247.949209281, 159.664478384)
(-20449.9450959, 247.948467356, 159.66451035)
(-20449.8926002, 247.946550742, 159.664592884)
(-20449.8245117, 247.948132002, 159.664524766)
(-20449.7609372, 247.946267637, 159.664604926)
(-20449.6932917, 247.94677165, 159.664583308)
(-20449.6330271, 247.947110572, 159.66456868)
(-20449.5655468, 247.951920633, 159.66436156)
(-20449.5064556, 247.951563532, 159.66437686)
(-20449.4378487, 247.948546189, 159.664506919)
(-20449.3853657, 247.945681488, 159.664630266)
(-20449.3317178, 247.945386441, 159.664642964)
(-20449.2691461, 247.949204838, 159.664478562)
(-20449.2141612, 247.949082241, 159.664483852)
(-20449.1529856, 247.947059625, 159.664570899)
(-20449.095974, 247.946213299, 159.664607376)
(-20449.0259754, 247.949506524, 159.664465521)
(-20448.9646389, 247.948223191, 159.664520803)
(-20448.8985488, 247.947448932, 159.664554171)
(-20448.8456921, 247.947274057, 159.664561654)
(-20448.7793854, 247.95069549, 159.664414363)
(-20448.7253411, 247.949455948, 159.664467733)
(-20448.6666424, 247.947412082, 159.664555735)
(-20448.6154452, 247.946771695, 159.664583319)
(-20448.5536593, 247.949205438, 159.664478539)
(-20448.497422, 247.947770754, 159.664540399)
(-20448.4321596, 247.946526627, 159.664593859)
(-20448.3697996, 247.945914778, 159.664620227)
(-20448.2982203, 247.949973624, 159.664445471)
(-20448.2304232, 247.948354177, 159.664515153)
(-20448.1659713, 247.947867053, 159.664536203)
(-20448.1133476, 247.945591786, 159.664634092)
(-20448.054745, 247.944800934, 159.664668173)
(-20447.9967552, 247.947538361, 159.664550364)
(-20447.9471665, 247.946686434, 159.664587132)
(-20447.8892944, 247.945439513, 159.664640743)
(-20447.8266549, 247.948004954, 159.664530247)
(-20447.774787, 247.947044591, 159.664571738)
(-20447.7148455, 247.945948799, 159.664618709)
(-20447.6599206, 247.945588117, 159.664634229)
(-20447.5997645, 247.94812627, 159.664525026)
(-20447.5456273, 247.946738686, 159.664584872)
(-20447.499341, 247.945509276, 159.66463777)
(-20447.4284005, 247.94736449, 159.664557767)
(-20447.364344, 247.945842794, 159.664623201)
(-20447.2929563, 247.946611124, 159.664590216)
(-20447.2285397, 247.946926077, 159.664576694)
(-20447.1578248, 247.951968624, 159.664359521)
(-20447.0951807, 247.951668856, 159.664372303)
(-20447.0290736, 247.950064498, 159.664441513)
(-20446.9719849, 247.946874237, 159.664578871)
(-20446.9059847, 247.946044906, 159.664614638)
(-20446.8465926, 247.946302901, 159.664603513)
(-20446.7798828, 247.950406521, 159.664426781)
(-20446.7239461, 247.94982933, 159.664451586)
(-20446.6714588, 247.947552983, 159.664549666)
(-20446.6218902, 247.946591573, 159.664591091)
(-20446.5679194, 247.948159663, 159.66452357)
(-20446.5139863, 247.946429884, 159.664598214)
(-20446.4578137, 247.945464104, 159.664639633)
(-20446.3960106, 247.947642133, 159.664545861)
(-20446.3424669, 247.94662384, 159.664589867)
(-20446.2850266, 247.945718874, 159.664628679)
(-20446.2208233, 247.948450801, 159.664511036)
(-20446.163337, 247.947543744, 159.664550165)
(-20446.1046353, 247.946429924, 159.664597979)
(-20446.0492901, 247.946047819, 159.664614466)
(-20445.9924915, 247.948704006, 159.664500115)
(-20445.9344699, 247.9474501, 159.664554192)
(-20445.8753646, 247.946116577, 159.664611496)
(-20445.8245493, 247.94542591, 159.664641235)
(-20445.7676743, 247.94747826, 159.664552932)
(-20445.7186297, 247.946204045, 159.664607923)
(-20445.6694472, 247.944824018, 159.664667265)
(-20445.6079965, 247.946113777, 159.664611672)
(-20445.5568303, 247.944834526, 159.664666929)
(-20445.5076798, 247.944218634, 159.664693385)
(-20445.4421504, 247.94652237, 159.664594015)
(-20445.380832, 247.945117484, 159.664654441)
(-20445.3193297, 247.944852069, 159.664665972)
(-20445.2444246, 247.949701645, 159.664457122)
(-20445.1791666, 247.9483401, 159.664515799)
(-20445.1056051, 247.94791579, 159.664534058)
(-20445.0488848, 247.945626408, 159.664632572)
(-20444.9861867, 247.94588494, 159.664621532)
(-20444.9374643, 247.945764002, 159.66462674)
(-20444.8810508, 247.947968442, 159.664531797)
(-20444.8285889, 247.947085508, 159.66456992)
(-20444.7806505, 247.945667755, 159.664630876)
(-20444.7171203, 247.946748069, 159.664584349)
(-20444.6556796, 247.945002696, 159.664659458)
(-20444.5991266, 247.944912282, 159.664663368)
(-20444.5370728, 247.949016644, 159.6644867)
(-20444.4873079, 247.948918511, 159.664490919)
(-20444.4282023, 247.946826224, 159.664580979)
(-20444.3744988, 247.945919028, 159.664620006)
(-20444.3126832, 247.948406983, 159.664512936)
(-20444.2639566, 247.947295785, 159.664560884)
(-20444.2114726, 247.945824728, 159.664624192)
(-20444.1582547, 247.947169101, 159.664566232)
(-20444.1090231, 247.946097522, 159.664612528)
(-20444.0548898, 247.944969069, 159.664661072)
(-20443.9959337, 247.947072279, 159.664570359)
(-20443.9423526, 247.946084498, 159.664613087)
(-20443.8869817, 247.945084256, 159.664656047)
(-20443.8259766, 247.947732789, 159.664541914)
(-20443.7706355, 247.946939643, 159.664576266)
(-20443.7156597, 247.945859797, 159.664622626)
(-20443.6677322, 247.945339226, 159.664645059)
(-20443.6129109, 247.946985423, 159.664574165)
(-20443.5627181, 247.94545316, 159.664640298)
(-20443.5106402, 247.943875598, 159.664708164)
(-20443.4533242, 247.945150104, 159.66465319)
(-20443.3971793, 247.945830671, 159.664623837)
(-20443.3429989, 247.945158773, 159.664652779)
