(-20543.5982604, 166.311465759, 161.077734877)
(-20543.5323287, 166.304779557, 161.077941325)
(-20543.452317, 166.300476807, 161.078128423)
(-20543.3924205, 166.299646035, 161.078164242)
(-20543.3293992, 166.303861955, 161.07798302)
(-20543.2608391, 166.302399258, 161.078045904)
(-20543.169919, 166.297600104, 161.078252581)
(-20543.099317, 166.294663947, 161.078379054)
(-20543.0281117, 166.297063001, 161.078275806)
(-20542.9707867, 166.29507759, 161.078361084)
(-20542.894856, 166.294307034, 161.078394411)
(-20542.8230864, 166.294700968, 161.078377472)
(-20542.7652493, 166.294231645, 161.078397669)
(-20542.694393, 166.297826067, 161.078242865)
(-20542.6298836, 166.296083203, 161.078317901)
(-20542.548056, 166.294599352, 161.078381893)
(-20542.4852237, 166.292014991, 161.078493144)
(-20542.3857134, 166.293302776, 161.078437702)
(-20542.3194584, 166.29099538, 161.078537132)
(-20542.2336439, 166.293226038, 161.078441025)
(-20542.1629704, 166.290806499, 161.078545298)
(-20542.0837175, 166.291978125, 161.078494758)
(-20542.0269399, 166.299103407, 161.078187809)
(-20541.9633808, 166.316670167, 161.077431229)
(-20541.8825238, 166.342506611, 161.076318179)
(-20541.8191309, 166.372577736, 161.075023236)
(-20541.7451382, 166.421202754, 161.07292875)
(-20541.6924335, 166.458788344, 161.071309768)
(-20541.6341287, 166.502318932, 161.069434817)
(-20541.5843885, 166.537396531, 161.067923943)
(-20541.5233803, 166.582302949, 161.065989773)
(-20541.4684319, 166.623289387, 161.064224326)
(-20541.4045517, 166.673117203, 161.06207816)
(-20541.3499007, 166.717288132, 161.060175501)
(-20541.2933387, 166.766765387, 161.05804456)
(-20541.2404473, 166.811302336, 161.056126178)
(-20541.1773534, 166.862732761, 161.053910967)
(-20541.1201847, 166.907689368, 161.051974498)
(-20541.056014, 166.95898999, 161.049764832)
(-20541.0047372, 166.998674872, 161.048055552)
(-20540.9601677, 167.03419933, 161.046525442)
(-20540.9004326, 167.083289138, 161.044411018)
(-20540.8315779, 167.1450127, 161.04175229)
(-20540.7662738, 167.214029457, 161.038779707)
(-20540.718726, 167.265500839, 161.036562711)
(-20540.6572275, 167.325038201, 161.033998314)
(-20540.5964708, 167.380207917, 161.031621985)
(-20540.5438971, 167.427396324, 161.029589454)
(-20540.4979226, 167.468889716, 161.027802234)
(-20540.4157996, 167.545486182, 161.024503026)
(-20540.3731917, 167.586259498, 161.022746817)
(-20540.3159627, 167.642221876, 161.020336387)
(-20540.2689384, 167.687568852, 161.018383196)
(-20540.2154129, 167.738579002, 161.016186045)
(-20540.1665261, 167.785425229, 161.01416825)
(-20540.1179425, 167.831991657, 161.012162522)
(-20540.0619187, 167.887369725, 161.00977731)
(-20540.0164854, 167.932000817, 161.007854877)
(-20539.9632831, 167.985031543, 161.005570639)
(-20539.9215018, 168.025681792, 161.003819816)
(-20539.8590674, 168.086440087, 161.001202781)
(-20539.8149091, 168.128790622, 160.999378638)
(-20539.7683553, 168.174385261, 160.997414776)
(-20539.7258667, 168.216475712, 160.99560183)
(-20539.6685965, 168.274778542, 160.993090543)
(-20539.6272473, 168.316465887, 160.991295009)
(-20539.5780826, 168.365980072, 160.989162329)
(-20539.5407266, 168.402897355, 160.987572164)
(-20539.4939037, 168.448437535, 160.985610663)
(-20539.4447216, 168.496202938, 160.983553284)
(-20539.3857017, 168.555606801, 160.980994659)
(-20539.3348293, 168.606495778, 160.978802676)
(-20539.2802256, 168.662109693, 160.976407264)
(-20539.2336598, 168.708518092, 160.974408337)
(-20539.1940427, 168.74774117, 160.972718962)
(-20539.1486773, 168.79182698, 160.970820012)
(-20539.0957881, 168.84287225, 160.968621359)
(-20539.0270975, 168.912484097, 160.965623026)
(-20538.977951, 168.962212833, 160.96348108)
(-20538.9188927, 169.023280464, 160.960850796)
(-20538.8661766, 169.076458375, 160.958560206)
(-20538.8066806, 169.136071443, 160.955992557)
(-20538.7598196, 169.182166919, 160.954007101)
(-20538.7006066, 169.240874547, 160.951478376)
(-20538.6581952, 169.282064081, 160.949704258)
(-20538.6109643, 169.328762752, 160.947692897)
(-20538.5642369, 169.373834274, 160.945751505)
(-20538.495605, 169.441117455, 160.942853453)
(-20538.4477466, 169.487300883, 160.940864221)
(-20538.3865429, 169.548013383, 160.938249176)
(-20538.3300601, 169.605284606, 160.935782301)
(-20538.2813464, 169.653616418, 160.933700576)
(-20538.2272504, 169.707503864, 160.931379525)
(-20538.1809127, 169.753978871, 160.92937773)
(-20538.1319912, 169.804892383, 160.92718478)
(-20538.0807401, 169.857281673, 160.924928226)
(-20538.0209862, 169.917823667, 160.922320583)
(-20537.9728096, 169.965549929, 160.92026484)
(-20537.9119537, 170.026127488, 160.917655617)
(-20537.8541705, 170.082353014, 160.915233845)
(-20537.793646, 170.142621368, 160.912637936)
(-20537.7365248, 170.198922988, 160.910212863)
(-20537.6727788, 170.263514792, 160.907430773)
(-20537.622866, 170.313611856, 160.905272957)
(-20537.5602123, 170.377502967, 160.902521)
(-20537.5069829, 170.43067622, 160.900230685)
(-20537.4483109, 170.489913803, 160.897679092)
(-20537.4055882, 170.53194628, 160.895868738)
(-20537.3481763, 170.588951165, 160.893413434)
(-20537.3013208, 170.634471457, 160.891452709)
(-20537.245543, 170.689548278, 160.889080494)
(-20537.2022199, 170.73159041, 160.88726957)
(-20537.140342, 170.792790501, 160.884633551)
(-20537.0923134, 170.839439308, 160.882624271)
(-20537.0419331, 170.889461673, 160.880469679)
(-20537.0017143, 170.929741269, 160.878734758)
(-20536.9473817, 170.985783491, 160.876320936)
(-20536.9030845, 171.031001887, 160.874373275)
(-20536.8452818, 171.089426845, 160.87185684)
(-20536.8030937, 171.131388007, 160.87004941)
(-20536.7388394, 171.194472565, 160.867332229)
(-20536.6955588, 171.236541398, 160.865520261)
(-20536.6480787, 171.283560935, 160.863495048)
(-20536.6001476, 171.331337211, 160.861437234)
(-20536.5457462, 171.387292141, 160.859027158)
(-20536.5014778, 171.432548083, 160.857077878)
(-20536.442926, 171.491974591, 160.8545182)
(-20536.3998422, 171.534835739, 160.852672166)
(-20536.3462889, 171.587586764, 160.850400094)
(-20536.300346, 171.632267159, 160.848475598)
(-20536.2421022, 171.689591202, 160.846006574)
(-20536.1976769, 171.733813478, 160.844101834)
(-20536.1461911, 171.787392678, 160.84179414)
(-20536.0999488, 171.834795519, 160.83975237)
(-20536.0409441, 171.894925578, 160.837162335)
(-20535.9908189, 171.944788084, 160.835014743)
(-20535.9345066, 172.000581553, 160.832611662)
(-20535.8894937, 172.044444498, 160.83072234)
(-20535.8364317, 172.096973535, 160.828459871)
(-20535.7957453, 172.136377668, 160.826762623)
(-20535.7397977, 172.191323164, 160.824396033)
(-20535.6830372, 172.24771728, 160.821967019)
(-20535.6337427, 172.297056361, 160.819841896)
(-20535.5618248, 172.372320626, 160.816600132)
(-20535.4841378, 172.452651201, 160.813140126)
(-20535.4239201, 172.513451309, 160.81052144)
(-20535.366415, 172.569982346, 160.808086429)
(-20535.3032813, 172.631764809, 160.805425389)
(-20535.2407538, 172.691975387, 160.802831994)
(-20535.1589232, 172.775355891, 160.799240697)
(-20535.0942899, 172.841187877, 160.796405091)
(-20535.0418822, 172.892877597, 160.794178747)
(-20534.9901519, 172.943339337, 160.792005288)
(-20534.9529414, 172.979200301, 160.790460675)
(-20534.9008219, 173.029807011, 160.788280936)
(-20534.8395304, 173.092232889, 160.785592155)
(-20534.7905163, 173.142104721, 160.783444093)
(-20534.7287152, 173.206264526, 160.780680566)
(-20534.6815313, 173.253853002, 160.778630901)
(-20534.6279009, 173.307680051, 160.776312482)
(-20534.583668, 173.351146246, 160.77444027)
(-20534.5388405, 173.39508206, 160.772547795)
(-20534.4920789, 173.440106488, 160.770608575)
(-20534.4442666, 173.486808829, 160.768597027)
(-20534.3842188, 173.54816293, 160.765954449)
(-20534.3333995, 173.599743834, 160.763732678)
(-20534.2721484, 173.663258125, 160.7609971)
(-20534.2218171, 173.714157615, 160.75880468)
(-20534.1638632, 173.772421842, 160.756295147)
(-20534.1164448, 173.819115046, 160.754283965)
(-20534.0682435, 173.867174329, 160.752214024)
(-20534.0246818, 173.909577816, 160.750387567)
(-20533.9721654, 173.960953712, 160.748174711)
(-20533.923596, 174.007665775, 160.746162749)
(-20533.872676, 174.057642595, 160.744010148)
(-20533.8264711, 174.103588284, 160.742031175)
(-20533.7758566, 174.15574434, 160.739784767)
(-20533.7332016, 174.199112223, 160.737916806)
(-20533.6774465, 174.25547647, 160.735489087)
(-20533.6337558, 174.2989072, 160.733618417)
(-20533.5745722, 174.35712773, 160.731110757)
(-20533.5288937, 174.401485851, 160.72920017)
(-20533.4816131, 174.448127206, 160.727191246)
(-20533.4350163, 174.494320163, 160.725201614)
(-20533.3737599, 174.557422205, 160.722483754)
(-20533.3271567, 174.605050874, 160.720432286)
(-20533.2752267, 174.65823553, 160.718141387)
(-20533.2383678, 174.695059337, 160.716555407)
(-20533.1838185, 174.748663876, 160.714246555)
(-20533.1294821, 174.80131787, 160.711978637)
(-20533.0786471, 174.851382313, 160.709822285)
(-20533.0181068, 174.914518832, 160.70710294)
(-20532.9643209, 174.970154394, 160.704706518)
(-20532.9088829, 175.025821769, 160.702308837)
(-20532.8486853, 175.084893205, 160.699764533)
(-20532.7895537, 175.143130595, 160.697256118)
(-20532.727408, 175.208206995, 160.694453117)
(-20532.6661429, 175.271015334, 160.691747951)
(-20532.6165214, 175.319705642, 160.689650707)
(-20532.5678449, 175.366312459, 160.687643282)
(-20532.5245108, 175.408186482, 160.685839695)
(-20532.4805267, 175.450599391, 160.684012891)
(-20532.4185332, 175.512260303, 160.681357079)
(-20532.3683697, 175.562087201, 160.679210913)
(-20532.3108602, 175.620623208, 160.676689692)
(-20532.2652651, 175.666265732, 160.674723729)
(-20532.211066, 175.720657233, 160.672381053)
(-20532.1674509, 175.763576952, 160.670532363)
(-20532.1243184, 175.806245382, 160.66869455)
(-20532.0772767, 175.852621574, 160.666697037)
(-20532.0243513, 175.906494698, 160.664376679)
(-20531.975384, 175.955866007, 160.662250146)
(-20531.9222608, 176.010116982, 160.659913317)
(-20531.8794541, 176.052662234, 160.65808092)
(-20531.8287386, 176.102959464, 160.655914512)
(-20531.7701675, 176.161151766, 160.653408064)
(-20531.7257432, 176.205458528, 160.651499684)
(-20531.6734361, 176.259424979, 160.649175261)
(-20531.6279828, 176.305849613, 160.647175685)
(-20531.5723134, 176.361809316, 160.644765379)
(-20531.5221172, 176.411577692, 160.64262177)
(-20531.4620823, 176.471225643, 160.640052563)
(-20531.4171274, 176.51512299, 160.638161879)
(-20531.3714608, 176.560469855, 160.63620868)
(-20531.3287319, 176.601943192, 160.634422337)
(-20531.2732634, 176.656203213, 160.632085289)
(-20531.2118101, 176.719643816, 160.629352829)
(-20531.1629639, 176.769702234, 160.627196665)
(-20531.1089864, 176.825917988, 160.624775407)
(-20531.064181, 176.871228433, 160.622823749)
(-20531.0263891, 176.908839252, 160.621203774)
(-20530.9802849, 176.953964205, 160.619260145)
(-20530.9219471, 177.01013814, 160.616840638)
(-20530.8740317, 177.057290039, 160.614809708)
(-20530.8145791, 177.118653895, 160.612166659)
(-20530.7673921, 177.166817013, 160.610092212)
(-20530.7099336, 177.225552239, 160.607562245)
(-20530.6700914, 177.265244437, 160.605852712)
(-20530.6191486, 177.31537859, 160.603693291)
(-20530.5746676, 177.358568204, 160.601833098)
(-20530.5253566, 177.406733102, 160.599758535)
(-20530.4743202, 177.455651563, 160.597651539)
(-20530.4250515, 177.503784848, 160.595578348)
(-20530.3574811, 177.574458931, 160.592534301)
(-20530.3111467, 177.622909116, 160.590447459)
(-20530.2487947, 177.687810319, 160.587652041)
(-20530.1747972, 177.761843548, 160.58446329)
(-20530.1174729, 177.820804207, 160.581923633)
(-20530.0773702, 177.860843243, 160.580199155)
(-20530.0321789, 177.904558995, 160.578316274)
(-20529.9826887, 177.951507771, 160.576294068)
(-20529.8989911, 178.034054388, 160.572738644)
(-20529.8302369, 178.102537331, 160.569788958)
(-20529.7755982, 178.1560634, 160.56748348)
(-20529.7162093, 178.215086294, 160.564941302)
(-20529.6726965, 178.257516526, 160.563113688)
(-20529.6253023, 178.304622158, 160.561084778)
(-20529.5799734, 178.349763025, 160.559140477)
(-20529.5304016, 178.400605674, 160.556950623)
(-20529.488864, 178.442788952, 160.555133641)
(-20529.4318809, 178.50028002, 160.552657357)
(-20529.3843104, 178.547410206, 160.550627453)
(-20529.325579, 178.605455721, 160.548127337)
(-20529.2793631, 178.650437028, 160.546189884)
(-20529.2368769, 178.692525361, 160.54437706)
(-20529.1699027, 178.76220191, 160.541375887)
(-20529.126655, 178.806689396, 160.539459846)
(-20529.0701579, 178.865195896, 160.536939884)
(-20529.0225753, 178.912988056, 160.534881334)
(-20528.9720805, 178.962964481, 160.532728738)
(-20528.9286268, 179.005441394, 160.530899162)
(-20528.8743117, 179.058546346, 160.528611863)
(-20528.8299336, 179.101268004, 160.526771743)
(-20528.7733978, 179.156718855, 160.524383389)
(-20528.7259775, 179.203777337, 160.522356468)
(-20528.6638942, 179.268379528, 160.519573958)
(-20528.6213107, 179.312432762, 160.517676461)
(-20528.5663873, 179.368502553, 160.515261396)
(-20528.525448, 179.40944681, 160.513497901)
(-20528.4715082, 179.462496755, 160.511212947)
(-20528.428778, 179.503950538, 160.509427444)
(-20528.3748744, 179.556294917, 160.507172887)
(-20528.3334523, 179.597106739, 160.505415052)
(-20528.2828702, 179.64865905, 160.503194646)
(-20528.2362118, 179.695649526, 160.501170643)
(-20528.1795016, 179.753357394, 160.498684979)
(-20528.1319266, 179.800488399, 160.496655025)
(-20528.0722696, 179.859924409, 160.494095021)
(-20528.0358979, 179.895468548, 160.492564027)
(-20527.9826845, 179.947903321, 160.490305573)
(-20527.9323682, 179.997971959, 160.488149008)
(-20527.8683487, 180.064744802, 160.48527292)
(-20527.8276781, 180.106578517, 160.483471152)
(-20527.7740929, 180.161078541, 160.481123606)
(-20527.7309973, 180.203959845, 160.479276746)
(-20527.6798709, 180.253970872, 160.477122656)
(-20527.632283, 180.299923332, 160.475143395)
(-20527.5827823, 180.348417545, 160.473054673)
(-20527.5223481, 180.408144464, 160.470482123)
(-20527.4730221, 180.457387096, 160.468361153)
(-20527.4129142, 180.520411441, 160.465646639)
(-20527.3669096, 180.568070405, 160.463593859)
(-20527.3135408, 180.622735556, 160.461239314)
(-20527.2628795, 180.673294969, 160.459061606)
(-20527.2023407, 180.732537993, 160.456509905)
(-20527.1569317, 180.776569863, 160.454613351)
(-20527.1056549, 180.827359872, 160.452425725)
(-20527.0639193, 180.868065788, 160.45067242)
(-20527.0049244, 180.926387692, 160.44816042)
(-20526.9583884, 180.971613169, 160.446212485)
(-20526.9074052, 181.022124889, 160.444036826)
(-20526.8536629, 181.075775476, 160.44172599)
(-20526.7963437, 181.13574439, 160.439143095)
(-20526.7488522, 181.184830835, 160.437028817)
(-20526.6940848, 181.241029372, 160.434608167)
(-20526.6478634, 181.287228262, 160.432618336)
(-20526.5928098, 181.341422298, 160.430284098)
(-20526.5427191, 181.390140129, 160.428185724)
(-20526.4853052, 181.447043502, 160.425734811)
(-20526.4394431, 181.491814016, 160.42380643)
(-20526.3808898, 181.549950979, 160.421302417)
(-20526.334927, 181.594600678, 160.419379233)
(-20526.2789904, 181.650060944, 160.416990465)
(-20526.2304174, 181.698879031, 160.414887773)
(-20526.1744439, 181.757866748, 160.41234712)
(-20526.1345257, 181.799341261, 160.410560641)
(-20526.0823635, 181.852440191, 160.408273585)
(-20526.038938, 181.89557341, 160.406415784)
(-20525.9815, 181.951543013, 160.404005058)
(-20525.9389392, 181.992579419, 160.402237526)
(-20525.8868137, 182.043706664, 160.400035403)
(-20525.8393267, 182.090710495, 160.398010857)
(-20525.7816121, 182.150346736, 160.395442213)
(-20525.7387851, 182.194113808, 160.393557087)
(-20525.6899205, 182.243921597, 160.391411746)
(-20525.6430478, 182.290638337, 160.389399597)
(-20525.5798313, 182.352498322, 160.386735156)
(-20525.5302678, 182.400557316, 160.384665152)
(-20525.4737051, 182.456567681, 160.382252648)
(-20525.4313655, 182.497820457, 160.38047584)
(-20525.3802033, 182.548737847, 160.378282742)
(-20525.3317866, 182.597207729, 160.376195071)
(-20525.2685319, 182.663054354, 160.373358861)
(-20525.2212171, 182.711673739, 160.371264785)
(-20525.1698791, 182.764814199, 160.368975938)
(-20525.1252342, 182.809701935, 160.367042541)
(-20525.0739942, 182.860186204, 160.364868072)
(-20525.0340099, 182.899126774, 160.363190859)
(-20524.9482197, 182.982648608, 160.359593403)
(-20524.8952939, 183.034226567, 160.357371842)
(-20524.8184827, 183.111952786, 160.354024089)
(-20524.7529156, 183.178517421, 160.351156994)
(-20524.6901947, 183.244548804, 160.34831288)
(-20524.6418473, 183.294547782, 160.346159345)
(-20524.5698642, 183.365859655, 160.343087796)
(-20524.5096004, 183.424159997, 160.340576701)
(-20524.4498455, 183.481308143, 160.3381152)
(-20524.362891, 183.567018435, 160.334423502)
(-20524.2926358, 183.637430761, 160.331390704)
(-20524.2232159, 183.713066544, 160.328132873)
(-20524.1726789, 183.766134523, 160.325847232)
(-20524.1037846, 183.833471986, 160.322946855)
(-20524.0521145, 183.882334645, 160.320842194)
(-20523.995206, 183.937382065, 160.318471264)
(-20523.9519764, 183.978833612, 160.316685844)
(-20523.8984284, 184.031429119, 160.314420464)
(-20523.8537903, 184.076017686, 160.312499951)
(-20523.7917512, 184.141221314, 160.309691431)
(-20523.7416212, 184.192924628, 160.307464508)
(-20523.6848607, 184.251187362, 160.304955115)
(-20523.6456834, 184.290404055, 160.3032659)
(-20523.5852827, 184.349853351, 160.300705321)
(-20523.5366016, 184.397052699, 160.298672352)
(-20523.4728723, 184.459885175, 160.295966062)
(-20523.4230185, 184.508226817, 160.293883896)
(-20523.36491, 184.56626511, 160.291383984)
(-20523.3287289, 184.602004257, 160.289844691)
(-20523.2731471, 184.65733388, 160.287461566)
(-20523.2193961, 184.711520429, 160.285127657)
(-20523.1675041, 184.763553407, 160.282886494)
(-20523.1226176, 184.808049329, 160.280969975)
(-20523.0599548, 184.872518907, 160.278193143)
(-20523.0147259, 184.918535145, 160.276211162)
(-20522.9651365, 184.969374424, 160.274021443)
(-20522.9226272, 185.01168516, 160.272199015)
(-20522.8643883, 185.068606442, 160.269747294)
(-20522.8224885, 185.109134845, 160.268001629)
(-20522.7663256, 185.16439466, 160.265621512)
(-20522.7253294, 185.205060445, 160.263869962)
(-20522.6680596, 185.263991848, 160.261331637)
(-20522.6271524, 185.305565987, 160.259540993)
(-20522.5723117, 185.361087555, 160.257149597)
(-20522.5265313, 185.406529165, 160.255192323)
(-20522.4647999, 185.467434498, 160.252569006)
(-20522.4203382, 185.510660955, 160.250707175)
(-20522.3521441, 185.57839195, 160.247789807)
(-20522.30044, 185.628997538, 160.245610175)
(-20522.2424645, 185.687088435, 160.243108174)
(-20522.1898051, 185.739083997, 160.240868562)
(-20522.130794, 185.798492458, 160.238309711)
(-20522.0908069, 185.838017155, 160.236607327)
(-20522.0426446, 185.886168638, 160.234533345)
(-20521.9924175, 185.936350866, 160.232371908)
(-20521.9331205, 185.997948136, 160.229718804)
(-20521.8853159, 186.047308024, 160.227592811)
(-20521.8141685, 186.120386122, 160.224445109)
(-20521.7622972, 186.172571844, 160.222197437)
(-20521.705509, 186.230217203, 160.219714402)
(-20521.6625837, 186.272645407, 160.21788707)
(-20521.6151938, 186.319271139, 160.21587881)
(-20521.5721425, 186.360997279, 160.214081601)
(-20521.514756, 186.416841952, 160.21167627)
(-20521.4516828, 186.479167957, 160.208991813)
(-20521.3994723, 186.529845701, 160.206808971)
(-20521.3413079, 186.587749567, 160.204314954)
(-20521.2875328, 186.642436908, 160.201959472)
(-20521.2362981, 186.694533413, 160.199715571)
(-20521.1932424, 186.737915948, 160.197846993)
(-20521.1343667, 186.799146012, 160.195209763)
(-20521.0909358, 186.843501005, 160.193299271)
(-20521.0331846, 186.901495452, 160.190801334)
(-20520.9861139, 186.947962207, 160.188799918)
(-20520.9216236, 187.0118863, 160.186046608)
(-20520.8703835, 187.061782496, 160.183897461)
(-20520.8233549, 187.108670465, 160.181877895)
(-20520.7812233, 187.15017167, 160.180090345)
(-20520.7175138, 187.213145489, 160.177377975)
(-20520.6573288, 187.273690695, 160.174770245)
(-20520.6123067, 187.318145262, 160.172855435)
(-20520.5574832, 187.372483258, 160.170514995)
(-20520.5164317, 187.413687841, 160.168740254)
(-20520.4629809, 187.468840569, 160.166364747)
(-20520.4215729, 187.51115803, 160.16454199)
(-20520.3668088, 187.566271713, 160.162168199)
(-20520.3239456, 187.608775639, 160.160337427)
(-20520.2672492, 187.664255489, 160.157947824)
(-20520.2185742, 187.711447865, 160.15591514)
(-20520.1730769, 187.756363992, 160.153980533)
(-20520.1156835, 187.815672416, 160.151426014)
(-20520.0680723, 187.864591162, 160.149319031)
(-20520.0086358, 187.925966024, 160.146675484)
(-20519.9660526, 187.968806862, 160.144830212)
(-20519.9170597, 188.017402294, 160.14273713)
(-20519.86831, 188.065101809, 160.140682601)
(-20519.8078263, 188.12429595, 160.138133025)
(-20519.7596021, 188.170769796, 160.136131298)
(-20519.6959591, 188.233682719, 160.133421526)
(-20519.634687, 188.295474241, 160.130760111)
(-20519.5874187, 188.342349637, 160.128741019)
(-20519.5443054, 188.385622847, 160.126877171)
(-20519.5001721, 188.429654766, 160.124980637)
(-20519.4429583, 188.488591899, 160.122442171)
(-20519.3922412, 188.540249215, 160.120217102)
(-20519.3329578, 188.600640246, 160.117616029)
(-20519.2840557, 188.649380756, 160.115516656)
(-20519.2397506, 188.693808075, 160.113603103)
(-20519.1787956, 188.7532811, 160.111041454)
(-20519.1173686, 188.814376806, 160.108409915)
(-20519.051113, 188.879699317, 160.10559634)
(-20518.9940559, 188.937540216, 160.103105073)
(-20518.938597, 188.993211853, 160.100707151)
(-20518.8848727, 189.047965666, 160.098348883)
(-20518.8433013, 189.089426743, 160.096563003)
(-20518.7949952, 189.137466625, 160.094493843)
(-20518.7471265, 189.184296506, 160.0924768)
(-20518.6976214, 189.232849662, 160.090385511)
(-20518.6446188, 189.287255282, 160.088042226)
(-20518.5919835, 189.340548359, 160.085746731)
(-20518.5271801, 189.40751943, 160.082862247)
(-20518.4753443, 189.459824411, 160.080609288)
(-20518.41618, 189.519761592, 160.078027726)
(-20518.3617748, 189.573501559, 160.075713001)
(-20518.297735, 189.637807734, 160.072943124)
(-20518.2444638, 189.69036373, 160.070679509)
(-20518.1773431, 189.758006049, 160.067765936)
(-20518.1383486, 189.796777529, 160.066096077)
(-20518.0861067, 189.849573717, 160.063822107)
(-20518.0463444, 189.888741229, 160.062135058)
(-20517.9841233, 189.949738942, 160.059507755)
(-20517.943107, 189.989393462, 160.057799763)
(-20517.879397, 190.052262513, 160.055091866)
(-20517.8425921, 190.087948454, 160.05355479)
(-20517.7891302, 190.140705404, 160.051282456)
(-20517.7351123, 190.194596425, 160.048961293)
(-20517.6732156, 190.259345437, 160.046172494)
(-20517.6208412, 190.313481886, 160.043840628)
(-20517.5602655, 190.376109011, 160.041143199)
(-20517.5146746, 190.421769462, 160.039176519)
(-20517.4636056, 190.472330725, 160.036998761)
(-20517.4201165, 190.514777786, 160.035170494)
(-20517.3650919, 190.568903286, 160.032839219)
(-20517.3132744, 190.618809245, 160.030689635)
(-20517.2486074, 190.682453818, 160.027948357)
(-20517.192188, 190.737586831, 160.025573675)
(-20517.1280523, 190.802376709, 160.022783068)
(-20517.0804506, 190.850098268, 160.020727595)
(-20517.0232743, 190.908450321, 160.018214211)
(-20516.9799245, 190.951621237, 160.016354807)
(-20516.9231488, 191.0081175, 160.013921446)
(-20516.8809009, 191.049485641, 160.012139583)
(-20516.82567, 191.10398779, 160.009792114)
(-20516.7710224, 191.160784965, 160.007345793)
(-20516.7219962, 191.211205954, 160.005174044)
(-20516.6798017, 191.254850291, 160.003294112)
(-20516.6388261, 191.29579485, 160.001530608)
(-20516.5867965, 191.346666728, 159.999339452)
(-20516.5388979, 191.392890156, 159.99734852)
(-20516.4863754, 191.444239074, 159.995136827)
(-20516.4266388, 191.50590765, 159.992480594)
(-20516.3742715, 191.559382148, 159.990177391)
(-20516.3290338, 191.60627147, 159.988157846)
(-20516.2837535, 191.651711565, 159.986200624)
(-20516.228927, 191.705621054, 159.98387861)
(-20516.1778891, 191.755141824, 159.981745658)
(-20516.1247246, 191.807556389, 159.97948809)
(-20516.0789729, 191.851824314, 159.977581364)
(-20516.0270822, 191.903161071, 159.975370207)
(-20515.9723411, 191.958078276, 159.973004823)
(-20515.9300486, 192.000432918, 159.971180524)
(-20515.8756912, 192.056422764, 159.968768947)
(-20515.8327282, 192.100078443, 159.966888631)
(-20515.7760565, 192.157286519, 159.964424608)
(-20515.7331794, 192.199779006, 159.962594306)
(-20515.6704159, 192.261417593, 159.959939439)
(-20515.6283553, 192.302354963, 159.958176191)
(-20515.5729248, 192.357247312, 159.955811871)
(-20515.531804, 192.398363777, 159.954040897)
(-20515.474409, 192.457769836, 159.951482218)
(-20515.4275305, 192.505712121, 159.949417235)
(-20515.361799, 192.572528403, 159.946539345)
(-20515.3164144, 192.617774803, 159.944590436)
(-20515.2569069, 192.677363839, 159.94202374)
(-20515.2158813, 192.717593776, 159.940291056)
(-20515.147236, 192.784983834, 159.93738844)
(-20515.100087, 192.830752303, 159.935417093)
(-20515.0431626, 192.887579862, 159.932969468)
(-20515.0031299, 192.927067188, 159.931268625)
(-20514.9543856, 192.975798533, 159.929169686)
(-20514.907457, 193.022847102, 159.92714324)
(-20514.8484894, 193.084212874, 159.924500117)
(-20514.8008234, 193.133115109, 159.922393806)
(-20514.7395614, 193.19564226, 159.919700683)
(-20514.6900533, 193.244973025, 159.917575863)
(-20514.6279694, 193.306666334, 159.914918618)
(-20514.5797777, 193.353768356, 159.912889821)
(-20514.5121034, 193.421398111, 159.909976903)
(-20514.4528461, 193.479665365, 159.907467196)
(-20514.3948917, 193.538366698, 159.904938864)
(-20514.3368396, 193.596691526, 159.902426682)
(-20514.2798279, 193.655154291, 159.899908588)
(-20514.2328633, 193.702360318, 159.897875334)
(-20514.1907239, 193.744328183, 159.896067737)
(-20514.1490754, 193.785117616, 159.894310799)
(-20514.0859511, 193.846387399, 159.891671815)
(-20514.0362206, 193.894253261, 159.889610156)
(-20513.9784129, 193.951335691, 159.887151495)
(-20513.9350621, 193.994888444, 159.885275574)
(-20513.8945113, 194.035496989, 159.883526499)
(-20513.8396873, 194.092017542, 159.88109207)
(-20513.7924398, 194.140124709, 159.879020004)
(-20513.7330024, 194.200378906, 159.876424729)
(-20513.6881511, 194.244990963, 159.874503202)
(-20513.6294984, 194.303128938, 159.87199908)
(-20513.5877672, 194.343833675, 159.870245856)
(-20513.5316535, 194.399199983, 159.867861131)
(-20513.473558, 194.457185964, 159.865363561)
(-20513.4225296, 194.508311191, 159.863161509)
(-20513.3626545, 194.571541425, 159.860438079)
(-20513.301924, 194.634335, 159.857733469)
(-20513.2410557, 194.6982205, 159.854981821)
(-20513.1799605, 194.758791904, 159.852372795)
(-20513.1062338, 194.828853341, 159.849355141)
(-20513.0528956, 194.879371968, 159.847179204)
(-20512.9870805, 194.944124447, 159.844390212)
(-20512.948943, 194.984162735, 159.842665713)
(-20512.8907737, 195.051792115, 159.839752783)
(-20512.8409785, 195.120956522, 159.837943712)
(-20512.7897285, 195.202194642, 159.836003781)
(-20512.7428342, 195.282069223, 159.834233206)
(-20512.6974116, 195.368530923, 159.832235978)
(-20512.6493564, 195.451861767, 159.830490405)
(-20512.6140898, 195.510373079, 159.829269316)
(-20512.5691253, 195.589262311, 159.828532964)
(-20512.5321535, 195.653762936, 159.828532866)
(-20512.4868159, 195.732996866, 159.828532833)
(-20512.4454587, 195.802813435, 159.828532832)
(-20512.397793, 195.883138689, 159.828532864)
(-20512.3619951, 195.943534026, 159.828532854)
(-20512.3282494, 196.000337805, 159.828532849)
(-20512.2975868, 196.051772121, 159.828532855)
(-20512.2567001, 196.120186347, 159.828532859)
(-20512.220518, 196.180826484, 159.828532851)
(-20512.1751616, 196.256668575, 159.82853285)
(-20512.1423113, 196.311602697, 159.828532852)
(-20512.1034647, 196.376419658, 159.828532848)
(-20512.0752598, 196.423552249, 159.828532852)
(-20512.0296143, 196.499708327, 159.828532852)
(-20511.9920556, 196.562419043, 159.828532851)
(-20511.9431925, 196.643864707, 159.828532853)
(-20511.9070901, 196.704076495, 159.828532852)
(-20511.8641387, 196.775587108, 159.82853285)
(-20511.8239119, 196.831120072, 159.828533091)
(-20511.775674, 196.886061555, 159.828533236)
(-20511.7358994, 196.92968024, 159.828532771)
(-20511.6875087, 196.983181457, 159.828532871)
(-20511.6390595, 197.036853354, 159.828532869)
(-20511.5837303, 197.098201932, 159.82853285)
(-20511.5419303, 197.145040209, 159.828532851)
(-20511.4917205, 197.201540658, 159.828532858)
(-20511.4505367, 197.247277851, 159.828532853)
(-20511.4076117, 197.294782976, 159.828532851)
(-20511.3581937, 197.348782356, 159.82853285)
(-20511.3034198, 197.408425099, 159.828532852)
(-20511.2477203, 197.469979282, 159.82853284)
(-20511.2004118, 197.522887198, 159.828532853)
(-20511.1427035, 197.587625021, 159.828532853)
(-20511.090802, 197.644848159, 159.828532845)
(-20511.0363818, 197.704310228, 159.828532854)
(-20510.9799107, 197.76575039, 159.82853285)
(-20510.9158132, 197.836396368, 159.828532856)
(-20510.8770909, 197.877851323, 159.828532835)
(-20510.8307451, 197.926332766, 159.828532859)
(-20510.7850323, 197.973068476, 159.828532834)
(-20510.7139781, 198.044750314, 159.828532847)
(-20510.6596345, 198.099645154, 159.828532855)
(-20510.5925306, 198.167471653, 159.828532852)
(-20510.5379287, 198.222677547, 159.828532853)
(-20510.4777968, 198.283453776, 159.828532854)
(-20510.4019781, 198.360084443, 159.828532853)
(-20510.3560848, 198.40647744, 159.828532853)
(-20510.3017653, 198.461378755, 159.828532853)
(-20510.2605204, 198.503074185, 159.828532852)
(-20510.2062048, 198.557984377, 159.828532852)
(-20510.1545064, 198.610253772, 159.828532851)
(-20510.0909025, 198.674566187, 159.828532852)
(-20510.0424082, 198.724608188, 159.828532857)
(-20509.9799329, 198.790345529, 159.828532838)
(-20509.9367473, 198.833025566, 159.828532829)
(-20509.8815729, 198.883352969, 159.828532854)
(-20509.8252314, 198.926138857, 159.828532835)
(-20509.7472327, 198.970379121, 159.828532854)
(-20509.6952117, 199.000074109, 159.828532684)
(-20509.6178208, 199.048682565, 159.828532874)
(-20509.5572976, 199.085920426, 159.828532846)
(-20509.4870543, 199.128679553, 159.828532859)
(-20509.4428929, 199.155480715, 159.828532857)
(-20509.3718418, 199.198509484, 159.828532854)
(-20509.3153366, 199.232813711, 159.828532853)
(-20509.2414875, 199.277579, 159.828532849)
(-20509.1817806, 199.313770329, 159.828532852)
(-20509.1103589, 199.356965709, 159.828532845)
(-20509.0630137, 199.385643185, 159.828532846)
(-20508.9901965, 199.429689614, 159.828532851)
(-20508.9379019, 199.461344717, 159.828532854)
(-20508.8636801, 199.50624374, 159.828532855)
(-20508.8149165, 199.535752934, 159.828532854)
(-20508.7435243, 199.578936229, 159.828532852)
(-20508.6852164, 199.614213223, 159.828532849)
(-20508.6063936, 199.661877667, 159.828532855)
(-20508.5470197, 199.697788196, 159.828532853)
(-20508.4830317, 199.736461493, 159.828532854)
(-20508.4250666, 199.771507892, 159.828532854)
(-20508.3660255, 199.807184289, 159.828532851)
(-20508.2977351, 199.848362986, 159.828532849)
(-20508.2521258, 199.875904037, 159.828532853)
(-20508.1874288, 199.914981697, 159.828532847)
(-20508.131589, 199.955387003, 159.828532918)
(-20508.071938, 200.006714114, 159.828532956)
(-20508.0203322, 200.052635696, 159.828532937)
(-20507.9562342, 200.109889767, 159.828532817)
(-20507.9054483, 200.15586415, 159.828532847)
(-20507.8369289, 200.217943526, 159.828532857)
(-20507.782541, 200.267356966, 159.828532855)
(-20507.7190346, 200.325161931, 159.828532847)
(-20507.6796401, 200.36101731, 159.828532851)
(-20507.6210476, 200.414427087, 159.828532855)
(-20507.5505193, 200.478670943, 159.828532856)
(-20507.5011654, 200.523287539, 159.828532854)
(-20507.4434422, 200.57528483, 159.828532852)
(-20507.39383, 200.619625839, 159.828532849)
(-20507.3323978, 200.674300601, 159.828532837)
(-20507.2597785, 200.73931794, 159.82853285)
(-20507.185968, 200.805470266, 159.828532877)
(-20507.1116575, 200.874043813, 159.828532856)
(-20507.0502584, 200.932207683, 159.828532861)
(-20506.9841024, 200.996126039, 159.828532855)
(-20506.94031, 201.039246964, 159.82853286)
(-20506.8992105, 201.079899367, 159.828532855)
(-20506.8203286, 201.158089621, 159.828532851)
(-20506.7703746, 201.207432483, 159.828532853)
(-20506.6862916, 201.290403924, 159.828532854)
(-20506.6218735, 201.353908623, 159.828532853)
(-20506.5617728, 201.412980036, 159.828532855)
(-20506.5199855, 201.454132177, 159.828532853)
(-20506.4555369, 201.51759875, 159.828532853)
(-20506.4096194, 201.562800265, 159.828532856)
(-20506.3489409, 201.622452103, 159.828532853)
(-20506.2903134, 201.680062948, 159.828532853)
(-20506.2310363, 201.73820089, 159.828532849)
(-20506.1822902, 201.785325908, 159.82853285)
(-20506.1250213, 201.840275187, 159.828532856)
(-20506.0792894, 201.884480518, 159.828532849)
(-20506.0246887, 201.937333397, 159.828532836)
(-20505.9685393, 201.992607291, 159.828532848)
(-20505.9059807, 202.054901369, 159.828532838)
(-20505.850024, 202.1104867, 159.828532844)
(-20505.7870775, 202.173101222, 159.828532862)
(-20505.7440025, 202.215888176, 159.82853286)
(-20505.6915895, 202.268021795, 159.82853285)
(-20505.6429595, 202.31635182, 159.828532855)
(-20505.5806013, 202.378400407, 159.82853285)
(-20505.5375482, 202.421210575, 159.828532851)
(-20505.4795696, 202.478882134, 159.82853285)
(-20505.4303693, 202.527811247, 159.828532851)
(-20505.3679939, 202.58984833, 159.828532851)
(-20505.3252365, 202.632370141, 159.828532851)
(-20505.2810157, 202.676348393, 159.828532851)
(-20505.2303509, 202.726733556, 159.828532851)
(-20505.163581, 202.793138199, 159.828532851)
(-20505.1082336, 202.848184856, 159.828532853)
(-20505.0438481, 202.912295083, 159.828532853)
(-20504.9821245, 202.973808252, 159.82853285)
(-20504.9163198, 203.039418622, 159.828532849)
(-20504.8662993, 203.089277923, 159.82853286)
(-20504.8180665, 203.137415514, 159.828532841)
(-20504.7759528, 203.179414481, 159.828532855)
(-20504.7244816, 203.230745328, 159.828532854)
(-20504.6628223, 203.292324051, 159.828532854)
(-20504.6043502, 203.350673073, 159.828532852)
(-20504.5403234, 203.41456481, 159.828532851)
(-20504.484481, 203.470286557, 159.828532852)
(-20504.4175297, 203.537094607, 159.828532852)
(-20504.3470674, 203.607401424, 159.828532852)
(-20504.2938546, 203.660495415, 159.828532852)
(-20504.2280692, 203.726133151, 159.828532852)
(-20504.1850893, 203.769016431, 159.828532853)
(-20504.1307063, 203.823276636, 159.828532853)
(-20504.0848034, 203.86907758, 159.828532852)
(-20504.0321762, 203.921588878, 159.828532852)
(-20503.9748713, 203.978768137, 159.828532852)
(-20503.9248765, 204.028654629, 159.828532852)
(-20503.8611418, 204.092253828, 159.828532852)
(-20503.8164108, 204.136890617, 159.828532851)
(-20503.76262, 204.190574393, 159.828532851)
(-20503.7132131, 204.239881147, 159.828532851)
(-20503.6436575, 204.309339153, 159.828532857)
(-20503.5939666, 204.358945748, 159.828532851)
(-20503.5349369, 204.417902948, 159.828532851)
(-20503.4872963, 204.465471666, 159.828532851)
(-20503.4282707, 204.524431899, 159.828532857)
(-20503.3806346, 204.572004805, 159.828532851)
(-20503.3186844, 204.633884187, 159.828532851)
(-20503.27105, 204.681459245, 159.828532851)
(-20503.2134947, 204.738970845, 159.828532854)
(-20503.1611905, 204.791221058, 159.828532851)
(-20503.1007186, 204.851656488, 159.828532859)
(-20503.0478339, 204.904495408, 159.828532852)
(-20502.9815114, 204.970764106, 159.828532851)
(-20502.9347626, 205.01747207, 159.828532852)
(-20502.8807107, 205.071478606, 159.828532852)
(-20502.8295791, 205.1225654, 159.828532852)
(-20502.7813702, 205.170733626, 159.828532851)
(-20502.7264411, 205.225616144, 159.828532852)
(-20502.6764792, 205.275535526, 159.828532851)
(-20502.6069524, 205.345023652, 159.82853286)
(-20502.5540716, 205.397866435, 159.828532852)
(-20502.4906828, 205.46122644, 159.828532851)
(-20502.4459851, 205.505896702, 159.828532852)
(-20502.3884367, 205.563415702, 159.828532851)
(-20502.3434476, 205.608378779, 159.828532851)
(-20502.2780145, 205.673785841, 159.82853285)
(-20502.2254323, 205.726342448, 159.828532851)
(-20502.1576898, 205.794107698, 159.82853285)
(-20502.1033649, 205.848426349, 159.828532852)
(-20502.0432013, 205.908588192, 159.828532851)
(-20502.0014344, 205.950348809, 159.828532852)
(-20501.9573314, 205.994445158, 159.828532852)
(-20501.9076773, 206.044089014, 159.828532853)
(-20501.8457556, 206.10599709, 159.828532853)
(-20501.7890908, 206.162648493, 159.828532853)
(-20501.7233709, 206.228351816, 159.828532853)
(-20501.6725473, 206.27916229, 159.828532853)
(-20501.6138365, 206.337856366, 159.828532853)
(-20501.5738204, 206.377862094, 159.828532853)
(-20501.5232885, 206.428380094, 159.828532853)
(-20501.4759703, 206.475686359, 159.828532853)
(-20501.413463, 206.538177359, 159.828532853)
(-20501.3421936, 206.609429019, 159.828532853)
(-20501.2931238, 206.658488307, 159.828532852)
(-20501.2303263, 206.721272965, 159.828532852)
(-20501.1835945, 206.767997186, 159.828532852)
(-20501.1318982, 206.819686971, 159.828532852)
(-20501.0828286, 206.868747198, 159.828532853)
(-20501.0296702, 206.92189552, 159.828532852)
(-20500.9703788, 206.981176868, 159.828532852)
(-20500.9204326, 207.031112569, 159.828532853)
(-20500.8552979, 207.096232882, 159.828532853)
(-20500.812069, 207.139451392, 159.828532853)
(-20500.7516065, 207.199898312, 159.828532853)
(-20500.6978622, 207.253628987, 159.828532853)
(-20500.6388595, 207.312615371, 159.828532853)
(-20500.5859915, 207.365469793, 159.828532853)
(-20500.5044978, 207.446940879, 159.828532853)
(-20500.446373, 207.505052215, 159.828532853)
(-20500.3862035, 207.565208013, 159.828532853)
(-20500.3336291, 207.617771939, 159.828532852)
(-20500.269956, 207.681433368, 159.828532852)
(-20500.2092051, 207.742175392, 159.828532852)
(-20500.1507921, 207.800582726, 159.828532852)
(-20500.1014324, 207.849936672, 159.828532852)
(-20500.0342583, 207.917106424, 159.828532851)
(-20499.9848983, 207.966460317, 159.828532852)
(-20499.9013676, 208.049982509, 159.828532852)
(-20499.8482099, 208.103132057, 159.828532852)
(-20499.7883354, 208.162998773, 159.828532852)
(-20499.7340091, 208.217315871, 159.828532852)
(-20499.6647874, 208.286526464, 159.828532852)
(-20499.6022826, 208.349019834, 159.828532852)
(-20499.5400705, 208.411221764, 159.828532852)
(-20499.4781505, 208.473131523, 159.828532852)
(-20499.4317106, 208.51956388, 159.828532852)
(-20499.3788456, 208.572421481, 159.828532852)
(-20499.3251045, 208.626155565, 159.828532852)
(-20499.2751611, 208.676093671, 159.828532852)
(-20499.2062377, 208.74501737, 159.828532851)
(-20499.1568835, 208.794375861, 159.828532855)
(-20499.0853951, 208.86598266, 159.828532851)
(-20499.0217505, 208.929674035, 159.828532853)
(-20498.9747452, 208.976709786, 159.828532853)
(-20498.9163522, 209.035137702, 159.828532854)
(-20498.8667175, 209.084800682, 159.828532855)
(-20498.7992602, 209.15227144, 159.828532854)
(-20498.7519569, 209.199589824, 159.828532852)
(-20498.6760048, 209.275508482, 159.828532854)
(-20498.6310272, 209.320482254, 159.828532853)
(-20498.5641331, 209.387348714, 159.828532854)
(-20498.5168163, 209.434656236, 159.828532853)
(-20498.4578141, 209.493638853, 159.828532854)
(-20498.4192595, 209.532185349, 159.828532853)
(-20498.3605506, 209.590881162, 159.828532853)
(-20498.3062239, 209.645197208, 159.828532853)
(-20498.244596, 209.706814947, 159.828532853)
(-20498.194068, 209.757336548, 159.828532853)
(-20498.1105359, 209.840857974, 159.828532853)
(-20498.054751, 209.896636657, 159.828532852)
(-20497.9913724, 209.960008481, 159.828532852)
(-20497.9455171, 210.005857573, 159.828532853)
(-20497.8964488, 210.05491859, 159.828532853)
(-20497.8441677, 210.107191855, 159.828532853)
(-20497.7796188, 210.171729844, 159.828532853)
(-20497.7285057, 210.222834773, 159.828532853)
(-20497.6730108, 210.278319691, 159.828532853)
(-20497.6329967, 210.31832742, 159.828532853)
(-20497.5792546, 210.372060392, 159.828532853)
(-20497.5164569, 210.434845029, 159.828532853)
(-20497.4691409, 210.482153469, 159.828532853)
(-20497.4028394, 210.548443458, 159.828532853)
(-20497.3578607, 210.593416366, 159.828532852)
(-20497.3052883, 210.645982481, 159.828532852)
(-20497.2579744, 210.693292806, 159.828532852)
(-20497.1954743, 210.755790468, 159.828532852)
(-20497.1423213, 210.808944058, 159.828532851)
(-20497.0766206, 210.874664921, 159.82853285)
(-20497.0237615, 210.927529174, 159.828532852)
(-20496.9700277, 210.981269722, 159.828532852)
(-20496.9171675, 211.034132751, 159.828532852)
(-20496.8599269, 211.091376473, 159.828532852)
(-20496.8167035, 211.134600614, 159.828532852)
(-20496.7515763, 211.199728389, 159.828532852)
(-20496.6960863, 211.255218095, 159.828532852)
(-20496.6259933, 211.325309867, 159.828532853)
(-20496.5745918, 211.376710495, 159.828532853)
(-20496.498073, 211.453226833, 159.828532853)
(-20496.433821, 211.517477536, 159.828532853)
(-20496.3681083, 211.583187759, 159.828532853)
(-20496.3275134, 211.623783054, 159.828532852)
(-20496.2743607, 211.676936984, 159.828532852)
(-20496.2171204, 211.734180558, 159.828532852)
(-20496.14966, 211.801647958, 159.828532852)
(-20496.0900839, 211.861229278, 159.828532852)
(-20496.0267105, 211.924606349, 159.828532852)
(-20495.953991, 211.99732862, 159.828532852)
(-20495.9055103, 212.045809208, 159.828532853)
(-20495.8470995, 212.104219043, 159.828532853)
(-20495.7974499, 212.153867134, 159.828532853)
(-20495.7425427, 212.208771541, 159.828532853)
(-20495.6896802, 212.261631628, 159.828532853)
(-20495.6190013, 212.332305597, 159.828532853)
(-20495.5678912, 212.383413327, 159.828532853)
(-20495.5050977, 212.44620241, 159.828532853)
(-20495.4472706, 212.504027492, 159.828532853)
(-20495.3888588, 212.56243615, 159.828532853)
(-20495.3298643, 212.621430244, 159.828532852)
(-20495.2708696, 212.680424377, 159.828532852)
(-20495.2261868, 212.725108986, 159.828532852)
(-20495.1686547, 212.782645159, 159.828532852)
(-20495.1157949, 212.835508242, 159.828532852)
(-20495.0585554, 212.8927528, 159.828532852)
(-20495.0024822, 212.9488277, 159.828532852)
(-20494.9385238, 213.012787967, 159.828532852)
(-20494.8900429, 213.061268374, 159.828532852)
(-20494.8199497, 213.13135996, 159.828532853)
(-20494.7676717, 213.183636475, 159.828532853)
(-20494.6987457, 213.252558998, 159.828532853)
(-20494.6458832, 213.305419023, 159.828532853)
(-20494.580461, 213.370836, 159.828532853)
(-20494.5363602, 213.41493465, 159.828532853)
(-20494.4773636, 213.473927139, 159.828532853)
(-20494.4312188, 213.520070297, 159.828532852)
(-20494.3707628, 213.580523609, 159.828532852)
(-20494.3170252, 213.634260711, 159.828532852)
(-20494.2548181, 213.696467638, 159.828532852)
(-20494.206923, 213.74436505, 159.828532852)
(-20494.1447188, 213.806574903, 159.828532852)
(-20494.1000368, 213.851260771, 159.828532852)
(-20494.0270284, 213.924277655, 159.828532852)
(-20493.9811772, 213.97013114, 159.828532852)
(-20493.9160516, 214.035260492, 159.828532852)
(-20493.8643586, 214.086954168, 159.828532852)
(-20493.7799558, 214.171357113, 159.828532852)
(-20493.7314748, 214.219837395, 159.828532852)
(-20493.6645939, 214.286716152, 159.828532853)
(-20493.5874909, 214.363816408, 159.828532853)
(-20493.5022079, 214.449091782, 159.828532853)
(-20493.4432131, 214.508085543, 159.828532852)
(-20493.3932715, 214.558025555, 159.828532852)
(-20493.3480038, 214.603293518, 159.828532852)
(-20493.2963111, 214.654987059, 159.828532852)
(-20493.2314774, 214.71982394, 159.828532852)
(-20493.1435737, 214.807735438, 159.828532852)
(-20493.0889623, 214.862351403, 159.828532852)
(-20493.004274, 214.947052341, 159.828532851)
(-20492.9490763, 215.002250964, 159.828532852)
(-20492.8626291, 215.088698218, 159.828532852)
(-20492.7849417, 215.16638265, 159.828532853)
(-20492.7256539, 215.225667772, 159.828532853)
(-20492.651762, 215.299553901, 159.828532853)
(-20492.5968546, 215.354457806, 159.828532853)
(-20492.533184, 215.41812212, 159.828532853)
(-20492.4820735, 215.469229401, 159.828532853)
(-20492.4283338, 215.522964399, 159.828532853)
(-20492.3813129, 215.569983862, 159.828532852)
(-20492.3126792, 215.638614521, 159.828532852)
(-20492.2621548, 215.689139597, 159.828532852)
(-20492.1964444, 215.754852386, 159.828532852)
(-20492.1505943, 215.800706215, 159.828532851)
(-20492.0772947, 215.874016063, 159.828532852)
(-20492.0241425, 215.927171215, 159.828532852)
(-20491.957557, 215.993761311, 159.828532852)
(-20491.9064479, 216.044870609, 159.828532852)
(-20491.8395678, 216.111750155, 159.828532852)
(-20491.7869977, 216.164318798, 159.828532852)
(-20491.7142751, 216.237037876, 159.828532853)
(-20491.6628728, 216.288437696, 159.828532853)
(-20491.5933619, 216.357943452, 159.828532853)
(-20491.5402072, 216.41109554, 159.828532852)
(-20491.4759536, 216.475344501, 159.828532853)
(-20491.4216311, 216.529664935, 159.828532852)
(-20491.367892, 216.58340101, 159.828532852)
(-20491.3226239, 216.62866849, 159.828532852)
(-20491.2574961, 216.693795733, 159.828532852)
(-20491.2131053, 216.738188343, 159.828532852)
(-20491.1418476, 216.809451765, 159.828532852)
(-20491.0822714, 216.869032527, 159.828532852)
(-20491.01598, 216.935332121, 159.828532851)
(-20490.9607832, 216.990531456, 159.828532852)
(-20490.8971178, 217.054200612, 159.828532852)
(-20490.8392915, 217.112027032, 159.828532852)
(-20490.7732876, 217.178030466, 159.828532852)
(-20490.7306476, 217.220669592, 159.828532852)
(-20490.6731124, 217.27820268, 159.828532852)
(-20490.6205421, 217.330770952, 159.828532853)
(-20490.548695, 217.40261349, 159.828532853)
(-20490.4972931, 217.454013514, 159.828532853)
(-20490.4254461, 217.525855853, 159.828532853)
(-20490.3708321, 217.580468841, 159.828532852)
(-20490.2954817, 217.655817216, 159.828532852)
(-20490.2420376, 217.709263522, 159.828532852)
(-20490.1745762, 217.776730106, 159.828532852)
(-20490.1196724, 217.831637556, 159.828532852)
(-20490.0700263, 217.881288631, 159.828532851)
(-20490.0192101, 217.932106875, 159.828532852)
(-20489.9491189, 218.002200445, 159.828532852)
(-20489.894505, 218.056814153, 159.828532852)
(-20489.8229516, 218.128366124, 159.828532852)
(-20489.7747621, 218.176553791, 159.828532853)
(-20489.7090484, 218.242263225, 159.828532853)
(-20489.667868, 218.283441277, 159.828532853)
(-20489.6106234, 218.340681201, 159.828532853)
(-20489.5636019, 218.387700114, 159.828532852)
(-20489.4943833, 218.456913892, 159.828532853)
(-20489.435972, 218.515322934, 159.828532852)
(-20489.3582839, 218.593006512, 159.828532852)
(-20489.3019177, 218.649371945, 159.828532852)
(-20489.21547, 218.735818714, 159.828532852)
(-20489.1634871, 218.787805557, 159.828532851)
(-20489.0898956, 218.861407498, 159.828532851)
(-20489.0346992, 218.916606996, 159.828532852)
(-20488.9689902, 218.982321353, 159.828532852)
(-20488.9161292, 219.035183405, 159.828532852)
(-20488.8556749, 219.095638497, 159.828532852)
(-20488.7987243, 219.152588148, 159.828532852)
(-20488.7333035, 219.218006495, 159.828532852)
(-20488.6883267, 219.262981531, 159.828532852)
(-20488.6272858, 219.324018447, 159.828532852)
(-20488.5744233, 219.376878521, 159.828532852)
(-20488.5072489, 219.44404783, 159.828532853)
(-20488.4502977, 219.50099645, 159.828532852)
(-20488.3877962, 219.563493166, 159.828532852)
(-20488.3431119, 219.60817643, 159.828532852)
(-20488.286161, 219.665125747, 159.828532852)
(-20488.2368052, 219.714482943, 159.828532852)
(-20488.1617503, 219.789542291, 159.828532851)
(-20488.1147333, 219.836565175, 159.828532851)
(-20488.0560436, 219.895279523, 159.828532854)
(-20487.9885849, 219.962749816, 159.828532852)
(-20487.9114884, 220.039856713, 159.828532852)
(-20487.8600895, 220.091260215, 159.828532852)
(-20487.7935042, 220.157850475, 159.828532852)
(-20487.7388923, 220.212465848, 159.828532852)
(-20487.6702613, 220.28109922, 159.828532853)
(-20487.6209054, 220.330456902, 159.828532853)
(-20487.5563618, 220.395000238, 159.828532853)
(-20487.5145992, 220.436764084, 159.828532852)
(-20487.445383, 220.505980376, 159.828532853)
(-20487.3986557, 220.552709329, 159.828532852)
(-20487.3291477, 220.622218078, 159.828532852)
(-20487.2765806, 220.674789253, 159.828532852)
(-20487.2082428, 220.743131427, 159.828532852)
(-20487.1691107, 220.782268747, 159.828532852)
(-20487.1098291, 220.841559992, 159.828532852)
(-20487.0514214, 220.899973271, 159.828532852)
(-20486.9778275, 220.973573273, 159.828532852)
(-20486.9191263, 221.032277186, 159.828532852)
(-20486.8355989, 221.115803712, 159.828532853)
(-20486.7836139, 221.167788921, 159.828532853)
(-20486.7278302, 221.223569104, 159.828532853)
(-20486.6784729, 221.272925118, 159.828532853)
(-20486.6042876, 221.34710277, 159.828532853)
(-20486.5528856, 221.398502687, 159.828532853)
(-20486.48162, 221.469757397, 159.828532847)
(-20486.4053919, 221.545980208, 159.828532853)
(-20486.3177729, 221.633579134, 159.828532853)
(-20486.2581937, 221.693156553, 159.828532852)
(-20486.1878078, 221.763539497, 159.828532852)
(-20486.1305675, 221.820782586, 159.828532851)
(-20486.0520102, 221.899349216, 159.828532851)
(-20485.9819172, 221.969441573, 159.828532852)
(-20485.8951775, 222.056180469, 159.828532852)
(-20485.8367656, 222.114589446, 159.828532852)
(-20485.7377559, 222.213590616, 159.828532853)
(-20485.6761307, 222.275211239, 159.828532852)
(-20485.6042817, 222.347051944, 159.828532853)
(-20485.5338944, 222.41743314, 159.828532852)
(-20485.4757743, 222.475549376, 159.828532852)
(-20485.412104, 222.539213849, 159.828532852)
(-20485.3609939, 222.590321468, 159.828532852)
(-20485.2944043, 222.656907369, 159.828532852)
(-20485.2476762, 222.703635419, 159.828532852)
(-20485.1837177, 222.767595346, 159.828532852)
(-20485.137282, 222.814032015, 159.828532852)
(-20485.0823776, 222.868938909, 159.828532852)
(-20485.0327285, 222.918587705, 159.828532852)
(-20484.9684767, 222.982838566, 159.828532852)
(-20484.9194108, 223.031902279, 159.828532852)
(-20484.849024, 223.102284505, 159.828532852)
(-20484.7979132, 223.153391671, 159.828532852)
(-20484.7365792, 223.214719358, 159.828532853)
(-20484.6880965, 223.263197782, 159.828532852)
(-20484.6320192, 223.319268606, 159.828532852)
(-20484.5788638, 223.372419658, 159.828532852)
(-20484.5149012, 223.436375593, 159.828532852)
(-20484.4623303, 223.488942926, 159.828532852)
(-20484.3884379, 223.5628289, 159.828532852)
(-20484.3355757, 223.615689068, 159.828532852)
(-20484.2698628, 223.681399367, 159.828532852)
(-20484.2190463, 223.732216386, 159.828532852)
(-20484.1615135, 223.789751582, 159.828532851)
(-20484.1106973, 223.840569462, 159.828532851)
(-20484.0470321, 223.9042388, 159.828532851)
(-20483.9947546, 223.956516215, 159.828532852)
(-20483.9351761, 224.016094703, 159.828532852)
(-20483.8852341, 224.06603462, 159.828532852)
(-20483.8174762, 224.133788595, 159.828532852)
(-20483.7695783, 224.181683554, 159.828532852)
(-20483.7024035, 224.248852748, 159.828532852)
(-20483.6483718, 224.302880186, 159.828532852)
(-20483.58032, 224.370924468, 159.828532853)
(-20483.528333, 224.422907358, 159.828532852)
(-20483.4611575, 224.490075769, 159.828532852)
(-20483.4103391, 224.540891143, 159.828532852)
(-20483.3530947, 224.598131078, 159.828532852)
(-20483.3043216, 224.646902825, 159.828532852)
(-20483.2400698, 224.711153723, 159.828532852)
(-20483.1924668, 224.758758843, 159.828532851)
(-20483.1293872, 224.821845113, 159.828532851)
(-20483.0709791, 224.88025807, 159.828532851)
(-20482.9927183, 224.95853671, 159.828532851)
(-20482.9351853, 225.016073148, 159.828532852)
(-20482.8665548, 225.084706828, 159.828532852)
(-20482.8186586, 225.132603646, 159.828532852)
(-20482.7690099, 225.182252538, 159.828532852)
(-20482.7146882, 225.23657408, 159.828532852)
(-20482.6504362, 225.300824878, 159.828532852)
(-20482.5888129, 225.362447255, 159.828532852)
(-20482.5318619, 225.419396356, 159.828532852)
(-20482.4787083, 225.472549374, 159.828532852)
(-20482.4170848, 225.53417178, 159.828532852)
(-20482.3688968, 225.582360508, 159.828532852)
(-20482.3075667, 225.643692058, 159.828532852)
(-20482.2503264, 225.7009357, 159.828532852)
(-20482.1814054, 225.769862821, 159.828532851)
(-20482.1314665, 225.819805621, 159.828532851)
(-20482.0654665, 225.885812987, 159.828532851)
(-20482.0146505, 225.936631434, 159.828532852)
(-20481.9600381, 225.991246241, 159.828532852)
(-20481.9109734, 226.040311192, 159.828532852)
(-20481.8405885, 226.110695059, 159.828532852)
(-20481.7760443, 226.175237795, 159.828532852)
(-20481.7091627, 226.242115954, 159.828532852)
(-20481.6583446, 226.292931853, 159.828532852)
(-20481.597011, 226.354259937, 159.828532852)
(-20481.5567072, 226.394561874, 159.828532852)
(-20481.4944979, 226.456766871, 159.828532852)
(-20481.4375471, 226.51371593, 159.828532852)
(-20481.3662846, 226.584974736, 159.828532852)
(-20481.3125473, 226.638711939, 159.828532852)
(-20481.2345696, 226.71668984, 159.828532852)
(-20481.176454, 226.774810075, 159.828532851)
(-20481.1078266, 226.843447033, 159.828532851)
(-20481.056719, 226.894557841, 159.828532852)
(-20480.9910099, 226.960271892, 159.828532851)
(-20480.932892, 227.018390856, 159.828532852)
(-20480.862508, 227.088775692, 159.828532852)
(-20480.8099383, 227.141344702, 159.828532852)
(-20480.7415967, 227.209683406, 159.828532852)
(-20480.6750076, 227.276269936, 159.828532852)
(-20480.6309072, 227.320369018, 159.828532852)
(-20480.5526354, 227.398636717, 159.828532852)
(-20480.4977288, 227.453541438, 159.828532852)
(-20480.4384405, 227.512826376, 159.828532852)
(-20480.391712, 227.559554019, 159.828532852)
(-20480.3295043, 227.621760222, 159.828532852)
(-20480.2804404, 227.67082531, 159.828532852)
(-20480.2112256, 227.740042786, 159.828532852)
(-20480.157491, 227.793782804, 159.828532851)
(-20480.1022975, 227.848984949, 159.828532851)
(-20480.0590753, 227.892210623, 159.828532852)
(-20479.9989152, 227.952375577, 159.828532851)
(-20479.9402136, 228.011078988, 159.828532852)
(-20479.8745029, 228.076791594, 159.828532852)
(-20479.8225178, 228.128776887, 159.828532852)
(-20479.7787098, 228.172584442, 159.828532852)
(-20479.731105, 228.220188586, 159.828532852)
(-20479.6694813, 228.281810701, 159.828532852)
(-20479.5973422, 228.353944994, 159.828532852)
(-20479.5497373, 228.401548552, 159.828532852)
(-20479.4808117, 228.470471604, 159.828532852)
(-20479.4174364, 228.53384649, 159.828532852)
(-20479.3622383, 228.589043764, 159.828532852)
(-20479.3058732, 228.645410349, 159.828532852)
(-20479.2343221, 228.716964316, 159.828532852)
(-20479.1797111, 228.771580216, 159.828532851)
(-20479.1008629, 228.85044006, 159.828532851)
(-20479.048003, 228.903303404, 159.828532852)
(-20478.9682762, 228.983036439, 159.828532851)
(-20478.8897139, 229.061598472, 159.828532852)
(-20478.793627, 229.157681547, 159.828532852)
(-20478.7171076, 229.234197325, 159.828532852)
(-20478.6554832, 229.295818739, 159.828532852)
(-20478.5807143, 229.370579895, 159.828532852)
(-20478.5351531, 229.416138643, 159.828532852)
(-20478.4621361, 229.489147955, 159.828532853)
(-20478.4186201, 229.532662878, 159.828532852)
(-20478.3473588, 229.60392256, 159.828532852)
(-20478.2974185, 229.653863696, 159.828532852)
(-20478.2328759, 229.718407834, 159.828532852)
(-20478.1779724, 229.773315364, 159.828532851)
(-20478.1081759, 229.84311978, 159.828532851)
(-20478.0591121, 229.892185758, 159.828532852)
(-20477.9992432, 229.952057773, 159.828532852)
(-20477.9533912, 229.997910354, 159.828532852)
(-20477.8835907, 230.067710464, 159.828532852)
(-20477.8263479, 230.124951964, 159.828532852)
(-20477.7653075, 230.185989368, 159.828532852)
(-20477.7177022, 230.233592813, 159.828532852)
(-20477.6543247, 230.296965757, 159.828532852)
(-20477.605259, 230.346028956, 159.828532852)
(-20477.5366239, 230.414658549, 159.828532852)
(-20477.4860978, 230.465182122, 159.828532852)
(-20477.4189234, 230.532351382, 159.828532852)
(-20477.36869, 230.582583394, 159.828532852)
(-20477.3126148, 230.638656183, 159.828532852)
(-20477.2658871, 230.685384452, 159.828532851)
(-20477.1931675, 230.758106461, 159.828532851)
(-20477.1429373, 230.80834174, 159.828532851)
(-20477.0725589, 230.878732018, 159.828532851)
(-20477.0159029, 230.935392597, 159.828532851)
(-20476.9539912, 230.997310547, 159.828532851)
(-20476.9069713, 231.044331828, 159.828532852)
(-20476.8438888, 231.107415576, 159.828532852)
(-20476.7965762, 231.154727915, 159.828532852)
(-20476.7238542, 231.227447751, 159.828532852)
(-20476.6704079, 231.280892308, 159.828532852)
(-20476.5982687, 231.353026518, 159.828532852)
(-20476.5281748, 231.423117271, 159.828532852)
(-20476.4697639, 231.481526995, 159.828532852)
(-20476.4131048, 231.538183802, 159.828532852)
(-20476.3637483, 231.587540408, 159.828532852)
(-20476.3015414, 231.649747577, 159.828532852)
(-20476.2437167, 231.707574867, 159.828532851)
(-20476.1777154, 231.773580952, 159.828532851)
(-20476.1251479, 231.826151978, 159.828532851)
(-20476.070829, 231.880476097, 159.828532851)
(-20476.0241014, 231.927205506, 159.828532852)
(-20475.9656919, 231.985616594, 159.828532852)
(-20475.9099098, 232.041398394, 159.828532852)
(-20475.8547113, 232.096595419, 159.828532852)
(-20475.8000969, 232.151208386, 159.828532852)
(-20475.746066, 232.205236737, 159.828532852)
(-20475.6911592, 232.26014123, 159.828532852)
(-20475.6295343, 232.321761981, 159.828532852)
(-20475.5793004, 232.371993693, 159.828532852)
(-20475.5191357, 232.432154539, 159.828532852)
(-20475.473283, 232.478005833, 159.828532852)
(-20475.4099065, 232.541379606, 159.828532852)
(-20475.3587975, 232.592488288, 159.828532852)
(-20475.3030154, 232.648270027, 159.828532852)
(-20475.2378889, 232.713398273, 159.828532851)
(-20475.1876579, 232.763632822, 159.828532851)
(-20475.1254544, 232.825843324, 159.828532851)
(-20475.0752226, 232.876077656, 159.828532852)
(-20474.9963708, 232.954933731, 159.828532852)
(-20474.9478904, 233.003414605, 159.828532852)
(-20474.8833471, 233.067958047, 159.828532852)
(-20474.8386628, 233.112641647, 159.828532852)
(-20474.7717816, 233.179520362, 159.828532852)
(-20474.7247605, 233.226539802, 159.828532852)
(-20474.6505773, 233.300718605, 159.828532852)
(-20474.6006354, 233.35065827, 159.828532852)
(-20474.5349211, 233.416367602, 159.828532852)
(-20474.4855634, 233.465723116, 159.828532852)
(-20474.4204337, 233.530848309, 159.828532852)
(-20474.3804223, 233.570858675, 159.828532852)
(-20474.3196745, 233.631604512, 159.828532852)
(-20474.2709025, 233.680377395, 159.828532851)
(-20474.2011035, 233.750178925, 159.828532851)
(-20474.1508732, 233.800414157, 159.828532851)
(-20474.0991843, 233.852111071, 159.828532851)
(-20474.0439883, 233.907311123, 159.828532851)
(-20473.9759432, 233.975361932, 159.828532851)
(-20473.9242506, 234.027056086, 159.828532852)
(-20473.8559115, 234.095397059, 159.828532852)
(-20473.8161923, 234.135116137, 159.828532852)
(-20473.7466835, 234.204623915, 159.828532852)
(-20473.7049197, 234.246386813, 159.828532852)
(-20473.6359942, 234.315309606, 159.828532852)
(-20473.5843002, 234.36700195, 159.828532852)
(-20473.5109932, 234.440305097, 159.828532852)
(-20473.4636804, 234.487616747, 159.828532852)
(-20473.3970914, 234.554203231, 159.828532852)
(-20473.3489031, 234.602391567, 159.828532852)
(-20473.2983784, 234.652916768, 159.828532852)
(-20473.2449344, 234.70636334, 159.828532851)
(-20473.1853582, 234.76594415, 159.828532851)
(-20473.1316225, 234.819683512, 159.828532851)
(-20473.0688345, 234.882477588, 159.828532851)
(-20473.0238591, 234.927454374, 159.828532852)
(-20472.9724589, 234.978856242, 159.828532852)
(-20472.9187212, 235.032593808, 159.828532852)
(-20472.8544692, 235.096844588, 159.828532852)
(-20472.7966421, 235.154669999, 159.828532852)
(-20472.7335571, 235.217751344, 159.828532852)
(-20472.692669, 235.25863742, 159.828532852)
(-20472.6365929, 235.314709344, 159.828532852)
(-20472.5787654, 235.37253419, 159.828532852)
(-20472.5092546, 235.442040107, 159.828532852)
(-20472.4558083, 235.495484386, 159.828532852)
(-20472.390679, 235.560610009, 159.828532852)
(-20472.3427824, 235.608506087, 159.828532852)
(-20472.2662647, 235.685023146, 159.828532851)
(-20472.209316, 235.741974594, 159.828532851)
(-20472.1415628, 235.809733125, 159.828532851)
(-20472.0746854, 235.876615193, 159.828532851)
(-20472.0040135, 235.947296033, 159.828532851)
(-20471.9555331, 235.99577768, 159.828532852)
(-20471.8901133, 236.061197012, 159.828532852)
(-20471.8360831, 236.115226068, 159.828532852)
(-20471.7429166, 236.208388492, 159.828532852)
(-20471.6912223, 236.260080293, 159.828532852)
(-20471.5942563, 236.35703711, 159.828532852)
(-20471.5232862, 236.428003724, 159.828532852)
(-20471.454359, 236.496924771, 159.828532852)
(-20471.3898143, 236.561466617, 159.828532852)
(-20471.3100805, 236.641193376, 159.828532852)
(-20471.250795, 236.700480155, 159.828532851)
(-20471.1920939, 236.759183796, 159.828532851)
(-20471.1465364, 236.804745841, 159.828532851)
(-20471.0881312, 236.863160682, 159.828532851)
(-20471.0346874, 236.916608509, 159.828532851)
(-20470.9675185, 236.983783371, 159.828532851)
(-20470.9149498, 237.036353717, 159.828532852)
(-20470.8542039, 237.097101281, 159.828532852)
(-20470.804555, 237.146750007, 159.828532852)
(-20470.7420555, 237.209248506, 159.828532852)
(-20470.6944505, 237.256852354, 159.828532852)
(-20470.631658, 237.319642221, 159.828532852)
(-20470.5825926, 237.368706092, 159.828532852)
(-20470.5224284, 237.428867205, 159.828532852)
(-20470.4707349, 237.480559621, 159.828532852)
(-20470.4056062, 237.545686098, 159.828532852)
(-20470.3568338, 237.594458589, 159.828532852)
(-20470.2984238, 237.652869155, 159.828532852)
(-20470.2543251, 237.696969914, 159.828532851)
(-20470.189784, 237.761515615, 159.828532851)
(-20470.1389687, 237.812334228, 159.828532851)
(-20470.0802691, 237.871039069, 159.828532851)
(-20470.0341256, 237.917184307, 159.828532852)
(-20469.9821412, 237.969170245, 159.828532852)
(-20469.9351208, 238.01619069, 159.828532852)
(-20469.8810908, 238.070219875, 159.828532852)
(-20469.809829, 238.141479363, 159.828532852)
(-20469.7604712, 238.190834983, 159.828532852)
(-20469.6930045, 238.258296056, 159.828532852)
(-20469.6453986, 238.305899002, 159.828532852)
(-20469.5884452, 238.362846144, 159.828532852)
(-20469.5399634, 238.411325193, 159.828532852)
(-20469.4821346, 238.469148658, 159.828532852)
(-20469.4362817, 238.514999606, 159.828532852)
(-20469.3758251, 238.575452628, 159.828532852)
(-20469.3232557, 238.628021461, 159.828532852)
(-20469.258128, 238.693148663, 159.828532852)
(-20469.2041, 238.747179323, 159.828532851)
(-20469.134887, 238.81639855, 159.828532851)
(-20469.08524, 238.866049121, 159.828532851)
(-20469.0239128, 238.927383663, 159.828532851)
(-20468.9678396, 238.983458793, 159.828532852)
(-20468.8980406, 239.053260361, 159.828532851)
(-20468.8296997, 239.121600004, 159.828532852)
(-20468.778298, 239.173000323, 159.828532852)
(-20468.723683, 239.227612606, 159.828532852)
(-20468.6795823, 239.271711432, 159.828532852)
(-20468.6220461, 239.329243926, 159.828532852)
(-20468.5662627, 239.385024124, 159.828532852)
(-20468.5043462, 239.44693729, 159.828532852)
(-20468.4511914, 239.500089226, 159.828532852)
(-20468.4038786, 239.547400909, 159.828532852)
(-20468.3466356, 239.604642297, 159.828532852)
(-20468.2736208, 239.677653143, 159.828532852)
(-20468.2184239, 239.732851268, 159.828532851)
(-20468.1646889, 239.786590748, 159.828532851)
(-20468.0972298, 239.85405901, 159.828532851)
(-20468.0499188, 239.901373317, 159.828532851)
(-20467.9915107, 239.959785862, 159.828532851)
(-20467.939234, 240.012064003, 159.828532852)
(-20467.8776119, 240.073687586, 159.828532852)
(-20467.8265028, 240.124796728, 159.828532852)
(-20467.7572862, 240.194012513, 159.828532852)
(-20467.7017958, 240.249501761, 159.828532852)
(-20467.6387114, 240.312583834, 159.828532852)
(-20467.5852652, 240.366028435, 159.828532852)
(-20467.5265614, 240.424729372, 159.828532852)
(-20467.4871341, 240.464155734, 159.828532852)
(-20467.4214216, 240.52986645, 159.828532852)
(-20467.3711889, 240.580099369, 159.828532852)
(-20467.2996366, 240.651652327, 159.828532852)
(-20467.2444402, 240.706851167, 159.828532851)
(-20467.1927491, 240.758546125, 159.828532851)
(-20467.144562, 240.806736121, 159.828532851)
(-20467.0782693, 240.873034627, 159.828532851)
(-20467.0239483, 240.927357351, 159.828532852)
(-20466.9629106, 240.988397089, 159.828532852)
(-20466.9132615, 241.038045898, 159.828532852)
(-20466.8539745, 241.097331836, 159.828532852)
(-20466.8060773, 241.145227549, 159.828532852)
(-20466.7424084, 241.208893105, 159.828532852)
(-20466.6936346, 241.257664553, 159.828532852)
(-20466.6185745, 241.332719307, 159.828532852)
(-20466.5668802, 241.384411029, 159.828532852)
(-20466.5087599, 241.442527167, 159.828532852)
(-20466.4550215, 241.496263566, 159.828532852)
(-20466.3913525, 241.559929183, 159.828532852)
(-20466.3367387, 241.614542435, 159.828532852)
(-20466.2756996, 241.675580799, 159.828532852)
(-20466.2298485, 241.721433609, 159.828532851)
(-20466.1653074, 241.785979012, 159.828532851)
(-20466.1223772, 241.828912014, 159.828532851)
(-20466.0531642, 241.898131583, 159.828532851)
(-20466.0102332, 241.941064143, 159.828532852)
(-20465.9445229, 242.006776927, 159.828532852)
(-20465.9001308, 242.051168838, 159.828532852)
(-20465.835295, 242.116003853, 159.828532852)
(-20465.7897345, 242.161563409, 159.828532852)
(-20465.7289867, 242.222309126, 159.828532852)
(-20465.6656101, 242.285683073, 159.828532852)
(-20465.6159605, 242.335330969, 159.828532852)
(-20465.5531677, 242.398120311, 159.828532852)
(-20465.5046864, 242.446599946, 159.828532852)
(-20465.443646, 242.507637296, 159.828532852)
(-20465.3887398, 242.562542318, 159.828532852)
(-20465.3157261, 242.635554304, 159.828532852)
(-20465.2532279, 242.698053891, 159.828532851)
(-20465.1883941, 242.762890619, 159.828532851)
(-20465.1323234, 242.818967305, 159.828532851)
(-20465.0701225, 242.881180762, 159.828532851)
(-20465.0067496, 242.944558711, 159.828532852)
(-20464.9389981, 243.012318586, 159.828532851)
(-20464.8802968, 243.071022657, 159.828532852)
(-20464.8201344, 243.131185646, 159.828532852)
(-20464.7477056, 243.20361439, 159.828532852)
(-20464.7033134, 243.248006026, 159.828532852)
(-20464.6396452, 243.311672456, 159.828532852)
(-20464.5642951, 243.387020896, 159.828532852)
(-20464.4860235, 243.465288742, 159.828532852)
(-20464.428781, 243.522530538, 159.828532852)
(-20464.3528458, 243.598462098, 159.828532852)
(-20464.310207, 243.641101937, 159.828532852)
(-20464.2404082, 243.710903733, 159.828532852)
(-20464.19339, 243.757925717, 159.828532851)
(-20464.1311901, 243.8201393, 159.828532849)
(-20464.0846424, 243.872699493, 159.82853286)
(-20464.0367527, 243.941504395, 159.828518539)
(-20464.0000426, 244.00451996, 159.828532087)
(-20463.9560818, 244.079307064, 159.828517429)
(-20463.9166446, 244.142501668, 159.828400393)
(-20463.8702326, 244.215320266, 159.825902393)
(-20463.8319679, 244.276069704, 159.822945941)
(-20463.7850262, 244.349509531, 159.8195176)
(-20463.7482338, 244.404980291, 159.817137348)
(-20463.6938715, 244.489678546, 159.813488876)
(-20463.6571007, 244.548719638, 159.810945845)
(-20463.6150564, 244.619855184, 159.807882039)
(-20463.5764326, 244.682561621, 159.80518102)
(-20463.5325954, 244.757073476, 159.801971612)
(-20463.4928481, 244.821577208, 159.799193294)
(-20463.4490982, 244.896187793, 159.795979466)
(-20463.4096516, 244.959941209, 159.793233607)
(-20463.3646485, 245.037079588, 159.789911072)
(-20463.3277985, 245.097514703, 159.787307943)
(-20463.2754058, 245.186771811, 159.783463424)
(-20463.2328164, 245.255900212, 159.780485915)
(-20463.1850567, 245.339000434, 159.776906515)
(-20463.1489571, 245.398080845, 159.77436184)
(-20463.108196, 245.468274993, 159.771338459)
(-20463.0728463, 245.52546108, 159.768875248)
(-20463.0274936, 245.601294435, 159.765608932)
(-20462.9909021, 245.655510366, 159.763273897)
(-20462.9321133, 245.725596931, 159.76025505)
(-20462.8853286, 245.774578027, 159.758145316)
(-20462.8302936, 245.831470997, 159.755694723)
(-20462.7799024, 245.883378032, 159.753458876)
(-20462.7256126, 245.940975145, 159.750977991)
(-20462.6793529, 245.990400685, 159.748849123)
(-20462.6182153, 246.058071792, 159.745934394)
(-20462.5689799, 246.112235295, 159.743601401)
(-20462.5047231, 246.18525156, 159.740456334)
(-20462.4580024, 246.23682132, 159.738235158)
(-20462.3950744, 246.306270135, 159.735243832)
(-20462.3451375, 246.360797766, 159.732895211)
(-20462.2872081, 246.426161569, 159.730079835)
(-20462.241657, 246.476473407, 159.727912779)
(-20462.1970918, 246.526334385, 159.725765112)
(-20462.1481948, 246.579287711, 159.723484305)
(-20462.0752198, 246.658055713, 159.720091587)
(-20462.0316887, 246.703515872, 159.718133477)
(-20461.9606998, 246.776345448, 159.714996531)
(-20461.9126755, 246.824806799, 159.712909158)
(-20461.8500125, 246.888817031, 159.710151997)
(-20461.8043836, 246.934399009, 159.708188747)
(-20461.74263, 246.996976014, 159.70549334)
(-20461.6930511, 247.046184564, 159.703373889)
(-20461.6315126, 247.108339253, 159.700696633)
(-20461.5871423, 247.152240717, 159.698805789)
(-20461.5302099, 247.209650253, 159.696333007)
(-20461.4775915, 247.263191981, 159.694026805)
(-20461.4281831, 247.313600115, 159.691855619)
(-20461.3771722, 247.365911366, 159.689602441)
(-20461.3025626, 247.446536151, 159.686129662)
(-20461.2577812, 247.494720324, 159.684054329)
(-20461.2042671, 247.5535941, 159.681518546)
(-20461.1599315, 247.599922989, 159.679522991)
(-20461.0938093, 247.666620088, 159.676650159)
(-20461.0355768, 247.717565162, 159.674455786)
(-20460.9592322, 247.767927408, 159.672286524)
(-20460.8903542, 247.800386273, 159.670888842)
(-20460.8222849, 247.837338849, 159.66929667)
(-20460.7665674, 247.869916476, 159.667893673)
(-20460.7024802, 247.907620871, 159.66626955)
(-20460.6201117, 247.962307307, 159.663914309)
(-20460.5576176, 248.000533787, 159.662267759)
(-20460.4676287, 248.056851544, 159.659841812)
(-20460.3905869, 248.101528329, 159.65791759)
(-20460.3252957, 248.137719069, 159.656358757)
(-20460.2610362, 248.176164931, 159.65470286)
(-20460.2122417, 248.204008421, 159.653503488)
(-20460.1382142, 248.248343421, 159.651593849)
(-20460.055162, 248.308025665, 159.649023422)
(-20459.9923567, 248.350346688, 159.647200319)
(-20459.9094094, 248.394092539, 159.64531608)
(-20459.8466766, 248.427532488, 159.643875744)
(-20459.7738329, 248.471214525, 159.64199431)
(-20459.7270547, 248.498429989, 159.640822022)
(-20459.6575006, 248.540799089, 159.638997092)
(-20459.5849202, 248.585181259, 159.63708544)
(-20459.5153249, 248.628108485, 159.635236452)
(-20459.4303525, 248.679934077, 159.633004196)
(-20459.3644873, 248.722694358, 159.631162523)
(-20459.293914, 248.774481557, 159.628931785)
(-20459.243222, 248.814561478, 159.62720546)
(-20459.1780265, 248.871003953, 159.624774348)
(-20459.1254904, 248.916940373, 159.622795749)
(-20459.0626044, 248.97404017, 159.620336282)
(-20459.00888, 249.022491874, 159.618249366)
(-20458.9450565, 249.081695803, 159.615699367)
(-20458.895613, 249.126906491, 159.613751959)
(-20458.8344436, 249.18357342, 159.611311231)
(-20458.7832085, 249.229821913, 159.609319145)
(-20458.7302692, 249.278299041, 159.607231126)
(-20458.6725669, 249.331382628, 159.604944673)
(-20458.6150214, 249.384079686, 159.60267487)
(-20458.5505666, 249.446226242, 159.599998053)
(-20458.4845885, 249.507313, 159.597366922)
(-20458.4022062, 249.583016732, 159.594106104)
(-20458.3515394, 249.627654688, 159.592183489)
(-20458.2581997, 249.707349878, 159.58875085)
(-20458.2056569, 249.754568726, 159.586716756)
(-20458.1408267, 249.819571191, 159.583917235)
(-20458.0917483, 249.869246971, 159.581777549)
(-20458.0036768, 249.961321723, 159.577811564)
(-20457.9436954, 250.020675794, 159.575255118)
(-20457.8745477, 250.086162455, 159.572434401)
(-20457.8083907, 250.147817252, 159.56977879)
(-20457.7368749, 250.219947311, 159.566672004)
(-20457.6901553, 250.267402163, 159.564627989)
(-20457.6336413, 250.325798724, 159.562112686)
(-20457.5911137, 250.368135188, 159.560289133)
(-20457.5243114, 250.43286235, 159.557501176)
(-20457.4712232, 250.483232443, 159.555331606)
(-20457.4032806, 250.549534743, 159.552475731)
(-20457.3518676, 250.599258669, 159.550334086)
(-20457.2757195, 250.675364126, 159.547056052)
(-20457.2086606, 250.741635117, 159.544201584)
(-20457.1555114, 250.792514553, 159.54201006)
(-20457.0973772, 250.848714127, 159.539589406)
(-20457.0544434, 250.889351253, 159.537839073)
(-20457.0010661, 250.94094827, 159.535616664)
(-20456.9430231, 250.996272119, 159.533233717)
(-20456.8911861, 251.047111946, 159.531043932)
(-20456.812943, 251.132474008, 159.527367221)
(-20456.7666991, 251.182186265, 159.525225899)
(-20456.7059624, 251.241917454, 159.522653158)
(-20456.6583937, 251.286790077, 159.520720396)
(-20456.5990934, 251.342511926, 159.518320306)
(-20456.5543425, 251.38472301, 159.516502176)
(-20456.4964651, 251.440588045, 159.514095946)
(-20456.4323548, 251.508283343, 159.511180149)
(-20456.3634935, 251.580462915, 159.508071175)
(-20456.3117386, 251.631585347, 159.505869207)
(-20456.2424571, 251.69791635, 159.503012159)
(-20456.1808773, 251.75660401, 159.500484333)
(-20456.124237, 251.812507245, 159.498076445)
(-20456.054735, 251.880987057, 159.495126797)
(-20455.9937775, 251.943847308, 159.492419328)
(-20455.940807, 251.997941628, 159.490089264)
(-20455.8953653, 252.044714281, 159.488074713)
(-20455.8443787, 252.095541446, 159.48588547)
(-20455.7830081, 252.156203341, 159.48327261)
(-20455.7222363, 252.215279644, 159.480728002)
(-20455.6512369, 252.286084875, 159.477678233)
(-20455.5966301, 252.340226276, 159.475346218)
(-20455.540508, 252.39781458, 159.472865757)
(-20455.4887326, 252.450129939, 159.470612439)
(-20455.4433143, 252.495811558, 159.468644891)
(-20455.3922673, 252.545929594, 159.4664861)
(-20455.3231309, 252.613964511, 159.463555681)
(-20455.262648, 252.672676451, 159.461026765)
(-20455.2057669, 252.730167884, 159.458550535)
(-20455.1538415, 252.782353912, 159.456302732)
(-20455.0949051, 252.842437808, 159.453714826)
(-20455.0450411, 252.891959942, 159.45158171)
(-20454.9836789, 252.95371261, 159.448921812)
(-20454.9302701, 253.006108371, 159.446665033)
(-20454.8846722, 253.051499816, 159.444709974)
(-20454.8340373, 253.100860477, 159.442583857)
(-20454.7695874, 253.164730185, 159.439832873)
(-20454.7192807, 253.213805761, 159.43771901)
(-20454.6690936, 253.263937307, 159.435559726)
(-20454.6219602, 253.310365067, 159.433559953)
(-20454.5674159, 253.3649154, 159.431210346)
(-20454.5165884, 253.416200472, 159.429001367)
(-20454.4573287, 253.478423852, 159.426321301)
(-20454.396917, 253.540412144, 159.423651264)
(-20454.3483687, 253.588892657, 159.421563082)
(-20454.294251, 253.643817363, 159.41919734)
(-20454.2458378, 253.691896511, 159.417126463)
(-20454.1840639, 253.753303216, 159.414481474)
(-20454.1363838, 253.799750437, 159.412480899)
(-20454.0801962, 253.855539342, 159.410077941)
(-20454.0325547, 253.902037406, 159.408075143)
(-20453.9726022, 253.961663151, 159.40550697)
(-20453.9214819, 254.011696804, 159.403351855)
(-20453.8611881, 254.072138671, 159.400748511)
(-20453.8091784, 254.123635454, 159.398530345)
(-20453.7435346, 254.189817439, 159.395679793)
(-20453.6935501, 254.239229589, 159.393551433)
(-20453.6251316, 254.308445057, 159.390570193)
(-20453.5733296, 254.360143206, 159.388343373)
(-20453.5144701, 254.420240861, 159.385754885)
(-20453.4682657, 254.46646042, 159.383764049)
(-20453.4079971, 254.526493451, 159.381178282)
(-20453.3642556, 254.569275689, 159.379335523)
(-20453.2992942, 254.633824276, 159.376555256)
(-20453.2480341, 254.683700183, 159.374406975)
(-20453.1849929, 254.746685976, 159.371694083)
(-20453.1441392, 254.787114917, 159.36995263)
(-20453.0895924, 254.841724189, 159.36760052)
(-20453.0390961, 254.891218569, 159.365468642)
(-20452.9722221, 254.957912765, 159.362595968)
(-20452.912581, 255.018398234, 159.359990706)
(-20452.8642739, 255.0665768, 159.357915548)
(-20452.8034213, 255.127156382, 159.355306221)
(-20452.7327364, 255.198805841, 159.35222002)
(-20452.6796053, 255.251505065, 159.349950172)
(-20452.6182603, 255.313274012, 159.347289628)
(-20452.5694048, 255.361461784, 159.345214087)
(-20452.5108957, 255.420203074, 159.342683902)
(-20452.4726342, 255.457945479, 159.341058292)
(-20452.4199515, 255.510338034, 159.338801613)
(-20452.3696286, 255.560977094, 159.336620465)
(-20452.3018101, 255.632193932, 159.33355305)
(-20452.25188, 255.684129222, 159.331315992)
(-20452.1818848, 255.756624572, 159.328193482)
(-20452.1170732, 255.821098003, 159.325416424)
(-20452.0681228, 255.868010356, 159.323395766)
(-20452.0054715, 255.927938605, 159.320814523)
(-20451.9611661, 255.970046535, 159.319000831)
(-20451.9073666, 256.022398656, 159.316745889)
(-20451.8382321, 256.091505955, 159.31376921)
(-20451.7905106, 256.143973468, 159.311509293)
(-20451.7383886, 256.199420861, 159.309121062)
(-20451.6929407, 256.245130358, 159.307152272)
(-20451.611936, 256.324910946, 159.303715928)
(-20451.5524758, 256.382373677, 159.301240863)
(-20451.4997758, 256.432536905, 159.299080202)
(-20451.4412844, 256.489534878, 159.296625168)
(-20451.3780755, 256.550736567, 159.293989071)
(-20451.3198609, 256.609276982, 159.291467486)
(-20451.2654156, 256.66356853, 159.289129109)
(-20451.211631, 256.718281747, 159.286772388)
(-20451.1556665, 256.773993353, 159.284372809)
(-20451.1061076, 256.82415853, 159.282212137)
(-20451.0455885, 256.88411663, 159.279629546)
(-20450.9804329, 256.94962353, 159.276807916)
(-20450.9301126, 256.999278733, 159.27466921)
(-20450.8726656, 257.057306084, 159.272169875)
(-20450.825504, 257.104285152, 159.270146355)
(-20450.7829784, 257.146980404, 159.268307333)
(-20450.7379827, 257.191910047, 159.266372113)
(-20450.6842883, 257.247294567, 159.263986569)
(-20450.6364772, 257.296016931, 159.261887989)
(-20450.5783514, 257.354695116, 159.259360602)
(-20450.5281785, 257.40448187, 159.257216134)
(-20450.4750489, 257.457585217, 159.25492882)
(-20450.426891, 257.504732823, 159.252898051)
(-20450.3584482, 257.572289354, 159.249988227)
(-20450.3098179, 257.619523621, 159.247953716)
(-20450.2459126, 257.683362323, 159.24520407)
(-20450.1988999, 257.729893514, 159.243199806)
(-20450.1516677, 257.777716707, 159.241139953)
(-20450.1137634, 257.816268996, 159.239479421)
(-20450.0560407, 257.876309579, 159.236893358)
(-20450.0082742, 257.925109809, 159.234791395)
(-20449.9497824, 257.984017989, 159.232254033)
(-20449.8980734, 258.035214944, 159.230048863)
(-20449.8371375, 258.096220527, 159.227421251)
(-20449.7854337, 258.146831708, 159.225241244)
(-20449.7454303, 258.186729848, 159.223522747)
(-20449.6978807, 258.233329119, 159.221515583)
(-20449.6412157, 258.289310883, 159.219104326)
(-20449.5909834, 258.339420822, 159.216945967)
(-20449.5427888, 258.38753267, 159.214873658)
(-20449.4841703, 258.448053863, 159.212266828)
(-20449.4340502, 258.499123725, 159.210067141)
(-20449.3806903, 258.553783321, 159.207712807)
(-20449.338831, 258.595543324, 159.205914119)
(-20449.2882312, 258.645419737, 159.203765834)
(-20449.2443949, 258.68810474, 159.201927267)
(-20449.1855136, 258.745403986, 159.199459245)
(-20449.1351424, 258.795343877, 159.197308182)
(-20449.0896891, 258.842658142, 159.195270298)
(-20449.0448824, 258.888605811, 159.19329119)
(-20448.9927118, 258.941546647, 159.191010882)
(-20448.9407719, 258.993121052, 159.188789435)
(-20448.8794195, 259.053257789, 159.186199203)
(-20448.8328444, 259.098456038, 159.184252395)
(-20448.7877254, 259.143155462, 159.182327135)
(-20448.7417689, 259.187833546, 159.180402696)
(-20448.695354, 259.23360588, 159.178431178)
(-20448.633189, 259.297545286, 159.175677092)
(-20448.5806996, 259.350930707, 159.173377655)
(-20448.5148616, 259.419233625, 159.170435633)
(-20448.4709678, 259.463660171, 159.168522181)
(-20448.4165146, 259.51894689, 159.166140855)
(-20448.3766065, 259.558574475, 159.164433933)
(-20448.3207757, 259.613223088, 159.162080089)
(-20448.2803696, 259.652329513, 159.160395683)
(-20448.2183719, 259.71289472, 159.157787004)
(-20448.1738221, 259.756993005, 159.155887576)
(-20448.1214145, 259.809065564, 159.153644686)
(-20448.076821, 259.853220662, 159.151742811)
(-20448.0213511, 259.909732016, 159.149308754)
(-20447.9834994, 259.947924795, 159.147663635)
(-20447.9291368, 260.002761184, 159.145301777)
(-20447.8812114, 260.050133731, 159.143261273)
(-20447.8153047, 260.115017636, 159.14046657)
(-20447.7676145, 260.161430652, 159.138467444)
(-20447.7097859, 260.21907648, 159.135984493)
(-20447.6628086, 260.266580605, 159.133938364)
(-20447.6207951, 260.310948134, 159.132027318)
(-20447.5688152, 260.364332464, 159.1297279)
(-20447.5040416, 260.430365359, 159.12688373)
(-20447.4551431, 260.479098697, 159.124784669)
(-20447.3947034, 260.540036388, 159.122159873)
(-20447.3440153, 260.589910486, 159.120011718)
(-20447.2865215, 260.647338656, 159.117538131)
(-20447.2439872, 260.688987733, 159.115744248)
(-20447.1953568, 260.737266057, 159.113664701)
(-20447.1550134, 260.776435756, 159.111977606)
(-20447.10007, 260.830074944, 159.109667273)
(-20447.037321, 260.895109241, 159.106866047)
(-20446.9767449, 260.957412787, 159.104182462)
(-20446.9203356, 261.013866013, 159.101750908)
(-20446.8620073, 261.071295403, 159.099277271)
(-20446.7962041, 261.136271277, 159.096478615)
(-20446.7454713, 261.187094736, 159.094289489)
(-20446.7011016, 261.230403319, 159.092424105)
(-20446.6585233, 261.271898013, 159.090636835)
(-20446.5987284, 261.332316483, 159.088034457)
(-20446.5515893, 261.379927912, 159.08598374)
(-20446.4958418, 261.437320255, 159.083511751)
(-20446.4432378, 261.48998566, 159.081243249)
(-20446.3891468, 261.543926709, 159.078919824)
(-20446.3481221, 261.584171495, 159.077186408)
(-20446.2935481, 261.638158247, 159.074861088)
(-20446.2549965, 261.680675259, 159.073029812)
(-20446.2128462, 261.737414251, 159.07058593)
(-20446.1786569, 261.799003301, 159.067933122)
(-20446.1511663, 261.869250485, 159.064919149)
(-20446.1365484, 261.950410952, 159.061410428)
(-20446.1252737, 262.017195712, 159.05853491)
(-20446.1156343, 262.093563564, 159.055245848)
(-20446.1048938, 262.162565725, 159.05227371)
(-20446.0959831, 262.218013253, 159.049885325)
(-20446.0871484, 262.273862134, 159.047479708)
(-20446.0760794, 262.345211251, 159.04440655)
(-20446.0640555, 262.431284336, 159.040699171)
(-20446.0532359, 262.501492499, 159.037675135)
(-20446.0433625, 262.567624557, 159.034826644)
(-20446.0387915, 262.626340215, 159.032297444)
(-20446.0360281, 262.689737961, 159.029566984)
(-20446.0312996, 262.767473273, 159.02621869)
(-20446.0254969, 262.846472193, 159.022816)
(-20446.022538, 262.918987842, 159.019692581)
(-20446.019384, 263.030645434, 159.014883181)
(-20446.0165704, 263.101563915, 159.011828527)
(-20446.0130413, 263.218651339, 159.006785302)
(-20446.0071738, 263.311960606, 159.002766259)
(-20446.0031866, 263.391106769, 158.999357207)
(-20446.0015236, 263.462878631, 158.996265851)
(-20446.000173, 263.537059335, 158.993070684)
(-20445.9998499, 263.600977075, 158.990317564)
(-20445.9995447, 263.670651921, 158.9873165)
(-20445.9992449, 263.728402509, 158.984829033)
(-20445.9987517, 263.823701633, 158.980724273)
(-20445.9981339, 263.906646239, 158.977151639)
(-20445.9972004, 263.974764923, 158.974217625)
(-20445.995748, 264.035062904, 158.971620419)
(-20445.9939402, 264.111838602, 158.968313488)
(-20445.9926003, 264.181980646, 158.965292298)
(-20445.9926076, 264.243440728, 158.962645057)
(-20445.9928131, 264.30322619, 158.960069949)
(-20445.992178, 264.361438171, 158.957562619)
(-20445.9915423, 264.415098878, 158.955251312)
(-20445.9906304, 264.493515483, 158.951873717)
(-20445.9900538, 264.548398728, 158.949509759)
(-20445.9892318, 264.625153135, 158.946203754)
(-20445.9889825, 264.681670581, 158.943769405)
(-20445.9888208, 264.746852626, 158.940961843)
(-20445.988626, 264.830608989, 158.937354249)
(-20445.9884643, 264.887965934, 158.934883743)
(-20445.9883384, 264.963064488, 158.931649059)
(-20445.9882782, 265.018769998, 158.929249685)
(-20445.9882643, 265.083140043, 158.926477106)
(-20445.9882001, 265.138849831, 158.924077547)
(-20445.988192, 265.203635432, 158.921287071)
(-20445.9881486, 265.255219599, 158.919065211)
(-20445.988135, 265.314229872, 158.916523489)
(-20445.9881011, 265.377368521, 158.913803953)
(-20445.9881417, 265.443391968, 158.910960157)
(-20445.9881333, 265.504880629, 158.908311687)
(-20445.9881251, 265.570082718, 158.90550327)
(-20445.9881185, 265.622079807, 158.903263625)
(-20445.9881262, 265.690995265, 158.900295262)
(-20445.9881233, 265.747944524, 158.897842318)
(-20445.9881214, 265.811495687, 158.89510501)
(-20445.9881194, 265.870095456, 158.892580971)
(-20445.9881167, 265.93034583, 158.889985837)
(-20445.9881199, 266.002975891, 158.886857476)
(-20445.9881186, 266.060337871, 158.884386755)
(-20445.9881183, 266.117286377, 158.88193384)
(-20445.9881177, 266.167219999, 158.879783075)
(-20445.9881216, 266.236548627, 158.87679691)
(-20445.9881213, 266.302164231, 158.873970689)
(-20445.9881223, 266.376032448, 158.870789)
(-20445.9881231, 266.459805173, 158.8671807)
(-20445.9881237, 266.532848202, 158.864034554)
(-20445.9881242, 266.603828002, 158.860977276)
