(-20537.5970776, 178.311604461, 160.560913472)
(-20537.5452474, 178.307332402, 160.561256938)
(-20537.4871396, 178.303520777, 160.561129516)
(-20537.4215816, 178.300566815, 160.561259871)
(-20537.3418504, 178.30351697, 160.561132249)
(-20537.2682583, 178.301110427, 160.561235966)
(-20537.1795303, 178.299843278, 160.561290589)
(-20537.1132088, 178.302216964, 160.561188368)
(-20537.0497383, 178.30884855, 160.560902655)
(-20536.989682, 178.323142831, 160.560287198)
(-20536.9239496, 178.349755394, 160.559140875)
(-20536.8587259, 178.377736079, 160.557935465)
(-20536.8040979, 178.407741176, 160.556643105)
(-20536.7409555, 178.451271166, 160.554768214)
(-20536.6849872, 178.49085218, 160.553063465)
(-20536.6276283, 178.531833868, 160.551298256)
(-20536.5697715, 178.572551608, 160.549544452)
(-20536.4974951, 178.626603406, 160.547216409)
(-20536.4283809, 178.680480728, 160.544895883)
(-20536.3790041, 178.717993374, 160.543280068)
(-20536.3254058, 178.760024013, 160.54146973)
(-20536.2747657, 178.79971963, 160.539760045)
(-20536.2126706, 178.851057164, 160.537548801)
(-20536.1646923, 178.889677782, 160.535885316)
(-20536.0910175, 178.947750979, 160.533384003)
(-20536.0372707, 178.988922872, 160.531610647)
(-20535.9889988, 179.027019034, 160.52996978)
(-20535.9395646, 179.067108565, 160.52824304)
(-20535.8777681, 179.121203667, 160.525913106)
(-20535.8204934, 179.174085727, 160.523635326)
(-20535.7635784, 179.227392897, 160.521339289)
(-20535.7051058, 179.282667514, 160.518958518)
(-20535.6502789, 179.334602935, 160.516721564)
(-20535.5934819, 179.391047905, 160.514290346)
(-20535.5463766, 179.436919782, 160.512314596)
(-20535.4978308, 179.482537449, 160.510349762)
(-20535.4433102, 179.533100824, 160.508171906)
(-20535.4021628, 179.570788903, 160.506548587)
(-20535.351649, 179.617108125, 160.504553578)
(-20535.3009903, 179.662800886, 160.502585474)
(-20535.2382839, 179.720778642, 160.500088223)
(-20535.1640999, 179.795579282, 160.496866495)
(-20535.0994949, 179.858572218, 160.494153237)
(-20535.0431134, 179.911458143, 160.491875333)
(-20534.9993159, 179.951741121, 160.490140259)
(-20534.9349081, 180.011002116, 160.487587797)
(-20534.8956987, 180.047587975, 160.486011971)
(-20534.8353139, 180.105063953, 160.483536369)
(-20534.7748819, 180.164241604, 160.480987492)
(-20534.7083627, 180.236883162, 160.477858726)
(-20534.6632753, 180.285380746, 160.475769779)
(-20534.6197758, 180.32846436, 160.473914083)
(-20534.5709693, 180.375576372, 160.471884827)
(-20534.5120642, 180.432823732, 160.469419125)
(-20534.4639433, 180.478803906, 160.467438687)
(-20534.4026625, 180.53893746, 160.464848549)
(-20534.3554912, 180.584722094, 160.462876601)
(-20534.3066151, 180.633254996, 160.460786224)
(-20534.2643309, 180.674607124, 160.459005059)
(-20534.2049723, 180.733162182, 160.456483026)
(-20534.1562257, 180.780287034, 160.454453248)
(-20534.1147835, 180.821079864, 160.452696241)
(-20534.0634313, 180.873610552, 160.450433636)
(-20534.0198312, 180.917814724, 160.448529654)
(-20533.9603359, 180.978022721, 160.445936477)
(-20533.9201537, 181.017940426, 160.444217067)
(-20533.8763178, 181.061132047, 160.442356734)
(-20533.826708, 181.110195817, 160.440243457)
(-20533.7784043, 181.157673871, 160.438198492)
(-20533.7211485, 181.215883209, 160.435691331)
(-20533.6736608, 181.263741929, 160.433629951)
(-20533.6113445, 181.326911532, 160.430909101)
(-20533.5626439, 181.375284734, 160.428825579)
(-20533.4994013, 181.438735583, 160.426092572)
(-20533.457512, 181.479869781, 160.424320901)
(-20533.4161479, 181.520803686, 160.422557815)
(-20533.371939, 181.563705354, 160.420709939)
(-20533.3117664, 181.622045925, 160.418197129)
(-20533.2536529, 181.681853973, 160.415621049)
(-20533.2113906, 181.724981248, 160.413763473)
(-20533.157607, 181.780350764, 160.411378679)
(-20533.1149353, 181.823090669, 160.409537726)
(-20533.0672229, 181.87009103, 160.407513336)
(-20533.0221313, 181.913848836, 160.40562862)
(-20532.9628989, 181.971363174, 160.403151361)
(-20532.9083428, 182.025285527, 160.400828841)
(-20532.8528149, 182.084062726, 160.398297236)
(-20532.8104519, 182.128346587, 160.396389785)
(-20532.7553749, 182.18438187, 160.393976245)
(-20532.7147928, 182.224507029, 160.392247994)
(-20532.6465245, 182.290689662, 160.389397371)
(-20532.5937469, 182.341372855, 160.38721436)
(-20532.5321922, 182.402353133, 160.384587855)
(-20532.4829426, 182.450747704, 160.382503376)
(-20532.4231145, 182.511062779, 160.379905505)
(-20532.3753675, 182.558641576, 160.377856213)
(-20532.3172941, 182.617295879, 160.375329758)
(-20532.2805058, 182.653597553, 160.37376624)
(-20532.2349337, 182.698531411, 160.37183087)
(-20532.1873255, 182.745506695, 160.369807554)
(-20532.1321621, 182.799560418, 160.367479361)
(-20532.0705377, 182.862946705, 160.364749125)
(-20532.015073, 182.919179674, 160.362327117)
(-20531.9565855, 182.979665049, 160.359721863)
(-20531.9120391, 183.024614484, 160.357785876)
(-20531.8570328, 183.079434627, 160.355424605)
(-20531.8171926, 183.118514085, 160.353741419)
(-20531.7587563, 183.175691103, 160.351278706)
(-20531.7081427, 183.224453851, 160.349178401)
(-20531.6508413, 183.28087991, 160.346748034)
(-20531.5963964, 183.333983453, 160.344460765)
(-20531.5342146, 183.396069047, 160.341786617)
(-20531.4867944, 183.442769895, 160.339775097)
(-20531.4205394, 183.509476787, 160.33690194)
(-20531.3718298, 183.557814781, 160.334819946)
(-20531.3204708, 183.60969229, 160.332585446)
(-20531.2796542, 183.651165333, 160.330799126)
(-20531.2271021, 183.70605937, 160.328434836)
(-20531.1858051, 183.748518743, 160.326605924)
(-20531.1313552, 183.803411197, 160.324241622)
(-20531.0890544, 183.845302883, 160.322437253)
(-20531.0189066, 183.913684521, 160.31949193)
(-20530.9683781, 183.962516782, 160.317388642)
(-20530.9214637, 184.00893878, 160.315389225)
(-20530.8764722, 184.05282896, 160.313498736)
(-20530.8290669, 184.099912937, 160.311470736)
(-20530.7754747, 184.155528577, 160.309075191)
(-20530.7277064, 184.204271674, 160.306975806)
(-20530.6845054, 184.248618222, 160.305065741)
(-20530.6373406, 184.295646521, 160.303040143)
(-20530.5726442, 184.358976656, 160.300312364)
(-20530.5164928, 184.413302595, 160.297972445)
(-20530.4590885, 184.470256799, 160.295519353)
(-20530.4163405, 184.512278331, 160.293709373)
(-20530.3677461, 184.561084713, 160.291607194)
(-20530.3180469, 184.611202949, 160.289448522)
(-20530.2628552, 184.668723607, 160.28697103)
(-20530.2138592, 184.719197862, 160.284796996)
(-20530.1636547, 184.770589467, 160.282583448)
(-20530.1218948, 184.812478717, 160.280779175)
(-20530.0711804, 184.862324925, 160.278632212)
(-20530.0198164, 184.912086216, 160.276488902)
(-20529.9677503, 184.963251571, 160.274285118)
(-20529.9070611, 185.026251989, 160.271571626)
(-20529.8444338, 185.090607357, 160.26879972)
(-20529.7645605, 185.17505376, 160.265162439)
(-20529.712301, 185.228098616, 160.262877714)
(-20529.6471873, 185.290552874, 160.26018765)
(-20529.597538, 185.337324034, 160.258173073)
(-20529.5337613, 185.398991876, 160.255516967)
(-20529.4962539, 185.43506918, 160.253963038)
(-20529.431163, 185.499449054, 160.251190097)
(-20529.3709168, 185.55847765, 160.24864761)
(-20529.3099076, 185.620694258, 160.245967768)
(-20529.2604439, 185.670635776, 160.243816765)
(-20529.2034105, 185.728637101, 160.241318543)
(-20529.1614543, 185.770274911, 160.239525138)
(-20529.1075226, 185.823782939, 160.237220387)
(-20529.062534, 185.867662939, 160.235330429)
(-20529.0138301, 185.915830383, 160.233255761)
(-20528.9532489, 185.978410914, 160.230560348)
(-20528.9067267, 186.026085517, 160.22850688)
(-20528.8542028, 186.080420135, 160.226166512)
(-20528.8130242, 186.12172164, 160.224387654)
(-20528.7656356, 186.168458292, 160.222374589)
(-20528.720871, 186.211955955, 160.220501091)
(-20528.6693546, 186.26201518, 160.218344934)
(-20528.609209, 186.323267782, 160.215706727)
(-20528.5557262, 186.377421384, 160.213374169)
(-20528.5004599, 186.43472634, 160.210905888)
(-20528.454256, 186.481532008, 160.208889959)
(-20528.3980874, 186.537549089, 160.206477217)
(-20528.3535755, 186.581312313, 160.204592207)
(-20528.3029109, 186.631064996, 160.202449266)
(-20528.2556425, 186.67675638, 160.200481238)
(-20528.1915771, 186.739830947, 160.19776455)
(-20528.145549, 186.784406172, 160.195844582)
(-20528.0945937, 186.834947724, 160.193667676)
(-20528.0390716, 186.890856689, 160.191259573)
(-20527.9983804, 186.931888036, 160.189492258)
(-20527.9391015, 186.99344615, 160.186840811)
(-20527.8890333, 187.044589029, 160.184638011)
(-20527.8308327, 187.103755252, 160.18208967)
(-20527.7866109, 187.147822435, 160.180191564)
(-20527.7283436, 187.20575345, 160.177696399)
(-20527.6881462, 187.245077039, 160.176002602)
(-20527.6421241, 187.290133462, 160.174061955)
(-20527.5950959, 187.335476383, 160.172108919)
(-20527.5420853, 187.387455545, 160.169870109)
(-20527.4814206, 187.449934726, 160.16717907)
(-20527.4296693, 187.502907922, 160.164897367)
(-20527.3876497, 187.546595168, 160.163015697)
(-20527.3506669, 187.583947504, 160.161406801)
(-20527.2931636, 187.640461941, 160.158972644)
(-20527.2470821, 187.684992995, 160.157054612)
(-20527.196669, 187.734364464, 160.154928097)
(-20527.1418704, 187.790485983, 160.152510821)
(-20527.1017655, 187.83111244, 160.150760952)
(-20527.0537329, 187.879980876, 160.148656103)
(-20527.0056266, 187.927794648, 160.146596704)
(-20526.9430356, 187.989574803, 160.143935711)
(-20526.8932265, 188.037981585, 160.141850741)
(-20526.8320082, 188.098676778, 160.139236475)
(-20526.7841078, 188.145473731, 160.137220848)
(-20526.7347865, 188.194708419, 160.135100219)
(-20526.6842431, 188.245684176, 160.132904601)
(-20526.6366921, 188.293305232, 160.130853473)
(-20526.5822163, 188.349709187, 160.128424052)
(-20526.5345481, 188.398575956, 160.12631927)
(-20526.4779206, 188.455850348, 160.123852384)
(-20526.4304057, 188.503055929, 160.121819091)
(-20526.3736174, 188.559533166, 160.119386459)
(-20526.3286158, 188.603402937, 160.117496961)
(-20526.2854388, 188.646010586, 160.115661783)
(-20526.2337865, 188.697089858, 160.11346171)
(-20526.1871389, 188.743250794, 160.111473465)
(-20526.1242567, 188.807600583, 160.108701872)
(-20526.0816187, 188.85100337, 160.10683237)
(-20526.0318438, 188.901683543, 160.104649314)
(-20525.9925459, 188.94074769, 160.1029669)
(-20525.9331623, 188.998869471, 160.100463509)
(-20525.8915869, 189.039126719, 160.098729534)
(-20525.8468814, 189.083135177, 160.096834)
(-20525.7890192, 189.142033522, 160.094297133)
(-20525.7380409, 189.193413464, 160.092084101)
(-20525.6780248, 189.255264254, 160.089420155)
(-20525.6337897, 189.299949522, 160.087495428)
(-20525.5812239, 189.352537602, 160.085230338)
(-20525.539944, 189.393101586, 160.083483179)
(-20525.4821231, 189.449722059, 160.081044442)
(-20525.4387017, 189.491643956, 160.079238748)
(-20525.3913745, 189.538230671, 160.077232202)
(-20525.3349848, 189.595700002, 160.07475682)
(-20525.2948127, 189.636231475, 160.07301112)
(-20525.2498216, 189.682281305, 160.071027652)
(-20525.2026682, 189.729300906, 160.06900245)
(-20525.1478824, 189.783161337, 160.066682573)
(-20525.0923784, 189.838555315, 160.064296654)
(-20525.0448904, 189.886212027, 160.062243986)
(-20524.982269, 189.951568054, 160.059428908)
(-20524.9369372, 189.998104291, 160.057424598)
(-20524.8777036, 190.058595107, 160.054819087)
(-20524.8305158, 190.105568045, 160.05279592)
(-20524.774445, 190.161043993, 160.050406376)
(-20524.7359222, 190.198522474, 160.048792193)
(-20524.6883277, 190.244918712, 160.046793833)
(-20524.6387681, 190.292403876, 160.044748537)
(-20524.5903685, 190.339661375, 160.042713083)
(-20524.526345, 190.406332227, 160.039841504)
(-20524.4457151, 190.488939776, 160.036283401)
(-20524.3757974, 190.558701031, 160.033278626)
(-20524.3272016, 190.606583696, 160.031216218)
(-20524.2633279, 190.670461967, 160.028464871)
(-20524.1882386, 190.743881268, 160.025302579)
(-20524.1123549, 190.822641947, 160.021910197)
(-20524.0579474, 190.87817337, 160.019518393)
(-20523.9903583, 190.94447265, 160.016662714)
(-20523.9448255, 190.988371549, 160.01477189)
(-20523.8874718, 191.044763964, 160.012342919)
(-20523.8440662, 191.086698085, 160.010536785)
(-20523.7976595, 191.132443954, 160.008566428)
(-20523.7554666, 191.174287855, 160.006764138)
(-20523.7008362, 191.229946828, 160.004366816)
(-20523.6578362, 191.273520799, 160.002489966)
(-20523.602396, 191.329614441, 160.000073908)
(-20523.5586736, 191.372996828, 159.998205373)
(-20523.5096689, 191.421499799, 159.996116256)
(-20523.4483741, 191.482228347, 159.993500557)
(-20523.4047583, 191.526106416, 159.991610658)
(-20523.3480268, 191.585041951, 159.989072156)
(-20523.3034713, 191.630601435, 159.987109896)
(-20523.2581221, 191.676376144, 159.985138256)
(-20523.2158323, 191.718307351, 159.983332204)
(-20523.1565905, 191.775978703, 159.980848191)
(-20523.108342, 191.822426763, 159.978847575)
(-20523.0495219, 191.88024145, 159.976357408)
(-20523.0031224, 191.926577568, 159.9743616)
(-20522.9484843, 191.983991569, 159.971888721)
(-20522.9088171, 192.025105539, 159.970117795)
(-20522.8523199, 192.082597305, 159.967641566)
(-20522.8092794, 192.125540846, 159.965791886)
(-20522.7523414, 192.181422392, 159.963384978)
(-20522.7075337, 192.224888602, 159.961512814)
(-20522.6459311, 192.285273967, 159.958911885)
(-20522.6021702, 192.32743114, 159.957096073)
(-20522.5601335, 192.368788054, 159.955314796)
(-20522.5063246, 192.424111757, 159.952931896)
(-20522.4556465, 192.475828953, 159.950704343)
(-20522.3973194, 192.535975067, 159.948113787)
(-20522.3467664, 192.586603613, 159.945933041)
(-20522.2851035, 192.648686978, 159.943259017)
(-20522.2391757, 192.693981459, 159.941308067)
(-20522.1865533, 192.746422702, 159.939049348)
(-20522.1342065, 192.797558368, 159.936846847)
(-20522.0873391, 192.844017205, 159.934845827)
(-20522.0392675, 192.8906645, 159.93283658)
(-20521.9891157, 192.940245306, 159.930701044)
(-20521.9354688, 192.99578733, 159.928308665)
(-20521.8894108, 193.042745377, 159.926286199)
(-20521.8425858, 193.091041678, 159.924206029)
(-20521.7974983, 193.136054752, 159.922267183)
(-20521.7405223, 193.191879927, 159.919862667)
(-20521.6844595, 193.246292732, 159.917519004)
(-20521.623473, 193.306628432, 159.91492018)
(-20521.5778523, 193.351033942, 159.913007608)
(-20521.5301967, 193.398443679, 159.910965564)
(-20521.4845424, 193.444376456, 159.908987166)
(-20521.4317772, 193.499089509, 159.906630604)
(-20521.3860735, 193.545827643, 159.904617503)
(-20521.3345325, 193.598231465, 159.902360416)
(-20521.2897218, 193.642887793, 159.900436914)
(-20521.2290761, 193.702572679, 159.897866198)
(-20521.1866973, 193.743800626, 159.896090404)
(-20521.1289139, 193.800940508, 159.893629294)
(-20521.0851346, 193.844649533, 159.891746661)
(-20521.0326308, 193.899006464, 159.889405477)
(-20520.9839673, 193.948667217, 159.887266442)
(-20520.9299107, 194.003806591, 159.884891352)
(-20520.8835956, 194.049875029, 159.882907216)
(-20520.8281599, 194.104816605, 159.880540786)
(-20520.7756821, 194.155823005, 159.878343815)
(-20520.7228898, 194.208025882, 159.876095434)
(-20520.6728098, 194.256744843, 159.873996955)
(-20520.6265737, 194.302655594, 159.872019486)
(-20520.5693812, 194.362244111, 159.869452846)
(-20520.5232141, 194.409685477, 159.867409537)
(-20520.4714001, 194.462948581, 159.865115402)
(-20520.4275859, 194.506888836, 159.863222766)
(-20520.3707695, 194.562881033, 159.860811077)
(-20520.3254734, 194.607036253, 159.858909215)
(-20520.2694863, 194.661961897, 159.856543466)
(-20520.226339, 194.703571612, 159.854751261)
(-20520.1772522, 194.751889534, 159.852670131)
(-20520.1207672, 194.810365091, 159.85015153)
(-20520.0765825, 194.855688504, 159.848199336)
(-20520.0260867, 194.907374358, 159.845973177)
(-20519.9804414, 194.952976232, 159.844008961)
(-20519.9207293, 195.011843106, 159.84147345)
(-20519.8716399, 195.065241989, 159.839338029)
(-20519.8299745, 195.122665617, 159.837961889)
(-20519.7940315, 195.171857621, 159.836797811)
(-20519.7530346, 195.234475331, 159.835394887)
(-20519.7098287, 195.308954857, 159.833586798)
(-20519.6763244, 195.373152183, 159.832123584)
(-20519.6454627, 195.436508587, 159.830724492)
(-20519.6182161, 195.483540583, 159.829755728)
(-20519.5814408, 195.547390443, 159.828534904)
(-20519.5514259, 195.600677215, 159.828532728)
(-20519.5139112, 195.667240057, 159.828532826)
(-20519.4754856, 195.733487593, 159.828532829)
(-20519.419017, 195.8306754, 159.828532897)
(-20519.3874942, 195.883690768, 159.828532863)
(-20519.356809, 195.935198561, 159.828532864)
(-20519.3176129, 196.001262175, 159.828532855)
(-20519.2633902, 196.092487791, 159.828532854)
(-20519.2255915, 196.156006783, 159.828532852)
(-20519.1832916, 196.226936213, 159.828532853)
(-20519.1306987, 196.315302547, 159.828532851)
(-20519.0890533, 196.385192201, 159.828532852)
(-20519.049955, 196.450833488, 159.828532851)
(-20518.9966438, 196.540206749, 159.828532852)
(-20518.9695775, 196.585619425, 159.828532852)
(-20518.9215761, 196.66614421, 159.828532853)
(-20518.8841477, 196.728941217, 159.828532852)
(-20518.8418543, 196.799897066, 159.828532852)
(-20518.7939016, 196.865818298, 159.828532468)
(-20518.7425299, 196.924436866, 159.828532717)
(-20518.7012174, 196.969365044, 159.828532964)
(-20518.6525948, 197.023658402, 159.828532898)
(-20518.60171, 197.080251893, 159.828532866)
(-20518.5566417, 197.130283512, 159.82853284)
(-20518.4987615, 197.194331011, 159.828532841)
(-20518.4594138, 197.237359359, 159.828532848)
(-20518.4092997, 197.291812735, 159.828532839)
(-20518.364807, 197.340665924, 159.828532854)
(-20518.303209, 197.408570004, 159.828532853)
(-20518.2561532, 197.461149286, 159.828532854)
(-20518.2004012, 197.523730258, 159.828532866)
(-20518.1594264, 197.56863897, 159.828532848)
(-20518.1057177, 197.627089463, 159.828532851)
(-20518.0653665, 197.671341536, 159.828532863)
(-20518.0106625, 197.731564092, 159.82853285)
(-20517.9694945, 197.777298623, 159.828532859)
(-20517.9083182, 197.845601424, 159.828532853)
(-20517.8657418, 197.891323438, 159.82853286)
(-20517.8084473, 197.950254513, 159.828532826)
(-20517.7713442, 197.987449918, 159.828532833)
(-20517.7152968, 198.043115586, 159.828532831)
(-20517.6703525, 198.088112341, 159.828532855)
(-20517.6124208, 198.146389008, 159.828532853)
(-20517.5600373, 198.199125732, 159.828532847)
(-20517.5062465, 198.253373637, 159.828532851)
(-20517.463524, 198.296500845, 159.828532852)
(-20517.411254, 198.349351499, 159.828532851)
(-20517.3662204, 198.39484753, 159.828532851)
(-20517.3087394, 198.453004163, 159.828532852)
(-20517.2596713, 198.502642346, 159.828532851)
(-20517.2057095, 198.557311613, 159.828532854)
(-20517.1589874, 198.605180327, 159.828532842)
(-20517.0905431, 198.675690891, 159.828532857)
(-20517.040575, 198.72779369, 159.828532856)
(-20516.9812627, 198.789888398, 159.828532846)
(-20516.9344271, 198.837788243, 159.828532854)
(-20516.8775174, 198.89547893, 159.828532848)
(-20516.8335834, 198.93980784, 159.828532846)
(-20516.7825828, 198.991068592, 159.82853285)
(-20516.7330889, 199.040891191, 159.828532854)
(-20516.6745272, 199.099752776, 159.828532851)
(-20516.6281803, 199.146290667, 159.828532852)
(-20516.5613614, 199.213253259, 159.828532854)
(-20516.5217213, 199.253050555, 159.828532853)
(-20516.4700965, 199.304817138, 159.828532853)
(-20516.4246162, 199.350454169, 159.828532845)
(-20516.3619087, 199.413332223, 159.828532852)
(-20516.3126294, 199.462766246, 159.828532852)
(-20516.2508083, 199.524770927, 159.828532853)
(-20516.2024041, 199.573326619, 159.828532852)
(-20516.1350443, 199.640894216, 159.828532852)
(-20516.0851834, 199.690913982, 159.828532851)
(-20516.0324065, 199.74385994, 159.828532851)
(-20515.9895433, 199.786859892, 159.828532852)
(-20515.9440556, 199.83249198, 159.828532852)
(-20515.882821, 199.893919033, 159.828532852)
(-20515.8381977, 199.938664207, 159.828532851)
(-20515.7792354, 199.997700383, 159.828532852)
(-20515.7357608, 200.041257414, 159.828532852)
(-20515.6849549, 200.092090466, 159.828532852)
(-20515.6443878, 200.132712749, 159.828532852)
(-20515.5903859, 200.186770719, 159.828532852)
(-20515.5381406, 200.23907614, 159.828532854)
(-20515.4727082, 200.304489987, 159.828532852)
(-20515.4297888, 200.347432632, 159.828532851)
(-20515.3784016, 200.398847676, 159.828532852)
(-20515.3375273, 200.439747135, 159.828532851)
(-20515.27826, 200.499052756, 159.828532851)
(-20515.2347598, 200.542583571, 159.82853285)
(-20515.1807506, 200.596633639, 159.82853285)
(-20515.1302463, 200.647178727, 159.828532853)
(-20515.0850164, 200.692481514, 159.828532855)
(-20515.0310805, 200.746593586, 159.82853285)
(-20514.9873187, 200.790447583, 159.828532849)
(-20514.9298678, 200.84806086, 159.82853285)
(-20514.8837753, 200.894258331, 159.828532852)
(-20514.8353476, 200.942792019, 159.828532852)
(-20514.788375, 200.989860966, 159.828532853)
(-20514.7282596, 201.050071202, 159.828532853)
(-20514.6806912, 201.09771084, 159.828532851)
(-20514.6079662, 201.170436602, 159.828532855)
(-20514.5606713, 201.217767001, 159.828532853)
(-20514.5043139, 201.274142809, 159.828532852)
(-20514.4357025, 201.342787184, 159.828532858)
(-20514.3752659, 201.403248408, 159.82853285)
(-20514.3227103, 201.455831828, 159.828532852)
(-20514.2745344, 201.504027445, 159.828532852)
(-20514.2351182, 201.543464473, 159.828532852)
(-20514.1863584, 201.592249647, 159.828532852)
(-20514.1250415, 201.653591952, 159.82853285)
(-20514.0762829, 201.702377852, 159.828532851)
(-20514.0140937, 201.764602715, 159.828532851)
(-20513.9662137, 201.81251498, 159.82853285)
(-20513.9005266, 201.878251175, 159.82853285)
(-20513.8538132, 201.924995109, 159.828532851)
(-20513.784327, 201.99452527, 159.828532851)
(-20513.7238892, 202.054997208, 159.828532852)
(-20513.6663704, 202.112546446, 159.828532852)
(-20513.6184859, 202.160455335, 159.828532852)
(-20513.5560001, 202.222968465, 159.828532852)
(-20513.5008154, 202.278178741, 159.828532852)
(-20513.4482545, 202.330753842, 159.828532852)
(-20513.404164, 202.374862529, 159.828532852)
(-20513.3358361, 202.44320866, 159.82853285)
(-20513.2926205, 202.486440225, 159.828532852)
(-20513.2161161, 202.562965737, 159.828532852)
(-20513.1661847, 202.612915496, 159.828532852)
(-20513.1001909, 202.678930063, 159.828532852)
(-20513.045297, 202.73384693, 159.828532851)
(-20512.9857311, 202.793437835, 159.828532851)
(-20512.9393052, 202.839884041, 159.828532851)
(-20512.8893751, 202.889835732, 159.828532851)
(-20512.8420715, 202.937157614, 159.828532852)
(-20512.7851308, 202.994117337, 159.828532852)
(-20512.7372427, 203.042021576, 159.828532852)
(-20512.6870166, 203.092258876, 159.828532852)
(-20512.642339, 203.136949276, 159.828532852)
(-20512.590069, 203.189225721, 159.828532851)
(-20512.5336605, 203.245556362, 159.828532852)
(-20512.4772817, 203.301908312, 159.828532851)
(-20512.4118473, 203.367312959, 159.828532852)
(-20512.3586838, 203.420456017, 159.828532851)
(-20512.2990939, 203.48002318, 159.828532851)
(-20512.2514817, 203.527619489, 159.828532851)
(-20512.1924785, 203.586605014, 159.828532851)
(-20512.1527545, 203.626318733, 159.82853285)
(-20512.1001808, 203.67888261, 159.82853285)
(-20512.0543249, 203.724730614, 159.82853285)
(-20511.9886388, 203.790462881, 159.828532849)
(-20511.9387034, 203.840409739, 159.82853285)
(-20511.8735937, 203.905552655, 159.828532851)
(-20511.8268722, 203.952288269, 159.828532851)
(-20511.772559, 204.006618189, 159.828532851)
(-20511.7337208, 204.045466235, 159.828532851)
(-20511.6773616, 204.101838927, 159.828532851)
(-20511.6309304, 204.148280341, 159.828532851)
(-20511.5681463, 204.211078455, 159.828532851)
(-20511.517042, 204.262192246, 159.828532852)
(-20511.453964, 204.32528032, 159.828532852)
(-20511.4031512, 204.376101601, 159.828532852)
(-20511.3429925, 204.436268643, 159.828532852)
(-20511.3067812, 204.472485867, 159.828532852)
(-20511.2603485, 204.518925456, 159.828532852)
(-20511.2133326, 204.565949725, 159.828532851)
(-20511.1528833, 204.626409909, 159.828532851)
(-20511.1009041, 204.678400789, 159.828532851)
(-20511.0389965, 204.740322963, 159.828532851)
(-20510.9931508, 204.786181452, 159.828532851)
(-20510.944094, 204.83525386, 159.828532851)
(-20510.8868597, 204.892504037, 159.828532851)
(-20510.8445174, 204.934856743, 159.828532851)
(-20510.7834864, 204.995903356, 159.828532851)
(-20510.7437712, 205.035626413, 159.828532852)
(-20510.6938346, 205.085571457, 159.828532852)
(-20510.6511982, 205.128214435, 159.828532852)
(-20510.5919152, 205.18750489, 159.828532852)
(-20510.5440219, 205.235404325, 159.828532852)
(-20510.4894111, 205.290020377, 159.828532852)
(-20510.441809, 205.337627037, 159.828532852)
(-20510.3980034, 205.381437214, 159.828532852)
(-20510.3398846, 205.439556049, 159.828532852)
(-20510.2902383, 205.489206532, 159.828532852)
(-20510.2294931, 205.549954283, 159.828532852)
(-20510.1807233, 205.598729418, 159.828532852)
(-20510.1208549, 205.658602866, 159.828532852)
(-20510.0790946, 205.700368984, 159.828532851)
(-20510.0276895, 205.75176473, 159.828532845)
(-20509.9797996, 205.797318664, 159.828532848)
(-20509.9347269, 205.83787387, 159.828532836)
(-20509.8757077, 205.888029045, 159.828532844)
(-20509.8203154, 205.928670041, 159.828532851)
(-20509.7484416, 205.971902891, 159.828532863)
(-20509.68515, 206.009642028, 159.828532851)
(-20509.6129621, 206.053983071, 159.828532853)
(-20509.5573307, 206.088158672, 159.828532855)
(-20509.5009605, 206.122720707, 159.828532836)
(-20509.4479759, 206.154863808, 159.828532859)
(-20509.380798, 206.195500916, 159.828532858)
(-20509.3274902, 206.227898002, 159.828532852)
(-20509.2501119, 206.274817586, 159.828532853)
(-20509.1928314, 206.309469818, 159.828532853)
(-20509.1146255, 206.356646236, 159.828532851)
(-20509.0527665, 206.394047683, 159.828532852)
(-20508.9838082, 206.435690436, 159.828532854)
(-20508.9290104, 206.468801164, 159.828532853)
(-20508.8717094, 206.503380086, 159.828532853)
(-20508.820086, 206.534554964, 159.828532854)
(-20508.7489971, 206.577453857, 159.828532852)
(-20508.6927748, 206.611393771, 159.828532857)
(-20508.6117778, 206.660256514, 159.828532852)
(-20508.5410498, 206.702935564, 159.828532855)
(-20508.467461, 206.747293477, 159.828532854)
(-20508.3984893, 206.788887053, 159.828532852)
(-20508.3337319, 206.827894302, 159.828532854)
(-20508.2771323, 206.86200887, 159.828532851)
(-20508.2166249, 206.898455807, 159.828532853)
(-20508.151587, 206.943186698, 159.828532866)
(-20508.0913305, 206.989970556, 159.828532716)
(-20508.0385236, 207.035266399, 159.828532738)
(-20507.9746941, 207.092845178, 159.82853284)
(-20507.9281756, 207.13492545, 159.828532878)
(-20507.8564886, 207.199675678, 159.828532866)
(-20507.8109382, 207.241008736, 159.828532856)
(-20507.7233339, 207.320772941, 159.828532854)
(-20507.6711563, 207.368336039, 159.828532846)
(-20507.5873163, 207.444912725, 159.828532849)
(-20507.5259607, 207.500836695, 159.828532852)
(-20507.4722165, 207.549792223, 159.828532844)
(-20507.4139665, 207.601862307, 159.828532852)
(-20507.3681633, 207.642410761, 159.828532852)
(-20507.2967122, 207.706257288, 159.828532851)
(-20507.2212808, 207.773705052, 159.828532854)
(-20507.1772431, 207.813628711, 159.828532873)
(-20507.0998496, 207.884380391, 159.828532868)
(-20507.062177, 207.919686605, 159.828532868)
(-20507.0067996, 207.972881795, 159.828532864)
(-20506.9530108, 208.025839631, 159.828532843)
(-20506.8925266, 208.086112118, 159.828532847)
(-20506.8420531, 208.13610611, 159.828532857)
(-20506.7733238, 208.204065077, 159.828532854)
(-20506.722473, 208.254272142, 159.828532854)
(-20506.6609769, 208.314868804, 159.828532851)
(-20506.6159907, 208.359250826, 159.828532856)
(-20506.5671502, 208.407377057, 159.828532852)
(-20506.5165525, 208.457245539, 159.828532854)
(-20506.4562003, 208.516639705, 159.828532853)
(-20506.3884919, 208.583274801, 159.828532853)
(-20506.3393044, 208.631635925, 159.828532853)
(-20506.2732673, 208.696447924, 159.828532852)
(-20506.2195891, 208.748539703, 159.828532835)
(-20506.1637108, 208.802514258, 159.828532855)
(-20506.1216294, 208.84337034, 159.828532854)
(-20506.0691455, 208.894270776, 159.828532853)
(-20506.0207139, 208.941588156, 159.828532852)
(-20505.9529442, 209.008105426, 159.828532853)
(-20505.9068918, 209.053712572, 159.828532842)
(-20505.8454447, 209.114885758, 159.828532851)
(-20505.7929919, 209.166970796, 159.82853285)
(-20505.72915, 209.230445134, 159.828532856)
(-20505.673781, 209.285465648, 159.828532852)
(-20505.6149483, 209.344024795, 159.828532852)
(-20505.579214, 209.379550372, 159.828532851)
(-20505.5314866, 209.427027934, 159.828532856)
(-20505.481112, 209.477119541, 159.828532852)
(-20505.4178599, 209.540033387, 159.828532858)
(-20505.3695383, 209.588088727, 159.828532852)
(-20505.3109702, 209.646339394, 159.828532852)
(-20505.2685057, 209.688569999, 159.828532852)
(-20505.2152061, 209.741577231, 159.828532852)
(-20505.1721557, 209.784390059, 159.828532852)
(-20505.1147573, 209.841474552, 159.82853285)
(-20505.0629593, 209.893054926, 159.828532852)
(-20505.0033182, 209.952556628, 159.828532853)
(-20504.9538756, 210.001827712, 159.82853285)
(-20504.8889681, 210.066584456, 159.828532851)
(-20504.8398307, 210.11557587, 159.828532851)
(-20504.7781374, 210.17712486, 159.828532852)
(-20504.7243272, 210.230790367, 159.828532852)
(-20504.6638035, 210.29117422, 159.828532852)
(-20504.6167236, 210.338134648, 159.828532852)
(-20504.5614601, 210.393266622, 159.828532854)
(-20504.512919, 210.44168716, 159.828532852)
(-20504.4497597, 210.504694436, 159.828532852)
(-20504.4000492, 210.554281887, 159.828532852)
(-20504.3325053, 210.621664266, 159.828532852)
(-20504.2871817, 210.666876771, 159.828532852)
(-20504.2327951, 210.721133647, 159.828532852)
(-20504.1912726, 210.762554474, 159.828532852)
(-20504.1304529, 210.82322742, 159.828532852)
(-20504.0652479, 210.888276511, 159.828532852)
(-20504.0161257, 210.937283582, 159.828532852)
(-20503.9500802, 211.003241058, 159.828532851)
(-20503.8992162, 211.054011032, 159.828532852)
(-20503.8574274, 211.095746361, 159.828532854)
(-20503.8077401, 211.145356018, 159.828532852)
(-20503.7461157, 211.206969489, 159.828532852)
(-20503.6932292, 211.259806741, 159.828532853)
(-20503.6388824, 211.314102412, 159.828532853)
(-20503.5836567, 211.369272395, 159.828532853)
(-20503.5322301, 211.420647916, 159.828532853)
(-20503.4866466, 211.466184908, 159.828532853)
(-20503.4398948, 211.512889661, 159.828532853)
(-20503.3855453, 211.567183327, 159.828532853)
(-20503.3285664, 211.624104202, 159.828532853)
(-20503.2791845, 211.673435798, 159.828532853)
(-20503.2286341, 211.723935533, 159.828532853)
(-20503.1801295, 211.772392129, 159.828532853)
(-20503.133963, 211.818513502, 159.828532852)
(-20503.0802009, 211.872225657, 159.828532852)
(-20503.0316962, 211.920682509, 159.828532853)
(-20502.9644922, 211.987822576, 159.828532852)
(-20502.9215393, 212.030733179, 159.828532853)
(-20502.8555042, 212.096704531, 159.828532853)
(-20502.8043701, 212.147788473, 159.828532853)
(-20502.7392116, 212.212885548, 159.828532852)
(-20502.6918761, 212.260174988, 159.828532853)
(-20502.6357765, 212.316222423, 159.828532852)
(-20502.5899027, 212.362052579, 159.828532853)
(-20502.5294204, 212.422479709, 159.828532852)
(-20502.4791638, 212.472689521, 159.828532852)
(-20502.4283259, 212.523484981, 159.828532852)
(-20502.3833302, 212.568440837, 159.828532852)
(-20502.3339589, 212.61778161, 159.828532857)
(-20502.2752927, 212.676510394, 159.828532853)
(-20502.2285654, 212.723240738, 159.828532853)
(-20502.1754137, 212.776395464, 159.828532853)
(-20502.1283933, 212.823415887, 159.828532853)
(-20502.0664788, 212.885331053, 159.828532853)
(-20502.0235457, 212.928261628, 159.828532853)
(-20501.9598763, 212.991926749, 159.828532853)
(-20501.9172345, 213.034564272, 159.828532853)
(-20501.856484, 213.095307404, 159.828532854)
(-20501.8059559, 213.145829131, 159.828532854)
(-20501.7563033, 213.195474029, 159.828532854)
(-20501.6999328, 213.251835382, 159.828532854)
(-20501.6476509, 213.304108175, 159.828532854)
(-20501.59274, 213.359009118, 159.828532854)
(-20501.509204, 213.442516031, 159.828532849)
(-20501.4504944, 213.501210756, 159.828532854)
(-20501.3952911, 213.556402875, 159.828532854)
(-20501.3357052, 213.615974434, 159.828532854)
(-20501.2875125, 213.664158224, 159.828532853)
(-20501.2241312, 213.727527376, 159.828532853)
(-20501.1706826, 213.780969003, 159.828532853)
(-20501.0886114, 213.863030802, 159.828532853)
(-20501.0383743, 213.913259524, 159.828532853)
(-20500.9516267, 213.999990638, 159.828532853)
(-20500.8780218, 214.073580362, 159.828532854)
(-20500.8117152, 214.139865271, 159.828532854)
(-20500.749793, 214.201772484, 159.828532854)
(-20500.6937106, 214.257838124, 159.828532854)
(-20500.6458082, 214.305728497, 159.828532853)
(-20500.5891418, 214.362378516, 159.828532853)
(-20500.5459133, 214.405596619, 159.828532853)
(-20500.4860349, 214.465459295, 159.828532853)
(-20500.4381333, 214.513350324, 159.828532853)
(-20500.376503, 214.574966143, 159.828532853)
(-20500.3230529, 214.628406492, 159.828532853)
(-20500.263177, 214.688271768, 159.828532853)
(-20500.2234556, 214.72798807, 159.828532852)
(-20500.1714679, 214.779970352, 159.828532852)
(-20500.1142241, 214.837210264, 159.828532852)
(-20500.0561033, 214.895326388, 159.828532852)
(-20500.011125, 214.940300347, 159.828532852)
(-20499.9576779, 214.993743845, 159.828532852)
(-20499.912991, 215.038425156, 159.828532853)
(-20499.8463991, 215.105008552, 159.828532853)
(-20499.7914889, 215.159910071, 159.828532853)
(-20499.734534, 215.216855255, 159.828532853)
(-20499.6974402, 215.253942605, 159.828532853)
(-20499.6352277, 215.316144035, 159.828532853)
(-20499.5893717, 215.361992209, 159.828532853)
(-20499.5312484, 215.420105448, 159.828532853)
(-20499.4938628, 215.457484995, 159.828532853)
(-20499.439537, 215.511802277, 159.828532853)
(-20499.386672, 215.56465971, 159.828532853)
(-20499.3247529, 215.626570574, 159.828532852)
(-20499.272765, 215.678553071, 159.828532852)
(-20499.214353, 215.736961376, 159.828532852)
(-20499.1743416, 215.776971491, 159.828532852)
(-20499.1121385, 215.839182868, 159.828532852)
(-20499.0668697, 215.884451002, 159.828532852)
(-20498.9999902, 215.951331251, 159.828532852)
(-20498.9482955, 216.003023242, 159.828532852)
(-20498.8799542, 216.071361616, 159.828532853)
(-20498.8297189, 216.121592475, 159.828532853)
(-20498.7637121, 216.187593051, 159.828532853)
(-20498.7102637, 216.241035681, 159.828532853)
(-20498.6483453, 216.302947055, 159.828532853)
(-20498.6068715, 216.34441591, 159.828532853)
(-20498.5507939, 216.400486167, 159.828532853)
(-20498.4929645, 216.458309037, 159.828532853)
(-20498.4342587, 216.517008, 159.828532853)
(-20498.3781824, 216.573079257, 159.828532853)
(-20498.3171414, 216.634115846, 159.828532852)
(-20498.2695359, 216.681719118, 159.828532852)
(-20498.213462, 216.737792601, 159.828532852)
(-20498.1728673, 216.778387835, 159.828532852)
(-20498.1132915, 216.837968425, 159.828532851)
(-20498.0633502, 216.887909727, 159.828532852)
(-20497.9947185, 216.956542525, 159.828532852)
(-20497.9389354, 217.01232313, 159.828532852)
(-20497.8802324, 217.071024562, 159.828532852)
(-20497.8378834, 217.113371003, 159.828532853)
(-20497.7727538, 217.178496518, 159.828532853)
(-20497.7333252, 217.217921966, 159.828532853)
(-20497.6801698, 217.271073097, 159.828532853)
(-20497.631395, 217.319843572, 159.828532853)
(-20497.5642201, 217.387012497, 159.828532853)
(-20497.5151534, 217.436075139, 159.828532853)
(-20497.447687, 217.503536365, 159.828532853)
(-20497.3957002, 217.555519723, 159.828532853)
(-20497.3337838, 217.617433297, 159.828532852)
(-20497.2838422, 217.667373458, 159.828532852)
(-20497.2374061, 217.713809489, 159.828532852)
(-20497.1787059, 217.772512941, 159.828532852)
(-20497.1296435, 217.821579615, 159.828532851)
(-20497.0701028, 217.881190734, 159.828532855)
(-20497.0192983, 217.932021355, 159.828532853)
(-20496.96791, 217.983434987, 159.828532852)
(-20496.9179793, 218.033386449, 159.828532853)
(-20496.8674642, 218.08392123, 159.828532853)
(-20496.8137365, 218.137668514, 159.828532853)
(-20496.7553354, 218.1960882, 159.828532853)
(-20496.7018984, 218.249542407, 159.828532853)
(-20496.6370709, 218.314381965, 159.828532849)
(-20496.5897648, 218.361700165, 159.828532854)
(-20496.5401217, 218.411346756, 159.828532855)
(-20496.4878504, 218.463629155, 159.828532854)
(-20496.4364545, 218.5150271, 159.82853286)
(-20496.3718601, 218.579527313, 159.828532852)
(-20496.3128503, 218.638505074, 159.828532853)
(-20496.2628978, 218.688433924, 159.828532852)
(-20496.2100249, 218.741283105, 159.828532852)
(-20496.1653329, 218.785958333, 159.828532851)
(-20496.1168512, 218.834437036, 159.82853286)
(-20496.0636899, 218.887583697, 159.828532852)
(-20495.9991387, 218.952118691, 159.828532852)
(-20495.9456851, 219.005556048, 159.828532852)
(-20495.8752911, 219.075930924, 159.828532852)
(-20495.8244656, 219.126739948, 159.828532852)
(-20495.7587445, 219.192441785, 159.828532852)
(-20495.7105484, 219.240622608, 159.828532852)
(-20495.6515457, 219.299608378, 159.828532852)
(-20495.6088993, 219.342241515, 159.828532852)
(-20495.5513571, 219.399767781, 159.828532852)
(-20495.5040378, 219.447073213, 159.828532852)
(-20495.4444522, 219.506643689, 159.828532852)
(-20495.3974255, 219.553657843, 159.828532852)
(-20495.3407623, 219.610310729, 159.828532851)
(-20495.2966578, 219.654406209, 159.828532851)
(-20495.2385516, 219.712532386, 159.828532856)
(-20495.1798591, 219.771242978, 159.828532853)
(-20495.1065884, 219.844579115, 159.82853286)
(-20495.0514044, 219.899791604, 159.828532852)
(-20494.9962214, 219.955003396, 159.828532852)
(-20494.9322755, 220.01897676, 159.828532853)
(-20494.8630739, 220.088207713, 159.828532853)
(-20494.797374, 220.153931471, 159.828532853)
(-20494.7366372, 220.214688316, 159.828532853)
(-20494.6729797, 220.278365596, 159.828532853)
(-20494.6020177, 220.349340673, 159.828532856)
(-20494.5459513, 220.405421533, 159.828532854)
(-20494.4709007, 220.480486471, 159.828532853)
(-20494.4136654, 220.537735046, 159.828532853)
(-20494.3543839, 220.597021838, 159.828532851)
(-20494.2837152, 220.667705583, 159.828532854)
(-20494.2215144, 220.729910352, 159.828532851)
(-20494.1622348, 220.789203007, 159.828532853)
(-20494.0915654, 220.859886501, 159.828532853)
(-20494.0465945, 220.904867271, 159.828532853)
(-20493.9820577, 220.969417602, 159.828532853)
(-20493.9324134, 221.019071058, 159.828532853)
(-20493.8684588, 221.083034766, 159.828532853)
(-20493.8170615, 221.134439483, 159.828532853)
(-20493.7525225, 221.198979694, 159.828532854)
(-20493.7025839, 221.248922712, 159.828532853)
(-20493.6508931, 221.300608694, 159.828532854)
(-20493.6029979, 221.348505787, 159.828532854)
(-20493.548677, 221.402818589, 159.828532853)
(-20493.4755979, 221.475774639, 159.828532854)
(-20493.408984, 221.54233522, 159.828532852)
(-20493.3558116, 221.595469492, 159.828532852)
(-20493.2912466, 221.659990991, 159.828532852)
(-20493.2459647, 221.705244254, 159.828532851)
(-20493.19047, 221.760726926, 159.828532851)
(-20493.1422707, 221.808905403, 159.828532851)
(-20493.0710208, 221.880174226, 159.828532852)
(-20493.0239976, 221.927191738, 159.828532852)
(-20492.9486457, 222.002537755, 159.828532851)
(-20492.9051267, 222.046050654, 159.828532852)
(-20492.8493415, 222.101829492, 159.828532852)
(-20492.8046538, 222.146509846, 159.828532852)
(-20492.7366012, 222.214552671, 159.828532852)
(-20492.6945421, 222.256604578, 159.828532852)
(-20492.635543, 222.315594502, 159.828532852)
(-20492.5879349, 222.363195384, 159.828532852)
(-20492.5292297, 222.421894297, 159.828532852)
(-20492.4787012, 222.472415631, 159.828532852)
(-20492.4051007, 222.546009236, 159.828532852)
(-20492.3557411, 222.595363477, 159.828532852)
(-20492.2917847, 222.659324387, 159.828532849)
(-20492.234835, 222.716274315, 159.828532851)
(-20492.1875267, 222.763590871, 159.828532857)
(-20492.1370199, 222.814132395, 159.828532853)
(-20492.0667318, 222.884600553, 159.828532852)
(-20492.0112783, 222.940128404, 159.828532853)
(-20491.9432717, 223.008218304, 159.828532854)
(-20491.8945256, 223.057012958, 159.828532854)
(-20491.8346448, 223.116880013, 159.828532854)
(-20491.7864667, 223.165077275, 159.828532853)
(-20491.7362269, 223.215306264, 159.828532853)
(-20491.6786968, 223.272838498, 159.828532855)
(-20491.6143761, 223.337030119, 159.828532852)
(-20491.5500981, 223.401253669, 159.828532852)
(-20491.4896196, 223.461684225, 159.828532852)
(-20491.4455036, 223.505767538, 159.828532852)
(-20491.3911625, 223.560069894, 159.828532852)
(-20491.3344852, 223.61670841, 159.828532852)
(-20491.2634974, 223.687656146, 159.828532851)
(-20491.2152981, 223.735834341, 159.828532854)
(-20491.1490326, 223.802153991, 159.828532851)
(-20491.1023063, 223.848884973, 159.828532852)
(-20491.0298821, 223.921317543, 159.828532852)
(-20490.9781901, 223.973012169, 159.828532852)
(-20490.9130645, 224.0381419, 159.828532852)
(-20490.8677965, 224.083410314, 159.828532853)
(-20490.8099706, 224.141236697, 159.828532852)
(-20490.7614898, 224.189717046, 159.828532853)
(-20490.6902287, 224.260977104, 159.828532853)
(-20490.632986, 224.318218675, 159.828532853)
(-20490.5666894, 224.38451352, 159.828532853)
(-20490.5103229, 224.440878844, 159.828532853)
(-20490.4486992, 224.502500976, 159.828532853)
(-20490.4060596, 224.545140364, 159.828532852)
(-20490.3502779, 224.600922372, 159.828532852)
(-20490.2965414, 224.654660394, 159.828532852)
(-20490.2287875, 224.722418129, 159.828532852)
(-20490.1765125, 224.774697712, 159.828532852)
(-20490.1105137, 224.840706535, 159.828532851)
(-20490.0614504, 224.889772883, 159.828532852)
(-20490.0097596, 224.941467838, 159.828532852)
(-20489.9636157, 224.987612757, 159.828532853)
(-20489.8996569, 225.051572771, 159.828532852)
(-20489.8479634, 225.103265694, 159.828532853)
(-20489.7828354, 225.168392604, 159.828532853)
(-20489.7229639, 225.228262336, 159.828532853)
(-20489.6616318, 225.289591823, 159.828532853)
(-20489.6055568, 225.345664637, 159.828532853)
(-20489.5436401, 225.407577993, 159.828532853)
(-20489.4998316, 225.451384858, 159.828532853)
(-20489.4507658, 225.50044842, 159.828532853)
(-20489.3987802, 225.552432982, 159.828532853)
(-20489.3298555, 225.621356573, 159.828532852)
(-20489.2743666, 225.676846754, 159.828532852)
(-20489.2039839, 225.747232971, 159.828532852)
(-20489.1546297, 225.796592258, 159.828532851)
(-20489.0915541, 225.859682126, 159.828532851)
(-20489.0433678, 225.907873208, 159.828532852)
(-20488.9706515, 225.980598496, 159.828532852)
(-20488.9134107, 226.037842545, 159.828532852)
(-20488.8418604, 226.109397361, 159.828532852)
(-20488.7843266, 226.166932216, 159.828532853)
(-20488.7343859, 226.216873128, 159.828532853)
(-20488.668674, 226.282584383, 159.828532853)
(-20488.6190247, 226.332232719, 159.828532853)
(-20488.5647017, 226.386553265, 159.828532853)
(-20488.5130082, 226.438245823, 159.828532853)
(-20488.4434986, 226.507752712, 159.828532853)
(-20488.3950183, 226.556233194, 159.828532853)
(-20488.3161642, 226.635087037, 159.828532852)
(-20488.2717739, 226.679479844, 159.828532852)
(-20488.2022686, 226.748991292, 159.828532852)
(-20488.1511615, 226.800102488, 159.828532852)
(-20488.0679316, 226.883341422, 159.828532852)
(-20488.0203282, 226.93094724, 159.828532852)
(-20487.9481933, 227.003085904, 159.828532852)
(-20487.8661268, 227.085152736, 159.828532853)
(-20487.7752973, 227.175979622, 159.828532853)
(-20487.720683, 227.230592524, 159.828532853)
(-20487.6573059, 227.293965728, 159.828532853)
(-20487.6044435, 227.346825971, 159.828532853)
(-20487.5264626, 227.424800992, 159.828532853)
(-20487.4785652, 227.472696297, 159.828532853)
(-20487.4134351, 227.537821072, 159.828532853)
(-20487.3640786, 227.587177297, 159.828532852)
(-20487.2808445, 227.670412539, 159.828532852)
(-20487.222436, 227.728824469, 159.828532852)
(-20487.1397893, 227.811479118, 159.828532852)
(-20487.0796296, 227.871644268, 159.828532852)
(-20487.0069143, 227.944370527, 159.828532852)
(-20486.9505487, 228.000737659, 159.828532852)
(-20486.8973956, 228.053891296, 159.828532853)
(-20486.850083, 228.101203593, 159.828532853)
(-20486.7913799, 228.159905331, 159.828532853)
(-20486.7411465, 228.210137537, 159.828532853)
(-20486.6757255, 228.275555599, 159.828532853)
(-20486.6067996, 228.344478116, 159.828532853)
(-20486.5553976, 228.395878328, 159.828532853)
(-20486.4879317, 228.463340176, 159.828532853)
(-20486.4438314, 228.507439132, 159.828532853)
(-20486.3778263, 228.573441459, 159.828532853)
(-20486.335771, 228.615496747, 159.828532852)
(-20486.2747323, 228.676535568, 159.828532852)
(-20486.2247929, 228.726477651, 159.828532852)
(-20486.1585001, 228.792776264, 159.828532852)
(-20486.1103138, 228.840966722, 159.828532852)
(-20486.0492787, 228.902008872, 159.828532852)
(-20486.0022594, 228.949030701, 159.828532852)
(-20485.9388859, 229.012407745, 159.828532852)
(-20485.886901, 229.064393374, 159.828532852)
(-20485.818561, 229.132733602, 159.828532852)
(-20485.7689121, 229.182382243, 159.828532852)
(-20485.7102092, 229.241083981, 159.828532853)
(-20485.6628963, 229.288395809, 159.828532853)
(-20485.5980593, 229.353230091, 159.828532853)
(-20485.5475339, 229.403754343, 159.828532852)
(-20485.4891225, 229.462163497, 159.828532852)
(-20485.4292519, 229.522033742, 159.828532852)
(-20485.3620795, 229.589205161, 159.828532852)
(-20485.3106792, 229.640606756, 159.828532852)
(-20485.2528541, 229.698434026, 159.828532852)
(-20485.208172, 229.743119769, 159.828532852)
(-20485.1506414, 229.800657103, 159.828532852)
(-20485.0974894, 229.853812268, 159.828532852)
(-20485.033532, 229.917773367, 159.828532852)
(-20484.9762903, 229.975016199, 159.828532852)
(-20484.9102868, 230.041020075, 159.828532852)
(-20484.8559648, 230.095341456, 159.828532852)
(-20484.8080675, 230.143237162, 159.828532853)
(-20484.7625068, 230.188796448, 159.828532853)
(-20484.6900763, 230.261223444, 159.828532853)
(-20484.6377981, 230.313499722, 159.828532853)
(-20484.5668272, 230.384466209, 159.828532853)
(-20484.5130888, 230.438202498, 159.828532853)
(-20484.4365688, 230.514717463, 159.828532853)
(-20484.3778658, 230.573418986, 159.828532852)
(-20484.3130288, 230.638253129, 159.828532852)
(-20484.2619204, 230.689362271, 159.828532852)
(-20484.1944575, 230.756827098, 159.828532852)
(-20484.1477316, 230.803557224, 159.828532852)
(-20484.0875737, 230.863723903, 159.828532852)
(-20484.0350056, 230.916295053, 159.828532852)
(-20483.9675436, 230.983760957, 159.828532852)
(-20483.8948226, 231.056482166, 159.828532852)
(-20483.8416686, 231.109635056, 159.828532852)
(-20483.7695302, 231.181770096, 159.828532853)
(-20483.7128711, 231.238426785, 159.828532853)
(-20483.6407313, 231.310560984, 159.828532853)
(-20483.5817352, 231.369553717, 159.828532853)
(-20483.5049216, 231.446358993, 159.828532853)
(-20483.4362877, 231.514988784, 159.828532852)
(-20483.3717436, 231.579531486, 159.828532852)
(-20483.3101193, 231.641153004, 159.828532852)
(-20483.259595, 231.691678128, 159.828532852)
(-20483.1927163, 231.758558986, 159.828532852)
(-20483.1404421, 231.810838369, 159.828532851)
(-20483.0814528, 231.869837577, 159.828532851)
(-20483.0353099, 231.915983748, 159.828532852)
(-20482.9809905, 231.970307584, 159.828532852)
(-20482.9275456, 232.023753972, 159.828532852)
(-20482.8624188, 232.088882066, 159.828532852)
(-20482.8104334, 232.140867219, 159.828532852)
(-20482.7491019, 232.202197296, 159.828532852)
(-20482.702081, 232.249216996, 159.828532852)
(-20482.6465898, 232.304705714, 159.828532852)
(-20482.5969402, 232.354353619, 159.828532852)
(-20482.5323952, 232.418895246, 159.828532852)
(-20482.4844983, 232.466790995, 159.828532852)
(-20482.4193695, 232.531917447, 159.828532852)
(-20482.3650481, 232.586238962, 159.828532852)
(-20482.2949559, 232.656331435, 159.828532852)
(-20482.2520254, 232.699263904, 159.828532852)
(-20482.1877764, 232.763517411, 159.828532852)
(-20482.1346247, 232.816672447, 159.828532852)
(-20482.0636593, 232.8876442, 159.828532852)
(-20482.0148873, 232.936417711, 159.828532852)
(-20481.9465482, 233.004758744, 159.828532852)
(-20481.8904738, 233.060832546, 159.828532852)
(-20481.8273895, 233.123914582, 159.828532852)
(-20481.7783242, 233.172978318, 159.828532852)
(-20481.7126104, 233.238687914, 159.828532853)
(-20481.6641286, 233.287167281, 159.828532853)
(-20481.6051313, 233.346159298, 159.828532853)
(-20481.5528529, 233.398434832, 159.828532852)
(-20481.47458, 233.476701537, 159.828532852)
(-20481.4193811, 233.531898039, 159.828532852)
(-20481.3364353, 233.614837634, 159.828532852)
(-20481.2835748, 233.66769935, 159.828532852)
(-20481.2310067, 233.720269743, 159.828532852)
(-20481.1845725, 233.76670754, 159.828532851)
(-20481.1028033, 233.848486752, 159.828532851)
(-20481.0467307, 233.904562543, 159.828532852)
(-20480.9810213, 233.970276455, 159.828532852)
(-20480.9191066, 234.032191906, 159.828532852)
(-20480.8291549, 234.122143932, 159.828532852)
(-20480.7692835, 234.182013837, 159.828532852)
(-20480.6860465, 234.265246473, 159.828532852)
(-20480.6156601, 234.335629134, 159.828532853)
(-20480.5443951, 234.406884971, 159.828532853)
(-20480.4862758, 234.465001795, 159.828532852)
(-20480.421146, 234.530127369, 159.828532852)
(-20480.362151, 234.58912098, 159.828532852)
(-20480.2713214, 234.679947155, 159.828532852)
(-20480.2222577, 234.729012303, 159.828532852)
(-20480.1466189, 234.804655852, 159.828532852)
(-20480.1057333, 234.845544711, 159.828532851)
(-20480.0128663, 234.938423082, 159.828532851)
(-20479.9570858, 234.994206472, 159.828532852)
(-20479.8840759, 235.067221986, 159.828532852)
(-20479.8154438, 235.13585456, 159.828532852)
(-20479.756449, 235.194848631, 159.828532852)
(-20479.6913206, 235.259975424, 159.828532852)
(-20479.6442996, 235.306995078, 159.828532852)
(-20479.576834, 235.374457243, 159.828532852)
(-20479.5201753, 235.431114274, 159.828532852)
(-20479.4530016, 235.498284624, 159.828532852)
(-20479.4062731, 235.545012369, 159.828532852)
(-20479.3426054, 235.60867905, 159.828532852)
(-20479.2961698, 235.655115712, 159.828532852)
(-20479.2266631, 235.724625399, 159.828532852)
(-20479.1811053, 235.770187168, 159.828532851)
(-20479.1148144, 235.836487557, 159.828532851)
(-20479.0634144, 235.887890379, 159.828532852)
(-20478.996537, 235.9547726, 159.828532852)
(-20478.9468883, 236.004421766, 159.828532852)
(-20478.8785484, 236.072762012, 159.828532852)
(-20478.8233497, 236.127958844, 159.828532852)
(-20478.7599724, 236.191331982, 159.828532853)
(-20478.713827, 236.237474941, 159.828532853)
(-20478.6533694, 236.29792715, 159.828532853)
(-20478.5999225, 236.351370703, 159.828532853)
(-20478.5274902, 236.423795801, 159.828532853)
(-20478.4775479, 236.473735131, 159.828532852)
(-20478.4156297, 236.53564731, 159.828532852)
(-20478.3542981, 236.596976814, 159.828532852)
(-20478.2929672, 236.658307352, 159.828532852)
(-20478.2494525, 236.701823665, 159.828532852)
(-20478.1916283, 236.759651549, 159.828532851)
(-20478.1241676, 236.827118618, 159.828532851)
(-20478.0555379, 236.895753658, 159.828532852)
(-20477.9991726, 236.952120491, 159.828532852)
(-20477.9311257, 237.020169536, 159.828532852)
(-20477.8806005, 237.070694381, 159.828532852)
(-20477.8324114, 237.118882223, 159.828532852)
(-20477.7827619, 237.168530256, 159.828532852)
(-20477.7205533, 237.230735975, 159.828532852)
(-20477.6656464, 237.28564052, 159.828532852)
(-20477.6034373, 237.347845257, 159.828532852)
(-20477.550575, 237.400705272, 159.828532852)
(-20477.4848611, 237.466414942, 159.828532852)
(-20477.4343353, 237.516938887, 159.828532852)
(-20477.3636572, 237.587613623, 159.828532852)
(-20477.3180971, 237.63317331, 159.828532852)
(-20477.2582265, 237.693043804, 159.828532852)
(-20477.2050747, 237.746198172, 159.828532851)
(-20477.1317732, 237.819506563, 159.828532851)
(-20477.0739493, 237.877335482, 159.828532851)
(-20477.0047384, 237.946556443, 159.828532851)
(-20476.9518783, 237.999419514, 159.828532852)
(-20476.9083642, 238.042936616, 159.828532852)
(-20476.8590075, 238.092293773, 159.828532852)
(-20476.7924196, 238.158881363, 159.828532852)
(-20476.7389736, 238.212326434, 159.828532852)
(-20476.6817305, 238.269567686, 159.828532852)
(-20476.6361696, 238.315126888, 159.828532852)
(-20476.5765895, 238.374703656, 159.828532852)
(-20476.5164259, 238.434865203, 159.828532852)
(-20476.4474998, 238.503787619, 159.828532852)
(-20476.4013554, 238.549931298, 159.828532852)
(-20476.3373956, 238.613889885, 159.828532852)
(-20476.2824907, 238.668796163, 159.828532852)
(-20476.2234977, 238.727791725, 159.828532852)
(-20476.1729752, 238.778318727, 159.828532851)
(-20476.1134009, 238.837901791, 159.828532851)
(-20476.0506113, 238.900695173, 159.828532852)
(-20475.9808139, 238.970497849, 159.828532852)
(-20475.9273686, 239.023943894, 159.828532852)
(-20475.8569841, 239.094328304, 159.828532852)
(-20475.790687, 239.160622773, 159.828532852)
(-20475.7331514, 239.218155734, 159.828532852)
(-20475.6718181, 239.279484274, 159.828532853)
(-20475.6320981, 239.319202027, 159.828532852)
(-20475.5693046, 239.381990652, 159.828532852)
(-20475.5146897, 239.436602864, 159.828532852)
(-20475.4407977, 239.510489325, 159.828532852)
(-20475.3823867, 239.568898533, 159.828532852)
(-20475.3131688, 239.638113023, 159.828532852)
(-20475.2573876, 239.693895017, 159.828532852)
(-20475.190509, 239.760775892, 159.828532852)
(-20475.1414465, 239.809842654, 159.828532851)
(-20475.0681472, 239.883153443, 159.828532851)
(-20474.9980563, 239.95324792, 159.828532852)
(-20474.9481155, 240.003188908, 159.828532852)
(-20474.889705, 240.061599081, 159.828532852)
(-20474.8394716, 240.11183136, 159.828532852)
(-20474.7725903, 240.178709915, 159.828532852)
(-20474.7226484, 240.228649794, 159.828532852)
(-20474.6651124, 240.286182171, 159.828532852)
(-20474.6137102, 240.337581841, 159.828532852)
(-20474.5456598, 240.405627572, 159.828532852)
(-20474.4913369, 240.459947929, 159.828532852)
(-20474.4238707, 240.527409466, 159.828532852)
(-20474.3750976, 240.576181234, 159.828532852)
(-20474.3239876, 240.627289301, 159.828532852)
(-20474.2825166, 240.668760613, 159.828532852)
(-20474.210381, 240.740898303, 159.828532851)
(-20474.1551857, 240.796098298, 159.828532851)
(-20474.0830539, 240.868240361, 159.828532851)
(-20474.0269816, 240.924316157, 159.828532852)
(-20473.952804, 240.998500348, 159.828532851)
(-20473.8993591, 241.051946854, 159.828532852)
(-20473.8450381, 241.106269128, 159.828532852)
(-20473.7977254, 241.153581369, 159.828532852)
(-20473.737562, 241.213743359, 159.828532852)
(-20473.6715574, 241.279746019, 159.828532852)
(-20473.6040916, 241.347207926, 159.828532852)
(-20473.536334, 241.414962511, 159.828532852)
(-20473.473248, 241.478043025, 159.828532852)
(-20473.4282719, 241.523018276, 159.828532852)
(-20473.3590551, 241.59223391, 159.828532852)
(-20473.310283, 241.641006747, 159.828532852)
(-20473.2436965, 241.707595488, 159.828532852)
(-20473.1698104, 241.781487423, 159.828532851)
(-20473.0737324, 241.877579466, 159.828532851)
(-20472.9954647, 241.955851755, 159.828532852)
(-20472.9414352, 242.009881586, 159.828532852)
(-20472.8701745, 242.081142077, 159.828532852)
(-20472.8313308, 242.119984351, 159.828532852)
(-20472.7609439, 242.190366723, 159.828532852)
(-20472.7066207, 242.244686711, 159.828532852)
(-20472.6347726, 242.316527585, 159.828532853)
(-20472.5728556, 242.378440292, 159.828532852)
(-20472.5243739, 242.426919729, 159.828532852)
(-20472.4487299, 242.502558519, 159.828532852)
(-20472.3964521, 242.554834713, 159.828532852)
(-20472.3362881, 242.614996112, 159.828532852)
(-20472.2895602, 242.661724273, 159.828532852)
(-20472.2308586, 242.720427338, 159.828532852)
(-20472.176247, 242.77504292, 159.828532851)
(-20472.108203, 242.843095152, 159.828532851)
(-20472.0579712, 242.893329444, 159.828532852)
(-20471.9983947, 242.952909641, 159.828532852)
(-20471.9455336, 243.005771603, 159.828532852)
(-20471.8850792, 243.066226467, 159.828532852)
(-20471.8322173, 243.119087501, 159.828532852)
(-20471.7743901, 243.176912923, 159.828532852)
(-20471.7291214, 243.222180193, 159.828532852)
(-20471.6736303, 243.277668551, 159.828532852)
(-20471.6184315, 243.332865146, 159.828532852)
(-20471.56294, 243.388353531, 159.828532852)
(-20471.4817451, 243.469539561, 159.828532853)
(-20471.4262547, 243.525028313, 159.828532852)
(-20471.3602497, 243.59103063, 159.828532852)
(-20471.3076804, 243.643599661, 159.828532852)
(-20471.2372961, 243.713984108, 159.828532852)
(-20471.1908614, 243.760421727, 159.828532851)
(-20471.1283806, 243.822936248, 159.828532839)
(-20471.0840723, 243.870125834, 159.828532873)
(-20471.0247761, 243.939860192, 159.828513025)
(-20470.9862837, 243.999093999, 159.828538153)
(-20470.9415297, 244.086121574, 159.828518209)
(-20470.9066437, 244.146148965, 159.828382614)
(-20470.8479964, 244.230724665, 159.825141886)
(-20470.805528, 244.293854698, 159.822084242)
(-20470.7548965, 244.37223278, 159.818531449)
(-20470.7163424, 244.432808761, 159.815938071)
(-20470.6830747, 244.485920692, 159.813650985)
(-20470.6384244, 244.562248419, 159.810363321)
(-20470.5968623, 244.6300799, 159.807441497)
(-20470.5510521, 244.70952836, 159.804019557)
(-20470.5093331, 244.777372271, 159.801097295)
(-20470.4640455, 244.856641656, 159.797682935)
(-20470.4100632, 244.943814454, 159.793928186)
(-20470.3710342, 245.006267519, 159.791238213)
(-20470.3228542, 245.088611816, 159.787691411)
(-20470.2917479, 245.139431734, 159.785502447)
(-20470.2445183, 245.218461303, 159.782098483)
(-20470.2101743, 245.274525293, 159.779683674)
(-20470.1647563, 245.352003772, 159.776346397)
(-20470.1321416, 245.40530558, 159.774050652)
(-20470.0841213, 245.487074218, 159.770528704)
(-20470.0468308, 245.5435778, 159.768094844)
(-20469.9917004, 245.621706861, 159.76472964)
(-20469.947834, 245.677719163, 159.762316891)
(-20469.8864813, 245.749763716, 159.759213854)
(-20469.8426258, 245.79894526, 159.757095651)
(-20469.7835547, 245.866319446, 159.754193541)
(-20469.7293424, 245.926663726, 159.751594416)
(-20469.6731233, 245.991360254, 159.748807713)
(-20469.6247062, 246.045767845, 159.746464275)
(-20469.5702464, 246.108281665, 159.743771568)
(-20469.5256661, 246.157815753, 159.741638144)
(-20469.4661277, 246.225208056, 159.738735297)
(-20469.4197641, 246.276407037, 159.736530107)
(-20469.3455029, 246.360921965, 159.732889777)
(-20469.3003274, 246.411474655, 159.730712427)
(-20469.2416011, 246.479452459, 159.727784382)
(-20469.1984063, 246.527413069, 159.725718687)
(-20469.1383489, 246.592982453, 159.722894462)
(-20469.0957348, 246.638201805, 159.720946732)
(-20469.0289257, 246.707632546, 159.717956145)
(-20468.9803808, 246.756770828, 159.715839646)
(-20468.9089708, 246.828983005, 159.712729243)
(-20468.8576832, 246.880003597, 159.710531681)
(-20468.7964172, 246.942401627, 159.707843994)
(-20468.7508696, 246.988069825, 159.70587702)
(-20468.6839951, 247.056503428, 159.702929476)
(-20468.6302368, 247.110346518, 159.700610239)
(-20468.5685461, 247.173489483, 159.697890459)
(-20468.5236843, 247.218683703, 159.695943908)
(-20468.4635323, 247.279942328, 159.693305336)
(-20468.4174394, 247.326154008, 159.691314896)
(-20468.3527842, 247.393286177, 159.688423353)
(-20468.3057741, 247.441605266, 159.686342126)
(-20468.229937, 247.5214224, 159.6829042)
(-20468.1783265, 247.574491627, 159.680618335)
(-20468.1097043, 247.645914715, 159.677541991)
(-20468.0621124, 247.694211754, 159.675461709)
(-20467.9998227, 247.75851638, 159.672691947)
(-20467.9525009, 247.805933137, 159.670649577)
(-20467.8889395, 247.870209871, 159.667880977)
(-20467.8382958, 247.920117159, 159.665731393)
(-20467.7696273, 247.989114251, 159.662759548)
(-20467.7141209, 248.044110532, 159.660390696)
(-20467.6359337, 248.124533277, 159.656926711)
(-20467.5854138, 248.175158593, 159.654746169)
(-20467.5284669, 248.230460943, 159.652364116)
(-20467.4863762, 248.270784071, 159.650627288)
(-20467.4277753, 248.327740629, 159.648174064)
(-20467.3728119, 248.381830933, 159.64584424)
(-20467.3072513, 248.451569603, 159.642840388)
(-20467.2426127, 248.519239256, 159.639925765)
(-20467.1920859, 248.569264298, 159.637771022)
(-20467.1312029, 248.628231042, 159.635231166)
(-20467.0816127, 248.675657596, 159.633188377)
(-20467.0057455, 248.750260329, 159.629975064)
(-20466.94133, 248.813713509, 159.627241987)
(-20466.8763366, 248.880063547, 159.624384053)
(-20466.8228304, 248.934181913, 159.622053061)
(-20466.7671681, 248.991642736, 159.619578144)
(-20466.7028038, 249.056556812, 159.616782127)
(-20466.6348031, 249.126772212, 159.613757778)
(-20466.5808553, 249.181634448, 159.611394681)
(-20466.5216605, 249.242140389, 159.608788516)
(-20466.4611039, 249.302035697, 159.606208731)
(-20466.3873644, 249.376487059, 159.603001914)
(-20466.3232275, 249.439888317, 159.60027106)
(-20466.2420631, 249.518725728, 159.596875341)
(-20466.1847619, 249.574679329, 159.594465248)
(-20466.1037126, 249.658803843, 159.590841832)
(-20466.0419991, 249.721656435, 159.588134561)
(-20465.9723973, 249.790015279, 159.585190201)
(-20465.9185881, 249.841994854, 159.582951337)
(-20465.8563059, 249.904028469, 159.580279418)
(-20465.8094749, 249.950156744, 159.578292529)
(-20465.7442055, 250.016131508, 159.575450898)
(-20465.6914818, 250.068687198, 159.573187114)
(-20465.6243661, 250.136886085, 159.570249663)
(-20465.5787104, 250.182463557, 159.568286502)
(-20465.5133282, 250.248929543, 159.565423617)
(-20465.4676348, 250.294443783, 159.56346324)
(-20465.4034062, 250.35864599, 159.56069789)
(-20465.3553169, 250.405855262, 159.558664452)
(-20465.2921348, 250.469247654, 159.555934053)
(-20465.2426735, 250.518025987, 159.553832984)
(-20465.1792728, 250.581805137, 159.551085749)
(-20465.1271772, 250.633200185, 159.548872126)
(-20465.0618904, 250.699203255, 159.546029284)
(-20465.0125104, 250.748670774, 159.543898543)
(-20464.9544616, 250.807836841, 159.541350173)
(-20464.9067, 250.855400671, 159.539301411)
(-20464.8467792, 250.915148391, 159.536727954)
(-20464.7962289, 250.964584321, 159.534598587)
(-20464.7296613, 251.031027983, 159.531736615)
(-20464.680707, 251.079125442, 159.529665034)
(-20464.6121888, 251.148243574, 159.526687983)
(-20464.5559736, 251.204298175, 159.524273505)
(-20464.492508, 251.269217943, 159.521477191)
(-20464.4446968, 251.317301668, 159.519406151)
(-20464.3837221, 251.378923233, 159.516751926)
(-20464.3299122, 251.432096366, 159.514461668)
(-20464.2702223, 251.491981938, 159.511882303)
(-20464.2230796, 251.538389617, 159.509883374)
(-20464.1654856, 251.596280152, 159.507389945)
(-20464.1139581, 251.647090915, 159.505201339)
(-20464.0478313, 251.713401732, 159.502345148)
(-20463.9948512, 251.765645993, 159.50009487)
(-20463.9350386, 251.826010263, 159.497494751)
(-20463.8877971, 251.872916712, 159.49547445)
(-20463.822178, 251.939153561, 159.492621383)
(-20463.7718406, 251.988798831, 159.490483112)
(-20463.7012462, 252.059965642, 159.487417674)
(-20463.6505279, 252.110395458, 159.48524564)
(-20463.5904343, 252.171667261, 159.482606435)
(-20463.5445813, 252.217603034, 159.48062797)
(-20463.4801134, 252.28216735, 159.477847048)
(-20463.4241079, 252.337258638, 159.475474069)
(-20463.3641561, 252.397474586, 159.472880442)
(-20463.3104207, 252.450738252, 159.470586198)
(-20463.2559466, 252.505900264, 159.468210274)
(-20463.2085245, 252.553204223, 159.466172772)
(-20463.1419974, 252.619772834, 159.46330546)
(-20463.0889116, 252.671922158, 159.46105929)
(-20463.0212585, 252.7402103, 159.458117994)
(-20462.971276, 252.790234052, 159.455963298)
(-20462.9288117, 252.833494498, 159.454099996)
(-20462.8785538, 252.883264578, 159.451956265)
(-20462.8173159, 252.943473941, 159.449362872)
(-20462.7716, 252.987784221, 159.447454321)
(-20462.7159608, 253.042966316, 159.445077556)
(-20462.6665766, 253.091221528, 159.442999009)
(-20462.6056333, 253.152176877, 159.440373523)
(-20462.5411737, 253.217769375, 159.437548335)
(-20462.485464, 253.273153005, 159.435162742)
(-20462.4220592, 253.336928536, 159.432415723)
(-20462.3696077, 253.388544233, 159.43019257)
(-20462.3130927, 253.445205396, 159.427751942)
(-20462.2608989, 253.496495317, 159.425542839)
(-20462.1968555, 253.560788434, 159.422773542)
(-20462.1442471, 253.612834967, 159.420531814)
(-20462.0828556, 253.675108291, 159.4178495)
(-20462.0325765, 253.725386799, 159.415683947)
(-20461.96224, 253.796869658, 159.41260502)
(-20461.9171068, 253.841774324, 159.410670834)
(-20461.8584372, 253.901021233, 159.40811881)
(-20461.8080714, 253.950633639, 159.405981976)
(-20461.742145, 254.016547859, 159.403142877)
(-20461.6846106, 254.073012808, 159.40071079)
(-20461.6161637, 254.142261518, 159.397728081)
(-20461.568874, 254.189696075, 159.395684985)
(-20461.5101292, 254.249929007, 159.39309065)
(-20461.4663553, 254.293878904, 159.391197568)
(-20461.4093256, 254.350729165, 159.388748898)
(-20461.3565713, 254.402614493, 159.386514057)
(-20461.296962, 254.462067879, 159.383953255)
(-20461.2484631, 254.50944418, 159.381912608)
(-20461.1856713, 254.572047349, 159.379216144)
(-20461.1098394, 254.649013214, 159.375901107)
(-20461.0549422, 254.699440424, 159.373729025)
(-20460.9818234, 254.754213371, 159.371369922)
(-20460.9334589, 254.783298943, 159.370117008)
(-20460.8477893, 254.825701379, 159.368290731)
(-20460.7914825, 254.857126042, 159.366937302)
(-20460.7095454, 254.911006403, 159.364616417)
(-20460.646995, 254.948752536, 159.362990646)
(-20460.5736659, 254.993492407, 159.361063467)
(-20460.5136755, 255.028202841, 159.35956845)
(-20460.4417532, 255.072170312, 159.357674597)
(-20460.3834856, 255.105733843, 159.356228942)
(-20460.3025216, 255.1556577, 159.354078596)
(-20460.2419492, 255.191087876, 159.352552532)
(-20460.1609999, 255.241833305, 159.350366824)
(-20460.1006232, 255.277615448, 159.348825553)
(-20460.0245808, 255.324266882, 159.346816163)
(-20459.9696234, 255.356139237, 159.345443359)
(-20459.8877309, 255.40687021, 159.343258306)
(-20459.8149865, 255.449202768, 159.341434879)
(-20459.7309791, 255.503046562, 159.339115695)
(-20459.6617073, 255.544899284, 159.337312886)
(-20459.5897754, 255.590406629, 159.335352913)
(-20459.5166867, 255.632854387, 159.33352455)
(-20459.4411904, 255.676356521, 159.331650781)
(-20459.3517416, 255.738559335, 159.328971669)
(-20459.2964754, 255.778707709, 159.327242207)
(-20459.2114393, 255.845287934, 159.324374527)
(-20459.1512936, 255.895295375, 159.322220854)
(-20459.0722058, 255.969355972, 159.319030587)
(-20459.025923, 256.013020603, 159.317149801)
(-20458.9471373, 256.08828675, 159.313908007)
(-20458.8719493, 256.156055092, 159.31098904)
(-20458.8094848, 256.211305125, 159.308609216)
(-20458.7552474, 256.258549191, 159.30657429)
(-20458.7027059, 256.305709253, 159.304543054)
(-20458.6481436, 256.353870414, 159.302468563)
(-20458.5821383, 256.413836766, 159.299885582)
(-20458.5249898, 256.464569878, 159.297700487)
(-20458.4639986, 256.519552518, 159.295332145)
(-20458.4052793, 256.57107675, 159.293112964)
(-20458.3476019, 256.622969038, 159.290877832)
(-20458.2885035, 256.676382797, 159.288577138)
(-20458.2309796, 256.730149607, 159.286261296)
(-20458.1818723, 256.776727827, 159.284255039)
(-20458.1156726, 256.841189769, 159.28147851)
(-20458.0603523, 256.895129038, 159.279155213)
(-20457.9980514, 256.957710438, 159.276459645)
(-20457.9481731, 257.007239479, 159.274326312)
(-20457.887459, 257.068482207, 159.271688392)
(-20457.8394149, 257.1157171, 159.269653944)
(-20457.7814167, 257.172741303, 159.267197694)
(-20457.7285584, 257.223914516, 159.264993607)
(-20457.6779931, 257.273675635, 159.262850269)
(-20457.6147964, 257.336476424, 159.260145276)
(-20457.5487959, 257.402430775, 159.257304477)
(-20457.4981635, 257.451734928, 159.255180798)
(-20457.4425169, 257.506402319, 159.25282615)
(-20457.3981476, 257.549129073, 159.250985806)
(-20457.3376209, 257.608243879, 159.248439575)
(-20457.2623365, 257.681842656, 159.245269455)
(-20457.2016867, 257.733304699, 159.243053026)
(-20457.1228297, 257.783289347, 159.240900071)
(-20457.0519636, 257.812861582, 159.239623136)
(-20456.9685248, 257.829046709, 159.23898233)
(-20456.8958421, 257.832469035, 159.238825766)
(-20456.808464, 257.836520384, 159.238606901)
(-20456.7360225, 257.84583367, 159.238206034)
(-20456.6524347, 257.865657182, 159.237352097)
(-20456.5850382, 257.874789952, 159.236958675)
(-20456.5063882, 257.880821357, 159.236699084)
(-20456.4288075, 257.884115323, 159.236557198)
(-20456.3329757, 257.897145729, 159.235995897)
(-20456.2535842, 257.900737893, 159.235841069)
(-20456.1549726, 257.906352221, 159.235599305)
(-20456.0822549, 257.907223014, 159.235561757)
(-20455.9873013, 257.916985483, 159.235141383)
(-20455.8995887, 257.91777251, 159.235107471)
(-20455.8156211, 257.925321719, 159.234782242)
(-20455.7326084, 257.925723031, 159.234764973)
(-20455.6479185, 257.924910372, 159.234800013)
(-20455.5719963, 257.928104167, 159.2346624)
(-20455.4816241, 257.931388848, 159.234520946)
(-20455.418156, 257.930255711, 159.234569691)
(-20455.3253422, 257.932831011, 159.234458775)
(-20455.2336913, 257.936796185, 159.234287982)
(-20455.1605222, 257.934556633, 159.234384597)
(-20455.0853748, 257.936747769, 159.234290176)
(-20455.0152802, 257.935076704, 159.234362147)
(-20454.9405754, 257.937127933, 159.234273752)
(-20454.8716667, 257.938926637, 159.234196189)
(-20454.7758887, 257.94945573, 159.233742843)
(-20454.7078505, 257.950229277, 159.233709869)
(-20454.6149404, 257.944427368, 159.233959213)
(-20454.5345144, 257.944292733, 159.23396514)
(-20454.458239, 257.95264499, 159.233605371)
(-20454.3922418, 257.953426955, 159.233571709)
(-20454.3030026, 257.947831618, 159.233812655)
(-20454.2307534, 257.945997902, 159.233891628)
(-20454.1470372, 257.95228141, 159.233621031)
(-20454.0775868, 257.951978593, 159.23363412)
(-20453.9945168, 257.948261117, 159.23379419)
(-20453.916014, 257.945344216, 159.233919825)
(-20453.8198702, 257.952716069, 159.233602364)
(-20453.7517628, 257.952760337, 159.233600333)
(-20453.644726, 257.95091036, 159.233680082)
(-20453.5430452, 257.948267704, 159.233793898)
(-20453.467012, 257.9454093, 159.233916988)
(-20453.3742984, 257.949415683, 159.233744507)
(-20453.3091534, 257.948048139, 159.233803226)
(-20453.241862, 257.948035538, 159.233803868)
(-20453.1714497, 257.944928924, 159.233937761)
(-20453.0826941, 257.945778127, 159.233901086)
(-20452.9832156, 257.949528079, 159.233739635)
(-20452.9040396, 257.946212756, 159.233882465)
(-20452.8111228, 257.947883394, 159.233810527)
(-20452.7366468, 257.946427388, 159.233873143)
(-20452.6578371, 257.949564558, 159.233738076)
(-20452.602663, 257.94793978, 159.233807975)
(-20452.5130711, 257.947779375, 159.233814941)
(-20452.4357013, 257.944657398, 159.23394933)
(-20452.3358185, 257.948076241, 159.233802146)
(-20452.2726477, 257.946452523, 159.23387216)
(-20452.1810034, 257.948708674, 159.233774878)
(-20452.1154017, 257.946892867, 159.233853094)
(-20452.0382061, 257.947939412, 159.233808092)
(-20451.9639394, 257.944987147, 159.233935328)
(-20451.8665165, 257.947504789, 159.233826813)
(-20451.7943385, 257.945359454, 159.23391919)
(-20451.715132, 257.948224422, 159.2337958)
(-20451.6488335, 257.946227953, 159.233881696)
(-20451.5670998, 257.946371007, 159.233875585)
(-20451.487048, 257.948197393, 159.23379693)
(-20451.4056554, 257.948736479, 159.233773698)
(-20451.3250844, 257.948840153, 159.233769235)
(-20451.2341754, 257.94841134, 159.233787716)
(-20451.1530812, 257.944766662, 159.233944716)
(-20451.0709688, 257.947610552, 159.233822209)
(-20450.9994681, 257.945447457, 159.233915439)
(-20450.8818235, 257.948605055, 159.233779394)
(-20450.8055194, 257.946490822, 159.233870356)
(-20450.7066032, 257.952332917, 159.233618857)
(-20450.6173824, 257.950048976, 159.233717194)
(-20450.5257427, 257.953309771, 159.233576775)
(-20450.4487485, 257.950486788, 159.233698341)
(-20450.3677442, 257.948500913, 159.233783846)
(-20450.2418932, 257.94993101, 159.233722304)
(-20450.1760672, 257.948115927, 159.233800462)
(-20450.0605364, 257.952079251, 159.233629756)
(-20449.9637717, 257.948783065, 159.23377179)
(-20449.8536998, 257.960010109, 159.233288206)
(-20449.7785534, 257.961279089, 159.233234128)
(-20449.6917824, 257.947847722, 159.233811816)
(-20449.6306274, 257.944155761, 159.233970886)
(-20449.5331904, 257.953236615, 159.233579879)
(-20449.4632176, 257.953863026, 159.233552869)
(-20449.3710734, 257.948203856, 159.233796642)
(-20449.3033938, 257.946743424, 159.233859487)
(-20449.2102936, 257.951675068, 159.233647167)
(-20449.1480328, 257.950184343, 159.233711306)
(-20449.0769219, 257.948791482, 159.233771336)
(-20449.0116008, 257.945623739, 159.233907796)
(-20448.919193, 257.947514633, 159.233826335)
(-20448.8259661, 257.949649496, 159.233734374)
(-20448.7474533, 257.946508662, 159.233869739)
(-20448.6599552, 257.94873706, 159.233773678)
(-20448.5790503, 257.946180696, 159.233883764)
(-20448.5093362, 257.948552503, 159.233781669)
(-20448.4447832, 257.946646945, 159.233863587)
(-20448.3630723, 257.946927618, 159.233851634)
(-20448.2893421, 257.94417911, 159.233970037)
(-20448.2097415, 257.946452321, 159.233872072)
(-20448.1228494, 257.959274183, 159.233319921)
(-20448.0158042, 257.958968861, 159.233332973)
(-20447.9349704, 257.949885757, 159.233724223)
(-20447.8553882, 257.949246216, 159.233751676)
(-20447.7872345, 257.947202176, 159.233839799)
(-20447.721329, 257.949127659, 159.233756811)
(-20447.6521561, 257.946728442, 159.233860148)
(-20447.5852976, 257.94702336, 159.233847428)
(-20447.4946332, 257.955714109, 159.233473247)
(-20447.4383133, 257.955732104, 159.233472303)
(-20447.3577604, 257.950325455, 159.233705254)
(-20447.2850464, 257.947375437, 159.233832321)
(-20447.1952534, 257.952023714, 159.233632114)
(-20447.1251491, 257.950438882, 159.233700464)
(-20447.0545301, 257.950400084, 159.233702068)
(-20446.9874127, 257.947210178, 159.233839482)
(-20446.8999392, 257.948624773, 159.233778542)
(-20446.819096, 257.945917709, 159.233895089)
(-20446.7271339, 257.949664231, 159.233733823)
(-20446.6451039, 257.947188061, 159.233840314)
(-20446.5432455, 257.951608169, 159.233650031)
(-20446.4722541, 257.949786289, 159.233728607)
(-20446.3834921, 257.952718231, 159.233602213)
(-20446.3154853, 257.950327108, 159.233705158)
(-20446.2296349, 257.951054751, 159.233673919)
(-20446.1501778, 257.948533688, 159.233782414)
(-20446.06767, 257.952752654, 159.233600729)
(-20445.9967976, 257.950150759, 159.233712791)
(-20445.9224806, 257.95169051, 159.233646485)
(-20445.849655, 257.94889247, 159.233767105)
(-20445.7516753, 257.950230247, 159.233709283)
(-20445.6738871, 257.947468529, 159.233828243)
(-20445.6134558, 257.950376833, 159.233703054)
(-20445.5437385, 257.948782473, 159.233771664)
(-20445.4501118, 257.949491828, 159.233741146)
(-20445.373058, 257.946821644, 159.233856271)
(-20445.2925873, 257.949138488, 159.233756416)
(-20445.2207193, 257.946769383, 159.233858537)
(-20445.1364843, 257.948919872, 159.233765804)
(-20445.0646552, 257.946289535, 159.233879177)
(-20444.9854054, 257.948842808, 159.233769152)
(-20444.9204086, 257.946587563, 159.233866223)
(-20444.8349908, 257.947103271, 159.233844072)
(-20444.7549418, 257.948704956, 159.23377511)
(-20444.684274, 257.945567538, 159.233910364)
(-20444.5972126, 257.945923935, 159.233894821)
(-20444.5281421, 257.944093867, 159.233973694)
(-20444.4514197, 257.94592201, 159.23389496)
(-20444.3750838, 257.946801651, 159.233857077)
(-20444.2925755, 257.955408637, 159.233486291)
(-20444.2150281, 257.956179426, 159.233453281)
(-20444.1423301, 257.952192883, 159.233624922)
(-20444.0725119, 257.948031148, 159.233804135)
(-20443.9943118, 257.951752763, 159.233643798)
(-20443.9162863, 257.950007991, 159.233718976)
(-20443.8378477, 257.951471493, 159.233655913)
(-20443.7593487, 257.948265714, 159.233794052)
(-20443.6818005, 257.950798448, 159.233684922)
(-20443.5997833, 257.948148667, 159.233798979)
(-20443.5238468, 257.950506246, 159.2336975)
(-20443.467572, 257.94869253, 159.233775481)
(-20443.3768512, 257.949241553, 159.233751989)
(-20443.2956648, 257.946000001, 159.233891581)
(-20443.2082263, 257.949132339, 159.233756669)
(-20443.1238919, 257.946995239, 159.233848692)
(-20443.0298198, 257.950466332, 159.233699226)
(-20442.9603558, 257.948914063, 159.233766069)
(-20442.8735656, 257.951239124, 159.233665904)
(-20442.8108122, 257.948886681, 159.233767317)
(-20442.7398211, 257.949354728, 159.233747034)
(-20442.6668645, 257.946288917, 159.23387917)
(-20442.5822918, 257.948300485, 159.233792467)
(-20442.5092334, 257.946248556, 159.233880963)
(-20442.4150698, 257.948029633, 159.233804146)
(-20442.3454505, 257.945720541, 159.233903712)
(-20442.2558833, 257.948539796, 159.233782202)
(-20442.1794303, 257.946033532, 159.233890214)
(-20442.1063397, 257.947767176, 159.233815528)
(-20442.0489679, 257.945663679, 159.233905903)
(-20441.9644056, 257.945843911, 159.233898316)
(-20441.8716063, 257.947379355, 159.233832139)
(-20441.7994772, 257.945084813, 159.233931133)
(-20441.7156815, 257.946951427, 159.233850563)
(-20441.6372472, 257.948147194, 159.233799082)
(-20441.5640946, 257.94804433, 159.233803513)
(-20441.480994, 257.94706041, 159.233845889)
(-20441.3914036, 257.947401202, 159.233831221)
(-20441.3078196, 257.944551526, 159.233953988)
(-20441.2069398, 257.948213865, 159.233796029)
(-20441.1297948, 257.945489269, 159.233913415)
(-20441.0345811, 257.949724097, 159.233731229)
(-20440.973156, 257.948810887, 159.233770437)
(-20440.8901045, 257.948673352, 159.233776412)
(-20440.8213994, 257.946260037, 159.233880379)
(-20440.7459198, 257.948596592, 159.233779742)
(-20440.6742039, 257.946365008, 159.233875868)
(-20440.5519847, 257.948466483, 159.233785364)
(-20440.4873626, 257.946953174, 159.233850542)
(-20440.373908, 257.951792519, 159.233642065)
(-20440.2938557, 257.949695273, 159.233732457)
(-20440.20847, 257.953375682, 159.233573858)
(-20440.1360161, 257.951051109, 159.233673993)
(-20440.0513287, 257.953762018, 159.23355723)
(-20439.9915267, 257.951504023, 159.233654422)
(-20439.9184508, 257.951456868, 159.233656533)
(-20439.8550952, 257.948719396, 159.233774501)
(-20439.7824386, 257.949531056, 159.233739521)
(-20439.7156152, 257.946631918, 159.233864399)
(-20439.6306129, 257.947973314, 159.233806613)
(-20439.5654807, 257.945817293, 159.233899439)
(-20439.5010954, 257.946324567, 159.233877539)
(-20439.4121649, 257.955018376, 159.233503196)
(-20439.3448446, 257.954744027, 159.233515063)
(-20439.2688025, 257.950955504, 159.233678169)
(-20439.2051612, 257.947838422, 159.23381233)
(-20439.1276591, 257.949849951, 159.233725755)
(-20439.0668517, 257.947988967, 159.233805743)
(-20438.980621, 257.948558148, 159.233781408)
(-20438.9164029, 257.946439516, 159.233872567)
(-20438.8404716, 257.947320155, 159.233834695)
(-20438.7595801, 257.948300798, 159.233792461)
(-20438.6980577, 257.948330202, 159.233791218)
(-20438.6416284, 257.951904846, 159.233637255)
(-20438.5656372, 257.949661953, 159.233733894)
(-20438.475984, 257.948807884, 159.233770636)
(-20438.3995224, 257.946458974, 159.233871759)
(-20438.3143167, 257.951240719, 159.233665846)
(-20438.2420015, 257.949659089, 159.233733957)
(-20438.1553225, 257.95056451, 159.233694962)
(-20438.077817, 257.947150434, 159.233841961)
(-20437.9933241, 257.950382383, 159.233702805)
(-20437.9365421, 257.949401324, 159.233745097)
(-20437.8700456, 257.949361571, 159.233746817)
(-20437.8036728, 257.946176465, 159.233883952)
(-20437.7339479, 257.945815803, 159.233899466)
(-20437.6429063, 257.954928088, 159.233507019)
(-20437.5712907, 257.955255367, 159.23349304)
(-20437.4940041, 257.952948434, 159.233592301)
(-20437.4320126, 257.94967869, 159.233733105)
(-20437.3590308, 257.951086993, 159.233672501)
(-20437.2932472, 257.948924071, 159.233765507)
(-20437.2052701, 257.949616189, 159.233735867)
(-20437.1402028, 257.947019147, 159.233847762)
(-20437.053144, 257.949085933, 159.233758642)
(-20436.9779923, 257.946763001, 159.233858853)
(-20436.8958519, 257.949189063, 159.233754235)
(-20436.8255603, 257.946618344, 159.233865085)
(-20436.7479854, 257.946941697, 159.23385105)
(-20436.6850526, 257.944858122, 159.233940703)
(-20436.6186318, 257.945683071, 159.233905207)
(-20436.5355449, 257.954227392, 159.233537187)
(-20436.4662451, 257.954989878, 159.233504435)
(-20436.372056, 257.949596826, 159.23373666)
(-20436.3113423, 257.948083248, 159.233801802)
(-20436.2339807, 257.952152111, 159.233626558)
(-20436.1616211, 257.950637258, 159.233691805)
(-20436.0765133, 257.94971939, 159.233731425)
(-20436.0165679, 257.947651791, 159.233820423)
(-20435.9365499, 257.949130006, 159.233756799)
(-20435.8758593, 257.946994827, 159.233848583)
(-20435.7945772, 257.946681643, 159.233862194)
(-20435.7173975, 257.948205416, 159.233796578)
(-20435.6335513, 257.9486988, 159.233775324)
(-20435.5360622, 257.948955767, 159.233764285)
(-20435.4618977, 257.945905208, 159.233895721)
(-20435.3763801, 257.947731912, 159.233816942)
(-20435.3166679, 257.945586807, 159.233909366)
(-20435.2469019, 257.946254547, 159.233880561)
(-20435.1820722, 257.946286627, 159.23387924)
(-20435.0941198, 257.953375505, 159.233573888)
(-20435.025764, 257.953153718, 159.233583444)
(-20434.9426883, 257.950316293, 159.233705667)
(-20434.8716106, 257.947545609, 159.23382497)
(-20434.7744047, 257.952974192, 159.233591212)
(-20434.6929828, 257.951345269, 159.233661318)
(-20434.6037923, 257.953546069, 159.233566538)
(-20434.5330178, 257.950974989, 159.233677353)
(-20434.4455113, 257.953457811, 159.23357038)
(-20434.3672515, 257.950660155, 159.233690953)
(-20434.3032406, 257.953321577, 159.233576235)
(-20434.242744, 257.950792184, 159.233685089)
(-20434.1601983, 257.949881403, 159.23372439)
(-20434.0944297, 257.947304789, 159.233835386)
(-20434.0028607, 257.949587344, 159.233737069)
(-20433.9338483, 257.947586078, 159.233823282)
(-20433.8449447, 257.949056829, 159.233759836)
(-20433.7831852, 257.946386402, 159.233875002)
(-20433.7138345, 257.947132799, 159.233842738)
(-20433.6527931, 257.944919704, 159.233937998)
(-20433.5863967, 257.944687868, 159.233948074)
(-20433.5029384, 257.952031057, 159.233631778)
(-20433.4375088, 257.952425999, 159.233614717)
(-20433.3519548, 257.949950218, 159.233721446)
(-20433.2932644, 257.947386284, 159.233831831)
(-20433.236337, 257.948073456, 159.233802263)
(-20433.1764815, 257.945711412, 159.233903868)
(-20433.1088107, 257.944823036, 159.233942289)
(-20433.0241795, 257.951371802, 159.233660152)
(-20432.9520175, 257.950914006, 159.233679957)
(-20432.857801, 257.950636422, 159.233691881)
(-20432.7895435, 257.948269739, 159.233793819)
(-20432.7008411, 257.952062542, 159.233630488)
(-20432.6264164, 257.949315421, 159.233748843)
(-20432.536026, 257.951533366, 159.233653245)
(-20432.4612289, 257.948993467, 159.233762715)
(-20432.3890367, 257.951707434, 159.233645816)
(-20432.3329253, 257.950140445, 159.233713265)
(-20432.2602079, 257.94882008, 159.233770201)
(-20432.1758496, 257.944516963, 159.233955424)
(-20432.0902856, 257.949122775, 159.233757077)
(-20431.9973024, 257.946814424, 159.233856452)
(-20431.8929355, 257.950204352, 159.233710481)
(-20431.8181311, 257.94840914, 159.233787906)
(-20431.7327244, 257.952043565, 159.233631264)
(-20431.666173, 257.950115777, 159.233714242)
(-20431.5728389, 257.951482303, 159.233655428)
(-20431.5090695, 257.949815115, 159.233727303)
(-20431.4455031, 257.951057408, 159.233673717)
(-20431.3639918, 257.947061411, 159.233845847)
