(-20556.5999851, 159.31161753, 161.379158011)
(-20556.5365424, 159.30623773, 161.379477767)
(-20556.4625024, 159.302204912, 161.379589903)
(-20556.3769017, 159.302814413, 161.379535969)
(-20556.3022163, 159.302376339, 161.379554656)
(-20556.2260331, 159.306001431, 161.379398444)
(-20556.1666259, 159.30327914, 161.379515371)
(-20556.0930842, 159.299918282, 161.37966023)
(-20556.0278973, 159.304355503, 161.379469107)
(-20555.9500763, 159.330022769, 161.37836354)
(-20555.8926703, 159.362121614, 161.376980907)
(-20555.8286828, 159.400129087, 161.375344082)
(-20555.7683039, 159.437595502, 161.373730168)
(-20555.6987698, 159.483451649, 161.371755023)
(-20555.6451196, 159.518854181, 161.370230153)
(-20555.5940294, 159.554671954, 161.368687225)
(-20555.5227537, 159.611018494, 161.366260511)
(-20555.4659861, 159.65395813, 161.364410938)
(-20555.403733, 159.7031685, 161.362291246)
(-20555.3544987, 159.740741457, 161.360672888)
(-20555.2898812, 159.791448814, 161.35848881)
(-20555.2365771, 159.831881047, 161.35674729)
(-20555.1797118, 159.876470415, 161.354826792)
(-20555.1197381, 159.92177109, 161.352875472)
(-20555.0660188, 159.963680562, 161.351070332)
(-20555.0215945, 159.998652874, 161.349564014)
(-20554.9615693, 160.047350475, 161.3474665)
(-20554.8999579, 160.102900762, 161.345073934)
(-20554.8481325, 160.150132409, 161.343039461)
(-20554.779704, 160.214542069, 161.340265034)
(-20554.7305301, 160.260606322, 161.338281041)
(-20554.6798455, 160.309068687, 161.33619369)
(-20554.6378324, 160.348288644, 161.334504325)
(-20554.5808816, 160.401071644, 161.332230863)
(-20554.5350887, 160.4429048, 161.330428963)
(-20554.483024, 160.491117878, 161.328352301)
(-20554.4341783, 160.536729084, 161.326387715)
(-20554.377283, 160.591720039, 161.324019143)
(-20554.3232356, 160.64345628, 161.32179069)
(-20554.2550856, 160.708936688, 161.318970316)
(-20554.1938717, 160.76636591, 161.316496675)
(-20554.1237437, 160.833396633, 161.313609519)
(-20554.0794573, 160.875022323, 161.311816572)
(-20554.0314798, 160.920929956, 161.30983923)
(-20553.9923287, 160.957775753, 161.308252163)
(-20553.9318349, 161.014590047, 161.305805051)
(-20553.8692606, 161.073403695, 161.303271803)
(-20553.804619, 161.136431969, 161.30055702)
(-20553.7584377, 161.181905746, 161.298598357)
(-20553.6974239, 161.243362636, 161.295951266)
(-20553.657551, 161.283044585, 161.294242026)
(-20553.6002587, 161.340178063, 161.291781161)
(-20553.5348302, 161.406107196, 161.288941434)
(-20553.489166, 161.451068392, 161.287004855)
(-20553.4368737, 161.502686014, 161.284781537)
(-20553.3910136, 161.548450645, 161.282810337)
(-20553.3451644, 161.593703172, 161.280861209)
(-20553.2853695, 161.654621971, 161.278237293)
(-20553.2379308, 161.702530721, 161.276173763)
(-20553.1858031, 161.755483684, 161.273892993)
(-20553.146418, 161.794479131, 161.272213266)
(-20553.0907143, 161.848672826, 161.269879014)
(-20553.0490125, 161.888812423, 161.268150094)
(-20553.0028208, 161.933662176, 161.266218318)
(-20552.9484646, 161.988396115, 161.263860801)
(-20552.9090158, 162.02793631, 161.262157658)
(-20552.8530713, 162.084665634, 161.259714265)
(-20552.8134165, 162.12393965, 161.258022604)
(-20552.7644305, 162.171923296, 161.255955811)
(-20552.7215476, 162.214272693, 161.25413172)
(-20552.6700505, 162.26658774, 161.251878416)
(-20552.6213323, 162.315568117, 161.249768688)
(-20552.5696876, 162.367847572, 161.247516931)
(-20552.5133836, 162.423210091, 161.245132251)
(-20552.4580704, 162.478157947, 161.242765556)
(-20552.414516, 162.520532736, 161.24094036)
(-20552.3716618, 162.562880745, 161.239116293)
(-20552.3240684, 162.609847767, 161.237093316)
(-20552.2651581, 162.670034521, 161.234500964)
(-20552.2215808, 162.714206918, 161.232598304)
(-20552.1646194, 162.772262591, 161.230097583)
(-20552.1094178, 162.826961582, 161.227741684)
(-20552.0543564, 162.881664516, 161.225385478)
(-20552.0099046, 162.924907542, 161.223522903)
(-20551.96883, 162.965495516, 161.221774677)
(-20551.9176792, 163.014918912, 161.219645897)
(-20551.8649809, 163.066633313, 161.217418424)
(-20551.8017141, 163.131843776, 161.214609568)
(-20551.7527605, 163.181725303, 161.2124611)
(-20551.6936288, 163.243315655, 161.209808179)
(-20551.648548, 163.288912154, 161.207844339)
(-20551.5961911, 163.341123, 161.205595471)
(-20551.5480915, 163.388326574, 161.203562284)
(-20551.4912095, 163.444680902, 161.201134988)
(-20551.4392284, 163.495008897, 161.198967204)
(-20551.3790536, 163.554406868, 161.196408822)
(-20551.3238953, 163.607986032, 161.194100984)
(-20551.2643153, 163.667453502, 161.191539635)
(-20551.2134171, 163.71771378, 161.18937476)
(-20551.1522111, 163.779566432, 161.186710632)
(-20551.1000977, 163.831542042, 161.184471861)
(-20551.0439085, 163.888542128, 161.182016634)
(-20551.0063413, 163.925817273, 161.180411188)
(-20550.9540776, 163.977500476, 161.178185086)
(-20550.9092963, 164.022033604, 161.176266943)
(-20550.848901, 164.084227774, 161.173588105)
(-20550.7932343, 164.14092234, 161.17114606)
(-20550.7292019, 164.206951446, 161.168302129)
(-20550.6857086, 164.250621222, 161.166421099)
(-20550.6284526, 164.307830944, 161.163956878)
(-20550.5827072, 164.352683775, 161.162025)
(-20550.531239, 164.403362289, 161.159842188)
(-20550.488124, 164.445026669, 161.158047566)
(-20550.4281336, 164.504025145, 161.155506383)
(-20550.3794173, 164.551165675, 161.153475925)
(-20550.3304296, 164.599568241, 161.151391077)
(-20550.2664735, 164.666851135, 161.148493102)
(-20550.228439, 164.706675052, 161.146777681)
(-20550.1785461, 164.757929575, 161.144570097)
(-20550.1329364, 164.803595728, 161.142603122)
(-20550.0785221, 164.856756662, 161.140313326)
(-20550.0297083, 164.903817888, 161.138286273)
(-20549.9666848, 164.965615629, 161.135624531)
(-20549.9167486, 165.013860025, 161.133546496)
(-20549.8543892, 165.075737226, 161.130881328)
(-20549.8169581, 165.112555969, 161.129295408)
(-20549.7687978, 165.160702756, 161.127221606)
(-20549.7199952, 165.209391699, 161.125124463)
(-20549.660034, 165.271516086, 161.122448594)
(-20549.6106076, 165.32211531, 161.120269156)
(-20549.551772, 165.382400102, 161.117672458)
(-20549.5058108, 165.428247344, 161.115697818)
(-20549.4505959, 165.483387505, 161.11332267)
(-20549.4044869, 165.528480926, 161.111380479)
(-20549.3513109, 165.580958591, 161.109120144)
(-20549.3117764, 165.619177886, 161.107473929)
(-20549.2675929, 165.662535064, 161.105606432)
(-20549.207289, 165.72364522, 161.10297428)
(-20549.1629855, 165.768245258, 161.101053235)
(-20549.105101, 165.827623314, 161.098495584)
(-20549.0527068, 165.879884836, 161.096244616)
(-20548.9922627, 165.940803684, 161.093620734)
(-20548.9454833, 165.986985872, 161.091631552)
(-20548.8555843, 166.076866957, 161.087760133)
(-20548.7882893, 166.143865282, 161.084874348)
(-20548.7336988, 166.201856602, 161.082376538)
(-20548.6817585, 166.255883017, 161.080049415)
(-20548.6452323, 166.292496195, 161.078472438)
(-20548.5933742, 166.343538288, 161.076273936)
(-20548.5350813, 166.399804668, 161.073850386)
(-20548.4550673, 166.478464757, 161.070462308)
(-20548.3943192, 166.538039869, 161.067896264)
(-20548.3354152, 166.599942676, 161.065229898)
(-20548.2684924, 166.668749674, 161.062266231)
(-20548.2146921, 166.721427614, 161.059997275)
(-20548.1534781, 166.780030463, 161.057473138)
(-20548.1088743, 166.822468425, 161.055645219)
(-20548.0581072, 166.872016454, 161.053511056)
(-20548.0072308, 166.922618373, 161.051331511)
(-20547.9619956, 166.967858631, 161.049382898)
(-20547.9020565, 167.02998012, 161.046707167)
(-20547.8576235, 167.075699037, 161.044737963)
(-20547.8026051, 167.131647433, 161.042328112)
(-20547.7540417, 167.180160602, 161.040238511)
(-20547.7006372, 167.233045241, 161.037960676)
(-20547.6586234, 167.274053327, 161.036194321)
(-20547.6154823, 167.31615175, 161.034381041)
(-20547.5674385, 167.36325113, 161.032352342)
(-20547.5023937, 167.429566375, 161.029496021)
(-20547.4474802, 167.485221865, 161.027098739)
(-20547.3958721, 167.538550469, 161.024801774)
(-20547.3475633, 167.58735888, 161.022699494)
(-20547.2883609, 167.646163224, 161.020166621)
(-20547.241166, 167.692507582, 161.018170481)
(-20547.1904867, 167.742801167, 161.016004179)
(-20547.1457365, 167.786335799, 161.014129036)
(-20547.0958128, 167.835612552, 161.012006555)
(-20547.0404923, 167.890588248, 161.009638614)
(-20546.9951566, 167.93572939, 161.007694285)
(-20546.9464907, 167.985741609, 161.005540152)
(-20546.8932597, 168.039611823, 161.003219803)
(-20546.8380671, 168.095348989, 161.000819116)
(-20546.7942814, 168.138675995, 160.998952879)
(-20546.735237, 168.197550567, 160.996417024)
(-20546.6855316, 168.246066283, 160.99432728)
(-20546.6240797, 168.307124921, 160.991697307)
(-20546.5820486, 168.348101357, 160.989932372)
(-20546.5413319, 168.388495797, 160.988192516)
(-20546.4903635, 168.439086928, 160.986013419)
(-20546.4274654, 168.504071287, 160.983214373)
(-20546.3789866, 168.553914967, 160.981067512)
(-20546.3154891, 168.619399896, 160.978246876)
(-20546.2676715, 168.667511865, 160.97617459)
(-20546.2073024, 168.728001216, 160.973569147)
(-20546.1527999, 168.781652073, 160.971258252)
(-20546.0958759, 168.838475684, 160.968810742)
(-20546.0536427, 168.879846787, 160.967028783)
(-20546.0080426, 168.92526541, 160.965072496)
(-20545.9582619, 168.973724839, 160.962985211)
(-20545.8936539, 169.037467715, 160.960239669)
(-20545.8437229, 169.085738506, 160.958160513)
(-20545.785152, 169.143812521, 160.955659117)
(-20545.7158258, 169.213891639, 160.952640531)
(-20545.6689043, 169.260512217, 160.950632591)
(-20545.6108504, 169.31915724, 160.948106506)
(-20545.5637596, 169.365614076, 160.946105569)
(-20545.5174538, 169.41207059, 160.944104569)
(-20545.4644455, 169.4671082, 160.941734028)
(-20545.4251718, 169.507430053, 160.939997154)
(-20545.3683135, 169.56506622, 160.937514676)
(-20545.320273, 169.612929868, 160.935453063)
(-20545.2587293, 169.673998904, 160.932822695)
(-20545.2132, 169.718500455, 160.930905871)
(-20545.1527211, 169.778777105, 160.928309548)
(-20545.1113337, 169.819233712, 160.926567019)
(-20545.0588405, 169.871217585, 160.924327962)
(-20545.0176692, 169.912328518, 160.922557219)
(-20544.9623582, 169.969100517, 160.920111965)
(-20544.9188578, 170.013345101, 160.91820618)
(-20544.8617974, 170.071305014, 160.915709737)
(-20544.8134376, 170.119426404, 160.913636982)
(-20544.7551997, 170.177360344, 160.911141634)
(-20544.7028623, 170.228512414, 160.908938377)
(-20544.6531106, 170.277918825, 160.906810377)
(-20544.6149047, 170.315137377, 160.905207204)
(-20544.5688603, 170.360169599, 160.903267581)
(-20544.510406, 170.419619087, 160.900706948)
(-20544.4612555, 170.469345866, 160.898565094)
(-20544.4023639, 170.530046224, 160.895950445)
(-20544.3504695, 170.582226095, 160.893703026)
(-20544.2953683, 170.637475526, 160.891323324)
(-20544.2518105, 170.680441365, 160.88947267)
(-20544.2012801, 170.730329115, 160.887323901)
(-20544.1603489, 170.770087627, 160.885611382)
(-20544.1093405, 170.820048243, 160.883459471)
(-20544.0559278, 170.874665004, 160.881107083)
(-20544.0082076, 170.922893431, 160.879029722)
(-20543.9538461, 170.978806732, 160.876621384)
(-20543.9117206, 171.02089124, 160.874808747)
(-20543.8521722, 171.079905454, 160.872266866)
(-20543.8066636, 171.124401269, 160.870350349)
(-20543.7583076, 171.172358836, 160.868284717)
(-20543.7120287, 171.218300396, 160.866305945)
(-20543.6545229, 171.277576154, 160.863752829)
(-20543.6082733, 171.324979035, 160.8617111)
(-20543.5437043, 171.390638959, 160.858882992)
(-20543.4718606, 171.462031024, 160.855807939)
(-20543.414464, 171.520833059, 160.853275259)
(-20543.3691063, 171.56670929, 160.851299325)
(-20543.3225582, 171.613586962, 160.849280201)
(-20543.2774898, 171.658000143, 160.847367246)
(-20543.2015789, 171.732162316, 160.844172947)
(-20543.1395624, 171.792252767, 160.841584685)
(-20543.0773635, 171.855569017, 160.83885756)
(-20543.0273099, 171.906129972, 160.836679808)
(-20542.9764802, 171.958495137, 160.834424369)
(-20542.9344887, 172.000757642, 160.832604021)
(-20542.8833583, 172.05133486, 160.830425521)
(-20542.8410668, 172.092632264, 160.828646834)
(-20542.7937679, 172.138748601, 160.826660508)
(-20542.7440061, 172.187620392, 160.824555511)
(-20542.6942889, 172.238286185, 160.82237326)
(-20542.6499721, 172.282935259, 160.820450127)
(-20542.6026568, 172.3307769, 160.818389476)
(-20542.5535107, 172.379290414, 160.81629994)
(-20542.4987091, 172.433100677, 160.813982166)
(-20542.452033, 172.478207322, 160.812039369)
(-20542.4073323, 172.52215666, 160.810146412)
(-20542.3472107, 172.584018466, 160.807481929)
(-20542.3020362, 172.630114441, 160.805496469)
(-20542.2435978, 172.690678728, 160.802887882)
(-20542.1963138, 172.738158558, 160.800842818)
(-20542.1333802, 172.800785213, 160.798145353)
(-20542.0826503, 172.850604079, 160.795999582)
(-20542.0318211, 172.901297626, 160.793815989)
(-20541.9838483, 172.948041077, 160.791802762)
(-20541.9328576, 172.998558975, 160.789626887)
(-20541.8856418, 173.044302411, 160.787656605)
(-20541.843615, 173.08568522, 160.785874173)
(-20541.7880592, 173.142769065, 160.783415502)
(-20541.7463364, 173.185318313, 160.781582753)
(-20541.6957534, 173.236901694, 160.779360997)
(-20541.6509296, 173.281575603, 160.777436822)
(-20541.5902899, 173.34126024, 160.774866084)
(-20541.5494135, 173.38106388, 160.773151641)
(-20541.5093718, 173.420397345, 160.771457483)
(-20541.4606145, 173.469653774, 160.769335945)
(-20541.4120799, 173.518254944, 160.767242592)
(-20541.3530796, 173.578254755, 160.764658313)
(-20541.2999869, 173.631007844, 160.762386102)
(-20541.2476528, 173.68370597, 160.760116177)
(-20541.2048993, 173.725732869, 160.758306125)
(-20541.1474197, 173.782662456, 160.755854055)
(-20541.109219, 173.820890132, 160.754207526)
(-20541.0493752, 173.882464949, 160.751555419)
(-20541.0033196, 173.9294806, 160.749530377)
(-20540.9423135, 173.991690852, 160.746850685)
(-20540.8963035, 174.037481697, 160.744878514)
(-20540.8359309, 174.097393913, 160.742297984)
(-20540.7906924, 174.141604434, 160.740393739)
(-20540.7339972, 174.198056119, 160.737962327)
(-20540.6872637, 174.243701113, 160.735996257)
(-20540.6236268, 174.307208944, 160.733260865)
(-20540.5782087, 174.351843113, 160.731338364)
(-20540.5320271, 174.397864609, 160.729356137)
(-20540.4902292, 174.439533958, 160.727561364)
(-20540.430083, 174.50129113, 160.724901417)
(-20540.3857488, 174.546487601, 160.722954689)
(-20540.3289728, 174.604180133, 160.720469658)
(-20540.2873472, 174.645581863, 160.718686506)
(-20540.2267813, 174.705326722, 160.716113187)
(-20540.1791166, 174.751779857, 160.71411236)
(-20540.1310606, 174.799402409, 160.712061163)
(-20540.0877173, 174.842444551, 160.710207249)
(-20540.027252, 174.904600212, 160.707530135)
(-20539.9791798, 174.953675769, 160.705416325)
(-20539.9167428, 175.017920709, 160.70264923)
(-20539.8720296, 175.062697477, 160.700720566)
(-20539.8122962, 175.122110472, 160.698161493)
(-20539.7673674, 175.166043193, 160.696269249)
(-20539.7091219, 175.223884423, 160.693777968)
(-20539.662626, 175.269157328, 160.69182796)
(-20539.6081445, 175.323209429, 160.689499825)
(-20539.5639284, 175.36610197, 160.687652343)
(-20539.5122919, 175.417132003, 160.68545438)
(-20539.4565293, 175.475156639, 160.682955203)
(-20539.4055092, 175.5276704, 160.680693302)
(-20539.360203, 175.574588368, 160.678672486)
(-20539.3154631, 175.619400837, 160.676742319)
(-20539.262403, 175.671570484, 160.674495239)
(-20539.2166641, 175.715868524, 160.67258724)
(-20539.1615569, 175.769892593, 160.670260316)
(-20539.1087989, 175.822124176, 160.668010616)
(-20539.0581733, 175.872478554, 160.665841762)
(-20539.0057214, 175.924526694, 160.663599955)
(-20538.9456123, 175.987050072, 160.660906981)
(-20538.9029044, 176.030973771, 160.659015095)
(-20538.8595484, 176.075213817, 160.657109577)
(-20538.8111924, 176.123393662, 160.655034398)
(-20538.7516996, 176.181399966, 160.652535934)
(-20538.7011249, 176.230199031, 160.650434073)
(-20538.6511965, 176.279424875, 160.648313848)
(-20538.6084942, 176.320921013, 160.646526491)
(-20538.5612179, 176.367593334, 160.644516244)
(-20538.5024764, 176.427931371, 160.641917375)
(-20538.4575799, 176.473759624, 160.639943453)
(-20538.3991523, 176.533873689, 160.637354247)
(-20538.3464338, 176.586405102, 160.635091581)
(-20538.2620516, 176.671257981, 160.631436827)
(-20538.2075013, 176.72588744, 160.629083844)
(-20538.13049, 176.805736266, 160.625644529)
(-20538.0634661, 176.873831415, 160.622711613)
(-20538.013083, 176.923418332, 160.620575807)
(-20537.9527797, 176.98176571, 160.618062693)
(-20537.907136, 177.02554365, 160.616177093)
(-20537.8511612, 177.080375934, 160.613815402)
(-20537.8071342, 177.12286512, 160.61198526)
(-20537.7516779, 177.177636373, 160.609626165)
(-20537.6734062, 177.261450653, 160.606016054)
(-20537.6010775, 177.337748912, 160.602729827)
(-20537.5595575, 177.379225496, 160.600943385)
(-20537.5102319, 177.42699444, 160.598885843)
(-20537.4627994, 177.471896911, 160.596951784)
(-20537.3984615, 177.533600879, 160.594294091)
(-20537.337104, 177.593599728, 160.59170987)
(-20537.2852055, 177.644013392, 160.589538438)
(-20537.2166419, 177.71254222, 160.586586683)
(-20537.1808266, 177.748046602, 160.585057502)
(-20537.1284969, 177.800782176, 160.582786105)
(-20537.0828915, 177.846814801, 160.580803397)
(-20537.0218645, 177.910800978, 160.578047448)
(-20536.9653364, 177.969044862, 160.575538667)
(-20536.8999536, 178.036740013, 160.572622971)
(-20536.85267, 178.084217704, 160.570578015)
(-20536.7975528, 178.139443851, 160.568199325)
(-20536.7589477, 178.177436716, 160.566562881)
(-20536.7001976, 178.234906882, 160.564087529)
(-20536.6543669, 178.279107707, 160.562183726)
(-20536.5955264, 178.336925932, 160.559693364)
(-20536.5470991, 178.383776501, 160.557675428)
(-20536.4917566, 178.438662647, 160.555311412)
(-20536.453379, 178.476290891, 160.553690674)
(-20536.4082054, 178.521007675, 160.551764648)
(-20536.3513486, 178.57914809, 160.549260454)
(-20536.3019772, 178.62920565, 160.547104356)
(-20536.2488174, 178.683951539, 160.544746383)
(-20536.2082258, 178.724674289, 160.542992322)
(-20536.1517925, 178.780434124, 160.540590667)
(-20536.1065525, 178.824649863, 160.538686188)
(-20536.054568, 178.875971258, 160.536475691)
(-20536.0057379, 178.924602176, 160.534381075)
(-20535.9463784, 178.986106502, 160.531732013)
(-20535.9021692, 179.031441246, 160.529779339)
(-20535.8490778, 179.085780461, 160.527438893)
(-20535.801636, 179.133102695, 160.525400569)
(-20535.7456388, 179.188097507, 160.523031836)
(-20535.7038376, 179.228727938, 160.521281791)
(-20535.6437435, 179.287697068, 160.518741907)
(-20535.5994387, 179.330484218, 160.516898986)
(-20535.551875, 179.377404903, 160.514877998)
(-20535.5023455, 179.428319384, 160.512684973)
(-20535.457852, 179.473344422, 160.510745729)
(-20535.404756, 179.527649774, 160.508406699)
(-20535.3605502, 179.571758521, 160.506506819)
(-20535.2986173, 179.633051704, 160.503866844)
(-20535.2480341, 179.682440484, 160.501739549)
(-20535.2003742, 179.729854455, 160.499697349)
(-20535.157499, 179.772777192, 160.497848588)
(-20535.1023015, 179.82738241, 160.495496639)
(-20535.0433297, 179.888132529, 160.492880049)
(-20534.9888547, 179.943613668, 160.490490287)
(-20534.9244498, 180.010379892, 160.487614601)
(-20534.8771107, 180.058413167, 160.485545729)
(-20534.8148761, 180.121153354, 160.482843379)
(-20534.768104, 180.167339723, 160.480854035)
(-20534.7127091, 180.222266979, 160.478488266)
(-20534.6709218, 180.262915797, 160.476737377)
(-20534.6148899, 180.318326583, 160.474350768)
(-20534.5655416, 180.366026583, 160.472296206)
(-20534.5042081, 180.426594293, 160.469687489)
(-20534.4458633, 180.483415803, 160.467240052)
(-20534.3928098, 180.536537337, 160.46495202)
(-20534.3467345, 180.582278141, 160.462981865)
(-20534.2984808, 180.630903078, 160.460887475)
(-20534.2539943, 180.675725261, 160.458956921)
(-20534.1936345, 180.7384046, 160.456257241)
(-20534.1470947, 180.786081847, 160.454203686)
(-20534.0915977, 180.842688216, 160.451765528)
(-20534.0403549, 180.893786386, 160.44956464)
(-20533.9911715, 180.942694987, 160.447458096)
(-20533.9476953, 180.985151253, 160.44562935)
(-20533.9028739, 181.029055456, 160.443738321)
(-20533.8569113, 181.074154426, 160.441795827)
(-20533.8100439, 181.121833121, 160.439742226)
(-20533.7624864, 181.169627439, 160.437683637)
(-20533.7119663, 181.220675501, 160.435484892)
(-20533.6619464, 181.270055186, 160.433358)
(-20533.6108023, 181.320492572, 160.431185613)
(-20533.5659692, 181.36394758, 160.42931388)
(-20533.5183768, 181.410855141, 160.427293496)
(-20533.4689931, 181.461257831, 160.425122561)
(-20533.4192492, 181.511597103, 160.422954368)
(-20533.363711, 181.568609687, 160.420498721)
(-20533.3146077, 181.617747722, 160.418382272)
(-20533.2677303, 181.664319103, 160.416376275)
(-20533.2287354, 181.702482581, 160.414732543)
(-20533.1721959, 181.757487017, 160.412363413)
(-20533.1142838, 181.816898903, 160.409804465)
(-20533.0694061, 181.862704287, 160.407831496)
(-20533.0005996, 181.933963064, 160.404762217)
(-20532.9615728, 181.973292567, 160.403068266)
(-20532.9151982, 182.019776859, 160.401066092)
(-20532.8656459, 182.068460939, 160.398969186)
(-20532.8045079, 182.12818381, 160.396396813)
(-20532.7527377, 182.178116224, 160.394246108)
(-20532.6873635, 182.2428179, 160.391459238)
(-20532.6409999, 182.288219355, 160.389503782)
(-20532.5999257, 182.329391714, 160.387730416)
(-20532.5506729, 182.378802839, 160.385602176)
(-20532.4807962, 182.448502349, 160.382600095)
(-20532.4245991, 182.507353158, 160.380065333)
(-20532.3530786, 182.580931047, 160.37689609)
(-20532.2818221, 182.652332394, 160.373820747)
(-20532.2289675, 182.704102447, 160.371590899)
(-20532.1713711, 182.761407801, 160.36912271)
(-20532.1255801, 182.806246717, 160.367191371)
(-20532.0648427, 182.86686767, 160.364580289)
(-20532.0276261, 182.903317788, 160.363010315)
(-20531.9692064, 182.961047596, 160.360523815)
(-20531.9106292, 183.019715184, 160.357996886)
(-20531.8684756, 183.062182738, 160.356167719)
(-20531.787273, 183.148034458, 160.352469969)
(-20531.7444615, 183.192467062, 160.350556088)
(-20531.6917381, 183.24439696, 160.348319369)
(-20531.6447914, 183.289824689, 160.346362758)
(-20531.5799465, 183.354491059, 160.343577465)
(-20531.5344172, 183.399612732, 160.34163397)
(-20531.4671782, 183.467722573, 160.338700294)
(-20531.4199437, 183.514602996, 160.336681145)
(-20531.358436, 183.576735511, 160.334004985)
(-20531.3179535, 183.616971212, 160.332271918)
(-20531.2621173, 183.672661031, 160.329873179)
(-20531.2192524, 183.714549753, 160.32806906)
(-20531.1508628, 183.78158883, 160.325181548)
(-20531.1051177, 183.825829563, 160.32327602)
(-20531.0422208, 183.888387252, 160.320581501)
(-20531.0009783, 183.92898727, 160.318832811)
(-20530.9534819, 183.976609002, 160.316781672)
(-20530.9016343, 184.028665594, 160.314539492)
(-20530.8490878, 184.08121642, 160.312276034)
(-20530.7856591, 184.147491544, 160.30942145)
(-20530.7332087, 184.201567536, 160.307092226)
(-20530.6765623, 184.260469843, 160.304555255)
(-20530.6327224, 184.304413954, 160.302662512)
(-20530.5743209, 184.361766014, 160.300192242)
(-20530.5357178, 184.399167808, 160.298581253)
(-20530.4790761, 184.454587478, 160.296194236)
(-20530.4257078, 184.505852305, 160.293986167)
(-20530.3636836, 184.566907635, 160.291356369)
(-20530.3098009, 184.619411399, 160.289094939)
(-20530.251536, 184.677855836, 160.286577596)
(-20530.205195, 184.723888354, 160.284594954)
(-20530.1521243, 184.777588411, 160.282281993)
(-20530.1112177, 184.818981258, 160.280499108)
(-20530.066327, 184.864025766, 160.278558966)
(-20530.0012767, 184.931326554, 160.275660251)
(-20529.9547108, 184.97895619, 160.273608718)
(-20529.8925875, 185.042352237, 160.270878103)
(-20529.8475153, 185.087356059, 160.268939711)
(-20529.7895046, 185.144973272, 160.266458004)
(-20529.7454512, 185.188031497, 160.264603436)
(-20529.6890825, 185.243725539, 160.262204608)
(-20529.6439495, 185.287451128, 160.260321219)
(-20529.5896971, 185.341094326, 160.258010733)
(-20529.5360236, 185.394750385, 160.255699669)
(-20529.4862026, 185.44474492, 160.253546296)
(-20529.4350695, 185.495794677, 160.251347494)
(-20529.3836405, 185.548834056, 160.249062995)
(-20529.331179, 185.60226989, 160.246761382)
(-20529.2726477, 185.661695644, 160.244201696)
(-20529.2289056, 185.705070193, 160.242333613)
(-20529.1711821, 185.762362807, 160.239865877)
(-20529.1267529, 185.80563493, 160.238002081)
(-20529.0663284, 185.865401938, 160.235427791)
(-20529.0227242, 185.907723197, 160.233604954)
(-20528.9697106, 185.960267571, 160.231341797)
(-20528.9274711, 186.00261025, 160.229517998)
(-20528.874878, 186.056870022, 160.227180936)
(-20528.8314901, 186.101241638, 160.225269762)
(-20528.7751731, 186.158234639, 160.222815026)
(-20528.7264562, 186.206582587, 160.22073252)
(-20528.6593397, 186.272612714, 160.217888486)
(-20528.6134226, 186.317302274, 160.215963618)
(-20528.5513061, 186.379430506, 160.213287699)
(-20528.5083643, 186.421859373, 160.211460134)
(-20528.4405249, 186.489998421, 160.208525247)
(-20528.390754, 186.539020063, 160.20641382)
(-20528.331181, 186.599030095, 160.203829073)
(-20528.2788364, 186.650767539, 160.201600621)
(-20528.2180063, 186.711866972, 160.198968962)
(-20528.1711495, 186.757970271, 160.196983206)
(-20528.1192957, 186.809935468, 160.194744983)
(-20528.0732211, 186.856610942, 160.192734579)
(-20528.0159423, 186.916743605, 160.190144598)
(-20527.9774516, 186.9567368, 160.188421914)
(-20527.9209116, 187.01422815, 160.185945734)
(-20527.8733995, 187.061455542, 160.183911538)
(-20527.8096941, 187.123912107, 160.181221425)
(-20527.7545133, 187.177458598, 160.178915069)
(-20527.6893714, 187.242378078, 160.176118876)
(-20527.6323507, 187.298760496, 160.17369036)
(-20527.5737105, 187.35853593, 160.171115787)
(-20527.5168543, 187.415704166, 160.168653373)
(-20527.464506, 187.468962514, 160.16635933)
(-20527.4201835, 187.512916293, 160.164466315)
(-20527.3715773, 187.561216155, 160.162385903)
(-20527.3245017, 187.607108154, 160.160409268)
(-20527.2573924, 187.673079554, 160.157567748)
(-20527.2051374, 187.723674917, 160.155388518)
(-20527.1557029, 187.772844188, 160.153270686)
(-20527.1024528, 187.826901692, 160.150942347)
(-20527.0542286, 187.875598448, 160.148844881)
(-20527.0039874, 187.928178082, 160.146580225)
(-20526.9583623, 187.975070244, 160.144560491)
(-20526.9048748, 188.029111357, 160.142232807)
(-20526.8641414, 188.069662793, 160.140486148)
(-20526.8104238, 188.122338697, 160.138217314)
(-20526.7658885, 188.16550017, 160.136358262)
(-20526.7201705, 188.210244866, 160.134431035)
(-20526.6653876, 188.265828717, 160.132036859)
(-20526.5963509, 188.334805347, 160.129065985)
(-20526.5404505, 188.392800607, 160.126568073)
(-20526.4803248, 188.454332745, 160.123917726)
(-20526.4107573, 188.52650138, 160.120809145)
(-20526.3491324, 188.588279866, 160.118148371)
(-20526.2911839, 188.644320792, 160.115734545)
(-20526.233759, 188.699576021, 160.11335464)
(-20526.1862912, 188.744447989, 160.111421896)
(-20526.1098484, 188.819123195, 160.108205504)
(-20526.0637391, 188.865209381, 160.10622049)
(-20525.9912766, 188.939149819, 160.103035759)
(-20525.9366331, 188.994463718, 160.100653224)
(-20525.8810551, 189.051513711, 160.098196021)
(-20525.8439148, 189.08862961, 160.096597346)
(-20525.7982097, 189.134034511, 160.094641687)
(-20525.7464578, 189.184585084, 160.092464378)
(-20525.6914505, 189.238722717, 160.090132558)
(-20525.6323306, 189.299817632, 160.087501128)
(-20525.5786015, 189.354924489, 160.085127513)
(-20525.5246085, 189.411183497, 160.082704229)
(-20525.4864361, 189.449663918, 160.081046908)
(-20525.4308285, 189.504562134, 160.078682359)
(-20525.3801312, 189.55381283, 160.07656103)
(-20525.3142578, 189.61861678, 160.073769801)
(-20525.2646222, 189.666597238, 160.07170319)
(-20525.1982873, 189.732723753, 160.068855052)
(-20525.1474731, 189.783056478, 160.066687051)
(-20525.0892947, 189.84212424, 160.064142873)
(-20525.0515474, 189.8798148, 160.062519503)
(-20524.9934353, 189.937894958, 160.060017908)
(-20524.9456674, 189.984852952, 160.057995319)
(-20524.8764017, 190.053896623, 160.055021484)
(-20524.8282879, 190.101059814, 160.052990099)
(-20524.771162, 190.158240422, 160.050527222)
(-20524.7184581, 190.211678136, 160.048225537)
(-20524.6612099, 190.269450845, 160.045737167)
(-20524.6130002, 190.318164805, 160.043638965)
(-20524.5664592, 190.366832753, 160.041542799)
(-20524.5265607, 190.407780346, 160.039779025)
(-20524.4660897, 190.468358108, 160.037169874)
(-20524.4171531, 190.516458471, 160.035098078)
(-20524.3498736, 190.582843038, 160.032238782)
(-20524.3030572, 190.62837496, 160.030277635)
(-20524.236266, 190.695139339, 160.027402001)
(-20524.1942544, 190.736736388, 160.02561028)
(-20524.1339219, 190.797755754, 160.022981984)
(-20524.0913115, 190.839928244, 160.02116564)
(-20524.0323312, 190.898860287, 160.018627333)
(-20523.9874417, 190.942848674, 160.01673265)
(-20523.9345625, 190.995553973, 160.014462542)
(-20523.8760572, 191.056658396, 160.011830668)
(-20523.8240241, 191.110546102, 160.00950963)
(-20523.7633456, 191.17363538, 160.006792201)
(-20523.713698, 191.22344994, 160.004646621)
(-20523.654041, 191.282927615, 160.002084802)
(-20523.6117747, 191.324247673, 160.000305102)
(-20523.5507178, 191.384588379, 159.997706147)
(-20523.5007814, 191.432864871, 159.995626742)
(-20523.4395436, 191.493535504, 159.993013592)
(-20523.3884569, 191.54360424, 159.990857002)
(-20523.3250705, 191.607403294, 159.988109108)
(-20523.2755248, 191.656703619, 159.985985593)
(-20523.2271427, 191.705720053, 159.983874366)
(-20523.1789781, 191.753465614, 159.981817889)
(-20523.1233762, 191.80876759, 159.979435975)
(-20523.0721775, 191.858705911, 159.977284996)
(-20523.0028045, 191.927575215, 159.974318622)
(-20522.9490721, 191.980170681, 159.972053278)
(-20522.9045393, 192.024890383, 159.970127099)
(-20522.859897, 192.069144451, 159.968221003)
(-20522.8112452, 192.117414024, 159.966141922)
(-20522.7444886, 192.186765809, 159.96315481)
(-20522.6880679, 192.244990892, 159.960646947)
(-20522.6354025, 192.300233263, 159.95826749)
(-20522.5905411, 192.345490111, 159.956318295)
(-20522.5362427, 192.399352652, 159.953998317)
(-20522.4921666, 192.442369174, 159.952145491)
(-20522.4320256, 192.501305934, 159.949607013)
(-20522.3796347, 192.551791434, 159.947432483)
(-20522.3105195, 192.620364328, 159.944478957)
(-20522.2623072, 192.667990871, 159.942427551)
(-20522.1978181, 192.7335847, 159.939602234)
(-20522.1493282, 192.78216615, 159.937509804)
(-20522.0891727, 192.843358804, 159.934874188)
(-20522.0475208, 192.884734246, 159.933091996)
(-20521.9812947, 192.95047302, 159.930260512)
(-20521.9345799, 192.996124783, 159.928294212)
(-20521.8756192, 193.054987866, 159.925758929)
(-20521.8351992, 193.094680071, 159.924049233)
(-20521.7830492, 193.146428994, 159.921820318)
(-20521.7371249, 193.19214141, 159.919851406)
(-20521.6795049, 193.251894805, 159.917277759)
(-20521.6408078, 193.291618056, 159.915566729)
(-20521.5849221, 193.348459188, 159.913118561)
(-20521.5401067, 193.393129587, 159.911194477)
(-20521.471339, 193.460528369, 159.90829147)
(-20521.4247774, 193.505743235, 159.906343986)
(-20521.3735577, 193.556586694, 159.904154102)
(-20521.3285745, 193.600490967, 159.902263016)
(-20521.2837898, 193.644951154, 159.900348048)
(-20521.2274606, 193.703087257, 159.897843941)
(-20521.1805131, 193.750902281, 159.89578453)
(-20521.1231599, 193.810207715, 159.893230133)
(-20521.0797468, 193.853959757, 159.891345639)
(-20521.0312847, 193.901943771, 159.889278877)
(-20520.9845836, 193.947606072, 159.887312123)
(-20520.9325942, 193.998368856, 159.885125672)
(-20520.8702126, 194.062629389, 159.882357858)
(-20520.8315484, 194.102403997, 159.880644621)
(-20520.7722016, 194.163352402, 159.878019478)
(-20520.7198057, 194.215651221, 159.875766871)
(-20520.658701, 194.276558459, 159.873143495)
(-20520.6155633, 194.31878031, 159.871324938)
(-20520.5545181, 194.379651543, 159.868703173)
(-20520.5104331, 194.422688451, 159.866849421)
(-20520.4268726, 194.505961814, 159.863262689)
(-20520.3744016, 194.557520438, 159.861041966)
(-20520.2880229, 194.646078621, 159.857227665)
(-20520.2411369, 194.693437683, 159.855187785)
(-20520.1619318, 194.770897552, 159.851851412)
(-20520.1074777, 194.823327729, 159.849593165)
(-20520.048172, 194.882462312, 159.847046062)
(-20519.9900325, 194.940073296, 159.844564705)
(-20519.9434959, 194.987467706, 159.842523349)
(-20519.8845483, 195.056582779, 159.839549132)
(-20519.8149671, 195.157302449, 159.837033714)
(-20519.777262, 195.220089022, 159.835592185)
(-20519.7318313, 195.300296118, 159.833739006)
(-20519.7045015, 195.348533137, 159.832818327)
(-20519.6655523, 195.419070152, 159.831180651)
(-20519.6315161, 195.476377992, 159.82998234)
(-20519.5885161, 195.554455953, 159.828532636)
(-20519.5519282, 195.619211632, 159.828532823)
(-20519.5105726, 195.691693713, 159.828532813)
(-20519.4720239, 195.756583422, 159.828532859)
(-20519.4273726, 195.83114806, 159.828532857)
(-20519.3908137, 195.893007799, 159.828532853)
(-20519.3582147, 195.948089004, 159.828532842)
(-20519.3243607, 196.004842616, 159.828532856)
(-20519.2781578, 196.082114267, 159.828532861)
(-20519.2383788, 196.14878474, 159.828532853)
(-20519.1962182, 196.219317989, 159.828532851)
(-20519.1612638, 196.277808441, 159.828532851)
(-20519.1207538, 196.345484584, 159.828532856)
(-20519.0868405, 196.402196901, 159.828532852)
(-20519.0320942, 196.493597677, 159.828532854)
(-20518.9954006, 196.554897805, 159.828532856)
(-20518.9620686, 196.610510153, 159.828532853)
(-20518.9247202, 196.672866376, 159.828532854)
(-20518.8930739, 196.725636795, 159.828532852)
(-20518.8427957, 196.809069151, 159.82853285)
(-20518.7913057, 196.874625958, 159.828532981)
(-20518.7232758, 196.945377732, 159.828532547)
(-20518.6688295, 197.001731348, 159.828532709)
(-20518.6069789, 197.069184127, 159.828532865)
(-20518.5623691, 197.119398127, 159.828532868)
(-20518.512307, 197.176405681, 159.82853285)
(-20518.4684572, 197.225846316, 159.828532855)
(-20518.419109, 197.28144981, 159.828532855)
(-20518.3650786, 197.341290876, 159.828532853)
(-20518.3025613, 197.410122541, 159.82853286)
(-20518.2376027, 197.480727521, 159.828532852)
(-20518.1872536, 197.536509634, 159.828532854)
(-20518.1283034, 197.602333818, 159.828532852)
(-20518.0752032, 197.66123519, 159.828532852)
(-20518.0070823, 197.736627274, 159.828532853)
(-20517.9553609, 197.792975801, 159.828532854)
(-20517.9055067, 197.847047626, 159.828532849)
(-20517.863791, 197.891372637, 159.82853285)
(-20517.802507, 197.954746932, 159.828532858)
(-20517.7509843, 198.006761829, 159.828532835)
(-20517.6867714, 198.071141811, 159.828532856)
(-20517.642295, 198.116030746, 159.82853285)
(-20517.5899754, 198.168847752, 159.828532842)
(-20517.5428893, 198.216384536, 159.828532853)
(-20517.4851003, 198.274821156, 159.82853285)
(-20517.4371588, 198.323256187, 159.82853285)
(-20517.3747205, 198.386394216, 159.828532857)
(-20517.3186656, 198.443068449, 159.828532855)
(-20517.2513557, 198.511255237, 159.828532847)
(-20517.2002698, 198.562969103, 159.828532851)
(-20517.1425707, 198.621491567, 159.82853284)
(-20517.097845, 198.667714274, 159.828532847)
(-20517.043266, 198.725045404, 159.828532865)
(-20516.9951954, 198.775099757, 159.82853286)
(-20516.9372393, 198.835142232, 159.828532854)
(-20516.8900424, 198.883300489, 159.828532851)
(-20516.826172, 198.947543061, 159.828532853)
(-20516.7721915, 199.001655833, 159.828532857)
(-20516.7097059, 199.064197499, 159.828532855)
(-20516.6581096, 199.115987438, 159.828532853)
(-20516.5971714, 199.177129737, 159.828532853)
(-20516.5470252, 199.227447498, 159.828532852)
(-20516.4936332, 199.280952141, 159.828532847)
(-20516.4530982, 199.321606336, 159.828532853)
(-20516.3959391, 199.378925188, 159.828532849)
(-20516.3498626, 199.425136611, 159.828532853)
(-20516.2807452, 199.494452197, 159.828532853)
(-20516.2162956, 199.559088624, 159.828532853)
(-20516.1649717, 199.610565948, 159.828532852)
(-20516.1040242, 199.671696017, 159.828532852)
(-20516.0608679, 199.714985811, 159.828532851)
(-20516.0016751, 199.774365686, 159.828532851)
(-20515.9512288, 199.824969753, 159.828532851)
(-20515.8806642, 199.895757688, 159.828532851)
(-20515.8316724, 199.944896684, 159.828532853)
(-20515.7640155, 200.012751917, 159.828532853)
(-20515.7109374, 200.065974547, 159.828532852)
(-20515.6525727, 200.12443555, 159.828532853)
(-20515.6085203, 200.168580832, 159.828532853)
(-20515.5597683, 200.21738045, 159.828532853)
(-20515.5086984, 200.268527653, 159.828532853)
(-20515.456756, 200.320548586, 159.828532853)
(-20515.3919048, 200.385377492, 159.828532851)
(-20515.3349753, 200.442347324, 159.828532852)
(-20515.2745417, 200.502823441, 159.828532852)
(-20515.2269566, 200.550446503, 159.828532852)
(-20515.1662354, 200.611218746, 159.828532851)
(-20515.1233238, 200.654169476, 159.828532851)
(-20515.0687477, 200.708817683, 159.828532857)
(-20515.0194345, 200.75821557, 159.828532853)
(-20514.9669548, 200.810866088, 159.828532852)
(-20514.9164813, 200.86144386, 159.828532852)
(-20514.8668815, 200.911141913, 159.828532852)
(-20514.8181545, 200.959961061, 159.828532853)
(-20514.7542537, 201.023970845, 159.82853285)
(-20514.7026034, 201.075700266, 159.828532852)
(-20514.6354333, 201.142882858, 159.828532853)
(-20514.5817183, 201.196643326, 159.828532854)
(-20514.5174721, 201.260902119, 159.828532853)
(-20514.469006, 201.309396368, 159.828532853)
(-20514.4053529, 201.373073587, 159.828532851)
(-20514.3478343, 201.430623111, 159.828532853)
(-20514.294694, 201.48378523, 159.828532853)
(-20514.2488546, 201.529649197, 159.828532852)
(-20514.1741085, 201.604433488, 159.828532853)
(-20514.1177593, 201.660815627, 159.828532852)
(-20514.0593663, 201.719243304, 159.828532852)
(-20514.0073989, 201.771245794, 159.828532851)
(-20513.9469662, 201.831722879, 159.828532851)
(-20513.8839028, 201.894826292, 159.828532852)
(-20513.8398171, 201.938940003, 159.828532852)
(-20513.7831754, 201.995614725, 159.828532852)
(-20513.7241973, 202.054625211, 159.828532852)
(-20513.6649265, 202.113927485, 159.828532853)
(-20513.5849228, 202.193969132, 159.828532853)
(-20513.533534, 202.245382307, 159.828532853)
(-20513.4669536, 202.311973984, 159.828532853)
(-20513.4105977, 202.368349943, 159.828532853)
(-20513.348097, 202.430849272, 159.828532853)
(-20513.3054627, 202.473493303, 159.828532852)
(-20513.2604926, 202.518474717, 159.828532852)
(-20513.1977082, 202.581272213, 159.828532852)
(-20513.1480669, 202.630927974, 159.828532852)
(-20513.0803206, 202.698693713, 159.828532852)
(-20513.0338929, 202.745138166, 159.828532851)
(-20512.9681939, 202.810862513, 159.828532851)
(-20512.9276066, 202.851465531, 159.828532851)
(-20512.8601569, 202.918943102, 159.828532851)
(-20512.8096403, 202.969476959, 159.828532852)
(-20512.742187, 203.036951344, 159.828532852)
(-20512.686413, 203.09274123, 159.828532852)
(-20512.6239213, 203.155248214, 159.828532852)
(-20512.5716502, 203.207531777, 159.828532852)
(-20512.5001032, 203.2790896, 159.828532853)
(-20512.4557161, 203.323485682, 159.828532852)
(-20512.3914691, 203.387736942, 159.82853285)
(-20512.3391962, 203.440018434, 159.828532852)
(-20512.2816665, 203.497550449, 159.828532852)
(-20512.2343582, 203.544865922, 159.828532852)
(-20512.1727387, 203.606492709, 159.828532853)
(-20512.1239709, 203.655269657, 159.828532852)
(-20512.06615, 203.713101201, 159.828532852)
(-20512.0211802, 203.758082924, 159.828532851)
(-20511.9554783, 203.823804205, 159.828532852)
(-20511.9087551, 203.870538161, 159.828532852)
(-20511.8491826, 203.930122942, 159.828532852)
(-20511.786397, 203.992919472, 159.828532852)
(-20511.7116365, 204.067689145, 159.828532852)
(-20511.6576103, 204.121722286, 159.828532853)
(-20511.5965752, 204.182755615, 159.828532853)
(-20511.5533533, 204.225980123, 159.828532852)
(-20511.4771276, 204.302193794, 159.828532852)
(-20511.4330277, 204.346292999, 159.828532852)
(-20511.3734477, 204.405861778, 159.828532852)
(-20511.3275949, 204.451712654, 159.828532852)
(-20511.2618804, 204.517420718, 159.828532852)
(-20511.2116474, 204.567652843, 159.828532852)
(-20511.1494388, 204.629858879, 159.828532852)
(-20511.112933, 204.666365461, 159.828532852)
(-20511.0594888, 204.719812085, 159.828532851)
(-20511.0072145, 204.772091974, 159.828532851)
(-20510.9382959, 204.841021459, 159.828532851)
(-20510.8895253, 204.889796464, 159.828532851)
(-20510.8249848, 204.954342757, 159.828532851)
(-20510.7785494, 205.000780008, 159.828532852)
(-20510.714591, 205.064740193, 159.828532852)
(-20510.6666949, 205.112637199, 159.828532852)
(-20510.6100368, 205.169295314, 159.828532852)
(-20510.5580517, 205.221280411, 159.828532852)
(-20510.4975964, 205.281734234, 159.828532852)
(-20510.4397702, 205.339560347, 159.828532852)
(-20510.3708449, 205.408483888, 159.828532852)
(-20510.3150633, 205.464265699, 159.828532852)
(-20510.2627857, 205.516542403, 159.828532852)
(-20510.2166424, 205.562687021, 159.828532852)
(-20510.1541441, 205.625187036, 159.828532852)
(-20510.0948599, 205.684475368, 159.828532851)
(-20510.0224344, 205.75690754, 159.828532851)
(-20509.9634447, 205.815906071, 159.828532851)
(-20509.8918889, 205.88745123, 159.828532838)
(-20509.832696, 205.937313096, 159.828532895)
(-20509.7503464, 205.984924048, 159.828532882)
(-20509.6590274, 206.033421512, 159.828532859)
(-20509.5910872, 206.074742436, 159.828532874)
(-20509.5152884, 206.123916785, 159.828532825)
(-20509.4547102, 206.160974756, 159.828532854)
(-20509.3886609, 206.199943996, 159.828532872)
(-20509.3320054, 206.234002614, 159.828532855)
(-20509.2513261, 206.282581574, 159.828532854)
(-20509.187226, 206.321101212, 159.828532855)
(-20509.101809, 206.372303821, 159.82853285)
(-20509.038053, 206.410562662, 159.828532852)
(-20508.9561724, 206.459601744, 159.828532853)
(-20508.9033842, 206.491247263, 159.828532854)
(-20508.8232762, 206.539203178, 159.828532855)
(-20508.7694173, 206.571466426, 159.828532852)
(-20508.7063244, 206.609227361, 159.828532854)
(-20508.6453711, 206.645723807, 159.828532856)
(-20508.564176, 206.694276201, 159.828532853)
(-20508.4947012, 206.735840407, 159.828532852)
(-20508.4216331, 206.779478706, 159.82853285)
(-20508.3634849, 206.814233603, 159.828532851)
(-20508.2946642, 206.855309304, 159.828532854)
(-20508.2279859, 206.895116454, 159.82853285)
(-20508.1506107, 206.94122563, 159.828532846)
(-20508.0828771, 206.991505557, 159.828532938)
(-20508.0087882, 207.057633101, 159.828532761)
(-20507.9588781, 207.10287189, 159.828532879)
(-20507.8998758, 207.155235075, 159.828532827)
(-20507.8450533, 207.204737626, 159.828532846)
(-20507.7858299, 207.258610053, 159.828532847)
(-20507.7285039, 207.310928264, 159.828532847)
(-20507.6548311, 207.37840049, 159.828532853)
(-20507.6017789, 207.426867739, 159.828532854)
(-20507.5329236, 207.489869168, 159.828532859)
(-20507.4807967, 207.537522212, 159.828532854)
(-20507.4037505, 207.608092728, 159.828532851)
(-20507.3510319, 207.656325559, 159.828532853)
(-20507.2717879, 207.728801349, 159.828532853)
(-20507.2230002, 207.772823957, 159.828532855)
(-20507.1454836, 207.842375557, 159.828532856)
(-20507.0772441, 207.906065951, 159.828532852)
(-20507.0118119, 207.969610905, 159.828532869)
(-20506.9486724, 208.032493331, 159.828532855)
(-20506.8766701, 208.104705785, 159.82853285)
(-20506.8077337, 208.172548914, 159.828532866)
(-20506.7412966, 208.237576968, 159.828532846)
(-20506.6891889, 208.28885081, 159.828532851)
(-20506.6179521, 208.358961968, 159.828532851)
(-20506.5523057, 208.423566937, 159.828532852)
(-20506.4657588, 208.508740971, 159.828532852)
(-20506.3983395, 208.575078112, 159.828532853)
(-20506.3329282, 208.639343368, 159.828532852)
(-20506.2644716, 208.706412946, 159.828532848)
(-20506.1817738, 208.785687654, 159.828532836)
(-20506.0977094, 208.864102655, 159.828532843)
(-20506.0403381, 208.918789104, 159.828532868)
(-20505.9713046, 208.987433749, 159.828532864)
(-20505.9200599, 209.039536063, 159.828532849)
(-20505.8468467, 209.113515026, 159.828532853)
(-20505.8064497, 209.153795136, 159.828532847)
(-20505.7583184, 209.201524475, 159.828532854)
(-20505.700058, 209.259516032, 159.828532853)
(-20505.6194834, 209.339591228, 159.828532853)
(-20505.5729402, 209.385919665, 159.828532852)
(-20505.5064908, 209.452061378, 159.828532852)
(-20505.452043, 209.506256289, 159.828532852)
(-20505.3823707, 209.575600835, 159.828532853)
(-20505.3328965, 209.624841027, 159.828532853)
(-20505.2658445, 209.691549445, 159.828532853)
(-20505.2105096, 209.746604092, 159.828532852)
(-20505.1498608, 209.806869888, 159.828532853)
(-20505.09949, 209.856963778, 159.828532852)
(-20505.0312545, 209.924823966, 159.828532852)
(-20504.9811824, 209.9746323, 159.82853285)
(-20504.9074467, 210.048080638, 159.828532851)
(-20504.8574215, 210.097930872, 159.828532851)
(-20504.7992635, 210.155995606, 159.828532853)
(-20504.7548068, 210.200323376, 159.828532851)
(-20504.6922217, 210.262736491, 159.82853285)
(-20504.6425021, 210.312314183, 159.828532851)
(-20504.5749649, 210.379700897, 159.828532859)
(-20504.5240829, 210.430453624, 159.828532851)
(-20504.4533287, 210.50105069, 159.828532851)
(-20504.3986492, 210.555598606, 159.828532851)
(-20504.3284783, 210.625612751, 159.828532851)
(-20504.2568409, 210.697081325, 159.828532851)
(-20504.1992378, 210.754546854, 159.828532851)
(-20504.1287715, 210.824848386, 159.828532851)
(-20504.0743862, 210.879106021, 159.828532851)
(-20504.0010001, 210.952331399, 159.828532851)
(-20503.9498377, 211.003386538, 159.82853285)
(-20503.8963795, 211.056810422, 159.82853285)
(-20503.8499074, 211.10321072, 159.828532851)
(-20503.7867796, 211.166250389, 159.828532851)
(-20503.7297865, 211.223158234, 159.828532851)
(-20503.6695869, 211.283283591, 159.828532852)
(-20503.6123054, 211.340485766, 159.828532851)
(-20503.5477303, 211.404996224, 159.828532851)
(-20503.4948362, 211.45782568, 159.828532851)
(-20503.4410767, 211.511539132, 159.82853285)
(-20503.3864332, 211.56612292, 159.828532851)
(-20503.3256573, 211.626839297, 159.82853285)
(-20503.2686769, 211.683759883, 159.828532851)
(-20503.1988539, 211.753537052, 159.828532851)
(-20503.1211353, 211.831189554, 159.828532851)
(-20503.0723409, 211.87994057, 159.828532852)
(-20502.9972517, 211.954966412, 159.828532851)
(-20502.9370623, 212.015102421, 159.828532851)
(-20502.8692789, 212.082829848, 159.828532851)
(-20502.8105508, 212.141506729, 159.828532852)
(-20502.7421874, 212.209824125, 159.828532851)
(-20502.6653468, 212.286602886, 159.828532852)
(-20502.6051597, 212.346740591, 159.828532852)
(-20502.5321191, 212.419726157, 159.828532851)
(-20502.4786525, 212.4731509, 159.828532852)
(-20502.4108838, 212.540890911, 159.828532853)
(-20502.3685238, 212.583225723, 159.828532851)
(-20502.3121542, 212.639586248, 159.828532859)
(-20502.2563606, 212.695357289, 159.828532851)
(-20502.1962043, 212.755524138, 159.82853285)
(-20502.148889, 212.802833252, 159.828532851)
(-20502.079988, 212.871776234, 159.828532852)
(-20502.0218736, 212.929899506, 159.828532852)
(-20501.9485747, 213.003210343, 159.828532852)
(-20501.8793603, 213.072429207, 159.828532853)
(-20501.8294202, 213.122370848, 159.828532853)
(-20501.7619563, 213.189834486, 159.828532853)
(-20501.7131835, 213.238606981, 159.828532853)
(-20501.6623646, 213.289422821, 159.828532853)
(-20501.6097946, 213.341991285, 159.828532853)
(-20501.5452479, 213.406528519, 159.828532856)
(-20501.4955975, 213.456175106, 159.828532853)
(-20501.4301748, 213.521584785, 159.82853285)
(-20501.3770186, 213.574735389, 159.828532853)
(-20501.2981595, 213.653578084, 159.828532853)
(-20501.2455877, 213.70614422, 159.828532853)
(-20501.1877569, 213.763966268, 159.828532853)
(-20501.1363551, 213.81536591, 159.828532852)
(-20501.0709343, 213.880784434, 159.828532852)
(-20501.0212835, 213.930431265, 159.828532853)
(-20500.9543995, 213.997307099, 159.828532853)
(-20500.9041635, 214.047537066, 159.828532853)
(-20500.8366936, 214.11499519, 159.828532853)
(-20500.7803236, 214.171356602, 159.828532853)
(-20500.7134361, 214.238220614, 159.828532854)
(-20500.6591082, 214.292535913, 159.828532852)
(-20500.6035991, 214.348006754, 159.828532853)
(-20500.5583231, 214.393265619, 159.828532853)
(-20500.4899666, 214.461589397, 159.828532853)
(-20500.4362191, 214.51531667, 159.828532853)
(-20500.3617304, 214.589774539, 159.828532853)
(-20500.2922112, 214.659271196, 159.828532852)
(-20500.2375905, 214.713877545, 159.828532852)
(-20500.1683663, 214.78308532, 159.828532852)
(-20500.1225088, 214.828932018, 159.828532852)
(-20500.0620481, 214.889380783, 159.828532851)
(-20500.0118088, 214.939607864, 159.828532852)
(-20499.9387877, 215.012612102, 159.828532852)
(-20499.8713146, 215.080067, 159.828532852)
(-20499.79654, 215.154822932, 159.828532852)
(-20499.7311113, 215.220233464, 159.828532852)
(-20499.6840851, 215.267247607, 159.828532852)
(-20499.6163195, 215.334994079, 159.828532852)
(-20499.5508909, 215.400404704, 159.828532852)
(-20499.5009435, 215.450338883, 159.828532852)
(-20499.4308428, 215.520422468, 159.828532852)
(-20499.3733022, 215.577949926, 159.828532852)
(-20499.2880152, 215.663221612, 159.828532852)
(-20499.2284329, 215.722795328, 159.828532853)
(-20499.1648047, 215.786494218, 159.828532851)
(-20499.1253851, 215.825929149, 159.828532852)
(-20499.0345752, 215.916775704, 159.828532852)
(-20498.9773423, 215.974027598, 159.828532852)
(-20498.9110575, 216.040334073, 159.828532852)
(-20498.8593711, 216.09203432, 159.828532853)
(-20498.7907469, 216.160674065, 159.828532853)
(-20498.7463597, 216.205070657, 159.828532853)
(-20498.6864921, 216.264945479, 159.828532853)
(-20498.6377234, 216.313722002, 159.828532853)
(-20498.5804852, 216.370960209, 159.828532853)
(-20498.5311318, 216.420319635, 159.828532853)
(-20498.4677614, 216.483689082, 159.82853285)
(-20498.4143184, 216.537136995, 159.828532853)
(-20498.3480261, 216.603427719, 159.828532853)
(-20498.3027602, 216.648697049, 159.828532853)
(-20498.2420145, 216.709445201, 159.828532853)
(-20498.1912013, 216.760265297, 159.828532852)
(-20498.1301666, 216.821308307, 159.828532852)
(-20498.0811046, 216.870375591, 159.828532853)
(-20498.0209439, 216.930540226, 159.828532853)
(-20497.9710044, 216.980482768, 159.828532853)
(-20497.9003266, 217.051158673, 159.828532853)
(-20497.8457132, 217.105771933, 159.828532854)
(-20497.786998, 217.164461015, 159.828532851)
(-20497.7423102, 217.209141016, 159.828532853)
(-20497.6751305, 217.276298415, 159.828532853)
(-20497.6254768, 217.325941716, 159.828532853)
(-20497.5521652, 217.399228189, 159.828532847)
(-20497.5033867, 217.447994883, 159.828532853)
(-20497.4356199, 217.515740703, 159.828532853)
(-20497.389471, 217.561879502, 159.828532852)
(-20497.3339747, 217.61736251, 159.828532852)
(-20497.2843222, 217.667006908, 159.828532852)
(-20497.2174373, 217.733881577, 159.828532852)
(-20497.1622376, 217.789076812, 159.828532851)
(-20497.0927282, 217.858584368, 159.828532851)
(-20497.0407402, 217.910567436, 159.828532852)
(-20496.9864165, 217.964886603, 159.828532852)
(-20496.9350118, 218.016284312, 159.828532852)
(-20496.8707561, 218.080531235, 159.828532852)
(-20496.819643, 218.131636346, 159.828532852)
(-20496.7518814, 218.199386687, 159.828532852)
(-20496.6925899, 218.258668252, 159.828532852)
(-20496.6198624, 218.331382322, 159.828532852)
(-20496.5675811, 218.383655313, 159.828532852)
(-20496.5015721, 218.449653689, 159.828532852)
(-20496.4495834, 218.501635158, 159.828532852)
(-20496.3774418, 218.573767081, 159.828532852)
(-20496.321365, 218.629837938, 159.828532852)
(-20496.2579876, 218.693210595, 159.828532851)
(-20496.2153476, 218.735849012, 159.828532851)
(-20496.151974, 218.799225342, 159.828532851)
(-20496.0935635, 218.857636207, 159.828532851)
(-20496.0220285, 218.929203464, 159.82853285)
(-20495.9694635, 218.981777337, 159.828532851)
(-20495.9098909, 219.041361742, 159.828532851)
(-20495.863165, 219.088092927, 159.828532852)
(-20495.8044659, 219.14679852, 159.828532852)
(-20495.7524828, 219.19878598, 159.828532852)
(-20495.6908621, 219.260411097, 159.828532852)
(-20495.6377102, 219.313565993, 159.828532852)
(-20495.5670349, 219.384243613, 159.828532852)
(-20495.5173873, 219.433893565, 159.828532852)
(-20495.4525526, 219.498730008, 159.828532852)
(-20495.4029052, 219.548379927, 159.828532852)
(-20495.3412836, 219.610003821, 159.828532852)
(-20495.2916368, 219.659654439, 159.828532852)
(-20495.2235916, 219.727705131, 159.828532852)
(-20495.1713181, 219.77998583, 159.828532852)
(-20495.1222579, 219.829055178, 159.828532851)
(-20495.0656026, 219.885716573, 159.828532852)
(-20495.0010624, 219.950263051, 159.828532852)
(-20494.9484944, 220.002833964, 159.828532852)
(-20494.8786949, 220.072634952, 159.828532852)
(-20494.8214531, 220.129877356, 159.828532853)
(-20494.7560316, 220.195295726, 159.828532853)
(-20494.6952844, 220.256041924, 159.828532853)
(-20494.6482643, 220.303062169, 159.828532852)
(-20494.594234, 220.357090758, 159.828532853)
(-20494.5361151, 220.415208403, 159.828532853)
(-20494.4628091, 220.488512728, 159.828532853)
(-20494.4032311, 220.548091369, 159.828532852)
(-20494.3383951, 220.612926054, 159.828532852)
(-20494.2902079, 220.661115366, 159.828532852)
(-20494.2242057, 220.727120702, 159.828532852)
(-20494.1698872, 220.781444973, 159.828532852)
(-20494.0986314, 220.852710573, 159.828532852)
(-20494.0440197, 220.907326629, 159.828532852)
(-20493.9809385, 220.97041185, 159.828532852)
(-20493.9368394, 221.014512427, 159.828532852)
(-20493.8690834, 221.082268087, 159.828532852)
(-20493.8153458, 221.136005552, 159.828532852)
(-20493.7575175, 221.193830527, 159.828532853)
(-20493.7093284, 221.24201825, 159.828532852)
(-20493.6409843, 221.310354176, 159.828532853)
(-20493.58929, 221.362045637, 159.828532853)
(-20493.5247412, 221.426583228, 159.828532853)
(-20493.4788873, 221.472433366, 159.828532853)
(-20493.4216416, 221.529671767, 159.828532853)
(-20493.3705315, 221.580778859, 159.828532852)
(-20493.3018965, 221.649408501, 159.828532852)
(-20493.2408579, 221.710446912, 159.828532852)
(-20493.1713498, 221.779955211, 159.828532852)
(-20493.0998009, 221.851511335, 159.828532851)
(-20493.0451886, 221.906126769, 159.828532852)
(-20492.9718861, 221.979433824, 159.828532852)
(-20492.919025, 222.032295743, 159.828532852)
(-20492.8556499, 222.095670963, 159.828532852)
(-20492.8010356, 222.15028422, 159.828532852)
(-20492.7449603, 222.206357033, 159.828532852)
(-20492.6932662, 222.25804911, 159.828532852)
(-20492.6266763, 222.324634434, 159.828532852)
(-20492.5562903, 222.39501728, 159.828532852)
(-20492.4870702, 222.464230388, 159.828532852)
(-20492.4058785, 222.545418571, 159.828532852)
(-20492.3588582, 222.592438616, 159.828532852)
(-20492.2951908, 222.656105746, 159.828532852)
(-20492.2490477, 222.702250629, 159.828532851)
(-20492.1798337, 222.771469155, 159.828532851)
(-20492.0986459, 222.852662071, 159.828532851)
(-20492.0008149, 222.950504748, 159.828532851)
(-20491.9456172, 223.005703326, 159.828532852)
(-20491.8653022, 223.086016643, 159.828532852)
(-20491.8095191, 223.1417976, 159.828532852)
(-20491.7327058, 223.218603894, 159.828532852)
(-20491.6807194, 223.270587341, 159.828532852)
(-20491.619094, 223.332207583, 159.828532852)
(-20491.5703202, 223.380978994, 159.828532852)
(-20491.4955519, 223.455741515, 159.828532852)
(-20491.4491149, 223.50217652, 159.828532852)
(-20491.3892426, 223.562045194, 159.828532852)
(-20491.3410539, 223.61023313, 159.828532852)
(-20491.2770941, 223.674192137, 159.828532852)
(-20491.2286145, 223.722673319, 159.828532851)
(-20491.1567718, 223.794520169, 159.828532851)
(-20491.1080006, 223.843294191, 159.828532851)
(-20491.0463805, 223.90491942, 159.828532851)
(-20490.9923514, 223.95894981, 159.828532852)
(-20490.9324813, 224.018820842, 159.828532852)
(-20490.8851685, 224.066132896, 159.828532852)
(-20490.8302616, 224.121037597, 159.828532852)
(-20490.7826562, 224.168641169, 159.828532852)
(-20490.7204473, 224.230846278, 159.828532852)
(-20490.6620357, 224.289254931, 159.828532852)
(-20490.595737, 224.355547938, 159.828532852)
(-20490.5530964, 224.398186361, 159.828532852)
(-20490.4946837, 224.456594556, 159.828532852)
(-20490.4403613, 224.510914782, 159.828532852)
(-20490.370851, 224.580421072, 159.828532852)
(-20490.3130246, 224.63824683, 159.828532852)
(-20490.245268, 224.706002331, 159.828532852)
(-20490.1789743, 224.772299571, 159.828532851)
(-20490.1173548, 224.833925734, 159.828532851)
(-20490.0437613, 224.90752607, 159.828532851)
(-20489.9894407, 224.961848921, 159.828532851)
(-20489.9222705, 225.029022479, 159.828532852)
(-20489.8729138, 225.078379561, 159.828532852)
(-20489.802237, 225.149055904, 159.828532852)
(-20489.7517116, 225.199580443, 159.828532852)
(-20489.6868752, 225.264414701, 159.828532852)
(-20489.6474475, 225.303840937, 159.828532852)
(-20489.5852386, 225.366046385, 159.828532852)
(-20489.5309161, 225.420367013, 159.828532852)
(-20489.4596538, 225.491625633, 159.828532852)
(-20489.4047478, 225.546530732, 159.828532852)
(-20489.3334863, 225.617790528, 159.828532852)
(-20489.275953, 225.675325222, 159.828532852)
(-20489.191552, 225.759730127, 159.828532851)
(-20489.1430729, 225.808212114, 159.828532851)
(-20489.0788248, 225.872466189, 159.828532851)
(-20489.0236278, 225.927665114, 159.828532852)
(-20488.9526604, 225.998634883, 159.828532852)
(-20488.906224, 226.045071012, 159.828532852)
(-20488.8416798, 226.109613783, 159.828532852)
(-20488.7879415, 226.16335062, 159.828532852)
(-20488.7178474, 226.233441161, 159.828532852)
(-20488.6626485, 226.288637527, 159.828532852)
(-20488.6089086, 226.342373094, 159.828532852)
(-20488.5569222, 226.394356961, 159.828532852)
(-20488.4935448, 226.457729878, 159.828532852)
(-20488.4360098, 226.515262833, 159.828532852)
(-20488.3726329, 226.578636409, 159.828532852)
(-20488.3235682, 226.627700845, 159.828532852)
(-20488.259609, 226.691660141, 159.828532852)
(-20488.2093775, 226.7418942, 159.828532851)
(-20488.1465895, 226.804688266, 159.828532851)
(-20488.0919781, 226.85930397, 159.828532851)
(-20488.028899, 226.922390896, 159.828532851)
(-20487.9696134, 226.981678807, 159.828532852)
(-20487.9065317, 227.044763352, 159.828532852)
(-20487.8335181, 227.117776095, 159.828532852)
(-20487.7882495, 227.163043536, 159.828532852)
(-20487.719616, 227.231674095, 159.828532852)
(-20487.6763915, 227.274896781, 159.828532852)
(-20487.6165189, 227.334765674, 159.828532852)
(-20487.5706659, 227.380616845, 159.828532852)
(-20487.4956067, 227.45567193, 159.828532852)
(-20487.4453732, 227.50590381, 159.828532852)
(-20487.384625, 227.566649342, 159.828532852)
(-20487.3405251, 227.610748813, 159.828532852)
(-20487.266636, 227.684637749, 159.828532852)
(-20487.2175727, 227.733703547, 159.828532851)
(-20487.1448551, 227.806427409, 159.828532851)
(-20487.099297, 227.851989201, 159.828532851)
(-20487.0373859, 227.913907747, 159.828532851)
(-20486.9932871, 227.958009091, 159.828532852)
(-20486.919692, 228.031608129, 159.828532852)
(-20486.8709194, 228.080381063, 159.828532852)
(-20486.7973224, 228.153978085, 159.828532852)
(-20486.7500098, 228.201290139, 159.828532852)
(-20486.682837, 228.268461012, 159.828532852)
(-20486.6323111, 228.318985195, 159.828532852)
(-20486.5560833, 228.395208604, 159.828532852)
(-20486.5049735, 228.446316504, 159.828532852)
(-20486.4456854, 228.5056011, 159.828532852)
(-20486.4065503, 228.544735631, 159.828532852)
(-20486.340254, 228.61103085, 159.828532852)
(-20486.2891458, 228.662140493, 159.828532852)
(-20486.2222675, 228.729021874, 159.828532851)
(-20486.1664884, 228.784806092, 159.828532851)
(-20486.1031187, 228.848185933, 159.828532851)
(-20486.0593121, 228.891995337, 159.828532852)
(-20486.009081, 228.942229977, 159.828532852)
(-20485.9535913, 228.997720392, 159.828532852)
(-20485.8826229, 229.068689048, 159.828532852)
(-20485.8256718, 229.125638433, 159.828532852)
(-20485.7622947, 229.189011475, 159.828532852)
(-20485.7120606, 229.239242883, 159.828532852)
(-20485.6556918, 229.295606522, 159.828532852)
(-20485.6039972, 229.347298131, 159.828532852)
(-20485.5257237, 229.425564153, 159.828532852)
(-20485.4497883, 229.501495012, 159.828532852)
(-20485.3937137, 229.557568218, 159.828532852)
(-20485.334718, 229.616561562, 159.828532852)
(-20485.2716355, 229.679644944, 159.828532852)
(-20485.2018364, 229.749446428, 159.828532851)
(-20485.1454731, 229.805814408, 159.828532851)
(-20485.0701298, 229.881169248, 159.828532851)
(-20485.0067559, 229.944546543, 159.828532852)
(-20484.9182643, 230.033038417, 159.828532852)
(-20484.8338611, 230.117441143, 159.828532852)
(-20484.7640595, 230.187240166, 159.828532852)
(-20484.7021433, 230.249153753, 159.828532852)
(-20484.6340923, 230.317199355, 159.828532852)
(-20484.5984611, 230.352828627, 159.828532852)
(-20484.5365438, 230.414741042, 159.828532852)
(-20484.4836813, 230.467600816, 159.828532852)
(-20484.4194274, 230.531849983, 159.828532852)
(-20484.3703621, 230.580913773, 159.828532852)
(-20484.3113665, 230.639907089, 159.828532852)
(-20484.2672672, 230.684006985, 159.828532852)
(-20484.2033091, 230.747967347, 159.828532851)
(-20484.1551231, 230.796157677, 159.828532851)
(-20484.084452, 230.866839108, 159.828532851)
(-20484.0345126, 230.91678213, 159.828532851)
(-20483.9641312, 230.987169547, 159.828532851)
(-20483.9159432, 231.03535897, 159.828532852)
(-20483.85987, 231.091433479, 159.828532852)
(-20483.8119734, 231.139329942, 159.828532852)
(-20483.7503499, 231.200952202, 159.828532852)
(-20483.7039131, 231.247387856, 159.828532852)
(-20483.6417047, 231.309593715, 159.828532852)
(-20483.5867981, 231.364498443, 159.828532852)
(-20483.5172881, 231.434004771, 159.828532852)
(-20483.468807, 231.482484542, 159.828532852)
(-20483.4022179, 231.549071226, 159.828532852)
(-20483.3551977, 231.596091423, 159.828532852)
(-20483.2970797, 231.654209935, 159.828532852)
(-20483.246556, 231.704735807, 159.828532851)
(-20483.1773425, 231.773954433, 159.828532851)
(-20483.1297397, 231.821560345, 159.828532851)
(-20483.0578983, 231.89340861, 159.828532851)
(-20483.0064978, 231.944810578, 159.828532852)
(-20482.945168, 232.006142409, 159.828532852)
(-20482.8998996, 232.051410348, 159.828532852)
(-20482.8356474, 232.115660887, 159.828532852)
(-20482.7851216, 232.166184781, 159.828532852)
(-20482.7293379, 232.221964797, 159.828532852)
(-20482.6776433, 232.273656634, 159.828532852)
(-20482.6168938, 232.334401004, 159.828532852)
(-20482.5611107, 232.390181085, 159.828532852)
(-20482.4907235, 232.460562585, 159.828532852)
(-20482.4387372, 232.51254659, 159.828532852)
(-20482.3768201, 232.574459658, 159.828532852)
(-20482.3219142, 232.629364816, 159.828532852)
(-20482.2602909, 232.690987255, 159.828532852)
(-20482.2100593, 232.741220821, 159.828532851)
(-20482.1414302, 232.809855522, 159.828532851)
(-20482.084482, 232.866807517, 159.828532851)
(-20482.0173138, 232.933983418, 159.828532851)
(-20481.9761349, 232.975163654, 159.828532852)
(-20481.9069198, 233.044380923, 159.828532852)
(-20481.8575625, 233.093737281, 159.828532852)
(-20481.788345, 233.162951979, 159.828532852)
(-20481.7124099, 233.238883791, 159.828532852)
(-20481.6575028, 233.293788297, 159.828532852)
(-20481.5853632, 233.365922107, 159.828532852)
(-20481.5345451, 233.416737582, 159.828532852)
(-20481.4790531, 233.472225348, 159.828532852)
(-20481.4305716, 233.520704834, 159.828532852)
(-20481.3747882, 233.576485376, 159.828532852)
(-20481.3268916, 233.624381316, 159.828532852)
(-20481.2626402, 233.688632389, 159.828532852)
(-20481.2100724, 233.741202748, 159.828532851)
(-20481.1519567, 233.799323175, 159.828532851)
(-20481.1113629, 233.839919924, 159.828532851)
(-20481.0506193, 233.900669928, 159.828532851)
(-20480.9989271, 233.952364514, 159.828532852)
(-20480.9364297, 234.01486497, 159.828532851)
(-20480.8675063, 234.083790086, 159.828532852)
(-20480.8105561, 234.140740122, 159.828532852)
(-20480.7524375, 234.198857995, 159.828532852)
(-20480.7036642, 234.247630149, 159.828532852)
(-20480.6429163, 234.308375852, 159.828532852)
(-20480.5956033, 234.355687389, 159.828532852)
(-20480.528138, 234.42314974, 159.828532852)
(-20480.4773204, 234.473966032, 159.828532852)
(-20480.407519, 234.543765389, 159.828532852)
(-20480.3628353, 234.588449254, 159.828532852)
(-20480.3093901, 234.641894976, 159.828532852)
(-20480.2536095, 234.697677816, 159.828532851)
(-20480.1899447, 234.761347093, 159.828532851)
(-20480.1394214, 234.811873605, 159.828532851)
(-20480.0772171, 234.874083515, 159.828532851)
(-20480.0310735, 234.920228715, 159.828532852)
(-20479.9633186, 234.987985706, 159.828532852)
(-20479.9174662, 235.033837709, 159.828532852)
(-20479.857011, 235.094291829, 159.828532852)
(-20479.8094059, 235.141895466, 159.828532852)
(-20479.7320102, 235.219287307, 159.828532852)
(-20479.6765189, 235.274775827, 159.828532852)
(-20479.6146015, 235.336688222, 159.828532852)
(-20479.5608629, 235.39042416, 159.828532852)
(-20479.4995296, 235.451752757, 159.828532852)
(-20479.4516323, 235.499648245, 159.828532852)
(-20479.3824141, 235.568862572, 159.828532852)
(-20479.3406506, 235.610625528, 159.828532852)
(-20479.27085, 235.68042552, 159.828532852)
(-20479.218282, 235.732995578, 159.828532851)
(-20479.1546172, 235.796665053, 159.828532851)
(-20479.1049701, 235.846315663, 159.828532851)
(-20479.0378018, 235.913491313, 159.828532851)
(-20478.9919504, 235.959344441, 159.828532852)
(-20478.930329, 236.02096859, 159.828532852)
(-20478.8838926, 236.067404857, 159.828532852)
(-20478.8175964, 236.133699999, 159.828532852)
(-20478.7626899, 236.188605068, 159.828532852)
(-20478.6987291, 236.252563137, 159.828532852)
(-20478.6505396, 236.300750584, 159.828532852)
(-20478.5865783, 236.364707587, 159.828532852)
(-20478.5395571, 236.411726753, 159.828532852)
(-20478.4621609, 236.489118263, 159.828532852)
(-20478.4110512, 236.540226565, 159.828532852)
(-20478.3371605, 236.614113745, 159.828532852)
(-20478.2921846, 236.659089346, 159.828532852)
(-20478.2381559, 236.713119504, 159.828532852)
(-20478.1800394, 236.771239264, 159.828532851)
(-20478.1242608, 236.827024101, 159.828532851)
(-20478.0530089, 236.89829577, 159.828532851)
(-20477.9998585, 236.951452616, 159.828532852)
(-20477.950212, 237.001103581, 159.828532852)
(-20477.8663978, 237.084927176, 159.828532852)
(-20477.7855008, 237.165827294, 159.828532852)
(-20477.7314716, 237.219857406, 159.828532852)
(-20477.6581664, 237.293162125, 159.828532852)
(-20477.6093936, 237.341934437, 159.828532852)
(-20477.5480613, 237.403263825, 159.828532852)
(-20477.4972441, 237.454080433, 159.828532852)
(-20477.4289023, 237.522419185, 159.828532853)
(-20477.3588107, 237.592511729, 159.828532852)
(-20477.3024463, 237.648879066, 159.828532852)
(-20477.2323561, 237.718973376, 159.828532852)
(-20477.1873827, 237.763951661, 159.828532851)
(-20477.1231359, 237.8282078, 159.828532851)
(-20477.0694002, 237.881947599, 159.828532852)
(-20477.0101161, 237.941236301, 159.828532852)
(-20476.9578397, 237.993514681, 159.828532852)
(-20476.9011822, 238.050173204, 159.828532852)
(-20476.8471527, 238.104202676, 159.828532852)
(-20476.7811477, 238.170205342, 159.828532852)
(-20476.7309142, 238.220437702, 159.828532852)
(-20476.6619878, 238.289359706, 159.828532852)
(-20476.6170113, 238.334334532, 159.828532852)
(-20476.5448718, 238.406468777, 159.828532853)
(-20476.4885048, 238.462833829, 159.828532852)
(-20476.4222063, 238.529126839, 159.828532852)
(-20476.3710971, 238.580235039, 159.828532852)
(-20476.3068442, 238.644484795, 159.828532852)
(-20476.2627452, 238.68858504, 159.828532852)
(-20476.2031678, 238.748164628, 159.828532852)
(-20476.1506011, 238.800736288, 159.828532851)
(-20476.0883984, 238.862947647, 159.828532851)
(-20476.0332023, 238.918147565, 159.828532852)
(-20475.9709972, 238.980356486, 159.828532852)
(-20475.922809, 239.028545514, 159.828532852)
(-20475.8576814, 239.093672713, 159.828532852)
(-20475.8083243, 239.143029101, 159.828532852)
(-20475.7434867, 239.207863163, 159.828532852)
(-20475.6958816, 239.255466653, 159.828532852)
(-20475.6421421, 239.309201878, 159.828532852)
(-20475.5904481, 239.360893589, 159.828532852)
(-20475.5223969, 239.42893931, 159.828532852)
(-20475.4686583, 239.482675572, 159.828532852)
(-20475.4032362, 239.548092271, 159.828532852)
(-20475.3544634, 239.596863994, 159.828532852)
(-20475.2899184, 239.661406173, 159.828532852)
(-20475.2437751, 239.707550836, 159.828532851)
(-20475.1909148, 239.760413142, 159.828532851)
(-20475.1447732, 239.806559516, 159.828532851)
(-20475.0764385, 239.874904844, 159.828532851)
(-20475.0232872, 239.9280608, 159.828532851)
(-20474.9476491, 240.003705507, 159.828532851)
(-20474.8944965, 240.056859812, 159.828532852)
(-20474.8209001, 240.130457495, 159.828532852)
(-20474.7730034, 240.178354, 159.828532852)
(-20474.7128394, 240.238515473, 159.828532852)
(-20474.6687391, 240.282614441, 159.828532852)
(-20474.6041937, 240.347155686, 159.828532852)
(-20474.5568805, 240.39446713, 159.828532852)
(-20474.4990517, 240.452291561, 159.828532852)
(-20474.4523231, 240.499018954, 159.828532852)
(-20474.3898228, 240.56151645, 159.828532852)
(-20474.3445552, 240.606784403, 159.828532852)
(-20474.2896496, 240.661690434, 159.828532852)
(-20474.23825, 240.713092645, 159.828532851)
(-20474.1652399, 240.786108278, 159.828532851)
(-20474.1164691, 240.834882741, 159.828532851)
(-20474.0551413, 240.896216509, 159.828532851)
(-20474.0142547, 240.937104752, 159.828532852)
(-20473.9467918, 241.004569646, 159.828532852)
(-20473.8939305, 241.057430981, 159.828532852)
(-20473.8264655, 241.124894037, 159.828532852)
(-20473.7817808, 241.169577352, 159.828532852)
(-20473.7210319, 241.230322132, 159.828532852)
(-20473.6772233, 241.27412855, 159.828532852)
(-20473.6173503, 241.33399658, 159.828532852)
(-20473.5601069, 241.391237429, 159.828532852)
(-20473.4967289, 241.454610377, 159.828532852)
(-20473.4394861, 241.511851236, 159.828532852)
(-20473.3746486, 241.576684313, 159.828532852)
(-20473.3299646, 241.621367896, 159.828532852)
(-20473.2779789, 241.673352817, 159.828532851)
(-20473.2315438, 241.719789732, 159.828532851)
(-20473.1602854, 241.791052509, 159.828532851)
(-20473.107134, 241.84420777, 159.828532851)
(-20473.043762, 241.907585886, 159.828532851)
(-20472.9987869, 241.952563014, 159.828532851)
(-20472.9438821, 242.007469578, 159.828532851)
(-20472.9021188, 242.04923316, 159.828532852)
(-20472.8358226, 242.11552849, 159.828532852)
(-20472.764269, 242.187080471, 159.828532852)
(-20472.7084864, 242.242861519, 159.828532852)
(-20472.6483222, 242.303022119, 159.828532852)
(-20472.5969202, 242.354422262, 159.828532852)
(-20472.5437646, 242.407574217, 159.828532852)
(-20472.5025847, 242.448752559, 159.828532852)
(-20472.4321986, 242.519134978, 159.828532852)
(-20472.3752483, 242.576084392, 159.828532852)
(-20472.3098275, 242.641503093, 159.828532852)
(-20472.2660204, 242.685311185, 159.828532851)
(-20472.2058589, 242.745474821, 159.828532851)
(-20472.1570887, 242.794249583, 159.828532851)
(-20472.0995588, 242.851787573, 159.828532851)
(-20472.0481594, 242.903190863, 159.828532851)
(-20471.9844947, 242.96686052, 159.828532851)
(-20471.9325103, 243.018846737, 159.828532851)
(-20471.8624188, 243.08894001, 159.828532851)
(-20471.8083892, 243.142969806, 159.828532852)
(-20471.731579, 243.219778771, 159.828532852)
(-20471.6775491, 243.273807657, 159.828532852)
(-20471.5905152, 243.36083689, 159.828532852)
(-20471.5449542, 243.406396264, 159.828532852)
(-20471.4538305, 243.4975123, 159.828532852)
(-20471.4047657, 243.546576238, 159.828532852)
(-20471.3355481, 243.615791548, 159.828532852)
(-20471.2847318, 243.666608815, 159.828532851)
(-20471.2114278, 243.739914635, 159.828532851)
(-20471.1538962, 243.797451022, 159.828532851)
(-20471.0890661, 243.862291028, 159.82853285)
(-20471.0295223, 243.934894672, 159.828527007)
(-20470.9744931, 244.041223349, 159.828514353)
(-20470.9427241, 244.102119887, 159.828481296)
(-20470.8913868, 244.181408022, 159.827536247)
(-20470.8538003, 244.240043129, 159.824672604)
(-20470.8042607, 244.316762324, 159.820977855)
(-20470.7683201, 244.372202422, 159.818550458)
(-20470.7258235, 244.438577473, 159.815690306)
(-20470.6915074, 244.492094092, 159.813384832)
(-20470.6370708, 244.582697746, 159.809482252)
(-20470.5969631, 244.648163859, 159.806662626)
(-20470.5486752, 244.732261781, 159.803040398)
(-20470.5079804, 244.798828572, 159.800173038)
(-20470.4602601, 244.880722469, 159.796645603)
(-20470.4209406, 244.944170554, 159.793912867)
(-20470.3770929, 245.020577729, 159.790621735)
(-20470.3367137, 245.08589308, 159.787808497)
(-20470.2930169, 245.161446154, 159.784554226)
(-20470.2583347, 245.216640845, 159.782176925)
(-20470.222735, 245.272981222, 159.779750176)
(-20470.173675, 245.35625813, 159.776163193)
(-20470.1358351, 245.418368942, 159.773487926)
(-20470.0891266, 245.501064549, 159.769926002)
(-20470.0504173, 245.56448152, 159.767194457)
(-20470.0036933, 245.643844204, 159.763776102)
(-20469.9709492, 245.692431335, 159.761683477)
(-20469.922816, 245.74901698, 159.759265365)
(-20469.868727, 245.800654465, 159.757020987)
(-20469.8022482, 245.863257714, 159.75432532)
(-20469.7519161, 245.912783313, 159.752192244)
(-20469.6796151, 245.991831955, 159.74878751)
(-20469.626983, 246.052025543, 159.746194809)
(-20469.557409, 246.138046766, 159.742489569)
(-20469.5085256, 246.19447494, 159.740059041)
(-20469.4555948, 246.249734443, 159.737678804)
(-20469.4140972, 246.291957725, 159.735860302)
(-20469.3542636, 246.35355447, 159.733207211)
(-20469.3058952, 246.40426744, 159.731022857)
(-20469.2431144, 246.472796427, 159.728071135)
(-20469.1852679, 246.538226409, 159.725252933)
(-20469.1314142, 246.597298901, 159.72270849)
(-20469.0606723, 246.674755515, 159.719372093)
(-20469.0068365, 246.73135481, 159.716934346)
(-20468.9417175, 246.798812851, 159.714028734)
(-20468.8967981, 246.84453687, 159.712059351)
(-20468.8403007, 246.901916828, 159.709587745)
(-20468.7875121, 246.954354775, 159.707329193)
(-20468.7281109, 247.013986161, 159.704760724)
(-20468.6791662, 247.062085133, 159.702688979)
(-20468.6323019, 247.109120041, 159.700663119)
(-20468.5737157, 247.166906618, 159.698174062)
(-20468.5051254, 247.235946448, 159.695200365)
(-20468.444676, 247.296421152, 159.69259554)
(-20468.3893855, 247.353644715, 159.690130839)
(-20468.3498453, 247.394222891, 159.688382966)
(-20468.288552, 247.457838165, 159.685642911)
(-20468.2398942, 247.507399536, 159.683508195)
(-20468.1829128, 247.567004856, 159.680940896)
(-20468.1320825, 247.619115524, 159.678696308)
(-20468.061624, 247.691110867, 159.675595293)
(-20468.0138051, 247.739188212, 159.673524466)
(-20467.9547522, 247.799225126, 159.670938603)
(-20467.9039784, 247.849603601, 159.668768604)
(-20467.8451641, 247.90864677, 159.66622542)
(-20467.7920629, 247.960780472, 159.663979919)
(-20467.7206796, 248.03231176, 159.660898858)
(-20467.6703627, 248.0819646, 159.65876022)
(-20467.6138231, 248.139177732, 159.656295898)
(-20467.5652183, 248.187632478, 159.654208878)
(-20467.5104426, 248.24312607, 159.651818682)
(-20467.4695905, 248.283559746, 159.65007701)
(-20467.4177658, 248.335065249, 159.647858565)
(-20467.3563465, 248.399189895, 159.645096611)
(-20467.3051319, 248.452136125, 159.642815999)
(-20467.2475916, 248.512407295, 159.640220055)
(-20467.2019814, 248.558670975, 159.63822733)
(-20467.1484845, 248.612116119, 159.635925303)
(-20467.0948157, 248.66484142, 159.633654261)
(-20467.0444659, 248.714825078, 159.631501355)
(-20466.9847635, 248.772645679, 159.629010854)
(-20466.9256081, 248.831348578, 159.626482442)
(-20466.8755709, 248.880711095, 159.624356228)
(-20466.8317059, 248.924912883, 159.622452403)
(-20466.7781266, 248.977747708, 159.620176597)
(-20466.725879, 249.029910599, 159.617929828)
(-20466.6575055, 249.102630107, 159.61479767)
(-20466.5967376, 249.166494887, 159.612046818)
(-20466.5439815, 249.218943036, 159.609787715)
(-20466.4833456, 249.27755146, 159.607263325)
(-20466.4236827, 249.334194898, 159.604823493)
(-20466.382291, 249.374483285, 159.603088266)
(-20466.3349651, 249.420080885, 159.601124221)
(-20466.2801041, 249.474284489, 159.598789551)
(-20466.2202097, 249.537436211, 159.596069435)
(-20466.1731264, 249.586915886, 159.593938257)
(-20466.1143096, 249.648344644, 159.591292342)
(-20466.0643125, 249.699028597, 159.589109273)
(-20466.0148089, 249.748285169, 159.586987589)
(-20465.966912, 249.795094246, 159.584971458)
(-20465.9083605, 249.852140478, 159.582514349)
(-20465.8523, 249.905969256, 159.58019579)
(-20465.7872877, 249.970468738, 159.577417664)
(-20465.7362561, 250.021104538, 159.575236642)
(-20465.6647055, 250.094205389, 159.572087889)
(-20465.6160296, 250.143189083, 159.569978133)
(-20465.561271, 250.199268185, 159.567562628)
(-20465.5094118, 250.25090891, 159.565338365)
(-20465.4437398, 250.317081891, 159.562488048)
(-20465.3874973, 250.372517328, 159.560100384)
(-20465.3235918, 250.436970596, 159.557324306)
(-20465.262715, 250.497719949, 159.554707594)
(-20465.1984507, 250.56357801, 159.551870831)
(-20465.155101, 250.607353245, 159.549985455)
(-20465.1051065, 250.658347406, 159.547789022)
(-20465.046797, 250.715826836, 159.545313187)
(-20464.9815207, 250.780657406, 159.542520763)
(-20464.9329216, 250.827931336, 159.540484582)
(-20464.8519614, 250.909230878, 159.536982795)
(-20464.8103641, 250.950652397, 159.535198685)
(-20464.7346976, 251.028401398, 159.531849903)
(-20464.6854024, 251.07854238, 159.529690143)
(-20464.6422402, 251.122907392, 159.527779206)
(-20464.5997751, 251.165293478, 159.525953532)
(-20464.538484, 251.225018268, 159.52338108)
(-20464.4886852, 251.272848079, 159.521320905)
(-20464.4265542, 251.333847407, 159.518693564)
(-20464.3780112, 251.381181489, 159.516654702)
(-20464.3197173, 251.439579267, 159.514139361)
(-20464.2700169, 251.4887005, 159.512023609)
(-20464.2197322, 251.539349609, 159.509841943)
(-20464.1755894, 251.582910401, 159.507965766)
(-20464.1196155, 251.63842134, 159.505574772)
(-20464.0730698, 251.685210597, 159.503559411)
(-20464.0178661, 251.742729413, 159.501081996)
(-20463.9705099, 251.791366935, 159.498987036)
(-20463.9065489, 251.856485175, 159.496182075)
(-20463.857016, 251.905771618, 159.494059265)
(-20463.8070159, 251.955610339, 159.491912514)
(-20463.757004, 252.004388798, 159.489811612)
(-20463.699189, 252.061512529, 159.487351149)
(-20463.6540363, 252.105216352, 159.485468733)
(-20463.6015284, 252.157135005, 159.483232463)
(-20463.556168, 252.201223403, 159.481333473)
(-20463.5101694, 252.246803691, 159.479370206)
(-20463.441842, 252.317963747, 159.476305215)
(-20463.3901374, 252.371556233, 159.473996801)
(-20463.3266569, 252.438201261, 159.471126229)
(-20463.2842093, 252.481206229, 159.469273925)
(-20463.2205864, 252.544447648, 159.466549916)
(-20463.1718678, 252.592202115, 159.464493024)
(-20463.1241695, 252.639609014, 159.462451009)
(-20463.0844141, 252.678197776, 159.460788959)
(-20463.0306803, 252.7306893, 159.458528035)
(-20462.9799966, 252.779375493, 159.456430999)
(-20462.9161636, 252.842097454, 159.453729421)
(-20462.8649347, 252.891928493, 159.451583067)
(-20462.7943954, 252.962547785, 159.448541292)
(-20462.7500951, 253.006515443, 159.446647525)
(-20462.7035143, 253.05382635, 159.444609724)
(-20462.6573923, 253.10053931, 159.442597671)
(-20462.6079901, 253.149937033, 159.440470002)
(-20462.5478055, 253.212206193, 159.437787921)
(-20462.5006252, 253.26036112, 159.435713782)
(-20462.4475978, 253.314751947, 159.433371087)
(-20462.3989746, 253.363220939, 159.431283337)
(-20462.3301808, 253.431087436, 159.428360135)
(-20462.2840739, 253.476160603, 159.426418734)
(-20462.2359446, 253.524279602, 159.424346167)
(-20462.1869042, 253.572306107, 159.422277496)
(-20462.1372172, 253.621779509, 159.420146544)
(-20462.082061, 253.676942368, 159.417770566)
(-20462.0435598, 253.715488721, 159.416110266)
(-20461.9874319, 253.77305901, 159.413630578)
(-20461.9476823, 253.813453523, 159.411890648)
(-20461.8836343, 253.877413288, 159.409135785)
(-20461.8344555, 253.925857974, 159.407049135)
(-20461.7755443, 253.984772831, 159.404511592)
(-20461.7345306, 254.025037048, 159.402777223)
(-20461.6812153, 254.077951372, 159.400498086)
(-20461.6241001, 254.135200629, 159.398032225)
(-20461.5684983, 254.190534187, 159.395648871)
(-20461.5125896, 254.246696778, 159.393229813)
(-20461.4687947, 254.290483547, 159.391343811)
(-20461.427736, 254.331198354, 159.389590108)
(-20461.3702515, 254.389760353, 159.38706774)
(-20461.3206155, 254.43955401, 159.384922979)
(-20461.2555627, 254.50576402, 159.38207118)
(-20461.20807, 254.552998951, 159.380036604)
(-20461.1620371, 254.599207575, 159.378046337)
(-20461.1186272, 254.640096213, 159.376285119)
(-20461.0616982, 254.690570234, 159.374111122)
(-20461.0037286, 254.737415583, 159.37209326)
(-20460.9354833, 254.786920203, 159.369961092)
(-20460.8686254, 254.829860627, 159.368111463)
(-20460.8037165, 254.864868981, 159.366603764)
(-20460.7205269, 254.914296051, 159.364474624)
(-20460.6536132, 254.953696529, 159.362777548)
(-20460.5854011, 254.998832198, 159.360833612)
(-20460.5228793, 255.036510044, 159.359210631)
(-20460.4534074, 255.078181482, 159.357415636)
(-20460.4014592, 255.107804764, 159.356139761)
(-20460.3363361, 255.146979787, 159.354452369)
(-20460.2788082, 255.179384799, 159.353056623)
(-20460.2046481, 255.223753155, 159.351145577)
(-20460.1475078, 255.255990483, 159.349757013)
(-20460.0738176, 255.301188741, 159.347810238)
(-20460.0162393, 255.334381396, 159.346380526)
(-20459.9519359, 255.373317044, 159.344703468)
(-20459.8960733, 255.405311367, 159.343325389)
(-20459.828061, 255.446081278, 159.341569324)
(-20459.7731803, 255.477301485, 159.340224595)
(-20459.7177996, 255.510200931, 159.33880749)
(-20459.6517089, 255.554081628, 159.336917667)
(-20459.6065366, 255.581874639, 159.33572031)
(-20459.5475854, 255.616699102, 159.334220434)
(-20459.485844, 255.651547802, 159.332719444)
(-20459.4178276, 255.691506763, 159.330998219)
(-20459.3651628, 255.724342295, 159.329583766)
(-20459.3122924, 255.76049941, 159.328026442)
(-20459.2402926, 255.816614594, 159.325609563)
(-20459.1920983, 255.856746974, 159.323880916)
(-20459.1491014, 255.894158119, 159.322269444)
(-20459.1016501, 255.935202179, 159.320501679)
(-20459.0434203, 255.987020543, 159.318269754)
(-20458.9881478, 256.036136295, 159.316154206)
(-20458.945758, 256.074811055, 159.314488372)
(-20458.8917373, 256.127265007, 159.312228985)
(-20458.8524759, 256.164657056, 159.310618435)
(-20458.7950504, 256.21824593, 159.308310251)
(-20458.7439801, 256.264838373, 159.306303384)
(-20458.679995, 256.322763822, 159.303808416)
(-20458.6083859, 256.386579511, 159.301059704)
(-20458.5447972, 256.445449257, 159.298524111)
(-20458.4746679, 256.509716587, 159.295755913)
(-20458.396848, 256.584636867, 159.292528855)
(-20458.34575, 256.632973009, 159.290446936)
(-20458.274928, 256.698276192, 159.287634192)
(-20458.2277596, 256.741029379, 159.285792659)
(-20458.1634591, 256.800906524, 159.283213627)
(-20458.106154, 256.855639681, 159.280856135)
(-20458.0522437, 256.906849455, 159.278650383)
(-20458.007617, 256.950322997, 159.276777877)
(-20457.9351675, 257.02721531, 159.273465894)
(-20457.8904792, 257.073860429, 159.271456832)
(-20457.8237704, 257.138687675, 159.268664547)
(-20457.7730887, 257.186760131, 159.266593921)
(-20457.731047, 257.225934186, 159.264906591)
(-20457.6933817, 257.261738051, 159.263364447)
(-20457.6496216, 257.304240302, 159.261533771)
(-20457.6070759, 257.345306173, 159.259764934)
(-20457.55706, 257.39445664, 159.257647923)
(-20457.5118181, 257.439098606, 159.255725082)
(-20457.4582843, 257.493584766, 159.253378225)
(-20457.4158194, 257.536001366, 159.251551246)
(-20457.3619679, 257.588559204, 159.249287438)
(-20457.3114823, 257.636862225, 159.247206898)
(-20457.255233, 257.690353055, 159.244902929)
(-20457.2085748, 257.734254203, 159.243011967)
(-20457.170274, 257.771177619, 159.241421601)
(-20457.1228444, 257.818857674, 159.239367919)
(-20457.0826804, 257.858884875, 159.237643811)
(-20457.0305974, 257.911291478, 159.235386542)
(-20456.989089, 257.952227471, 159.233623325)
(-20456.9518988, 257.988626985, 159.232055519)
(-20456.902633, 258.037966834, 159.229930363)
(-20456.8629567, 258.077251723, 159.228238199)
(-20456.820747, 258.1191174, 159.226434982)
(-20456.7772764, 258.162073782, 159.224584731)
(-20456.7375886, 258.202290486, 159.222852504)
(-20456.6945857, 258.245293799, 159.22100023)
(-20456.6513101, 258.287916686, 159.219164374)
(-20456.6095564, 258.329093047, 159.2173908)
(-20456.5637784, 258.375475357, 159.215393008)
(-20456.5216644, 258.417581143, 159.213579381)
(-20456.4687359, 258.469796843, 159.211330319)
(-20456.4181582, 258.520203079, 159.20915921)
(-20456.3777391, 258.56036497, 159.207429328)
(-20456.3256489, 258.613289561, 159.205149806)
(-20456.2902854, 258.64871305, 159.203623935)
(-20456.2393738, 258.698942213, 159.201460438)
(-20456.1967207, 258.740455629, 159.199672383)
(-20456.148328, 258.787251497, 159.197656768)
(-20456.0935367, 258.842154647, 159.195291952)
(-20456.0476614, 258.888106851, 159.193312674)
(-20455.999227, 258.937635081, 159.191179369)
(-20455.9582803, 258.978589629, 159.189415323)
(-20455.9055314, 259.030490583, 159.187179835)
(-20455.8664853, 259.069090629, 159.185517249)
(-20455.8267756, 259.10928135, 159.183786144)
(-20455.7866909, 259.149347574, 159.182060337)
(-20455.7455359, 259.189975828, 159.180310424)
(-20455.7063566, 259.228492653, 159.178651414)
(-20455.6621877, 259.272995062, 159.176734577)
(-20455.6252292, 259.30972707, 159.175152416)
(-20455.5765469, 259.357460931, 159.173096415)
(-20455.5389311, 259.394577714, 159.171497712)
(-20455.4881353, 259.445877987, 159.169288141)
(-20455.4491858, 259.484733567, 159.167614419)
(-20455.4032274, 259.530453697, 159.165645201)
(-20455.3643121, 259.56919458, 159.163976512)
(-20455.3214835, 259.612697722, 159.162102789)
(-20455.2828442, 259.651256037, 159.16044191)
(-20455.2410162, 259.692414736, 159.158669129)
(-20455.2023947, 259.730320112, 159.157036452)
(-20455.1599387, 259.773033276, 159.155196671)
(-20455.1197303, 259.812950282, 159.153477342)
(-20455.0835018, 259.848563272, 159.151943403)
(-20455.0398966, 259.892482138, 159.150051728)
(-20455.0000477, 259.932182231, 159.148341712)
(-20454.9587962, 259.973257111, 159.146572547)
(-20454.9217892, 260.009844482, 159.144996634)
(-20454.8803194, 260.051777339, 159.143190532)
(-20454.8460073, 260.085901398, 159.141720668)
(-20454.8079487, 260.123250123, 159.140111957)
(-20454.7628589, 260.168568614, 159.138160053)
(-20454.7148797, 260.215918044, 159.136120529)
(-20454.6728779, 260.257928081, 159.134311051)
(-20454.6259741, 260.306203459, 159.132231752)
(-20454.5888543, 260.343985846, 159.130604289)
(-20454.5475851, 260.385651039, 159.12880971)
(-20454.5124116, 260.420658641, 159.127301835)
(-20454.4689001, 260.463102545, 159.125473651)
(-20454.4136724, 260.518108096, 159.123104452)
(-20454.3717471, 260.559207757, 159.121334153)
(-20454.327686, 260.603224364, 159.119438288)
(-20454.2899168, 260.640769781, 159.117821094)
(-20454.2430821, 260.688421149, 159.115768684)
(-20454.2080945, 260.723617652, 159.114252621)
(-20454.1652537, 260.766118865, 159.112421996)
(-20454.1256281, 260.805347677, 159.110732312)
(-20454.084214, 260.847326811, 159.108924185)
(-20454.0499606, 260.881500363, 159.107452261)
(-20454.0134134, 260.917442645, 159.105904111)
(-20453.9683512, 260.962783669, 159.103951162)
(-20453.9272229, 261.003529445, 159.102196114)
(-20453.8778989, 261.052296828, 159.100095608)
(-20453.8342202, 261.095607856, 159.098230079)
(-20453.7862802, 261.144456838, 159.096126043)
(-20453.73972, 261.191503427, 159.094099631)
(-20453.6850858, 261.246633792, 159.091725033)
(-20453.6378266, 261.293500778, 159.089706335)
(-20453.5962473, 261.334813793, 159.087926899)
(-20453.555201, 261.376566247, 159.086128513)
(-20453.5187753, 261.413255742, 159.084548196)
(-20453.4790463, 261.452960282, 159.082838023)
(-20453.4379423, 261.493703558, 159.081083109)
(-20453.3873212, 261.545153789, 159.078867079)
(-20453.3404585, 261.591857244, 159.076855394)
(-20453.2864359, 261.645823137, 159.074530941)
(-20453.2446895, 261.692642195, 159.072514398)
(-20453.2082401, 261.741964732, 159.070389508)
(-20453.1813897, 261.786076239, 159.068490012)
(-20453.1584291, 261.840946333, 159.066126357)
(-20453.1455727, 261.890371519, 159.063997647)
(-20453.139878, 261.941915263, 159.061777497)
(-20453.1340488, 262.00615965, 159.059010409)
(-20453.1242314, 262.065766819, 159.05644266)
(-20453.1108681, 262.133065879, 159.053544232)
(-20453.1003099, 262.192690533, 159.050975966)
(-20453.0888371, 262.26334755, 159.047932607)
(-20453.0790174, 262.324758334, 159.045287509)
(-20453.0674072, 262.402118666, 159.041955417)
(-20453.0575781, 262.463650121, 159.039305112)
(-20453.0462921, 262.538260659, 159.036091417)
(-20453.0400289, 262.599074255, 159.033471929)
(-20453.0349057, 262.668897654, 159.030464573)
(-20453.032202, 262.729374334, 159.027859673)
(-20453.0291044, 262.800538489, 159.024794474)
(-20453.0270658, 262.856121148, 159.022400373)
(-20453.0250419, 262.911302778, 159.020023571)
(-20453.0226122, 262.960350998, 159.017910942)
(-20453.0197849, 263.017229071, 159.015461057)
(-20453.0171179, 263.070812135, 159.013153103)
(-20453.0144313, 263.12480464, 159.010827511)
(-20453.0110923, 263.193236479, 159.007880007)
(-20453.0093846, 263.252997228, 159.005305942)
(-20453.0079083, 263.309862433, 159.002856613)
(-20453.0062652, 263.370884518, 159.000228227)
(-20453.0040472, 263.426995407, 158.9978114)
(-20453.0014008, 263.495898034, 158.994843605)
(-20453.0004295, 263.553182731, 158.992376204)
(-20452.9995866, 263.610071519, 158.989925843)
(-20452.9993899, 263.663262902, 158.987634767)
(-20452.9992761, 263.723457416, 158.985042038)
(-20452.9989304, 263.777499221, 158.982714318)
(-20452.9984556, 263.855064409, 158.979373405)
(-20452.9977994, 263.915738265, 158.976760029)
(-20452.9970003, 263.98425365, 158.973808904)
(-20452.9957712, 264.037110937, 158.971532201)
(-20452.9944527, 264.094076291, 158.969078564)
(-20452.9922964, 264.196423431, 158.964670217)
(-20452.9924103, 264.257076674, 158.962057724)
(-20452.9930311, 264.34900966, 158.958097935)
(-20452.9922428, 264.402318565, 158.955801784)
(-20452.9905792, 264.491089038, 158.951978231)
(-20452.9899332, 264.543494085, 158.949721011)
(-20452.9891395, 264.611578473, 158.946788438)
(-20452.9888574, 264.677995998, 158.943927666)
(-20452.9887071, 264.737402592, 158.941368865)
(-20452.9885458, 264.807952103, 158.93833014)
(-20452.9884482, 264.870254686, 158.935646609)
(-20452.9883805, 264.950301951, 158.932198775)
(-20452.9882903, 265.008073712, 158.929710399)
(-20452.9882477, 265.063780868, 158.927310953)
(-20452.9882681, 265.137229917, 158.924147321)
(-20452.9882159, 265.20119444, 158.92139221)
(-20452.9881613, 265.274236873, 158.91824609)
(-20452.9881152, 265.334487103, 158.915650962)
(-20452.9881122, 265.40587691, 158.912576023)
(-20452.9880906, 265.465714343, 158.909998673)
(-20452.988136, 265.526786272, 158.90736816)
(-20452.9881354, 265.5812595, 158.905021858)
(-20452.9881347, 265.633668649, 158.902764465)
(-20452.9881337, 265.683602294, 158.900613698)
(-20452.9881338, 265.75210582, 158.89766308)
(-20452.9881323, 265.810705897, 158.895139028)
(-20452.9881316, 265.866003889, 158.892757205)
(-20452.9881421, 265.93739544, 158.889682193)
(-20452.9881439, 265.994757511, 158.887211465)
(-20452.9881463, 266.052118745, 158.884740773)
(-20452.9881475, 266.106179373, 158.882412247)
(-20452.9881489, 266.160239394, 158.880083747)
(-20452.9881523, 266.22131479, 158.877453077)
(-20452.9881535, 266.27496273, 158.875142326)
(-20452.9881548, 266.328197278, 158.872849381)
(-20452.9881589, 266.39793878, 158.86984544)
(-20452.9881603, 266.454475554, 158.86741026)
(-20452.9881621, 266.51720171, 158.864708488)
(-20452.9881638, 266.586530842, 158.861722309)
(-20452.9881672, 266.651732797, 158.858913897)
(-20452.9881686, 266.702079312, 158.856745347)
(-20452.9881703, 266.757377297, 158.854363525)
(-20452.9881718, 266.815977098, 158.851839485)
(-20452.9881745, 266.882417247, 158.848977741)
(-20452.9881757, 266.938128481, 158.84657812)
(-20452.9881773, 266.996727801, 158.8440541)
(-20452.9881784, 267.046248686, 158.841921112)
(-20452.9881808, 267.113101589, 158.83904159)
(-20452.9881816, 267.165098742, 158.836801943)
(-20452.9881826, 267.21461939, 158.834668965)
(-20452.9881856, 267.280646812, 158.831824998)
(-20452.9881868, 267.335532725, 158.829460926)
(-20452.988188, 267.390418006, 158.827096879)
(-20452.988189, 267.446541667, 158.824679493)
(-20452.9881914, 267.521648027, 158.821444474)
(-20452.9881923, 267.579422584, 158.81895598)
(-20452.9881934, 267.637609275, 158.816449733)
(-20452.9881943, 267.690431516, 158.814174547)
(-20452.988196, 267.746967487, 158.811739401)
(-20452.9881968, 267.805567402, 158.809215357)
(-20452.9881978, 267.864992226, 158.806655781)
(-20452.9882004, 267.930194394, 158.80384736)
(-20452.9882015, 267.98920703, 158.801305539)
(-20452.9882027, 268.051933088, 158.798603771)
(-20452.9882038, 268.119611552, 158.79568869)
(-20452.9882046, 268.179449178, 158.793111334)
(-20452.9882067, 268.250016138, 158.790071839)
(-20452.9882074, 268.308203313, 158.787565572)
(-20452.9882084, 268.36845338, 158.784970451)
(-20452.9882093, 268.426227662, 158.782481968)
(-20452.9882112, 268.491017225, 158.779691319)
(-20452.9882118, 268.544665014, 158.777380575)
(-20452.9882126, 268.59913775, 158.775034298)
(-20452.9882132, 268.651960007, 158.772759112)
(-20452.9882145, 268.711797378, 158.770181766)
(-20452.9882151, 268.766270431, 158.767835476)
(-20452.9882157, 268.818679773, 158.765578074)
(-20452.9882174, 268.877279219, 158.76305405)
(-20452.9882179, 268.928038325, 158.760867728)
(-20452.9882185, 268.986225137, 158.758361477)
(-20452.9882188, 269.037396636, 158.756157393)
(-20452.9882197, 269.095583362, 158.753651145)
(-20452.9882201, 269.147167695, 158.751429279)
(-20452.9882205, 269.198751754, 158.749207424)
(-20452.9882218, 269.258589276, 158.746630072)
(-20452.9882222, 269.311824367, 158.744337104)
(-20452.9882224, 269.359281656, 158.742293)
(-20452.9882236, 269.415817682, 158.739857852)
(-20452.988224, 269.465751338, 158.737707085)
(-20452.9882243, 269.514446656, 158.735609656)
(-20452.9882256, 269.580061575, 158.732783457)
(-20452.9882259, 269.63948673, 158.730223867)
(-20452.9882263, 269.697260845, 158.727735391)
(-20452.9882281, 269.773605231, 158.724447048)
(-20452.9882284, 269.830141614, 158.722011885)
(-20452.9882291, 269.888741092, 158.719487859)
(-20452.9882296, 269.939912664, 158.717283771)
(-20452.9882298, 269.991084167, 158.715079686)
(-20452.9882304, 270.050921654, 158.712502336)
(-20452.9882306, 270.109934027, 158.709960526)
(-20452.9882309, 270.166470115, 158.707525375)
(-20452.9882321, 270.229608959, 158.704805827)
(-20452.9882325, 270.287796064, 158.702299563)
(-20452.9882328, 270.344744879, 158.699846635)
(-20452.9882339, 270.396741531, 158.697607009)
(-20452.9882343, 270.448738562, 158.695367368)
(-20452.9882346, 270.499497246, 158.693181064)
(-20452.9882349, 270.551081455, 158.690959203)
(-20452.9882356, 270.610918987, 158.688381851)
(-20452.9882357, 270.662503281, 158.686159987)
(-20452.9882359, 270.7178014, 158.683778158)
(-20452.9882368, 270.778876886, 158.681147484)
(-20452.988237, 270.829635821, 158.67896117)
(-20452.9882373, 270.885346593, 158.676561568)
(-20452.9882382, 270.945184091, 158.673984217)
(-20452.9882384, 270.992229, 158.671957876)
(-20452.9882386, 271.042162366, 158.669807121)
(-20452.9882394, 271.099523809, 158.66733642)
(-20452.9882396, 271.149457419, 158.665185655)
(-20452.9882398, 271.201041471, 158.6629638)
(-20452.9882407, 271.262529684, 158.660315349)
(-20452.9882409, 271.317415391, 158.657951285)
(-20452.9882411, 271.371062833, 158.655640555)
(-20452.9882419, 271.430074978, 158.653098755)
(-20452.9882421, 271.483309966, 158.650805791)
(-20452.9882424, 271.543147451, 158.648228441)
(-20452.9882426, 271.599271024, 158.645811058)
(-20452.9882432, 271.664060618, 158.643020408)
(-20452.9882433, 271.715644862, 158.640798546)
(-20452.9882435, 271.766403567, 158.638612242)
(-20452.9882442, 271.821701648, 158.636230415)
(-20452.9882444, 271.869984554, 158.63415075)
(-20452.9882446, 271.921981302, 158.63191112)
(-20452.9882453, 271.980168143, 158.629404867)
(-20452.9882455, 272.031752449, 158.627183002)
(-20452.9882456, 272.087050585, 158.624801173)
(-20452.9882463, 272.146475413, 158.622241597)
(-20452.9882464, 272.201361056, 158.619877535)
(-20452.9882466, 272.253770437, 158.617620132)
(-20452.9882475, 272.317321993, 158.614882808)
(-20452.9882477, 272.366430241, 158.612767593)
(-20452.9882478, 272.415950943, 158.610634612)
(-20452.9882479, 272.463408381, 158.608590502)
(-20452.9882482, 272.513341745, 158.606439747)
(-20452.9882484, 272.560386518, 158.604413411)
(-20452.9882488, 272.614033956, 158.602102682)
(-20452.9882488, 272.663967511, 158.599951919)
(-20452.9882489, 272.713900918, 158.597801162)
(-20452.9882495, 272.771262422, 158.595330459)
(-20452.9882496, 272.820370642, 158.593215245)
(-20452.9882496, 272.870304012, 158.59106449)
(-20452.98825, 272.921062701, 158.588878186)
(-20452.9882501, 272.970170905, 158.586762973)
(-20452.9882502, 273.016802908, 158.584754416)
(-20452.9882505, 273.066323617, 158.582621435)
(-20452.9882507, 273.112955744, 158.580612873)
(-20452.9882511, 273.173618606, 158.577999972)
(-20452.9882511, 273.226028168, 158.575742561)
(-20452.9882512, 273.27389819, 158.57368068)
(-20452.988252, 273.352306016, 158.570303458)
(-20452.9882521, 273.406366322, 158.567974946)
(-20452.9882523, 273.464965853, 158.565450918)
(-20452.9882524, 273.530168224, 158.562642488)
(-20452.9882528, 273.587942338, 158.560154013)
(-20452.9882529, 273.637463196, 158.558021026)
(-20452.988253, 273.684095191, 158.556012469)
(-20452.9882536, 273.738980638, 158.553648416)
(-20452.9882537, 273.791390237, 158.551391003)
(-20452.9882538, 273.852465786, 158.548760327)
(-20452.9882543, 273.905287842, 158.546485149)
(-20452.9882544, 273.956459424, 158.544281061)
(-20452.9882546, 274.01836034, 158.541614834)
(-20452.9882552, 274.076547188, 158.53910858)
(-20452.9882554, 274.132258196, 158.536708968)
(-20452.9882555, 274.195397119, 158.533989417)
(-20452.9882556, 274.254409377, 158.531447611)
(-20452.9882562, 274.332404476, 158.528088167)
(-20452.9882564, 274.383988687, 158.525866307)
(-20452.9882566, 274.435572763, 158.523644451)
(-20452.9882567, 274.485918905, 158.521475917)
(-20452.988257, 274.543693067, 158.51898744)
(-20452.9882571, 274.593626582, 158.516836678)
(-20452.9882571, 274.645623336, 158.514597048)
(-20452.9882576, 274.702572173, 158.512144119)
(-20452.9882577, 274.756632454, 158.509815608)
(-20452.9882578, 274.806153191, 158.507682626)
(-20452.9882581, 274.858975298, 158.505407446)
(-20452.9882582, 274.910146855, 158.503203359)
(-20452.9882582, 274.958016873, 158.501141478)
(-20452.9882586, 275.011664289, 158.498830749)
(-20452.9882587, 275.060359795, 158.496733312)
(-20452.9882587, 275.107817153, 158.494689205)
(-20452.988259, 275.160226581, 158.4924318)
(-20452.988259, 275.210985444, 158.490245489)
(-20452.988259, 275.25885547, 158.488183607)
(-20452.9882592, 275.308376177, 158.486050626)
(-20452.9882594, 275.35583363, 158.484006515)
(-20452.9882596, 275.407005046, 158.481802434)
(-20452.9882596, 275.459827287, 158.479527248)
(-20452.9882597, 275.507284668, 158.47748314)
(-20452.9882599, 275.559281436, 158.47524351)
(-20452.98826, 275.606738914, 158.473199397)
(-20452.98826, 275.656672305, 158.471048641)
(-20452.9882602, 275.710319736, 158.468737912)
(-20452.9882603, 275.75984054, 158.466604928)
(-20452.9882606, 275.816789365, 158.464151999)
(-20452.9882607, 275.868373559, 158.461930139)
(-20452.9882607, 275.922021007, 158.459619409)
(-20452.988261, 275.981445858, 158.457059832)
(-20452.9882611, 276.036331459, 158.454695773)
(-20452.9882612, 276.086677538, 158.452527241)
(-20452.9882615, 276.140737671, 158.450198736)
(-20452.9882616, 276.195210622, 158.44785245)
(-20452.9882617, 276.247620069, 158.445595044)
(-20452.988262, 276.304568894, 158.443142115)
(-20452.9882621, 276.354089734, 158.441009129)
(-20452.9882621, 276.406086485, 158.438769499)
(-20452.9882625, 276.461384608, 158.436387671)
(-20452.9882626, 276.509254761, 158.434325784)
(-20452.9882626, 276.557537468, 158.432246127)
