(-20542.6000207, 173.31161675, 160.776142874)
(-20542.5361756, 173.306178429, 160.776454683)
(-20542.4613747, 173.302201771, 160.776570006)
(-20542.3723541, 173.303005892, 160.776513217)
(-20542.296878, 173.302877373, 160.776519241)
(-20542.2094749, 173.3075818, 160.776316719)
(-20542.1215168, 173.302643426, 160.776529314)
(-20542.0669376, 173.303403035, 160.776496453)
(-20542.0137221, 173.314566556, 160.776015934)
(-20541.9332731, 173.340391234, 160.774903483)
(-20541.8766755, 173.368128363, 160.773708848)
(-20541.8104533, 173.407877895, 160.771996715)
(-20541.7514516, 173.445904876, 160.77035878)
(-20541.6838248, 173.492785259, 160.768339633)
(-20541.6320374, 173.528008664, 160.766822456)
(-20541.5769603, 173.567181835, 160.765135214)
(-20541.5080469, 173.617990905, 160.762946786)
(-20541.4537484, 173.659312996, 160.761166962)
(-20541.3910017, 173.712009523, 160.758897231)
(-20541.3416062, 173.751764989, 160.757184904)
(-20541.2806721, 173.800559439, 160.755083262)
(-20541.2308992, 173.838849005, 160.753433999)
(-20541.1724013, 173.884053059, 160.751486959)
(-20541.1047413, 173.934832119, 160.749299867)
(-20541.0282989, 173.994749941, 160.746719071)
(-20540.9745673, 174.038063863, 160.744853424)
(-20540.9144311, 174.090236636, 160.742606353)
(-20540.8701236, 174.129238532, 160.740926375)
(-20540.8178637, 174.176548883, 160.738888671)
(-20540.7667742, 174.222857503, 160.736894033)
(-20540.7096519, 174.276011314, 160.734604593)
(-20540.6572833, 174.325671813, 160.732465627)
(-20540.5995974, 174.383569446, 160.729971893)
(-20540.5528926, 174.429902601, 160.727976196)
(-20540.4924975, 174.488186748, 160.725465835)
(-20540.4457006, 174.532064927, 160.723575879)
(-20540.3839783, 174.58890978, 160.721127473)
(-20540.3255591, 174.642041202, 160.718839018)
(-20540.2594615, 174.703697997, 160.716183274)
(-20540.2069074, 174.752203603, 160.71409406)
(-20540.1625721, 174.794215, 160.712284606)
(-20540.0952891, 174.856651903, 160.70959532)
(-20540.035503, 174.913556226, 160.707144399)
(-20539.9913192, 174.955305107, 160.705346118)
(-20539.9278305, 175.016604038, 160.702705909)
(-20539.8663312, 175.075410919, 160.700172957)
(-20539.7957896, 175.145484377, 160.697154773)
(-20539.7479125, 175.192896547, 160.695112626)
(-20539.6837914, 175.258278994, 160.692296549)
(-20539.6453328, 175.297032036, 160.690627295)
(-20539.5897111, 175.352960874, 160.688218294)
(-20539.5375315, 175.404258293, 160.686008867)
(-20539.482759, 175.458064026, 160.683691385)
(-20539.4399482, 175.499429497, 160.681909662)
(-20539.393414, 175.545104502, 160.679942359)
(-20539.3459933, 175.591651448, 160.677937513)
(-20539.2881712, 175.650571895, 160.67539977)
(-20539.2357543, 175.703474381, 160.673121077)
(-20539.1773051, 175.763422895, 160.670539024)
(-20539.1349099, 175.805831053, 160.6687124)
(-20539.0799871, 175.860130232, 160.66637362)
(-20539.0388849, 175.900281985, 160.664644199)
(-20538.9841894, 175.953602599, 160.662347593)
(-20538.9399293, 175.997434084, 160.660459703)
(-20538.8992856, 176.037368694, 160.65873962)
(-20538.8431911, 176.093873348, 160.65630593)
(-20538.7971818, 176.13969349, 160.654332317)
(-20538.7383779, 176.198813778, 160.651785971)
(-20538.6903365, 176.2460866, 160.649749754)
(-20538.647121, 176.289205101, 160.647892566)
(-20538.6054909, 176.330480987, 160.646114738)
(-20538.5600155, 176.375010154, 160.644196782)
(-20538.4987934, 176.436878216, 160.641532016)
(-20538.4497828, 176.486123315, 160.639410944)
(-20538.3918906, 176.544957474, 160.636876849)
(-20538.3384428, 176.597920022, 160.634595621)
(-20538.283079, 176.653419689, 160.632205037)
(-20538.2479523, 176.687873106, 160.630721164)
(-20538.2001918, 176.734699959, 160.628704275)
(-20538.1557214, 176.7783822, 160.626822788)
(-20538.0898026, 176.845557831, 160.623929463)
(-20538.0395466, 176.896549843, 160.621733097)
(-20537.978956, 176.959023778, 160.619042274)
(-20537.9289788, 177.009071484, 160.616886562)
(-20537.8634887, 177.074368512, 160.614074135)
(-20537.813329, 177.123603751, 160.61195344)
(-20537.7570421, 177.179924983, 160.609527483)
(-20537.7169296, 177.219335679, 160.60783009)
(-20537.6577159, 177.278036433, 160.605301797)
(-20537.6093756, 177.324999563, 160.603278951)
(-20537.5510315, 177.382721136, 160.600792786)
(-20537.5027682, 177.42972898, 160.598768048)
(-20537.4370588, 177.495244002, 160.595946249)
(-20537.386329, 177.545081698, 160.593799603)
(-20537.3203794, 177.61152371, 160.590937863)
(-20537.2705781, 177.661117979, 160.588801723)
(-20537.2135245, 177.718998099, 160.586308678)
(-20537.1553605, 177.776595622, 160.583827874)
(-20537.0980335, 177.834189949, 160.581347105)
(-20537.050932, 177.880620298, 160.579347343)
(-20537.0121827, 177.919453942, 160.577674701)
(-20536.957786, 177.973658629, 160.575339978)
(-20536.9044392, 178.028932021, 160.572959276)
(-20536.8523785, 178.082212605, 160.570664377)
(-20536.7835979, 178.15295705, 160.56761731)
(-20536.7327148, 178.203824208, 160.56542632)
(-20536.689198, 178.247798468, 160.563532313)
(-20536.6420312, 178.29421204, 160.56153317)
(-20536.5861875, 178.348733825, 160.559184815)
(-20536.5379539, 178.395197698, 160.557183509)
(-20536.4873636, 178.444932978, 160.55504138)
(-20536.4380385, 178.492647284, 160.552986182)
(-20536.3969348, 178.533185263, 160.551240135)
(-20536.3496608, 178.58163185, 160.549153498)
(-20536.3118665, 178.619915725, 160.547504454)
(-20536.2525636, 178.679736975, 160.544927882)
(-20536.2097096, 178.722250252, 160.543096758)
(-20536.1543046, 178.776642885, 160.540753961)
(-20536.1078375, 178.822977031, 160.538758255)
(-20536.0557279, 178.877109956, 160.536426722)
(-20536.0149823, 178.918920073, 160.534625783)
(-20535.9541911, 178.980278181, 160.531983071)
(-20535.903726, 179.0303742, 160.529825288)
(-20535.8415009, 179.091936338, 160.527173651)
(-20535.790923, 179.141309577, 160.525047107)
(-20535.7331443, 179.199024309, 160.522561242)
(-20535.6927716, 179.238757092, 160.520849811)
(-20535.6322309, 179.29903967, 160.518253375)
(-20535.587275, 179.342954484, 160.516361828)
(-20535.5272606, 179.402561446, 160.513794474)
(-20535.4832892, 179.446655594, 160.511895253)
(-20535.4336666, 179.498573123, 160.509659115)
(-20535.3898381, 179.543746065, 160.507713406)
(-20535.3331661, 179.601058284, 160.505244857)
(-20535.2835838, 179.650300392, 160.503123876)
(-20535.2269129, 179.706330296, 160.50071055)
(-20535.1818627, 179.750145106, 160.498823375)
(-20535.1358045, 179.795674691, 160.496862334)
(-20535.0891646, 179.841841465, 160.494873862)
(-20535.0376916, 179.892543512, 160.492690025)
(-20534.9784893, 179.953594787, 160.490060446)
(-20534.9258105, 180.007420047, 160.487742062)
(-20534.8553106, 180.080393821, 160.484598962)
(-20534.7838634, 180.15221888, 160.481505352)
(-20534.7211099, 180.217939807, 160.478674657)
(-20534.6662245, 180.273099433, 160.476298739)
(-20534.6041623, 180.332677377, 160.473732622)
(-20534.5400641, 180.393037745, 160.471132822)
(-20534.4596801, 180.471348721, 160.46775979)
(-20534.4185424, 180.512467182, 160.465988745)
(-20534.3659677, 180.566022167, 160.463682043)
(-20534.3176206, 180.614756888, 160.461582958)
(-20534.2609379, 180.671904975, 160.45912147)
(-20534.205632, 180.726516195, 160.456769248)
(-20534.1468363, 180.785528342, 160.454227507)
(-20534.0971247, 180.834641993, 160.45211207)
(-20534.0374137, 180.894540097, 160.449532085)
(-20533.9904923, 180.940577911, 160.447549212)
(-20533.947272, 180.983695474, 160.445692068)
(-20533.8929419, 181.037935621, 160.443355848)
(-20533.8479203, 181.082817067, 160.441422711)
(-20533.7963817, 181.135734498, 160.439143459)
(-20533.7446359, 181.188193619, 160.436883956)
(-20533.6870776, 181.2467935, 160.434359917)
(-20533.6363477, 181.297221208, 160.432187928)
(-20533.5867684, 181.346877762, 160.430049094)
(-20533.5504221, 181.382438764, 160.428517428)
(-20533.4945151, 181.4369026, 160.426171584)
(-20533.4343082, 181.496348106, 160.423611142)
(-20533.3899599, 181.540652136, 160.421702902)
(-20533.3357565, 181.596825094, 160.41928347)
(-20533.2839247, 181.649735483, 160.417004467)
(-20533.2245431, 181.710638916, 160.414381108)
(-20533.1791518, 181.755887067, 160.412432337)
(-20533.1199828, 181.814674989, 160.409900167)
(-20533.072962, 181.860614434, 160.407921506)
(-20533.0243335, 181.90883831, 160.405844482)
(-20532.9747473, 181.956886035, 160.403774921)
(-20532.9271563, 182.003776443, 160.401755266)
(-20532.8800673, 182.050599449, 160.39973851)
(-20532.8266646, 182.105807463, 160.397360594)
(-20532.7840242, 182.149204376, 160.395491431)
(-20532.7249247, 182.208668222, 160.392930195)
(-20532.675038, 182.258158783, 160.390798534)
(-20532.6146885, 182.318641342, 160.388193457)
(-20532.5588798, 182.373324536, 160.385838128)
(-20532.5025533, 182.429582003, 160.38341501)
(-20532.4597938, 182.471601486, 160.381605143)
(-20532.4171773, 182.514170601, 160.379771647)
(-20532.369208, 182.560929028, 160.377757676)
(-20532.3158701, 182.613236316, 160.375504679)
(-20532.2599284, 182.670532607, 160.373036887)
(-20532.2067262, 182.72438974, 160.37071707)
(-20532.1431578, 182.790255202, 160.367880184)
(-20532.0936013, 182.840744636, 160.365705496)
(-20532.0405755, 182.894578188, 160.36338683)
(-20531.9983352, 182.936541758, 160.361579306)
(-20531.9476048, 182.986288958, 160.359436624)
(-20531.9018809, 183.030600921, 160.357527983)
(-20531.8496514, 183.08167138, 160.355328309)
(-20531.7974354, 183.133279394, 160.353105455)
(-20531.7526878, 183.177815254, 160.351187211)
(-20531.6981909, 183.233661713, 160.348781851)
(-20531.6517326, 183.280804362, 160.346751301)
(-20531.5989351, 183.334262972, 160.344448722)
(-20531.5463584, 183.386352129, 160.342205135)
(-20531.4919682, 183.440528719, 160.339871652)
(-20531.4466797, 183.484703679, 160.33796894)
(-20531.3905926, 183.54009213, 160.335583283)
(-20531.349125, 183.581458248, 160.333801556)
(-20531.3036766, 183.628243982, 160.331786443)
(-20531.254545, 183.6779919, 160.329643681)
(-20531.1946986, 183.738969047, 160.327017261)
(-20531.1430951, 183.790279474, 160.324807237)
(-20531.0839285, 183.849616808, 160.322251404)
(-20531.0372732, 183.895342545, 160.320281965)
(-20530.9884797, 183.943949398, 160.318188374)
(-20530.942654, 183.988750701, 160.316258694)
(-20530.8959743, 184.034871475, 160.314272188)
(-20530.8489826, 184.081273992, 160.312273554)
(-20530.7974973, 184.133681419, 160.310016264)
(-20530.7497504, 184.181930917, 160.307938096)
(-20530.6880895, 184.244635075, 160.305237172)
(-20530.6405607, 184.291819755, 160.303204957)
(-20530.5804578, 184.351979957, 160.300613675)
(-20530.5361816, 184.395395222, 160.298743778)
(-20530.4934697, 184.437885852, 160.296913602)
(-20530.443825, 184.486914163, 160.294801871)
(-20530.3944644, 184.535645964, 160.292702895)
(-20530.3348452, 184.596885414, 160.290065212)
(-20530.2841417, 184.648586816, 160.287838335)
(-20530.2262153, 184.708006022, 160.285279068)
(-20530.179985, 184.754172502, 160.283290561)
(-20530.1235014, 184.810389966, 160.280869134)
(-20530.0842113, 184.848866278, 160.279211897)
(-20530.0264856, 184.905570039, 160.276769565)
(-20529.9842744, 184.9463697, 160.275012252)
(-20529.9354616, 184.994389352, 160.272943953)
(-20529.8779325, 185.053583423, 160.270394413)
(-20529.8321635, 185.100264127, 160.268383748)
(-20529.7734699, 185.16066327, 160.26578229)
(-20529.7296322, 185.204555481, 160.263891714)
(-20529.6637499, 185.270076528, 160.261069574)
(-20529.6165087, 185.316370997, 160.259075607)
(-20529.556944, 185.375799303, 160.256515963)
(-20529.5072875, 185.424367392, 160.254423999)
(-20529.4521531, 185.479472425, 160.252050584)
(-20529.3999168, 185.530750616, 160.249841865)
(-20529.3412478, 185.589315967, 160.247319365)
(-20529.2849088, 185.644649247, 160.244936024)
(-20529.2062199, 185.724028285, 160.241516965)
(-20529.1442866, 185.786038156, 160.238846114)
(-20529.0932811, 185.838957673, 160.236566754)
(-20529.0515235, 185.881484669, 160.234735128)
(-20528.9981264, 185.935043248, 160.23242815)
(-20528.9519203, 185.980626233, 160.230464877)
(-20528.904245, 186.027533404, 160.228444516)
(-20528.8561454, 186.075157818, 160.226393242)
(-20528.8138299, 186.116919458, 160.224594482)
(-20528.7622348, 186.169153053, 160.222344753)
(-20528.715724, 186.215655649, 160.220341748)
(-20528.6667947, 186.264789782, 160.218225457)
(-20528.6190236, 186.311742152, 160.216203116)
(-20528.5741096, 186.35612991, 160.214291239)
(-20528.5236738, 186.407838034, 160.212064095)
(-20528.4727913, 186.459371351, 160.209844436)
(-20528.4209375, 186.512530059, 160.207554865)
(-20528.3781833, 186.555157761, 160.205718743)
(-20528.3272923, 186.605317315, 160.203558255)
(-20528.2849416, 186.646570573, 160.201781402)
(-20528.2380579, 186.692494576, 160.199803379)
(-20528.1796267, 186.751998986, 160.197240402)
(-20528.1298152, 186.80221014, 160.195077725)
(-20528.0683297, 186.865555644, 160.192349239)
(-20528.0216906, 186.912492392, 160.190327674)
(-20527.9668885, 186.96746279, 160.187960034)
(-20527.9233139, 187.010412507, 160.186110051)
(-20527.8703498, 187.062556016, 160.18386411)
(-20527.8311583, 187.100538308, 160.182228155)
(-20527.7787082, 187.151971752, 160.180012842)
(-20527.7381885, 187.191989394, 160.178289198)
(-20527.6865691, 187.244246309, 160.176038458)
(-20527.6395142, 187.291403755, 160.174007257)
(-20527.5830024, 187.348710826, 160.171538969)
(-20527.5377588, 187.393511617, 160.169609252)
(-20527.4882258, 187.442635077, 160.167493413)
(-20527.4455213, 187.485155047, 160.165662001)
(-20527.3942302, 187.537715028, 160.163398163)
(-20527.3483453, 187.584257555, 160.161393489)
(-20527.2855684, 187.64760989, 160.158664833)
(-20527.2344584, 187.698215836, 160.15648508)
(-20527.1727678, 187.76019821, 160.153815333)
(-20527.1285666, 187.803704112, 160.151941516)
(-20527.0693404, 187.862925857, 160.149390644)
(-20527.0259001, 187.90542992, 160.147559975)
(-20526.9796648, 187.951383957, 160.145580665)
(-20526.9287504, 188.002030031, 160.143399247)
(-20526.8844559, 188.045899677, 160.141509684)
(-20526.8224883, 188.109413162, 160.138774077)
(-20526.7780831, 188.15452543, 160.136830986)
(-20526.7216767, 188.211982882, 160.134356152)
(-20526.6788774, 188.254541825, 160.132523084)
(-20526.6220121, 188.310949832, 160.13009348)
(-20526.5699254, 188.361769401, 160.127904589)
(-20526.5151313, 188.416050694, 160.125566591)
(-20526.4745185, 188.455530386, 160.123866108)
(-20526.4257159, 188.50361293, 160.121795112)
(-20526.3707743, 188.560198557, 160.119357809)
(-20526.3260618, 188.605593419, 160.117402652)
(-20526.27293, 188.659855509, 160.115065489)
(-20526.2260697, 188.706565013, 160.113053595)
(-20526.1665543, 188.765598458, 160.110510898)
(-20526.1194772, 188.811484286, 160.108534511)
(-20526.076096, 188.854425268, 160.106684979)
(-20526.0175755, 188.91263838, 160.10417763)
(-20525.9740396, 188.956076597, 160.10230666)
(-20525.9148435, 189.017235764, 160.099672344)
(-20525.8705077, 189.062388751, 160.097727602)
(-20525.8153145, 189.118717127, 160.095301368)
(-20525.7745975, 189.15927851, 160.093554364)
(-20525.7212756, 189.21169684, 160.091296609)
(-20525.6669632, 189.264366517, 160.089028028)
(-20525.6193325, 189.311215182, 160.08701017)
(-20525.5722635, 189.358048706, 160.084992976)
(-20525.5107745, 189.422070132, 160.082235458)
(-20525.4646965, 189.469662335, 160.080185593)
(-20525.4093142, 189.526422777, 160.077740647)
(-20525.3656983, 189.569956964, 160.075865692)
(-20525.3093061, 189.625223795, 160.073485238)
(-20525.261184, 189.671813094, 160.071478531)
(-20525.2067779, 189.725323843, 160.06917369)
(-20525.159782, 189.770683219, 160.06722001)
(-20525.113076, 189.816702298, 160.0652379)
(-20525.066636, 189.862995749, 160.063243953)
(-20525.0076114, 189.924253221, 160.060605504)
(-20524.9582703, 189.975000241, 160.058419749)
(-20524.912795, 190.021753917, 160.056405945)
(-20524.8677296, 190.066815462, 160.054465084)
(-20524.8080768, 190.125256301, 160.051947896)
(-20524.7564081, 190.17530251, 160.049792299)
(-20524.6971503, 190.233855004, 160.047270377)
(-20524.6524385, 190.277407911, 160.045394426)
(-20524.6065453, 190.32307907, 160.043427302)
(-20524.5598571, 190.369779999, 160.041415808)
(-20524.5026521, 190.428764156, 160.038875235)
(-20524.4606449, 190.471575843, 160.037031278)
(-20524.3985276, 190.534447438, 160.034323197)
(-20524.3466367, 190.586023034, 160.032101813)
(-20524.2626394, 190.670634411, 160.028457426)
(-20524.2092181, 190.723574483, 160.026177204)
(-20524.1443587, 190.790492706, 160.023294857)
(-20524.1064332, 190.829192472, 160.021628027)
(-20524.0433861, 190.892895017, 160.018884281)
(-20523.9917148, 190.944136527, 160.016677207)
(-20523.9332713, 191.002436913, 160.014166086)
(-20523.8681503, 191.065941355, 160.011430829)
(-20523.8164219, 191.118126982, 160.009183151)
(-20523.7660821, 191.168413854, 160.007017156)
(-20523.7259021, 191.208783195, 160.005278343)
(-20523.6611533, 191.272073955, 160.002552312)
(-20523.5815568, 191.351128162, 159.999147311)
(-20523.5326863, 191.39977893, 159.997051831)
(-20523.4800017, 191.453807376, 159.994724774)
(-20523.4422043, 191.492065663, 159.993076818)
(-20523.3889079, 191.545176441, 159.99078926)
(-20523.3295186, 191.603272909, 159.988286964)
(-20523.267893, 191.664158756, 159.985664482)
(-20523.2115994, 191.718859164, 159.983308447)
(-20523.1565312, 191.774064851, 159.980930651)
(-20523.1010044, 191.829059092, 159.978561896)
(-20523.0493551, 191.881265699, 159.976313167)
(-20523.0074076, 191.922937023, 159.974518426)
(-20522.9507491, 191.979528116, 159.972080969)
(-20522.8958284, 192.033354734, 159.9697625)
(-20522.8531689, 192.075843904, 159.967932435)
(-20522.8036024, 192.127274284, 159.965717291)
(-20522.7610692, 192.170790134, 159.963842931)
(-20522.6957595, 192.237452756, 159.960971527)
(-20522.6512987, 192.281865753, 159.959058702)
(-20522.585478, 192.34742618, 159.956234858)
(-20522.5403306, 192.391728565, 159.954326688)
(-20522.4808209, 192.451246294, 159.95176308)
(-20522.4350223, 192.496070868, 159.949832465)
(-20522.374543, 192.556341756, 159.947236532)
(-20522.3355443, 192.59452055, 159.945592052)
(-20522.2816507, 192.648024152, 159.943287552)
(-20522.2360875, 192.693521782, 159.941327891)
(-20522.1755169, 192.75619089, 159.938628624)
(-20522.1280887, 192.804725675, 159.936538164)
(-20522.07093, 192.863182611, 159.934020165)
(-20522.0288204, 192.905272433, 159.932207389)
(-20521.9749114, 192.958816641, 159.92990114)
(-20521.9320643, 193.000750255, 159.928094984)
(-20521.8657927, 193.065820536, 159.92529228)
(-20521.818849, 193.111237519, 159.923336083)
(-20521.7681156, 193.161418417, 159.921174707)
(-20521.7183656, 193.211422648, 159.919020935)
(-20521.6598378, 193.273086567, 159.916364995)
(-20521.6132955, 193.321375588, 159.914285078)
(-20521.562678, 193.373007476, 159.912061237)
(-20521.5264335, 193.409313224, 159.910497393)
(-20521.469081, 193.465401505, 159.908081574)
(-20521.4210959, 193.511538337, 159.90609437)
(-20521.3659529, 193.565449024, 159.903772358)
(-20521.3082615, 193.622646595, 159.901308737)
(-20521.2594153, 193.671790197, 159.899192008)
(-20521.2114708, 193.721936228, 159.897032204)
(-20521.1742604, 193.760281538, 159.895380509)
(-20521.1048355, 193.830029586, 159.892376345)
(-20521.0521603, 193.882010713, 159.890137435)
(-20520.9909632, 193.943317056, 159.887496833)
(-20520.9405296, 193.99285865, 159.885362999)
(-20520.8939057, 194.039546476, 159.88335208)
(-20520.851447, 194.081308171, 159.881553305)
(-20520.7940206, 194.137731611, 159.879123067)
(-20520.7450009, 194.18516917, 159.87707983)
(-20520.6953583, 194.234104441, 159.874972121)
(-20520.6340116, 194.29879125, 159.872185873)
(-20520.587813, 194.346773858, 159.870119224)
(-20520.534619, 194.401640924, 159.86775588)
(-20520.4943123, 194.442078013, 159.86601431)
(-20520.4394622, 194.495974715, 159.863692864)
(-20520.3946295, 194.539424031, 159.861821408)
(-20520.3348766, 194.597577546, 159.859316643)
(-20520.2889136, 194.641625336, 159.857419414)
(-20520.2321508, 194.697418718, 159.855016293)
(-20520.1834201, 194.746087188, 159.852920055)
(-20520.137674, 194.791984877, 159.850943147)
(-20520.08293, 194.848795802, 159.848496262)
(-20520.0317483, 194.901193862, 159.84623929)
(-20519.9787402, 194.955576993, 159.843896936)
(-20519.9378147, 194.998625098, 159.842042776)
(-20519.8916025, 195.05065759, 159.839801629)
(-20519.8488487, 195.105762715, 159.838373502)
(-20519.8137761, 195.157510107, 159.837111232)
(-20519.7761063, 195.215245664, 159.835785989)
(-20519.7347564, 195.285508386, 159.834149705)
(-20519.7029897, 195.340873019, 159.832956325)
(-20519.6675869, 195.405872769, 159.831479025)
(-20519.6364403, 195.458594319, 159.830369265)
(-20519.5945545, 195.533989899, 159.828741432)
(-20519.5561658, 195.601953248, 159.828532723)
(-20519.5218268, 195.663652215, 159.828532835)
(-20519.4925926, 195.713759281, 159.828532828)
(-20519.4553424, 195.776878808, 159.828532844)
(-20519.4139425, 195.847413235, 159.828532857)
(-20519.3721643, 195.918205815, 159.828532863)
(-20519.3324736, 195.985410689, 159.828532853)
(-20519.3003135, 196.039348948, 159.828532845)
(-20519.2556115, 196.114161089, 159.828532848)
(-20519.223076, 196.168802701, 159.828532851)
(-20519.1814147, 196.238675768, 159.828532851)
(-20519.1427009, 196.303578717, 159.82853285)
(-20519.1018054, 196.371983366, 159.828532854)
(-20519.0689947, 196.426946863, 159.828532853)
(-20519.0314898, 196.489684495, 159.828532852)
(-20519.0020535, 196.538965502, 159.828532852)
(-20518.9687818, 196.594615624, 159.82853285)
(-20518.9218753, 196.672898722, 159.828532857)
(-20518.8777683, 196.746618987, 159.828532852)
(-20518.8359808, 196.816432835, 159.828532842)
(-20518.8011889, 196.864596658, 159.828531709)
(-20518.735796, 196.935975293, 159.828532598)
(-20518.6804653, 196.993792518, 159.828532592)
(-20518.6242962, 197.055319652, 159.828532855)
(-20518.5802949, 197.103494828, 159.828532849)
(-20518.5279732, 197.160852375, 159.828532852)
(-20518.4699501, 197.22475361, 159.828532857)
(-20518.4062025, 197.295155212, 159.828532864)
(-20518.3644496, 197.341935342, 159.828532857)
(-20518.3062546, 197.407332808, 159.828532837)
(-20518.2412041, 197.478468419, 159.828532854)
(-20518.1858158, 197.538230895, 159.828532856)
(-20518.1333294, 197.595995865, 159.828532851)
(-20518.0867575, 197.64787062, 159.828532857)
(-20518.0237426, 197.718354422, 159.828532853)
(-20517.98053, 197.766156187, 159.828532856)
(-20517.9147147, 197.83862552, 159.828532869)
(-20517.8727864, 197.883215065, 159.828532844)
(-20517.8208517, 197.936394758, 159.828532873)
(-20517.7825107, 197.974683386, 159.828532841)
(-20517.7208122, 198.035784506, 159.82853285)
(-20517.679428, 198.077321297, 159.828532859)
(-20517.6183769, 198.138906695, 159.828532853)
(-20517.5826038, 198.174964662, 159.828532847)
(-20517.5317543, 198.226311271, 159.828532849)
(-20517.4823407, 198.276184742, 159.828532853)
(-20517.4132261, 198.346066411, 159.828532854)
(-20517.3638517, 198.395981214, 159.828532854)
(-20517.3014662, 198.459161014, 159.828532853)
(-20517.2527068, 198.508525758, 159.828532853)
(-20517.1953182, 198.566768858, 159.828532871)
(-20517.1594617, 198.603787938, 159.828532852)
(-20517.111871, 198.65354044, 159.828532857)
(-20517.0672164, 198.699985054, 159.828532851)
(-20517.0013443, 198.768432658, 159.828532853)
(-20516.9515873, 198.819254999, 159.828532854)
(-20516.8885204, 198.88306722, 159.828532839)
(-20516.8367289, 198.935285996, 159.828532845)
(-20516.7781894, 198.994175329, 159.828532854)
(-20516.7371319, 199.035489235, 159.828532855)
(-20516.6861364, 199.086728253, 159.828532852)
(-20516.6450635, 199.128020467, 159.828532852)
(-20516.5829598, 199.190346427, 159.828532853)
(-20516.5328408, 199.240694132, 159.82853285)
(-20516.4677961, 199.305914966, 159.828532852)
(-20516.4220305, 199.351853336, 159.828532852)
(-20516.3686776, 199.405393839, 159.828532853)
(-20516.3345716, 199.439627225, 159.828532852)
(-20516.2838485, 199.490537949, 159.828532852)
(-20516.2287541, 199.54583799, 159.828532852)
(-20516.1765753, 199.598213273, 159.828532852)
(-20516.1150665, 199.659950917, 159.828532851)
(-20516.0713437, 199.703842382, 159.828532851)
(-20516.0177113, 199.757684825, 159.828532851)
(-20515.9795331, 199.79602316, 159.828532854)
(-20515.9236203, 199.852248994, 159.828532851)
(-20515.8787453, 199.897328184, 159.828532852)
(-20515.8152171, 199.961128262, 159.828532851)
(-20515.7761387, 200.000323067, 159.828532852)
(-20515.7180571, 200.058488407, 159.828532852)
(-20515.6734197, 200.10322055, 159.828532852)
(-20515.6144325, 200.162233464, 159.828532851)
(-20515.5715337, 200.205197647, 159.828532857)
(-20515.5172481, 200.259554188, 159.828532852)
(-20515.4775592, 200.299302269, 159.828532852)
(-20515.4186068, 200.358334898, 159.828532854)
(-20515.3678274, 200.40918945, 159.828532852)
(-20515.3068324, 200.47027197, 159.828532852)
(-20515.2601397, 200.51703491, 159.828532852)
(-20515.2122789, 200.564967064, 159.828532852)
(-20515.1725902, 200.604716155, 159.828532852)
(-20515.1142239, 200.663170896, 159.828532852)
(-20515.0701598, 200.707305549, 159.828532851)
(-20515.011214, 200.766348818, 159.828532851)
(-20514.9697765, 200.807854101, 159.828532851)
(-20514.9058702, 200.871866132, 159.828532851)
(-20514.8591776, 200.91863086, 159.828532852)
(-20514.7987685, 200.979130919, 159.828532852)
(-20514.7471133, 201.030861767, 159.828532852)
(-20514.705963, 201.072066918, 159.828532852)
(-20514.6610194, 201.117069366, 159.828532852)
(-20514.6046598, 201.173446514, 159.828532852)
(-20514.5562008, 201.221948094, 159.828532852)
(-20514.4940055, 201.284168031, 159.828532853)
(-20514.4481696, 201.330035771, 159.828532852)
(-20514.3871493, 201.391089321, 159.828532852)
(-20514.3378094, 201.440462489, 159.828532852)
(-20514.2727024, 201.505609742, 159.828532852)
(-20514.2166484, 201.561702966, 159.828532852)
(-20514.1576734, 201.620717542, 159.828532851)
(-20514.1127148, 201.665710154, 159.828532851)
(-20514.0665887, 201.711872318, 159.828532851)
(-20514.0230915, 201.755406152, 159.82853285)
(-20513.9714218, 201.807122395, 159.82853285)
(-20513.9156762, 201.862938087, 159.82853285)
(-20513.8610873, 201.917577445, 159.828532851)
(-20513.8135046, 201.965203408, 159.828532851)
(-20513.7717587, 202.006984573, 159.828532852)
(-20513.7151231, 202.063665167, 159.828532852)
(-20513.6614065, 202.117424032, 159.828532852)
(-20513.6036009, 202.175266569, 159.828532852)
(-20513.552218, 202.226684295, 159.828532852)
(-20513.496738, 202.282183387, 159.828532853)
(-20513.4491468, 202.329801117, 159.828532853)
(-20513.3933737, 202.385592546, 159.828532852)
(-20513.3431521, 202.435834298, 159.828532845)
(-20513.2967253, 202.482279205, 159.828532853)
(-20513.2444376, 202.534547806, 159.828532851)
(-20513.1883687, 202.59062623, 159.828532852)
(-20513.1355108, 202.643491596, 159.828532851)
(-20513.0665954, 202.712423772, 159.828532851)
(-20513.0064405, 202.772593959, 159.828532851)
(-20512.9544649, 202.824587793, 159.82853285)
(-20512.9132957, 202.8657761, 159.82853285)
(-20512.8613187, 202.91777049, 159.828532851)
(-20512.8017498, 202.977358485, 159.828532851)
(-20512.7418873, 203.037237472, 159.828532851)
(-20512.6598315, 203.119314887, 159.828532851)
(-20512.6075601, 203.171598215, 159.828532851)
(-20512.5532439, 203.225924937, 159.828532852)
(-20512.514113, 203.265063585, 159.828532852)
(-20512.4489906, 203.330196812, 159.828532852)
(-20512.3920458, 203.387152236, 159.828532852)
(-20512.3280911, 203.45111594, 159.828532852)
(-20512.2799074, 203.499308477, 159.828532851)
(-20512.2282181, 203.551005807, 159.828532852)
(-20512.1844152, 203.594818159, 159.828532851)
(-20512.1371075, 203.642135522, 159.828532851)
(-20512.0857134, 203.693543055, 159.828532851)
(-20512.0188428, 203.760432003, 159.828532851)
(-20511.9604406, 203.818850436, 159.828532851)
(-20511.8976585, 203.881650491, 159.828532851)
(-20511.8418831, 203.937439011, 159.828532851)
(-20511.7747182, 204.004617554, 159.828532851)
(-20511.7271181, 204.052226503, 159.828532852)
(-20511.6652071, 204.114146289, 159.828532852)
(-20511.6211108, 204.158249308, 159.828532852)
(-20511.5770126, 204.202350777, 159.828532852)
(-20511.5294116, 204.249957889, 159.828532852)
(-20511.4730468, 204.30632599, 159.828532854)
(-20511.4134426, 204.365884297, 159.82853285)
(-20511.3643723, 204.414942356, 159.828532851)
(-20511.3068302, 204.47246819, 159.828532852)
(-20511.2618498, 204.51743891, 159.828532851)
(-20511.2069382, 204.572339052, 159.828532851)
(-20511.1602066, 204.619063613, 159.828532851)
(-20511.1012084, 204.678054169, 159.828532851)
(-20511.0512657, 204.727992991, 159.82853285)
(-20510.9931469, 204.786110288, 159.82853285)
(-20510.9516749, 204.827580725, 159.82853285)
(-20510.9099117, 204.869343853, 159.82853285)
(-20510.8658109, 204.913443102, 159.82853285)
(-20510.8001001, 204.979155805, 159.82853285)
(-20510.7519098, 205.027343022, 159.828532851)
(-20510.6870734, 205.092176935, 159.828532851)
(-20510.6394666, 205.139779363, 159.828532851)
(-20510.5769651, 205.202275957, 159.828532851)
(-20510.5197197, 205.259515066, 159.828532851)
(-20510.4610147, 205.318214517, 159.828532851)
(-20510.4101951, 205.369028875, 159.828532851)
(-20510.3523665, 205.426852675, 159.828532851)
(-20510.3027155, 205.476499299, 159.828532851)
(-20510.2513129, 205.527898687, 159.828532851)
(-20510.2092563, 205.569952771, 159.828532851)
(-20510.1523056, 205.626901852, 159.828532851)
(-20510.1003196, 205.67888658, 159.82853285)
(-20510.0255567, 205.753653739, 159.82853285)
(-20509.9764971, 205.802722244, 159.828532848)
(-20509.9096537, 205.869624456, 159.828532835)
(-20509.8676117, 205.907079154, 159.828532898)
(-20509.8061746, 205.951613719, 159.828532956)
(-20509.753801, 205.980772188, 159.828532823)
(-20509.6805948, 206.023767926, 159.828532883)
(-20509.5880614, 206.079872617, 159.828532837)
(-20509.5316672, 206.115108036, 159.828532841)
(-20509.4609909, 206.159418652, 159.828532864)
(-20509.4058635, 206.192768826, 159.828532861)
(-20509.3481671, 206.227470959, 159.828532842)
(-20509.2809444, 206.268045576, 159.828532859)
(-20509.2214574, 206.303846621, 159.828532855)
(-20509.1424314, 206.351259154, 159.828532864)
(-20509.070105, 206.39457683, 159.828532856)
(-20508.9870834, 206.444162313, 159.828532852)
(-20508.9062577, 206.492518209, 159.828532854)
(-20508.85058, 206.525791834, 159.828532854)
(-20508.7806709, 206.567489296, 159.828532855)
(-20508.7295981, 206.597982053, 159.828532853)
(-20508.6692737, 206.633951195, 159.828532853)
(-20508.6139298, 206.666960689, 159.828532853)
(-20508.5351114, 206.713877784, 159.828532855)
(-20508.4744331, 206.750035431, 159.828532856)
(-20508.3981083, 206.795460271, 159.828532853)
(-20508.3409607, 206.829475924, 159.828532851)
(-20508.2581918, 206.878642212, 159.828532851)
(-20508.2120214, 206.906071262, 159.828532855)
(-20508.1373926, 206.950332831, 159.828532851)
(-20508.0853127, 206.987339741, 159.828533056)
(-20508.019066, 207.045123906, 159.82853284)
(-20507.9751234, 207.085389783, 159.828532783)
(-20507.914019, 207.140302728, 159.828532844)
(-20507.8653705, 207.184326481, 159.828532842)
(-20507.7959711, 207.247297538, 159.828532854)
(-20507.7456264, 207.293167977, 159.828532853)
(-20507.6856044, 207.34803868, 159.828532854)
(-20507.6347291, 207.394576769, 159.828532851)
(-20507.5796246, 207.445061506, 159.828532851)
(-20507.5189856, 207.500536643, 159.828532854)
(-20507.4766475, 207.539302719, 159.828532856)
(-20507.4154799, 207.595410559, 159.828532854)
(-20507.3630912, 207.643391429, 159.828532853)
(-20507.3003469, 207.700856759, 159.828532852)
(-20507.2534372, 207.743812848, 159.828532854)
(-20507.1958728, 207.79653455, 159.828532852)
(-20507.1499874, 207.839280703, 159.828532851)
(-20507.0932064, 207.892719808, 159.828532852)
(-20507.0424865, 207.941159457, 159.828532861)
(-20506.9757133, 208.006220713, 159.828532837)
(-20506.9375127, 208.043904217, 159.828532852)
(-20506.8861194, 208.094697124, 159.828532852)
(-20506.8328363, 208.147128837, 159.828532854)
(-20506.7842795, 208.194939848, 159.828532853)
(-20506.7339359, 208.244474905, 159.828532849)
(-20506.6786262, 208.298965113, 159.828532853)
(-20506.6291773, 208.347642954, 159.828532852)
(-20506.5688388, 208.407041691, 159.828532852)
(-20506.5187984, 208.456296739, 159.828532853)
(-20506.4502135, 208.523803555, 159.828532853)
(-20506.3919258, 208.58116318, 159.828532854)
(-20506.3383199, 208.633864702, 159.828532854)
(-20506.2724026, 208.6977086, 159.82853284)
(-20506.2256992, 208.742749916, 159.828532859)
(-20506.1883484, 208.778464884, 159.82853285)
(-20506.1088121, 208.853799049, 159.82853285)
(-20506.0560941, 208.904916808, 159.828532868)
(-20505.9714863, 208.988876664, 159.828532861)
(-20505.8989306, 209.061171135, 159.828532851)
(-20505.8242937, 209.135480648, 159.828532851)
(-20505.7713144, 209.188223849, 159.828532852)
(-20505.7200912, 209.239218391, 159.828532852)
(-20505.669453, 209.289630011, 159.828532852)
(-20505.6147167, 209.344120826, 159.828532852)
(-20505.5693469, 209.389286713, 159.828532852)
(-20505.5072921, 209.451061295, 159.828532852)
(-20505.4584088, 209.49972312, 159.828532852)
(-20505.389034, 209.568781147, 159.828532853)
(-20505.3357587, 209.62181239, 159.828532853)
(-20505.2696007, 209.687655019, 159.828532854)
(-20505.2177886, 209.739217477, 159.828532853)
(-20505.146603, 209.809977159, 159.828532852)
(-20505.097701, 209.858619035, 159.828532852)
(-20505.0455774, 209.910465094, 159.828532852)
(-20505.0028284, 209.952993803, 159.828532851)
(-20504.9471985, 210.008342602, 159.828532855)
(-20504.88691, 210.06837446, 159.828532854)
(-20504.833965, 210.121145254, 159.828532853)
(-20504.7859885, 210.168958901, 159.828532853)
(-20504.7266472, 210.228179826, 159.828532854)
(-20504.6612341, 210.293588296, 159.828532849)
(-20504.60482, 210.349907329, 159.828532852)
(-20504.5463593, 210.408267031, 159.828532852)
(-20504.4782519, 210.476255553, 159.828532852)
(-20504.4285595, 210.5258609, 159.828532852)
(-20504.3695118, 210.58480256, 159.828532853)
(-20504.3239114, 210.630321831, 159.828532853)
(-20504.2601863, 210.693930798, 159.828532853)
(-20504.2122468, 210.741784096, 159.828532852)
(-20504.1415033, 210.812391682, 159.828532852)
(-20504.0970711, 210.856742703, 159.828532852)
(-20504.0365605, 210.917141107, 159.828532853)
(-20503.9810201, 210.972579857, 159.828532852)
(-20503.9345418, 211.018974111, 159.828532852)
(-20503.8906949, 211.062742668, 159.828532852)
(-20503.8316468, 211.121683313, 159.828532852)
(-20503.7775701, 211.175665082, 159.828532852)
(-20503.7123851, 211.240735189, 159.828532852)
(-20503.6536322, 211.299386644, 159.828532852)
(-20503.5849412, 211.367959783, 159.828532852)
(-20503.5323281, 211.42048503, 159.828532851)
(-20503.4867311, 211.466007927, 159.828532851)
(-20503.4405495, 211.512114413, 159.828532851)
(-20503.382678, 211.569894612, 159.828532851)
(-20503.3248059, 211.627675453, 159.82853285)
(-20503.2692936, 211.683138655, 159.82853285)
(-20503.2234128, 211.728962076, 159.828532851)
(-20503.1644007, 211.787934673, 159.828532851)
(-20503.1208629, 211.831428525, 159.828532851)
(-20503.0694389, 211.882808061, 159.828532854)
(-20503.0136293, 211.938562979, 159.828532851)
(-20502.9388296, 212.013292592, 159.828532851)
(-20502.8876958, 212.064376918, 159.828532851)
(-20502.8242954, 212.127727189, 159.82853285)
(-20502.7798833, 212.172099491, 159.828532851)
(-20502.7243718, 212.227567016, 159.828532849)
(-20502.6785, 212.273399225, 159.828532851)
(-20502.6101334, 212.341712412, 159.828532851)
(-20502.566307, 212.385502229, 159.828532851)
(-20502.5061249, 212.445645869, 159.828532851)
(-20502.4576262, 212.494108058, 159.828532851)
(-20502.4079666, 212.543744665, 159.828532861)
(-20502.3420153, 212.609789342, 159.828532851)
(-20502.2815694, 212.670253932, 159.828532852)
(-20502.2123627, 212.739479591, 159.828532852)
(-20502.1600927, 212.791763953, 159.828532852)
(-20502.0961427, 212.855732607, 159.828532852)
(-20502.0427028, 212.909184011, 159.828532852)
(-20501.9951028, 212.956792949, 159.828532853)
(-20501.9539265, 212.997975703, 159.828532853)
(-20501.8952273, 213.056681623, 159.828532853)
(-20501.8333157, 213.118599341, 159.828532853)
(-20501.7807473, 213.171167689, 159.828532847)
(-20501.7076775, 213.244133575, 159.828532854)
(-20501.6495406, 213.302232408, 159.828532852)
(-20501.5823465, 213.36938184, 159.828532853)
(-20501.527716, 213.423978153, 159.828532852)
(-20501.4687027, 213.482954018, 159.828532852)
(-20501.4339383, 213.517697527, 159.828532852)
(-20501.3749266, 213.576674696, 159.828532852)
(-20501.3252642, 213.626309673, 159.828532852)
(-20501.2741418, 213.677405207, 159.828532851)
(-20501.2127966, 213.738721007, 159.828532851)
(-20501.1572951, 213.794198354, 159.82853285)
(-20501.0857655, 213.865769822, 159.828532851)
(-20501.02385, 213.927685225, 159.828532852)
(-20500.9730315, 213.978500884, 159.828532852)
(-20500.917832, 214.033696903, 159.828532852)
(-20500.8792796, 214.072246196, 159.828532852)
(-20500.8319649, 214.119556144, 159.828532852)
(-20500.7732586, 214.178254708, 159.828532853)
(-20500.7198099, 214.231696983, 159.828532853)
(-20500.6494198, 214.302076087, 159.828532853)
(-20500.6059014, 214.345588548, 159.828532853)
(-20500.5504068, 214.401073601, 159.828532853)
(-20500.5033835, 214.448090636, 159.828532852)
(-20500.4443841, 214.50708072, 159.828532852)
(-20500.3923963, 214.559062789, 159.828532852)
(-20500.328433, 214.623017906, 159.828532852)
(-20500.2755698, 214.67587695, 159.828532852)
(-20500.2212461, 214.730196511, 159.828532852)
(-20500.1786065, 214.772835499, 159.828532851)
(-20500.1228252, 214.828618005, 159.828532852)
(-20500.0687946, 214.882646923, 159.828532852)
(-20500.0156404, 214.935799395, 159.828532852)
(-20499.9537234, 214.99771259, 159.828532852)
(-20499.8883013, 215.063129626, 159.828532852)
(-20499.8269676, 215.124457487, 159.828532852)
(-20499.7656328, 215.185784555, 159.828532852)
(-20499.706635, 215.244775824, 159.828532852)
(-20499.6540619, 215.297341305, 159.828532852)
(-20499.6125881, 215.338809744, 159.828532852)
(-20499.5544655, 215.396923696, 159.828532852)
(-20499.4942995, 215.457082843, 159.828532852)
(-20499.4119351, 215.53943579, 159.828532852)
(-20499.3602397, 215.591126105, 159.828532852)
(-20499.2816734, 215.669683662, 159.828532852)
(-20499.2124562, 215.738898295, 159.828532851)
(-20499.1379831, 215.813371454, 159.828532851)
(-20499.0900871, 215.861268446, 159.828532851)
(-20499.0208733, 215.930486682, 159.828532851)
(-20498.9662593, 215.985100283, 159.828532852)
(-20498.901132, 216.050228041, 159.828532852)
(-20498.8526501, 216.098707685, 159.828532852)
(-20498.7895653, 216.161789148, 159.828532852)
(-20498.7478002, 216.203551035, 159.828532852)
(-20498.6893872, 216.261958782, 159.828532852)
(-20498.638276, 216.313065446, 159.828532852)
(-20498.5678878, 216.383446034, 159.828532852)
(-20498.5062623, 216.445066275, 159.828532852)
(-20498.4402551, 216.511066583, 159.828532852)
(-20498.3818428, 216.569474623, 159.828532852)
(-20498.3231382, 216.628174619, 159.828532852)
(-20498.2822503, 216.669060953, 159.828532852)
(-20498.2252999, 216.726010375, 159.828532851)
(-20498.176528, 216.774783509, 159.828532851)
(-20498.1061464, 216.845171228, 159.828532851)
(-20498.0602942, 216.891023748, 159.828532852)
(-20497.9957516, 216.955567528, 159.828532851)
(-20497.9510668, 217.000250835, 159.828532852)
(-20497.8923631, 217.058951962, 159.828532852)
(-20497.8476775, 217.103634259, 159.828532852)
(-20497.7810866, 217.170219013, 159.828532852)
(-20497.7343562, 217.216945191, 159.828532852)
(-20497.660463, 217.290830099, 159.828532852)
(-20497.6116882, 217.339600211, 159.828532852)
(-20497.5439281, 217.407352229, 159.828532852)
(-20497.4942771, 217.456998743, 159.828532852)
(-20497.4221364, 217.529131536, 159.828532852)
(-20497.3721941, 217.579070532, 159.828532852)
(-20497.3108612, 217.640399313, 159.828532852)
(-20497.2670533, 217.684206371, 159.828532851)
(-20497.2118562, 217.739404503, 159.828532851)
(-20497.165129, 217.786133906, 159.828532851)
(-20497.09212, 217.859151002, 159.828532851)
(-20497.0462682, 217.905003857, 159.828532852)
(-20496.9808504, 217.970424688, 159.828532851)
(-20496.9349977, 218.016276587, 159.828532852)
(-20496.8733743, 218.077899029, 159.828532852)
(-20496.8257687, 218.125502512, 159.828532852)
(-20496.7635601, 218.187707821, 159.828532852)
(-20496.7098208, 218.241443631, 159.828532852)
(-20496.6595861, 218.291674574, 159.828532852)
(-20496.6172372, 218.334020522, 159.828532852)
(-20496.5500626, 218.401189844, 159.828532852)
(-20496.4969075, 218.45434142, 159.828532852)
(-20496.428565, 218.522679035, 159.828532852)
(-20496.3759945, 218.57524692, 159.828532852)
(-20496.312326, 218.638912884, 159.828532852)
(-20496.2667661, 218.684472598, 159.828532852)
(-20496.2033919, 218.747848619, 159.828532851)
(-20496.154621, 218.796623099, 159.828532851)
(-20496.1046851, 218.846568823, 159.828532848)
(-20496.0480288, 218.903228979, 159.828532851)
(-20495.986117, 218.965146539, 159.828532851)
(-20495.9282914, 219.02297401, 159.828532852)
(-20495.8652096, 219.086058562, 159.828532852)
(-20495.8073832, 219.143884825, 159.828532852)
(-20495.7556902, 219.195577984, 159.828532852)
(-20495.7118821, 219.239385415, 159.828532852)
(-20495.6447095, 219.306556528, 159.828532852)
(-20495.5860063, 219.365258128, 159.828532852)
(-20495.5156207, 219.435641458, 159.828532852)
(-20495.4557493, 219.495511195, 159.828532852)
(-20495.3897447, 219.561513809, 159.828532852)
(-20495.3342551, 219.617003519, 159.828532852)
(-20495.2682523, 219.683007731, 159.828532852)
(-20495.2165606, 219.734702089, 159.828532852)
(-20495.1648701, 219.786398128, 159.828532851)
(-20495.1172673, 219.834004481, 159.828532852)
(-20495.0565244, 219.894754291, 159.828532851)
(-20495.0024955, 219.94878503, 159.828532852)
(-20494.9467148, 220.004568077, 159.828532852)
(-20494.8996942, 220.051588503, 159.828532852)
(-20494.8468323, 220.104449293, 159.828532852)
(-20494.7936778, 220.157601764, 159.828532852)
(-20494.7241676, 220.227108118, 159.828532852)
(-20494.6701365, 220.281136017, 159.828532853)
(-20494.6044222, 220.346844966, 159.828532853)
(-20494.5477625, 220.403501359, 159.828532852)
(-20494.4887657, 220.462493486, 159.828532852)
(-20494.4397001, 220.511556838, 159.828532852)
(-20494.3748629, 220.576390514, 159.828532852)
(-20494.3330992, 220.618153343, 159.828532852)
(-20494.2723524, 220.678899857, 159.828532852)
(-20494.2154035, 220.735850806, 159.828532852)
(-20494.146482, 220.804777962, 159.828532851)
(-20494.0915783, 220.859685425, 159.828532851)
(-20494.0223668, 220.928905844, 159.828532851)
(-20493.9759311, 220.975343044, 159.828532852)
(-20493.9175224, 221.033755, 159.828532852)
(-20493.8675812, 221.083696036, 159.828532852)
(-20493.8024533, 221.148823059, 159.828532852)
(-20493.7563084, 221.194966586, 159.828532852)
(-20493.6978969, 221.253375648, 159.828532852)
(-20493.6456185, 221.305651651, 159.828532852)
(-20493.5904188, 221.360847668, 159.828532852)
(-20493.5404768, 221.41078726, 159.828532852)
(-20493.4724269, 221.478833343, 159.828532852)
(-20493.4280344, 221.52322429, 159.828532852)
(-20493.3553122, 221.595943722, 159.828532852)
(-20493.3059555, 221.645300222, 159.828532852)
(-20493.2323589, 221.71889747, 159.828532852)
(-20493.1751187, 221.776141477, 159.828532852)
(-20493.0790406, 221.872232653, 159.828532851)
(-20493.0308536, 221.920422904, 159.828532852)
(-20492.9622248, 221.989058551, 159.828532852)
(-20492.8830796, 222.068205907, 159.828532852)
(-20492.7907944, 222.160496726, 159.828532852)
(-20492.7373485, 222.213942065, 159.828532852)
(-20492.6751407, 222.276148258, 159.828532852)
(-20492.6181896, 222.333097369, 159.828532852)
(-20492.5256066, 222.425675315, 159.828532853)
(-20492.4485042, 222.502775878, 159.828532852)
(-20492.3813313, 222.569946794, 159.828532852)
(-20492.3167883, 222.634490136, 159.828532852)
(-20492.233847, 222.717433957, 159.828532852)
(-20492.1731026, 222.778183215, 159.828532851)
(-20492.1006798, 222.850617064, 159.828532851)
(-20492.0486959, 222.902603851, 159.828532852)
(-20491.9932084, 222.958096025, 159.828532852)
(-20491.944728, 223.006577381, 159.828532852)
(-20491.8798929, 223.07141309, 159.828532852)
(-20491.8290751, 223.122229566, 159.828532853)
(-20491.7621935, 223.189107673, 159.828532853)
(-20491.7055341, 223.245764149, 159.828532853)
(-20491.6447848, 223.306508382, 159.828532853)
(-20491.5989314, 223.352359092, 159.828532853)
(-20491.5446073, 223.40667851, 159.828532853)
(-20491.4926208, 223.458662109, 159.828532853)
(-20491.4280751, 223.523203069, 159.828532853)
(-20491.3722924, 223.578983854, 159.828532852)
(-20491.3030748, 223.648198712, 159.828532852)
(-20491.2513823, 223.69989223, 159.828532852)
(-20491.1795394, 223.77173877, 159.828532852)
(-20491.1322297, 223.819053085, 159.828532851)
(-20491.0749951, 223.876301723, 159.82853285)
(-20491.017463, 223.933838892, 159.828532852)
(-20490.9678154, 223.983488956, 159.828532852)
(-20490.8980174, 224.05329154, 159.828532852)
(-20490.8244203, 224.126888895, 159.828532852)
(-20490.7727269, 224.178581782, 159.828532852)
(-20490.7081827, 224.243124151, 159.828532853)
(-20490.657657, 224.293648406, 159.828532852)
(-20490.5831816, 224.368119713, 159.828532853)
(-20490.5390812, 224.412218729, 159.828532852)
(-20490.483298, 224.467999, 159.828532853)
(-20490.4324807, 224.518815385, 159.828532852)
(-20490.367352, 224.583941955, 159.828532852)
(-20490.3124466, 224.638847726, 159.828532852)
(-20490.2406022, 224.710692671, 159.828532852)
(-20490.1842384, 224.767060329, 159.828532852)
(-20490.1153185, 224.835988195, 159.828532851)
(-20490.0636282, 224.887684096, 159.828532852)
(-20489.9935412, 224.957782236, 159.828532851)
(-20489.9438938, 225.007433069, 159.828532852)
(-20489.887238, 225.064093058, 159.828532852)
(-20489.835545, 225.11578675, 159.828532852)
(-20489.7774266, 225.173904858, 159.828532852)
(-20489.7213524, 225.229978428, 159.828532852)
(-20489.6658615, 225.285467219, 159.828532853)
(-20489.6068661, 225.344460852, 159.828532852)
(-20489.5446569, 225.406665668, 159.828532853)
(-20489.4967598, 225.454561182, 159.828532852)
(-20489.4389319, 225.512385667, 159.828532852)
(-20489.383734, 225.567583012, 159.828532852)
(-20489.3183136, 225.633001927, 159.828532852)
(-20489.264285, 225.687032037, 159.828532852)
(-20489.1953626, 225.755957943, 159.828532852)
(-20489.122354, 225.828974497, 159.828532852)
(-20489.0706621, 225.880669143, 159.828532852)
(-20489.0034925, 225.94784335, 159.828532852)
(-20488.9576407, 225.993696117, 159.828532852)
(-20488.9050717, 226.046265665, 159.828532852)
(-20488.8568827, 226.094454015, 159.828532852)
(-20488.7870811, 226.16425298, 159.828532852)
(-20488.7368474, 226.214484837, 159.828532852)
(-20488.6617876, 226.289539817, 159.828532853)
(-20488.6027918, 226.348532923, 159.828532852)
(-20488.5259789, 226.425338993, 159.828532853)
(-20488.4725322, 226.478782882, 159.828532852)
(-20488.4094457, 226.541863081, 159.828532853)
(-20488.3670977, 226.58420969, 159.828532852)
(-20488.308978, 226.642326637, 159.828532852)
(-20488.2581618, 226.693143861, 159.828532852)
(-20488.1906993, 226.760609096, 159.828532852)
(-20488.1425135, 226.808799566, 159.828532851)
(-20488.0703829, 226.880942281, 159.828532851)
(-20488.0181071, 226.933221658, 159.828532852)
(-20487.9512303, 227.00010425, 159.828532852)
(-20487.8831826, 227.068153218, 159.828532852)
(-20487.8274004, 227.123934839, 159.828532852)
(-20487.7543865, 227.196946493, 159.828532852)
(-20487.7056131, 227.245718388, 159.828532852)
(-20487.6553786, 227.295950026, 159.828532852)
(-20487.606021, 227.345305804, 159.828532852)
(-20487.5382631, 227.413059605, 159.828532852)
(-20487.4883216, 227.462999438, 159.828532852)
(-20487.4234841, 227.527833163, 159.828532852)
(-20487.3674097, 227.583906484, 159.828532852)
(-20487.2882626, 227.663051064, 159.828532852)
(-20487.2318976, 227.719417624, 159.828532852)
(-20487.1650195, 227.786298802, 159.828532852)
(-20487.1127458, 227.838578773, 159.828532851)
(-20487.0482102, 227.903130273, 159.828532851)
(-20486.9950593, 227.956287187, 159.828532852)
(-20486.9407395, 228.010610684, 159.828532852)
(-20486.8902157, 228.061136881, 159.828532852)
(-20486.8344345, 228.116919465, 159.828532852)
(-20486.7576252, 228.19372918, 159.828532852)
(-20486.7050557, 228.24629842, 159.828532852)
(-20486.6372978, 228.314053101, 159.828532853)
(-20486.5879409, 228.363409296, 159.828532852)
(-20486.5286536, 228.422694722, 159.828532852)
(-20486.4760843, 228.475263716, 159.828532852)
(-20486.4147524, 228.536593877, 159.828532852)
(-20486.3557586, 228.595588652, 159.828532852)
(-20486.2862506, 228.665097052, 159.828532852)
(-20486.233975, 228.717375583, 159.828532852)
(-20486.1743987, 228.776956147, 159.828532852)
(-20486.126796, 228.824562251, 159.828532852)
(-20486.0616713, 228.889692719, 159.828532852)
(-20486.0085188, 228.942847252, 159.828532852)
(-20485.9340466, 229.017321435, 159.828532852)
(-20485.8668744, 229.084493363, 159.828532852)
(-20485.7915233, 229.159840471, 159.828532852)
(-20485.7120832, 229.239276436, 159.828532852)
(-20485.6548395, 229.296517378, 159.828532852)
(-20485.5897077, 229.361640964, 159.828532853)
(-20485.5476511, 229.403694435, 159.828532852)
(-20485.4871933, 229.464146251, 159.828532853)
(-20485.4296577, 229.521678934, 159.828532852)
(-20485.3592704, 229.592060624, 159.828532852)
(-20485.2897619, 229.661568075, 159.828532852)
(-20485.2018527, 229.74947355, 159.828532851)
(-20485.14549, 229.805842099, 159.828532851)
(-20485.0535008, 229.897846152, 159.828532851)
(-20485.0126148, 229.938735048, 159.828532852)
(-20484.9559596, 229.995395384, 159.828532851)
(-20484.9060189, 230.045337048, 159.828532852)
(-20484.8484845, 230.10287088, 159.828532852)
(-20484.7786829, 230.172669786, 159.828532852)
(-20484.7328301, 230.218521142, 159.828532852)
(-20484.6735413, 230.277806002, 159.828532852)
(-20484.6233073, 230.328037584, 159.828532852)
(-20484.566939, 230.384400891, 159.828532852)
(-20484.5178735, 230.433464235, 159.828532852)
(-20484.4527432, 230.498589658, 159.828532852)
(-20484.4019255, 230.54940563, 159.828532852)
(-20484.3408852, 230.610442756, 159.828532852)
(-20484.2929889, 230.658338896, 159.828532852)
(-20484.2296138, 230.721714229, 159.828532852)
(-20484.1758785, 230.775453196, 159.828532851)
(-20484.112799, 230.838540026, 159.828532851)
(-20484.0622749, 230.889066344, 159.828532852)
(-20484.0067861, 230.944557088, 159.828532852)
(-20483.9583052, 230.993037755, 159.828532852)
(-20483.8928846, 231.058456427, 159.828532852)
(-20483.8373936, 231.113944879, 159.828532852)
(-20483.7740155, 231.177317004, 159.828532853)
(-20483.7313745, 231.219955089, 159.828532852)
(-20483.6688715, 231.282451076, 159.828532852)
(-20483.6154244, 231.335894323, 159.828532852)
(-20483.5456193, 231.405689855, 159.828532852)
(-20483.4912956, 231.460009206, 159.828532852)
(-20483.4258716, 231.525424877, 159.828532853)
(-20483.3753456, 231.575948266, 159.828532852)
(-20483.3148885, 231.63640028, 159.828532852)
(-20483.2710807, 231.680207408, 159.828532852)
(-20483.2091657, 231.742122313, 159.828532852)
(-20483.1536779, 231.797613612, 159.828532851)
(-20483.0827133, 231.868586511, 159.828532851)
(-20483.0091171, 231.942184816, 159.828532852)
(-20482.9527507, 231.998550658, 159.828532852)
(-20482.8844097, 232.066889833, 159.828532852)
(-20482.8306713, 232.120626222, 159.828532852)
(-20482.7687541, 232.182539018, 159.828532852)
(-20482.7231927, 232.228097841, 159.828532852)
(-20482.6574781, 232.293806736, 159.828532852)
(-20482.6084121, 232.34286974, 159.828532852)
(-20482.549415, 232.401861364, 159.828532852)
(-20482.4942156, 232.457057365, 159.828532852)
(-20482.4302532, 232.521014059, 159.828532852)
(-20482.3747626, 232.576502507, 159.828532852)
(-20482.3064207, 232.64484054, 159.828532852)
(-20482.2596928, 232.691568711, 159.828532851)
(-20482.2030354, 232.748227347, 159.828532851)
(-20482.1507606, 232.800506614, 159.828532851)
(-20482.0833016, 232.867975758, 159.828532851)
(-20482.0275213, 232.923759808, 159.828532851)
(-20481.9632728, 232.988013616, 159.828532851)
(-20481.9136243, 233.037662978, 159.828532852)
(-20481.8528779, 233.098410064, 159.828532852)
(-20481.8029366, 233.14835054, 159.828532852)
(-20481.7313826, 233.219902084, 159.828532852)
(-20481.6820249, 233.269257906, 159.828532852)
(-20481.6212761, 233.330002458, 159.828532852)
(-20481.5689978, 233.382278276, 159.828532852)
(-20481.5006549, 233.450615902, 159.828532852)
(-20481.4530496, 233.49821932, 159.828532852)
(-20481.3876284, 233.56363703, 159.828532852)
(-20481.3382718, 233.612993531, 159.828532852)
(-20481.2754808, 233.67578473, 159.828532852)
(-20481.2202847, 233.730983509, 159.828532851)
(-20481.1528239, 233.798450663, 159.828532851)
(-20481.0792294, 233.872050609, 159.828532851)
(-20481.0301652, 233.921115929, 159.828532852)
(-20480.9691273, 233.982155544, 159.828532852)
(-20480.9226908, 234.028591678, 159.828532852)
(-20480.8575626, 234.093718321, 159.828532852)
(-20480.80178, 234.149499382, 159.828532852)
(-20480.7372348, 234.21404138, 159.828532852)
(-20480.6788231, 234.272450355, 159.828532852)
(-20480.6101884, 234.341079561, 159.828532852)
(-20480.55791, 234.393355484, 159.828532852)
(-20480.4957005, 234.45556026, 159.828532852)
(-20480.4530602, 234.498198953, 159.828532852)
(-20480.3882232, 234.563032725, 159.828532852)
(-20480.3350698, 234.616185601, 159.828532852)
(-20480.2719865, 234.67926867, 159.828532851)
(-20480.2200028, 234.731254854, 159.828532851)
(-20480.1566304, 234.794632819, 159.828532851)
(-20480.0909211, 234.860346943, 159.828532851)
(-20480.0167448, 234.934532391, 159.828532851)
(-20479.9694331, 234.981845937, 159.828532852)
(-20479.9016786, 235.049603339, 159.828532852)
(-20479.85495, 235.096331542, 159.828532852)
(-20479.7930339, 235.158245475, 159.828532852)
(-20479.7281971, 235.223079739, 159.828532852)
(-20479.6715379, 235.279736534, 159.828532852)
(-20479.6134177, 235.337852625, 159.828532852)
(-20479.5669805, 235.384287614, 159.828532852)
(-20479.5000984, 235.451165568, 159.828532852)
(-20479.4393508, 235.511911313, 159.828532852)
(-20479.3829836, 235.568275778, 159.828532852)
(-20479.3257414, 235.625517408, 159.828532852)
(-20479.2673309, 235.683927525, 159.828532852)
(-20479.2252767, 235.725983815, 159.828532851)
(-20479.1601518, 235.791114027, 159.828532851)
(-20479.104664, 235.846606058, 159.828532851)
(-20479.0342839, 235.916994319, 159.828532851)
(-20478.9717862, 235.97949506, 159.828532851)
(-20478.9127936, 236.038491315, 159.828532851)
(-20478.8628529, 236.088432651, 159.828532852)
(-20478.8047345, 236.146550833, 159.828532852)
(-20478.7524568, 236.19882776, 159.828532852)
(-20478.6791507, 236.272131585, 159.828532852)
(-20478.6233679, 236.327912376, 159.828532852)
(-20478.5383779, 236.412896699, 159.828532852)
(-20478.4709125, 236.480359068, 159.828532852)
(-20478.4069529, 236.544317816, 159.828532852)
(-20478.3394885, 236.611781028, 159.828532852)
(-20478.2854598, 236.665811168, 159.828532851)
(-20478.1925897, 236.758685739, 159.828532851)
(-20478.1423598, 236.808921292, 159.828532851)
(-20478.0702463, 236.881078759, 159.828532852)
(-20478.0106742, 236.940665131, 159.828532852)
(-20477.9397126, 237.011640498, 159.828532852)
(-20477.8789706, 237.072392096, 159.828532853)
(-20477.8135539, 237.137814872, 159.828532853)
(-20477.7373327, 237.214044892, 159.828532853)
(-20477.6803861, 237.270998152, 159.828532853)
(-20477.6164275, 237.334953551, 159.828532853)
(-20477.5670723, 237.38431177, 159.828532853)
(-20477.4914336, 237.459944872, 159.828532851)
(-20477.4432458, 237.508133683, 159.828532853)
(-20477.3825004, 237.568873486, 159.828532853)
(-20477.3299318, 237.621443174, 159.828532852)
(-20477.2636352, 237.687738637, 159.828532852)
(-20477.2052271, 237.746150588, 159.828532852)
(-20477.1392253, 237.812155971, 159.828532852)
(-20477.0936673, 237.857717859, 159.828532852)
(-20477.0352592, 237.916130575, 159.828532852)
(-20476.9829831, 237.968409192, 159.828532852)
(-20476.9239888, 238.027403523, 159.828532852)
(-20476.8699593, 238.081432999, 159.828532852)
(-20476.8170953, 238.134291453, 159.828532851)
(-20476.769198, 238.182187072, 159.828532852)
(-20476.699102, 238.252273062, 159.828532852)
(-20476.6427342, 238.30863647, 159.828532853)
(-20476.5822719, 238.36908019, 159.828532853)
(-20476.5311598, 238.420185812, 159.828532852)
(-20476.4744953, 238.476836448, 159.828532852)
(-20476.4271801, 238.524145062, 159.828532852)
(-20476.3626312, 238.588683048, 159.828532852)
(-20476.3071389, 238.644170045, 159.828532852)
(-20476.234706, 238.716594803, 159.828532852)
(-20476.1789238, 238.772375836, 159.828532851)
(-20476.1190539, 238.832247072, 159.828532851)
(-20476.0355281, 238.915774568, 159.828532851)
(-20475.9814978, 238.969803579, 159.828532852)
(-20475.9058559, 239.045444496, 159.828532851)
(-20475.8605865, 239.090711323, 159.828532852)
(-20475.7861107, 239.165182013, 159.828532852)
(-20475.7428854, 239.208404011, 159.828532852)
(-20475.677463, 239.273820503, 159.828532852)
(-20475.6333612, 239.317918262, 159.828532852)
(-20475.5723188, 239.378953831, 159.828532852)
(-20475.5212076, 239.430060524, 159.828532852)
(-20475.4537405, 239.497521037, 159.828532852)
(-20475.4049665, 239.546292022, 159.828532852)
(-20475.3334118, 239.617842577, 159.828532852)
(-20475.2764614, 239.674791943, 159.828532851)
(-20475.2183437, 239.732910734, 159.828532851)
(-20475.1657758, 239.785481525, 159.828532851)
(-20475.0983192, 239.852952033, 159.828532851)
(-20475.0550966, 239.896177289, 159.828532851)
(-20474.9864673, 239.964812173, 159.828532851)
(-20474.9368184, 240.01446129, 159.828532852)
(-20474.8746116, 240.076668399, 159.828532852)
(-20474.8278826, 240.123396194, 159.828532852)
(-20474.7645059, 240.186769973, 159.828532852)
(-20474.7163162, 240.234957218, 159.828532852)
(-20474.6511864, 240.300082287, 159.828532852)
(-20474.6032886, 240.347977425, 159.828532852)
(-20474.5349455, 240.416314842, 159.828532852)
(-20474.4850034, 240.466254124, 159.828532852)
(-20474.4239624, 240.527290487, 159.828532852)
(-20474.3731447, 240.578106383, 159.828532852)
(-20474.3112287, 240.640020341, 159.828532852)
(-20474.2653772, 240.685872808, 159.828532851)
(-20474.2002514, 240.751002098, 159.828532851)
(-20474.150897, 240.800360936, 159.828532851)
(-20474.0863604, 240.864910152, 159.82853285)
(-20474.0332086, 240.91806559, 159.828532851)
(-20473.9488098, 241.002472837, 159.828532851)
(-20473.8825145, 241.068769568, 159.828532852)
(-20473.8325733, 241.118710242, 159.828532852)
(-20473.7656926, 241.185589243, 159.828532852)
(-20473.7078656, 241.243414515, 159.828532852)
(-20473.6409839, 241.3102925, 159.828532852)
(-20473.5895817, 241.361692546, 159.828532852)
(-20473.5183186, 241.4329507, 159.828532852)
(-20473.4745101, 241.476757276, 159.828532852)
(-20473.4140534, 241.537210014, 159.828532852)
(-20473.3582711, 241.592991193, 159.828532852)
(-20473.3001521, 241.651108696, 159.828532852)
(-20473.2551769, 241.696085201, 159.828532851)
(-20473.1926795, 241.758585926, 159.828532851)
(-20473.1386532, 241.81261807, 159.828532851)
(-20473.0834619, 241.867821132, 159.82853285)
(-20473.0297267, 241.921561735, 159.828532851)
(-20472.9648948, 241.986400962, 159.828532851)
(-20472.9120344, 242.039263612, 159.828532852)
(-20472.8515812, 242.099719669, 159.828532852)
(-20472.7972597, 242.15404166, 159.828532852)
(-20472.737097, 242.21420414, 159.828532852)
(-20472.6851116, 242.266189019, 159.828532852)
(-20472.626116, 242.325182593, 159.828532852)
(-20472.5741303, 242.377167219, 159.828532852)
(-20472.5186393, 242.432655774, 159.828532852)
(-20472.4684063, 242.482888202, 159.828532852)
(-20472.4076588, 242.543634288, 159.828532852)
(-20472.3498332, 242.601460788, 159.828532852)
(-20472.2838302, 242.667465122, 159.828532852)
(-20472.2280501, 242.723248528, 159.828532851)
(-20472.1678904, 242.783414039, 159.828532851)
(-20472.1255447, 242.825763245, 159.828532851)
(-20472.068598, 242.882716195, 159.828532851)
(-20472.0116491, 242.939667909, 159.828532852)
(-20471.9482752, 243.003044378, 159.828532852)
(-20471.8919091, 243.059410633, 159.828532852)
(-20471.8270728, 243.124245471, 159.828532852)
(-20471.7809279, 243.170388847, 159.828532852)
(-20471.723392, 243.227921055, 159.828532852)
(-20471.6699453, 243.28136513, 159.828532852)
(-20471.602186, 243.349118511, 159.828532852)
(-20471.5329683, 243.41833279, 159.828532852)
(-20471.4561546, 243.495138108, 159.828532852)
(-20471.4032927, 243.547998338, 159.828532852)
(-20471.342837, 243.608452229, 159.828532852)
(-20471.2747899, 243.676500788, 159.828532852)
(-20471.206159, 243.745134111, 159.828532851)
(-20471.1541764, 243.7971213, 159.828532851)
(-20471.0858597, 243.865480449, 159.828532837)
(-20471.0264968, 243.937811672, 159.828512743)
(-20470.9609107, 244.071654269, 159.828510383)
(-20470.923476, 244.144573495, 159.828252522)
(-20470.8833526, 244.208773102, 159.826296746)
(-20470.8319404, 244.268404741, 159.823320658)
(-20470.7791253, 244.343560226, 159.81980159)
(-20470.7204312, 244.44439731, 159.815450638)
(-20470.6762207, 244.518139908, 159.812262959)
(-20470.6216183, 244.603908351, 159.808568801)
(-20470.5824164, 244.666558332, 159.805870373)
(-20470.5309941, 244.756582868, 159.801992678)
(-20470.4948314, 244.81622406, 159.799423838)
(-20470.4565604, 244.881779139, 159.796600079)
(-20470.4203614, 244.939939728, 159.794095123)
(-20470.3795808, 245.008731393, 159.791132129)
(-20470.3365404, 245.078047953, 159.788146444)
(-20470.294398, 245.151007934, 159.785003971)
(-20470.2525248, 245.219221373, 159.782065697)
(-20470.2115662, 245.290084746, 159.779013496)
(-20470.1771268, 245.346307502, 159.776591837)
(-20470.1346081, 245.418025328, 159.773502703)
(-20470.0945157, 245.482393554, 159.770730274)
(-20470.0564346, 245.547782164, 159.767913795)
(-20470.0139805, 245.612317106, 159.765134029)
(-20469.9563489, 245.690376742, 159.76177199)
(-20469.9077574, 245.74915936, 159.759240242)
(-20469.8574709, 245.804326759, 159.756864011)
(-20469.8102922, 245.853214646, 159.754757927)
(-20469.7503291, 245.916970754, 159.752011967)
(-20469.7024548, 245.968267299, 159.749802459)
(-20469.6442125, 246.032961491, 159.747015997)
(-20469.5918738, 246.090489196, 159.74453802)
(-20469.5278731, 246.163120762, 159.741409642)
(-20469.4768072, 246.219684975, 159.738973287)
(-20469.4187685, 246.283543986, 159.736222699)
(-20469.3728269, 246.333431013, 159.734073959)
(-20469.3101211, 246.40391342, 159.73103816)
(-20469.2575699, 246.461862728, 159.728542049)
(-20469.2048798, 246.521424552, 159.725976649)
(-20469.1623822, 246.567925169, 159.723973714)
(-20469.102744, 246.632126334, 159.721208394)
(-20469.0509426, 246.686054711, 159.718885581)
(-20468.9893655, 246.748441059, 159.716198411)
(-20468.9348864, 246.802681101, 159.71386219)
(-20468.8797122, 246.858317331, 159.711465786)
(-20468.8359103, 246.901650003, 159.709599326)
(-20468.7693066, 246.968642081, 159.706713828)
(-20468.712213, 247.024967807, 159.704287723)
(-20468.6464501, 247.091669657, 159.70141469)
(-20468.5919096, 247.146462252, 159.699054652)
(-20468.5363089, 247.203981228, 159.696577183)
(-20468.4866028, 247.25486725, 159.694385391)
(-20468.4244449, 247.319818421, 159.691587755)
(-20468.3702126, 247.375502043, 159.689189337)
(-20468.3107225, 247.438408978, 159.686479831)
(-20468.2578189, 247.493168333, 159.684121113)
(-20468.2125098, 247.54009851, 159.682099743)
(-20468.1589107, 247.594092349, 159.679774088)
(-20468.0879862, 247.66663757, 159.676649402)
(-20468.0348525, 247.719924298, 159.674354198)
(-20467.9757667, 247.780383512, 159.671750151)
(-20467.9302347, 247.826082016, 159.669781755)
(-20467.8742342, 247.882190321, 159.66736508)
(-20467.8247021, 247.930874932, 159.665268041)
(-20467.7659469, 247.989391477, 159.66274754)
(-20467.7079783, 248.045990459, 159.660309758)
(-20467.6392198, 248.114874715, 159.657342762)
(-20467.5788851, 248.174908275, 159.654756926)
(-20467.5052708, 248.251129536, 159.651473913)
(-20467.4521764, 248.305646307, 159.649125668)
(-20467.3886245, 248.37209048, 159.646263863)
(-20467.3275098, 248.433864476, 159.643603031)
(-20467.2598767, 248.500078466, 159.640751007)
(-20467.2121317, 248.545855449, 159.638779274)
(-20467.1513899, 248.605250616, 159.636221009)
(-20467.1011677, 248.653744839, 159.634132217)
(-20467.0289273, 248.725570311, 159.631038572)
(-20466.974846, 248.779010597, 159.628736719)
(-20466.9111026, 248.844185526, 159.625929451)
(-20466.8552457, 248.900617902, 159.623498751)
(-20466.8057572, 248.951474818, 159.621308158)
(-20466.7560121, 249.001141424, 159.619168986)
(-20466.6908141, 249.066135795, 159.616369502)
(-20466.6297186, 249.126056016, 159.613788579)
(-20466.5658757, 249.190552462, 159.611010649)
(-20466.5136205, 249.242973456, 159.608752662)
(-20466.4591634, 249.298723076, 159.606351454)
(-20466.4033936, 249.354623443, 159.603943626)
(-20466.3429005, 249.416030878, 159.60129872)
(-20466.2962557, 249.462379345, 159.599302327)
(-20466.2381325, 249.520967349, 159.596778672)
(-20466.1850706, 249.573131917, 159.594531909)
(-20466.1107121, 249.647495102, 159.59132893)
(-20466.0657296, 249.691919716, 159.589415438)
(-20466.0017744, 249.756836306, 159.586619348)
(-20465.9570206, 249.801574951, 159.584692316)
(-20465.8939547, 249.865200551, 159.581951692)
(-20465.8445142, 249.913987612, 159.57985041)
(-20465.7851111, 249.973575505, 159.577283872)
(-20465.7364626, 250.021407857, 159.575223559)
(-20465.6764325, 250.081525747, 159.572634198)
(-20465.6271709, 250.129909054, 159.570550152)
(-20465.5642736, 250.193009969, 159.567832268)
(-20465.5118842, 250.244692068, 159.565606142)
(-20465.4500758, 250.307124331, 159.562917072)
(-20465.3967189, 250.360183591, 159.560631625)
(-20465.3367053, 250.420928537, 159.558015247)
(-20465.2832272, 250.473864042, 159.555735131)
(-20465.2187902, 250.538927654, 159.552932608)
(-20465.1753717, 250.582042164, 159.551075641)
(-20465.1120867, 250.645957168, 159.548322682)
(-20465.0597441, 250.697697416, 159.546094076)
(-20464.982115, 250.775809255, 159.542729633)
(-20464.9280908, 250.829351693, 159.540423406)
(-20464.8574474, 250.901639598, 159.537309759)
(-20464.8045294, 250.955143011, 159.535005227)
(-20464.7390862, 251.022627435, 159.532098561)
(-20464.6828983, 251.079331537, 159.52965611)
(-20464.6211584, 251.14239938, 159.526939691)
(-20464.5465998, 251.216903114, 159.523730582)
(-20464.4763763, 251.288996707, 159.5206254)
(-20464.4062038, 251.358651962, 159.517625158)
(-20464.3450311, 251.418886977, 159.515030646)
(-20464.2937191, 251.468674683, 159.51288617)
(-20464.1831711, 251.58036808, 159.508075287)
(-20464.1287811, 251.634770282, 159.505731996)
(-20464.0784227, 251.684851815, 159.503574908)
(-20464.0251861, 251.736829614, 159.501336071)
(-20463.9605506, 251.800604417, 159.498589126)
(-20463.9110084, 251.848674299, 159.49651859)
(-20463.8476858, 251.911983687, 159.493791701)
(-20463.7968813, 251.962325006, 159.491623384)
(-20463.7329265, 252.02729538, 159.48882486)
(-20463.6781867, 252.081878193, 159.486473946)
(-20463.6205142, 252.140317499, 159.48395683)
(-20463.5714884, 252.188911674, 159.481863725)
(-20463.506623, 252.254143052, 159.47905401)
(-20463.4544908, 252.30549085, 159.476842397)
(-20463.392707, 252.367980842, 159.474150806)
(-20463.3395168, 252.421246651, 159.471856492)
(-20463.2778645, 252.483870166, 159.469159231)
(-20463.2276306, 252.533611169, 159.467016687)
(-20463.1639347, 252.597674682, 159.464257224)
(-20463.110286, 252.650443049, 159.461984429)
(-20463.0563625, 252.704468434, 159.459657468)
(-20462.9993299, 252.760897128, 159.457226907)
(-20462.9360136, 252.824753473, 159.454476337)
(-20462.8872831, 252.873078719, 159.45239496)
(-20462.8223526, 252.938825449, 159.449562964)
(-20462.7783497, 252.982535003, 159.447680419)
(-20462.7202658, 253.041134494, 159.44515646)
(-20462.666026, 253.094486089, 159.442858392)
(-20462.597251, 253.163356838, 159.439892027)
(-20462.5472457, 253.212743836, 159.437764749)
(-20462.4884096, 253.272313738, 159.435198976)
(-20462.4462123, 253.314337844, 159.433388833)
(-20462.3890562, 253.371603304, 159.430922297)
(-20462.3412467, 253.418516019, 159.428901619)
(-20462.2739835, 253.485460311, 159.426018141)
(-20462.2225027, 253.535700788, 159.423854175)
(-20462.1633272, 253.594992624, 159.421300247)
(-20462.1056479, 253.651906643, 159.418848909)
(-20462.0342701, 253.724017592, 159.415742899)
(-20461.9770244, 253.781341926, 159.413273826)
(-20461.9105294, 253.850168592, 159.410309192)
(-20461.8574967, 253.904141108, 159.407984545)
(-20461.7963313, 253.966761336, 159.405287202)
(-20461.7512718, 254.011737894, 159.403350083)
(-20461.6989381, 254.063918854, 159.401102579)
(-20461.6468917, 254.114759358, 159.398912677)
(-20461.584771, 254.176289797, 159.396262452)
(-20461.533546, 254.226200019, 159.39411266)
(-20461.4647815, 254.295111392, 159.391144393)
(-20461.4084329, 254.351012089, 159.388736679)
(-20461.3481071, 254.412585821, 159.386084586)
(-20461.3035773, 254.457556528, 159.384147559)
(-20461.2427822, 254.51935402, 159.381485861)
(-20461.1916902, 254.570000545, 159.379304298)
(-20461.1287807, 254.633115256, 159.376585883)
(-20461.0745374, 254.683715359, 159.374406383)
(-20461.012138, 254.738088466, 159.372064405)
(-20460.9583608, 254.778804256, 159.370310531)
(-20460.8858632, 254.822414413, 159.368432207)
(-20460.8241698, 254.854580058, 159.367046725)
(-20460.7533448, 254.895967483, 159.365263986)
(-20460.6909164, 254.931634252, 159.363727799)
(-20460.610663, 254.981244185, 159.361591105)
(-20460.5396727, 255.02262564, 159.359808584)
(-20460.4750117, 255.063618376, 159.358043001)
(-20460.4210605, 255.095603611, 159.356665279)
(-20460.3364101, 255.145655766, 159.354509336)
(-20460.2751449, 255.180651086, 159.353002039)
(-20460.1995801, 255.22756002, 159.350981477)
(-20460.143953, 255.259910788, 159.34958816)
(-20460.0717999, 255.303395492, 159.347715134)
(-20460.0101578, 255.338524861, 159.346202037)
(-20459.9399187, 255.381377099, 159.344356301)
(-20459.8741602, 255.41939213, 159.342718872)
(-20459.7982078, 255.466461835, 159.340691407)
(-20459.7456947, 255.496774647, 159.339385842)
(-20459.6833244, 255.534079506, 159.337779014)
(-20459.6022765, 255.583642533, 159.335644245)
(-20459.5338573, 255.622746905, 159.333959886)
(-20459.4567087, 255.670209374, 159.331915579)
(-20459.3967211, 255.705018851, 159.330416255)
(-20459.3182588, 255.753313107, 159.328336076)
(-20459.2508061, 255.802463942, 159.326219289)
(-20459.1979448, 255.847122773, 159.324295533)
(-20459.1457002, 255.892541935, 159.322339081)
(-20459.0830631, 255.949157098, 159.319900605)
(-20459.03136, 255.995495846, 159.317904651)
(-20458.9597767, 256.061512104, 159.315061248)
(-20458.9105491, 256.106327485, 159.313130853)
(-20458.8522091, 256.160525097, 159.310796418)
(-20458.7979594, 256.209644241, 159.308680731)
(-20458.7236229, 256.278132128, 159.305730765)
(-20458.6763651, 256.320800051, 159.303892997)
(-20458.6076789, 256.384440249, 159.301151873)
(-20458.5538649, 256.433444936, 159.299041094)
(-20458.4853567, 256.497291314, 159.296291154)
(-20458.4319933, 256.546174148, 159.294185554)
(-20458.3722098, 256.601827275, 159.291788435)
(-20458.3239458, 256.645845698, 159.289892465)
(-20458.2529065, 256.712410353, 159.287025356)
(-20458.2016399, 256.760906473, 159.284936499)
(-20458.1416872, 256.819294831, 159.28242163)
(-20458.086594, 256.872897328, 159.280112747)
(-20458.027669, 256.93187217, 159.277572507)
(-20457.9838396, 256.975165772, 159.275707836)
(-20457.9253895, 257.033463658, 159.273196847)
(-20457.8798214, 257.077944251, 159.271280903)
(-20457.7873453, 257.168202694, 159.267393242)
(-20457.7328114, 257.222760029, 159.265043335)
(-20457.6601693, 257.294552216, 159.261951035)
(-20457.5874629, 257.370243838, 159.258690805)
(-20457.5287906, 257.429766611, 159.256127067)
(-20457.4788182, 257.478072653, 159.25404637)
(-20457.4010198, 257.551060936, 159.250902577)
(-20457.3347159, 257.612115234, 159.248272847)
(-20457.2741676, 257.67046168, 159.245759711)
(-20457.2029496, 257.739363564, 159.242791925)
(-20457.1509593, 257.792439544, 159.240505802)
(-20457.0884122, 257.855731024, 159.237779704)
(-20457.0045454, 257.942726674, 159.234032622)
(-20456.9602928, 257.987363142, 159.232109958)
(-20456.8943864, 258.051274338, 159.229357121)
(-20456.836376, 258.106071329, 159.226996885)
(-20456.7681876, 258.172075987, 159.224153913)
(-20456.7165457, 258.222582082, 159.221978487)
(-20456.6598012, 258.279572556, 159.219523807)
(-20456.6202715, 258.319014944, 159.217824848)
(-20456.5565565, 258.382586467, 159.215086708)
(-20456.5055386, 258.432713097, 159.212927629)
(-20456.4403445, 258.497662041, 159.210130103)
(-20456.3868155, 258.549942277, 159.207878265)
(-20456.3255072, 258.611139791, 159.205242239)
(-20456.2786105, 258.657200972, 159.203258374)
(-20456.2151505, 258.720916505, 159.200513931)
(-20456.1659581, 258.769368137, 159.198427042)
(-20456.0981206, 258.837427344, 159.195495584)
(-20456.046684, 258.888299898, 159.193304381)
(-20455.9851715, 258.950435508, 159.190628071)
(-20455.9325602, 259.002497031, 159.188385585)
(-20455.8713164, 259.064305681, 159.185723361)
(-20455.8150432, 259.120295899, 159.183311729)
(-20455.7594014, 259.176619336, 159.180885729)
(-20455.718334, 259.217421135, 159.179128265)
(-20455.6576441, 259.27759303, 159.176536537)
(-20455.5951651, 259.340542304, 159.173825203)
(-20455.5423869, 259.39241872, 159.171590688)
(-20455.4777805, 259.456730988, 159.168820647)
(-20455.4275184, 259.505846469, 159.166705092)
(-20455.351149, 259.58229035, 159.163412439)
(-20455.2959479, 259.63695112, 159.161058083)
(-20455.2268032, 259.707821351, 159.158005456)
(-20455.1878894, 259.747279932, 159.156305925)
(-20455.1362989, 259.799633009, 159.154051028)
(-20455.0837073, 259.851718603, 159.151807498)
(-20455.0134663, 259.921009438, 159.148822981)
(-20454.9581574, 259.974976898, 159.146498485)
(-20454.8893323, 260.044449769, 159.143506)
(-20454.8405334, 260.093292375, 159.141402294)
(-20454.7739473, 260.161447491, 159.138466593)
(-20454.7246425, 260.210956842, 159.136334223)
(-20454.6754086, 260.260951274, 159.134180912)
(-20454.6232947, 260.312349041, 159.131966994)
(-20454.5548045, 260.38042951, 159.129034628)
(-20454.5121683, 260.421977504, 159.127245022)
(-20454.4511003, 260.482829836, 159.124623983)
(-20454.4026248, 260.530241923, 159.122581801)
(-20454.3369554, 260.595820605, 159.119757202)
(-20454.2830277, 260.648870507, 159.117472217)
(-20454.2171747, 260.715430515, 159.114605323)
(-20454.1709819, 260.761627535, 159.112615486)
(-20454.1200073, 260.813362664, 159.110387106)
(-20454.0712252, 260.861644912, 159.108307444)
(-20453.9983576, 260.934113298, 159.10518607)
(-20453.9493121, 260.982112402, 159.103118591)
(-20453.8913837, 261.040242846, 159.10061482)
(-20453.8423191, 261.088835695, 159.09852177)
(-20453.7812836, 261.150321235, 159.09587345)
(-20453.7388702, 261.192105791, 159.094073675)
(-20453.6733375, 261.257341716, 159.091263798)
(-20453.6245154, 261.304979296, 159.089211929)
(-20453.5588137, 261.37050265, 159.086389694)
(-20453.5013101, 261.429049626, 159.083867989)
(-20453.4542632, 261.476167874, 159.08183843)
(-20453.4040671, 261.52639363, 159.079675073)
(-20453.3437792, 261.58694547, 159.077066948)
(-20453.2935977, 261.637746574, 159.074878823)
(-20453.235587, 261.698924635, 159.072243679)
(-20453.186349, 261.749798754, 159.070052442)
(-20453.1319601, 261.805205343, 159.067665951)
(-20453.0886241, 261.848453004, 159.065803158)
(-20453.0281178, 261.907760128, 159.063248675)
(-20452.9734251, 261.960628916, 159.060971464)
(-20452.9039234, 262.029383793, 159.058010028)
(-20452.8532944, 262.079286338, 159.055860611)
(-20452.7931497, 262.140472037, 159.053225235)
(-20452.7441514, 262.189740788, 159.05110306)
(-20452.6912526, 262.243622016, 159.048782332)
(-20452.6507271, 262.283800884, 159.047051639)
(-20452.5905175, 262.342757736, 159.044512251)
(-20452.541817, 262.389928558, 159.042480453)
(-20452.4758474, 262.455201196, 159.03966901)
(-20452.425532, 262.504267626, 159.03755559)
(-20452.3753471, 262.554396606, 159.035396415)
(-20452.3344237, 262.594759917, 159.033657856)
(-20452.280646, 262.648376273, 159.031348478)
(-20452.217557, 262.714327244, 159.028507843)
(-20452.1649788, 262.768841221, 159.026159722)
(-20452.0987084, 262.838005439, 159.02318071)
(-20452.0448357, 262.892365977, 159.020839186)
(-20451.989389, 262.948464154, 159.018422762)
(-20451.9504943, 262.986749838, 159.016773869)
(-20451.9005761, 263.03553752, 159.014672486)
(-20451.8484705, 263.08574004, 159.01251011)
(-20451.7839766, 263.148958568, 159.009787134)
(-20451.7297685, 263.201633103, 159.007518281)
(-20451.6666217, 263.265059009, 159.004786408)
(-20451.6128301, 263.318872642, 159.002468484)
(-20451.5536485, 263.379282961, 158.999866428)
(-20451.5097942, 263.423123399, 158.997978179)
(-20451.4601692, 263.472749128, 158.995840671)
(-20451.409138, 263.522847836, 158.993682796)
(-20451.3420508, 263.58941091, 158.990815746)
(-20451.2867456, 263.64340359, 158.988490184)
(-20451.2218296, 263.708573733, 158.985683065)
(-20451.1550573, 263.775053293, 158.98281967)
(-20451.099399, 263.831994491, 158.980367035)
(-20451.056572, 263.875135345, 158.978508899)
(-20450.987232, 263.945336711, 158.97548514)
(-20450.9287225, 264.00317604, 158.972993862)
(-20450.864558, 264.06797654, 158.97020279)
(-20450.8112936, 264.121150879, 158.967912379)
(-20450.7590838, 264.174514893, 158.965613844)
(-20450.7080343, 264.225837605, 158.96340328)
(-20450.6587155, 264.275190574, 158.96127752)
(-20450.6109547, 264.322140245, 158.959255275)
(-20450.5451162, 264.387049014, 158.956459485)
(-20450.4702648, 264.459508245, 158.953338483)
(-20450.4197637, 264.509930696, 158.951166694)
(-20450.3562237, 264.573181089, 158.948442327)
(-20450.296158, 264.635777226, 158.945746173)
(-20450.2550319, 264.678365543, 158.943911711)
(-20450.2162889, 264.717945757, 158.942206951)
(-20450.1708955, 264.763253993, 158.940255413)
(-20450.111049, 264.821503876, 158.937746419)
(-20450.0454288, 264.886540184, 158.934945154)
(-20450.0001163, 264.930680979, 158.933043879)
(-20449.9439188, 264.986475206, 158.930640709)
(-20449.8891505, 265.041377471, 158.928275943)
(-20449.8440563, 265.086757015, 158.926321315)
(-20449.7907213, 265.142026068, 158.923940803)
(-20449.7441288, 265.189644007, 158.921889743)
(-20449.686258, 265.248008867, 158.919375843)
(-20449.6443084, 265.289669272, 158.917581365)
(-20449.5873311, 265.345979231, 158.91515598)
(-20449.5363567, 265.395571915, 158.913019865)
(-20449.4771798, 265.454224746, 158.910493622)
(-20449.4330792, 265.497240862, 158.908640738)
(-20449.3775229, 265.552506614, 158.906260322)
(-20449.3318451, 265.598413334, 158.904283)
(-20449.2824101, 265.649984073, 158.902061787)
(-20449.2414124, 265.692136775, 158.900246062)
(-20449.1797163, 265.754379017, 158.89756513)
(-20449.1333105, 265.800351291, 158.895585016)
(-20449.0666284, 265.866205942, 158.892748503)
(-20449.0201711, 265.911519847, 158.890796721)
(-20448.9611726, 265.970396304, 158.888260768)
(-20448.9216061, 266.009172933, 158.886590543)
(-20448.8653385, 266.064974726, 158.884187044)
(-20448.8241503, 266.105046897, 158.882461016)
(-20448.7780173, 266.150552799, 158.880500973)
(-20448.7181559, 266.212112951, 158.877849446)
(-20448.6636957, 266.267674832, 158.875456215)
(-20448.6019362, 266.331848915, 158.872692169)
(-20448.5545909, 266.379875041, 158.870623499)
(-20448.4970091, 266.437400068, 158.868145748)
(-20448.4540397, 266.479773991, 158.866320584)
(-20448.400204, 266.532803698, 158.86403645)
(-20448.3494539, 266.582012217, 158.861916941)
(-20448.2945897, 266.636212356, 158.859582446)
(-20448.2400742, 266.689255771, 158.857297708)
(-20448.1903525, 266.738683612, 158.855168694)
(-20448.145277, 266.784030282, 158.853215503)
(-20448.1034549, 266.82571133, 158.851420204)
(-20448.0496014, 266.880895903, 158.8490433)
(-20448.002526, 266.928594286, 158.846988805)
(-20447.9439064, 266.987918484, 158.844433586)
(-20447.8925055, 267.038821484, 158.84224104)
(-20447.8348044, 267.096647931, 158.839750237)
(-20447.7896192, 267.140917206, 158.837843499)
(-20447.7399473, 267.190417454, 158.83571137)
(-20447.6960902, 267.234114249, 158.833829273)
(-20447.6419963, 267.289838174, 158.831429101)
(-20447.5964266, 267.336137946, 158.829434887)
(-20447.5384111, 267.394910984, 158.82690336)
(-20447.4959043, 267.437172706, 158.825083048)
(-20447.4425107, 267.490061485, 158.822805023)
(-20447.394838, 267.536524724, 158.820803685)
(-20447.3449032, 267.585795146, 158.81868149)
(-20447.3021982, 267.628258098, 158.816852516)
(-20447.2431267, 267.68887687, 158.814241531)
(-20447.1979882, 267.744474352, 158.81184671)
(-20447.1548894, 267.815039209, 158.808807036)
(-20447.1317818, 267.873366973, 158.806295076)
(-20447.1239402, 267.943800576, 158.803261293)
(-20447.1191266, 268.008228725, 158.800486363)
(-20447.1079075, 268.084996375, 158.797179624)
(-20447.0904258, 268.185072666, 158.792869149)
(-20447.0808851, 268.254881719, 158.789862268)
(-20447.0711869, 268.332502401, 158.786519025)
(-20447.0635173, 268.382379318, 158.78437061)
(-20447.0543858, 268.441167397, 158.78183848)
(-20447.0415119, 268.528941776, 158.778057871)
(-20447.0371382, 268.595727638, 158.775181035)
(-20447.0354828, 268.678588116, 158.771612219)
(-20447.0319086, 268.743343798, 158.768822967)
(-20447.0263289, 268.834793905, 158.764884036)
(-20447.0243175, 268.906948849, 158.761776091)
(-20447.0223285, 268.986967329, 158.758329511)
(-20447.0196006, 269.037329016, 158.756160303)
(-20447.0159092, 269.105791185, 158.753211456)
(-20447.012546, 269.176690712, 158.750157647)
(-20447.0082514, 269.272755753, 158.746019856)
(-20447.0068891, 269.335832851, 158.743303013)
(-20447.0053571, 269.416624862, 158.739823053)
(-20447.0025282, 269.482685302, 158.736977713)
(-20446.998498, 269.577172756, 158.732907917)
(-20446.9978867, 269.64154151, 158.730135401)
(-20446.9975378, 269.714520759, 158.726991971)
(-20446.9971909, 269.790406781, 158.723723365)
(-20446.9967652, 269.871264237, 158.720240626)
(-20446.9965955, 269.931908403, 158.717628536)
(-20446.996427, 270.0119486, 158.714181029)
(-20446.9948855, 270.081358343, 158.711191372)
(-20446.9936702, 270.135030331, 158.708879573)
(-20446.9924907, 270.197349951, 158.706195308)
(-20446.9910207, 270.27822918, 158.702711637)
(-20446.9909161, 270.348727777, 158.699675079)
(-20446.9908786, 270.425453958, 158.696370287)
(-20446.9906263, 270.497661321, 158.693260139)
(-20446.9903978, 270.581836775, 158.689634489)
(-20446.9903047, 270.648680912, 158.686755347)
(-20446.9902769, 270.744821513, 158.682614334)
(-20446.9901644, 270.822816253, 158.679254902)
(-20446.9901355, 270.911536118, 158.675433519)
(-20446.990075, 270.987054913, 158.672180733)
(-20446.990108, 271.066283034, 158.668768182)
(-20446.9900847, 271.1438658, 158.665426498)
(-20446.990071, 271.219384409, 158.662173723)
(-20446.9900571, 271.274683014, 158.659791873)
(-20446.9900469, 271.344424121, 158.65678795)
(-20446.9900312, 271.427784, 158.653197431)
(-20446.9901537, 271.515267535, 158.649429301)
