(-1209.69963406, -3020.52000054, 208.20072715)
(-1209.63192629, -3020.51977395, 208.200831677)
(-1209.56378567, -3020.51959705, 208.200760624)
(-1209.51381846, -3020.51938442, 208.200725263)
(-1209.43617656, -3020.51903874, 208.200725159)
(-1209.38000999, -3020.51875509, 208.200725143)
(-1209.29658597, -3020.51829144, 208.200725244)
(-1209.23834875, -3020.51801728, 208.200725246)
(-1209.14376723, -3020.51758012, 208.200725237)
(-1209.07502386, -3020.5108101, 208.200725215)
(-1208.98910996, -3020.48072215, 208.200725197)
(-1208.92417972, -3020.44138283, 208.200725748)
(-1208.8598484, -3020.39987398, 208.200725184)
(-1208.81027055, -3020.36697292, 208.200725158)
(-1208.72845545, -3020.31324189, 208.200725242)
(-1208.67095134, -3020.27411478, 208.200725257)
(-1208.58160497, -3020.21199243, 208.200725129)
(-1208.53530317, -3020.17670101, 208.20072522)
(-1208.49314135, -3020.14289142, 208.200725214)
(-1208.4341069, -3020.09561592, 208.200725215)
(-1208.36350688, -3020.03849776, 208.200725235)
(-1208.30684991, -3019.9935672, 208.200725235)
(-1208.24875749, -3019.94779436, 208.200725238)
(-1208.20664533, -3019.91446197, 208.200725237)
(-1208.15415362, -3019.87294277, 208.200725235)
(-1208.10299901, -3019.8324233, 208.200725237)
(-1208.05023592, -3019.79061149, 208.200725214)
(-1208.00084792, -3019.7498196, 208.200725207)
(-1207.95150134, -3019.70774793, 208.200725251)
(-1207.90249569, -3019.66405919, 208.200725183)
(-1207.85542272, -3019.62016011, 208.200725288)
(-1207.8059335, -3019.57283558, 208.200725227)
(-1207.76672436, -3019.53505617, 208.200725243)
(-1207.71083696, -3019.4806884, 208.200725222)
(-1207.67026542, -3019.44180771, 208.200725234)
(-1207.60923988, -3019.38364121, 208.200725228)
(-1207.56120643, -3019.33765113, 208.200725235)
(-1207.49761733, -3019.27684467, 208.200725236)
(-1207.45733956, -3019.2382871, 208.200725236)
(-1207.40839909, -3019.1914555, 208.200725235)
(-1207.36215102, -3019.14718957, 208.200725235)
(-1207.30424538, -3019.09180365, 208.200725235)
(-1207.25709761, -3019.04668653, 208.200725234)
(-1207.19144745, -3018.98386488, 208.200725235)
(-1207.14937498, -3018.94359953, 208.200725234)
(-1207.09179439, -3018.88847622, 208.20072523)
(-1207.05028766, -3018.84826684, 208.200725236)
(-1206.9934711, -3018.79298531, 208.200725235)
(-1206.93447476, -3018.73521201, 208.200725233)
(-1206.88038866, -3018.68186749, 208.200725239)
(-1206.83578105, -3018.63771403, 208.200725237)
(-1206.79260234, -3018.59504991, 208.200725226)
(-1206.74388334, -3018.54683176, 208.200725231)
(-1206.69104901, -3018.49454349, 208.200725234)
(-1206.64265263, -3018.44657845, 208.200725237)
(-1206.59305028, -3018.39747106, 208.200725236)
(-1206.54699874, -3018.35182542, 208.200725233)
(-1206.49418356, -3018.29950378, 208.200725245)
(-1206.45076287, -3018.25647961, 208.200725247)
(-1206.39770459, -3018.20382568, 208.200725236)
(-1206.35752082, -3018.16398747, 208.200725234)
(-1206.30795062, -3018.11484489, 208.200725235)
(-1206.26189881, -3018.06919265, 208.200725235)
(-1206.21320868, -3018.02092344, 208.200725233)
(-1206.16483204, -3017.97292844, 208.200725239)
(-1206.12875861, -3017.93715708, 208.200725235)
(-1206.06834307, -3017.87724822, 208.200725235)
(-1206.01966267, -3017.82896848, 208.200725234)
(-1205.95636128, -3017.7661114, 208.200725238)
(-1205.90598282, -3017.71603319, 208.200725234)
(-1205.8556434, -3017.6659191, 208.200725233)
(-1205.81376546, -3017.62427162, 208.200725234)
(-1205.76956878, -3017.58027475, 208.200725234)
(-1205.71312643, -3017.5239991, 208.200725236)
(-1205.66484511, -3017.47590564, 208.200725243)
(-1205.59730543, -3017.40852765, 208.200725238)
(-1205.54499806, -3017.35628885, 208.200725238)
(-1205.4959468, -3017.30722255, 208.200725235)
(-1205.44860182, -3017.25994233, 208.200725236)
(-1205.38079929, -3017.19223337, 208.200725235)
(-1205.32731491, -3017.13882621, 208.200725236)
(-1205.25629483, -3017.06790928, 208.200725236)
(-1205.2089506, -3017.02062989, 208.200725235)
(-1205.15254878, -3016.96430049, 208.200725235)
(-1205.10490745, -3016.91673177, 208.200725237)
(-1205.04031251, -3016.85224039, 208.200725236)
(-1204.98215431, -3016.79416379, 208.200725235)
(-1204.91347722, -3016.7255776, 208.200725235)
(-1204.86148048, -3016.67360794, 208.200725238)
(-1204.80428402, -3016.61633236, 208.200725237)
(-1204.7569737, -3016.56901741, 208.200725235)
(-1204.70966426, -3016.52170289, 208.200725235)
(-1204.67461895, -3016.48665564, 208.200725235)
(-1204.61767087, -3016.42970367, 208.200725235)
(-1204.56714724, -3016.37917686, 208.200725235)
(-1204.50348465, -3016.31550558, 208.200725235)
(-1204.45120928, -3016.26322652, 208.200725235)
(-1204.3933868, -3016.20539701, 208.200725235)
(-1204.35220841, -3016.16421609, 208.200725235)
(-1204.30606623, -3016.11806984, 208.200725235)
(-1204.25758663, -3016.06958792, 208.200725236)
(-1204.19801052, -3016.01000776, 208.200725235)
(-1204.14310568, -3015.95510106, 208.200725235)
(-1204.07681187, -3015.888803, 208.200725235)
(-1204.02920813, -3015.84119764, 208.200725236)
(-1203.98277356, -3015.79476033, 208.200725235)
(-1203.94042671, -3015.7524122, 208.200725236)
(-1203.88669042, -3015.69867362, 208.200725236)
(-1203.83908669, -3015.65106811, 208.200725236)
(-1203.78476707, -3015.59674452, 208.200725236)
(-1203.74183624, -3015.55381207, 208.200725236)
(-1203.68693229, -3015.49890522, 208.200725236)
(-1203.6442932, -3015.456265, 208.200725236)
(-1203.58413165, -3015.39610097, 208.200725236)
(-1203.54295269, -3015.35492113, 208.200725236)
(-1203.48775611, -3015.29972265, 208.200725236)
(-1203.44365711, -3015.25562231, 208.200725236)
(-1203.38086782, -3015.19282938, 208.200725235)
(-1203.33793666, -3015.14989682, 208.200725236)
(-1203.28536863, -3015.09732633, 208.200725236)
(-1203.24886261, -3015.0608194, 208.200725236)
(-1203.19249779, -3015.0044528, 208.200725236)
(-1203.146938, -3014.95889229, 208.200725236)
(-1203.09582954, -3014.90778255, 208.200725236)
(-1203.03946524, -3014.85141489, 208.200725236)
(-1203.00237516, -3014.81432377, 208.200725236)
(-1202.95068315, -3014.76262996, 208.200725236)
(-1202.90278694, -3014.71473306, 208.200725236)
(-1202.84058066, -3014.65252508, 208.200725236)
(-1202.79618906, -3014.60813281, 208.200725236)
(-1202.73223074, -3014.54417296, 208.200725236)
(-1202.69105172, -3014.50299349, 208.200725236)
(-1202.63001349, -3014.44195405, 208.200725236)
(-1202.57627636, -3014.3882159, 208.200725236)
(-1202.51874273, -3014.3306813, 208.200725236)
(-1202.47230704, -3014.28424487, 208.200725236)
(-1202.4115615, -3014.22349704, 208.200725236)
(-1202.37038237, -3014.18231727, 208.200725236)
(-1202.30788418, -3014.11981726, 208.200725236)
(-1202.25940395, -3014.07133644, 208.200725236)
(-1202.19632184, -3014.00825269, 208.200725236)
(-1202.15309837, -3013.96502868, 208.200725236)
(-1202.0967329, -3013.90866202, 208.200725236)
(-1202.05234118, -3013.8642699, 208.200725236)
(-1201.96706311, -3013.77899034, 208.200725236)
(-1201.91566221, -3013.727589, 208.200725236)
(-1201.85696036, -3013.66888582, 208.200725236)
(-1201.81315272, -3013.62507783, 208.200725236)
(-1201.74714987, -3013.55907379, 208.200725236)
(-1201.69545696, -3013.50738049, 208.200725236)
(-1201.62332075, -3013.43524295, 208.200725236)
(-1201.57717665, -3013.38909858, 208.200725236)
(-1201.52110339, -3013.33302432, 208.200725236)
(-1201.47758789, -3013.28950853, 208.200725236)
(-1201.42531102, -3013.237231, 208.200725236)
(-1201.37361785, -3013.18553759, 208.200725236)
(-1201.30644634, -3013.11836535, 208.200725236)
(-1201.25913415, -3013.07105297, 208.200725236)
(-1201.20656525, -3013.01848353, 208.200725236)
(-1201.16042107, -3012.97233924, 208.200725236)
(-1201.09763012, -3012.90954782, 208.200725236)
(-1201.03250289, -3012.84442014, 208.200725236)
(-1200.98139399, -3012.79331116, 208.200725236)
(-1200.92648852, -3012.73840525, 208.200725236)
(-1200.88180455, -3012.69372118, 208.200725236)
(-1200.83127975, -3012.64319608, 208.200725236)
(-1200.76352468, -3012.57543961, 208.200725236)
(-1200.71270791, -3012.52462248, 208.200725236)
(-1200.65751057, -3012.46942421, 208.200725236)
(-1200.61165847, -3012.42357185, 208.200725236)
(-1200.5582134, -3012.37012614, 208.200725236)
(-1200.50798068, -3012.31989325, 208.200725236)
(-1200.44197737, -3012.25388933, 208.200725236)
(-1200.38999211, -3012.20190399, 208.200725236)
(-1200.32603312, -3012.13794433, 208.200725236)
(-1200.28280959, -3012.09472069, 208.200725236)
(-1200.22994858, -3012.04185927, 208.200725236)
(-1200.18088389, -3011.99279454, 208.200725236)
(-1200.11663264, -3011.92854289, 208.200725236)
(-1200.06698388, -3011.87889409, 208.200725236)
(-1200.02054792, -3011.83245787, 208.200725236)
(-1199.98491765, -3011.79682759, 208.200725236)
(-1199.93672917, -3011.74863904, 208.200725236)
(-1199.86955757, -3011.68146665, 208.200725236)
(-1199.82253729, -3011.63444627, 208.200725236)
(-1199.76880015, -3011.58070872, 208.200725236)
(-1199.7235322, -3011.53544072, 208.200725236)
(-1199.65752866, -3011.46943681, 208.200725236)
(-1199.60641957, -3011.41832769, 208.200725236)
(-1199.54800951, -3011.35991729, 208.200725236)
(-1199.51091901, -3011.32282678, 208.200725236)
(-1199.4495883, -3011.26149586, 208.200725236)
(-1199.40315199, -3011.21505956, 208.200725236)
(-1199.34123712, -3011.1531445, 208.200725236)
(-1199.27581776, -3011.08772498, 208.200725236)
(-1199.22208028, -3011.03398756, 208.200725236)
(-1199.15432435, -3010.96623135, 208.200725236)
(-1199.10934835, -3010.92125537, 208.200725236)
(-1199.04276083, -3010.85466759, 208.200725236)
(-1199.00070543, -3010.81261221, 208.200725236)
(-1198.93265748, -3010.74456404, 208.200725236)
(-1198.87716758, -3010.68907414, 208.200725236)
(-1198.80357082, -3010.61547708, 208.200725236)
(-1198.75246187, -3010.56436812, 208.200725236)
(-1198.684414, -3010.49631987, 208.200725236)
(-1198.63973003, -3010.45163589, 208.200725236)
(-1198.58219607, -3010.39410161, 208.200725236)
(-1198.5310871, -3010.34299264, 208.200725236)
(-1198.46683593, -3010.27874118, 208.200725236)
(-1198.41251424, -3010.22441948, 208.200725236)
(-1198.35556431, -3010.16746925, 208.200725236)
(-1198.3088361, -3010.12074106, 208.200725236)
(-1198.25363855, -3010.0655433, 208.200725236)
(-1198.2004851, -3010.01238989, 208.200725236)
(-1198.13973839, -3009.95164299, 208.200725236)
(-1198.09271808, -3009.90462269, 208.200725236)
(-1198.03839666, -3009.85030113, 208.200725236)
(-1197.9928366, -3009.80474112, 208.200725236)
(-1197.94231167, -3009.7542161, 208.200725236)
(-1197.87747647, -3009.68938027, 208.200725236)
(-1197.82169472, -3009.63359839, 208.200725236)
(-1197.7735065, -3009.5854098, 208.200725236)
(-1197.72677824, -3009.5386815, 208.200725236)
(-1197.6671998, -3009.47910275, 208.200725236)
(-1197.61463048, -3009.42653341, 208.200725236)
(-1197.5509635, -3009.36286614, 208.200725236)
(-1197.49810218, -3009.31000483, 208.200725236)
(-1197.43560322, -3009.24750555, 208.200725236)
(-1197.39383978, -3009.20574211, 208.200725236)
(-1197.34477525, -3009.15667741, 208.200725236)
(-1197.29220602, -3009.10410821, 208.200725236)
(-1197.23116733, -3009.04306939, 208.200725236)
(-1197.17918205, -3008.99108415, 208.200725236)
(-1197.11084206, -3008.92274398, 208.200725236)
(-1197.06615819, -3008.87806017, 208.200725236)
(-1197.01621749, -3008.82811936, 208.200725236)
(-1196.97007326, -3008.78197519, 208.200725236)
(-1196.90523777, -3008.71713962, 208.200725236)
(-1196.83894213, -3008.65084393, 208.200725236)
(-1196.7898775, -3008.60177937, 208.200725236)
(-1196.73234339, -3008.54424516, 208.200725236)
(-1196.6786058, -3008.49050762, 208.200725236)
(-1196.60763735, -3008.41953904, 208.200725236)
(-1196.55360784, -3008.36550959, 208.200725236)
(-1196.50483531, -3008.31673695, 208.200725236)
(-1196.45898313, -3008.27088479, 208.200725236)
(-1196.41050255, -3008.22240415, 208.200725236)
(-1196.35968561, -3008.17158719, 208.200725236)
(-1196.29601867, -3008.10791989, 208.200725236)
(-1196.2452017, -3008.05710287, 208.200725236)
(-1196.18912789, -3008.00102875, 208.200725236)
(-1196.14444397, -3007.9563448, 208.200725236)
(-1196.08778615, -3007.89968677, 208.200725236)
(-1196.02090636, -3007.83280701, 208.200725236)
(-1195.95373457, -3007.76563492, 208.200725236)
(-1195.88919115, -3007.70109149, 208.200725236)
(-1195.81442631, -3007.62632615, 208.200725236)
(-1195.76390136, -3007.57580126, 208.200725236)
(-1195.69760564, -3007.50950544, 208.200725236)
(-1195.64912502, -3007.46102486, 208.200725236)
(-1195.59305124, -3007.40495099, 208.200725236)
(-1195.54048197, -3007.35238177, 208.200725236)
(-1195.48148755, -3007.29338728, 208.200725236)
(-1195.43388305, -3007.24578283, 208.200725236)
(-1195.36525101, -3007.1771507, 208.200725236)
(-1195.32056715, -3007.13246689, 208.200725236)
(-1195.25923637, -3007.07113605, 208.200725236)
(-1195.21221599, -3007.0241157, 208.200725236)
(-1195.16169106, -3006.97359074, 208.200725236)
(-1195.11437875, -3006.92627841, 208.200725236)
(-1195.06005736, -3006.87195679, 208.200725236)
(-1195.01099267, -3006.82289208, 208.200725236)
(-1194.94615725, -3006.75805645, 208.200725236)
(-1194.90322565, -3006.71512485, 208.200725236)
(-1194.84452344, -3006.6564225, 208.200725236)
(-1194.7972111, -3006.60911019, 208.200725236)
(-1194.73617234, -3006.54807133, 208.200725236)
(-1194.68798376, -3006.49988277, 208.200725236)
(-1194.6213961, -3006.433295, 208.200725236)
(-1194.58284532, -3006.39474424, 208.200725236)
(-1194.52647941, -3006.33837828, 208.200725236)
(-1194.48062723, -3006.29252615, 208.200725236)
(-1194.42455331, -3006.23645219, 208.200725236)
(-1194.37694894, -3006.18884781, 208.200725236)
(-1194.31649447, -3006.12839312, 208.200725236)
(-1194.27151852, -3006.08341715, 208.200725236)
(-1194.21369234, -3006.02559079, 208.200725236)
(-1194.16404354, -3005.975942, 208.200725236)
(-1194.10563337, -3005.91753169, 208.200725236)
(-1194.05510845, -3005.86700682, 208.200725236)
(-1194.00020277, -3005.81210103, 208.200725236)
(-1193.95113803, -3005.76303631, 208.200725236)
(-1193.89594035, -3005.70783855, 208.200725236)
(-1193.84804392, -3005.65994217, 208.200725236)
(-1193.78233237, -3005.59423057, 208.200725236)
(-1193.72509017, -3005.53698843, 208.200725236)
(-1193.66405143, -3005.4759496, 208.200725236)
(-1193.61644705, -3005.42834525, 208.200725236)
(-1193.5659222, -3005.37782035, 208.200725236)
(-1193.5209462, -3005.3328444, 208.200725236)
(-1193.47626227, -3005.28816045, 208.200725236)
(-1193.41055082, -3005.2224487, 208.200725236)
(-1193.35944186, -3005.17133971, 208.200725236)
(-1193.29635886, -3005.10825651, 208.200725236)
(-1193.25284313, -3005.06474077, 208.200725236)
(-1193.20202619, -3005.0139237, 208.200725236)
(-1193.15120922, -3004.96310674, 208.200725236)
(-1193.0895864, -3004.90148385, 208.200725236)
(-1193.0291273, -3004.84103316, 208.200725235)
(-1192.97187273, -3004.78380619, 208.200725237)
(-1192.9257251, -3004.7376668, 208.200725235)
(-1192.84715592, -3004.65911198, 208.200725235)
(-1192.78699088, -3004.59895238, 208.200725235)
(-1192.72595081, -3004.53791459, 208.200725235)
(-1192.68330974, -3004.49527635, 208.200725235)
(-1192.62606682, -3004.43803568, 208.200725235)
(-1192.57203544, -3004.3840079, 208.200725235)
(-1192.5107034, -3004.32267809, 208.200725235)
(-1192.46368143, -3004.27565904, 208.200725235)
(-1192.40877495, -3004.22075442, 208.200725235)
(-1192.36379758, -3004.17577997, 208.200725235)
(-1192.30772274, -3004.11970733, 208.200725235)
(-1192.25573571, -3004.06772351, 208.200725235)
(-1192.19177527, -3004.00376533, 208.200725235)
(-1192.13745215, -3003.94944534, 208.200725235)
(-1192.07845712, -3003.89045196, 208.200725235)
(-1192.03464796, -3003.84664532, 208.200725235)
(-1191.9765287, -3003.7885278, 208.200725235)
(-1191.93096737, -3003.74296881, 208.200725235)
(-1191.87752146, -3003.68952466, 208.200725235)
(-1191.82524557, -3003.63724669, 208.200725235)
(-1191.77851629, -3003.59051868, 208.200725235)
(-1191.72682314, -3003.53882543, 208.200725235)
(-1191.68038599, -3003.49238984, 208.200725235)
(-1191.61876327, -3003.43076766, 208.200725235)
(-1191.56619283, -3003.37819925, 208.200725235)
(-1191.51070277, -3003.32270948, 208.200725235)
(-1191.46689403, -3003.27890225, 208.200725235)
(-1191.41082005, -3003.22282895, 208.200725235)
(-1191.36788763, -3003.17989822, 208.200725235)
(-1191.3150259, -3003.12703759, 208.200725235)
(-1191.24289162, -3003.05489797, 208.200725234)
(-1191.1941187, -3003.00612534, 208.200725235)
(-1191.13863088, -3002.95063466, 208.200725235)
(-1191.09715938, -3002.90916318, 208.200725235)
(-1191.02998837, -3002.84199022, 208.200725235)
(-1190.98209137, -3002.79409373, 208.200725235)
(-1190.92543449, -3002.73743514, 208.200725235)
(-1190.87724568, -3002.68924697, 208.200725235)
(-1190.82234061, -3002.63434085, 208.200725235)
(-1190.77152282, -3002.58352405, 208.200725235)
(-1190.70756398, -3002.51956439, 208.200725235)
(-1190.66258769, -3002.47458875, 208.200725235)
(-1190.59862903, -3002.41062945, 208.200725235)
(-1190.55832537, -3002.37032642, 208.200725235)
(-1190.49699452, -3002.30899523, 208.200725235)
(-1190.44997359, -3002.26197539, 208.200725235)
(-1190.38455451, -3002.19655613, 208.200725235)
(-1190.31884206, -3002.13084526, 208.200725235)
(-1190.26160017, -3002.07360242, 208.200725235)
(-1190.21195082, -3002.02395405, 208.200725235)
(-1190.13893879, -3001.95094101, 208.200725235)
(-1190.09308625, -3001.90508931, 208.200725235)
(-1190.008976, -3001.82097725, 208.200725236)
(-1189.96165972, -3001.77366743, 208.200725237)
(-1189.90937655, -3001.72139583, 208.200725236)
(-1189.86469257, -3001.67671362, 208.200725235)
(-1189.80277891, -3001.61479712, 208.200725235)
(-1189.75575837, -3001.56777636, 208.200725235)
(-1189.69209245, -3001.50410824, 208.200725235)
(-1189.65237343, -3001.46438925, 208.200725235)
(-1189.59250368, -3001.40451814, 208.200725235)
(-1189.54519081, -3001.35720568, 208.200725235)
(-1189.46867407, -3001.2806874, 208.200725235)
(-1189.42077758, -3001.23279108, 208.200725235)
(-1189.36003194, -3001.17204377, 208.200725235)
(-1189.31505558, -3001.12706777, 208.200725235)
(-1189.25839802, -3001.07040909, 208.200725235)
(-1189.20962517, -3001.02163658, 208.200725235)
(-1189.15676464, -3000.96877525, 208.200725235)
(-1189.09865102, -3000.91065331, 208.200725234)
(-1189.05484381, -3000.86684401, 208.200725235)
(-1188.99614346, -3000.8081396, 208.200725235)
(-1188.94474305, -3000.75673773, 208.200725235)
(-1188.88283044, -3000.69482127, 208.200725235)
(-1188.82763309, -3000.63962261, 208.200725235)
(-1188.77068456, -3000.58267068, 208.200725235)
(-1188.72833738, -3000.54032268, 208.200725235)
(-1188.66700833, -3000.47899083, 208.200725235)
(-1188.61327118, -3000.42525284, 208.200725235)
(-1188.55427785, -3000.36625701, 208.200725235)
(-1188.5075497, -3000.31952821, 208.200725235)
(-1188.45439746, -3000.26637414, 208.200725235)
(-1188.40358071, -3000.21555703, 208.200725235)
(-1188.34429505, -3000.15626978, 208.200725235)
(-1188.29902699, -3000.11100142, 208.200725235)
(-1188.2502549, -3000.06222828, 208.200725235)
(-1188.19388948, -3000.005862, 208.200725235)
(-1188.13927632, -2999.95124813, 208.200725235)
(-1188.07911534, -2999.89108373, 208.200725235)
(-1188.0370601, -2999.8490275, 208.200725235)
(-1187.97865115, -2999.79061609, 208.200725235)
(-1187.93338345, -2999.74534782, 208.200725236)
(-1187.87146969, -2999.68343207, 208.200725235)
(-1187.82415732, -2999.63611926, 208.200725236)
(-1187.77626141, -2999.58822213, 208.200725235)
(-1187.72544445, -2999.53740505, 208.200725236)
(-1187.66732698, -2999.4792865, 208.200725235)
(-1187.61855427, -2999.43051382, 208.200725236)
(-1187.55663966, -2999.36859827, 208.200725236)
(-1187.50261, -2999.31456865, 208.200725236)
(-1187.44244813, -2999.2544058, 208.200725236)
(-1187.38725038, -2999.19920803, 208.200725236)
(-1187.32124716, -2999.13320368, 208.200725235)
(-1187.26809364, -2999.08005019, 208.200725236)
(-1187.18398392, -2998.99593873, 208.200725236)
(-1187.12761803, -2998.93957277, 208.200725236)
(-1187.06044683, -2998.87239936, 208.200725236)
(-1186.99005622, -2998.80202242, 208.200725233)
(-1186.92199076, -2998.73399164, 208.200725237)
(-1186.87876478, -2998.69077173, 208.200725235)
(-1186.82999029, -2998.64200062, 208.200725235)
(-1186.77771009, -2998.58972583, 208.200725235)
(-1186.72192652, -2998.53394654, 208.200725235)
(-1186.66264248, -2998.4746582, 208.200725235)
(-1186.62555091, -2998.43756805, 208.200725235)
(-1186.56714023, -2998.37915776, 208.200725235)
(-1186.50872824, -2998.32074865, 208.200725235)
(-1186.44418548, -2998.2562058, 208.200725234)
(-1186.39453559, -2998.20655791, 208.200725235)
(-1186.33846164, -2998.15048363, 208.200725235)
(-1186.29844937, -2998.11047311, 208.200725235)
(-1186.22952524, -2998.04154968, 208.200725235)
(-1186.18367213, -2997.9956986, 208.200725235)
(-1186.11796032, -2997.92998714, 208.200725235)
(-1186.07765596, -2997.88968464, 208.200725235)
(-1186.01982952, -2997.83185882, 208.200725235)
(-1185.97280815, -2997.78483959, 208.200725235)
(-1185.90446789, -2997.71650035, 208.200725235)
(-1185.85861447, -2997.670649, 208.200725235)
(-1185.79261031, -2997.60464553, 208.200725235)
(-1185.75113806, -2997.56317506, 208.200725235)
(-1185.69886091, -2997.51089863, 208.200725235)
(-1185.64570689, -2997.45774573, 208.200725235)
(-1185.59430494, -2997.40634506, 208.200725235)
(-1185.53239376, -2997.34442673, 208.200725235)
(-1185.48449775, -2997.29652968, 208.200725235)
(-1185.42200127, -2997.234029, 208.200725235)
(-1185.37322853, -2997.18525582, 208.200725235)
(-1185.31248348, -2997.12450709, 208.200725235)
(-1185.26079046, -2997.07281361, 208.200725235)
(-1185.20734699, -2997.01936721, 208.200725235)
(-1185.16207889, -2996.97409891, 208.200725235)
(-1185.10191714, -2996.91393505, 208.200725235)
(-1185.05577263, -2996.86779066, 208.200725235)
(-1184.99152258, -2996.8035388, 208.200725235)
(-1184.93895325, -2996.75096974, 208.200725235)
(-1184.87441069, -2996.68642515, 208.200725235)
(-1184.83118664, -2996.64320137, 208.200725235)
(-1184.76868859, -2996.58070173, 208.200725235)
(-1184.72342048, -2996.53543392, 208.200725235)
(-1184.66121428, -2996.47322643, 208.200725235)
(-1184.61594575, -2996.42795845, 208.200725236)
(-1184.56016426, -2996.37217601, 208.200725235)
(-1184.51723238, -2996.32924471, 208.200725236)
(-1184.45969888, -2996.27171075, 208.200725235)
(-1184.40596408, -2996.21797094, 208.200725235)
(-1184.35981983, -2996.171826, 208.200725235)
(-1184.30637561, -2996.11837931, 208.200725235)
(-1184.25614279, -2996.06814633, 208.200725235)
(-1184.19919407, -2996.01119568, 208.200725235)
(-1184.14662451, -2995.95862616, 208.200725236)
(-1184.10018885, -2995.91218924, 208.200725235)
(-1184.0420704, -2995.85407087, 208.200725235)
(-1183.98190879, -2995.79390788, 208.200725235)
(-1183.93167574, -2995.74367512, 208.200725236)
(-1183.86976134, -2995.68175934, 208.200725235)
(-1183.81339509, -2995.62539331, 208.200725236)
(-1183.75878245, -2995.57077923, 208.200725236)
(-1183.70154032, -2995.51353731, 208.200725235)
(-1183.63261677, -2995.44461205, 208.200725235)
(-1183.57858694, -2995.39058242, 208.200725236)
(-1183.51725739, -2995.32925086, 208.200725235)
(-1183.46994511, -2995.28193859, 208.200725236)
(-1183.42204933, -2995.23404156, 208.200725235)
(-1183.38028566, -2995.19227787, 208.200725236)
(-1183.33063714, -2995.14262877, 208.200725235)
(-1183.27368931, -2995.08567724, 208.200725235)
(-1183.22345673, -2995.03544409, 208.200725236)
(-1183.16533966, -2994.97732459, 208.200725236)
(-1183.12123968, -2994.93322435, 208.200725236)
(-1183.06078599, -2994.87276876, 208.200725236)
(-1183.01201346, -2994.82399618, 208.200725236)
(-1182.95798481, -2994.76996617, 208.200725236)
(-1182.90745953, -2994.71944125, 208.200725236)
(-1182.8578111, -2994.66979189, 208.200725236)
(-1182.8099144, -2994.62189542, 208.200725236)
(-1182.76289461, -2994.5748752, 208.200725235)
(-1182.70010568, -2994.51208256, 208.200725235)
(-1182.6446158, -2994.45659207, 208.200725236)
(-1182.58445455, -2994.39642791, 208.200725236)
(-1182.54269135, -2994.35466425, 208.200725236)
(-1182.48895507, -2994.30092628, 208.200725236)
(-1182.43813797, -2994.25010914, 208.200725236)
(-1182.36863035, -2994.18059974, 208.200725236)
(-1182.31956557, -2994.131535, 208.200725236)
(-1182.25122684, -2994.06319436, 208.200725236)
(-1182.20128598, -2994.01325356, 208.200725236)
(-1182.15105366, -2993.96301979, 208.200725236)
(-1182.1081218, -2993.92008799, 208.200725236)
(-1182.04679171, -2993.85875688, 208.200725236)
(-1181.99860318, -2993.8105685, 208.200725236)
(-1181.93143181, -2993.74339622, 208.200725236)
(-1181.88353503, -2993.69549962, 208.200725236)
(-1181.83417867, -2993.64614254, 208.200725236)
(-1181.79504365, -2993.60700775, 208.200725236)
(-1181.74043032, -2993.55239428, 208.200725236)
(-1181.68786098, -2993.49982494, 208.200725236)
(-1181.61835369, -2993.43031519, 208.200725236)
(-1181.5748381, -2993.3867992, 208.200725236)
(-1181.51788928, -2993.32984859, 208.200725236)
(-1181.47554176, -2993.28750111, 208.200725236)
(-1181.41099891, -2993.22295692, 208.200725236)
(-1181.36281017, -2993.1747682, 208.200725236)
(-1181.30556881, -2993.11752575, 208.200725236)
(-1181.25971671, -2993.07167379, 208.200725236)
(-1181.20597959, -2993.01793603, 208.200725236)
(-1181.16100327, -2992.97296002, 208.200725236)
(-1181.10463742, -2992.91659382, 208.200725236)
(-1181.05294411, -2992.86490098, 208.200725236)
(-1181.00650823, -2992.81846491, 208.200725236)
(-1180.94108998, -2992.753044, 208.200725236)
(-1180.90370722, -2992.71566103, 208.200725236)
(-1180.83624413, -2992.64819639, 208.200725236)
(-1180.7918524, -2992.60380453, 208.200725236)
(-1180.72380525, -2992.53575603, 208.200725236)
(-1180.67766087, -2992.48961166, 208.200725236)
(-1180.60727706, -2992.41922637, 208.200725236)
(-1180.55470782, -2992.36665725, 208.200725236)
(-1180.49513032, -2992.30707825, 208.200725236)
(-1180.43964033, -2992.25158824, 208.200725236)
(-1180.37013277, -2992.18207894, 208.200725236)
(-1180.30266894, -2992.11461507, 208.200725236)
(-1180.25097563, -2992.0629223, 208.200725236)
(-1180.19198126, -2992.00392766, 208.200725236)
(-1180.14700494, -2991.95895172, 208.200725236)
(-1180.08859478, -2991.90054141, 208.200725236)
(-1180.03544155, -2991.84738819, 208.200725236)
(-1179.98842127, -2991.80036798, 208.200725236)
(-1179.92125011, -2991.73319507, 208.200725236)
(-1179.87276946, -2991.68471425, 208.200725236)
(-1179.82224537, -2991.63418895, 208.200725236)
(-1179.77551717, -2991.58746071, 208.200725236)
(-1179.71214241, -2991.52408507, 208.200725236)
(-1179.65869665, -2991.47063952, 208.200725236)
(-1179.59269359, -2991.40463537, 208.200725236)
(-1179.54830176, -2991.36024371, 208.200725236)
(-1179.49602502, -2991.30796631, 208.200725236)
(-1179.45221704, -2991.26415845, 208.200725236)
(-1179.38913401, -2991.20107495, 208.200725236)
(-1179.34240562, -2991.15434684, 208.200725236)
(-1179.27611038, -2991.08805119, 208.200725236)
(-1179.21828387, -2991.03022508, 208.200725236)
(-1179.15315654, -2990.96509705, 208.200725236)
(-1179.10175535, -2990.91369606, 208.200725236)
(-1179.04509791, -2990.85703798, 208.200725236)
(-1179.00508673, -2990.81702701, 208.200725236)
(-1178.95105724, -2990.76299724, 208.200725236)
(-1178.89673529, -2990.70867564, 208.200725236)
(-1178.83832523, -2990.65026537, 208.200725236)
(-1178.77115356, -2990.58309362, 208.200725236)
(-1178.71391113, -2990.52585159, 208.200725236)
(-1178.6610499, -2990.47298989, 208.200725236)
(-1178.61928638, -2990.43122657, 208.200725236)
(-1178.56700946, -2990.37894947, 208.200725236)
(-1178.51268795, -2990.32462794, 208.200725236)
(-1178.45106571, -2990.26300414, 208.200725236)
(-1178.39528379, -2990.20722205, 208.200725236)
(-1178.34154717, -2990.15348408, 208.200725236)
(-1178.29803161, -2990.10996836, 208.200725236)
(-1178.23962177, -2990.05155761, 208.200725236)
(-1178.18676018, -2989.99869605, 208.200725236)
(-1178.12426164, -2989.93619661, 208.200725236)
(-1178.06906398, -2989.88099896, 208.200725236)
(-1178.01386678, -2989.82580094, 208.200725236)
(-1177.96567806, -2989.77761229, 208.200725236)
(-1177.91544536, -2989.72737903, 208.200725236)
(-1177.86316801, -2989.67510195, 208.200725236)
(-1177.80096148, -2989.61289497, 208.200725236)
(-1177.75014432, -2989.56207804, 208.200725236)
(-1177.68589306, -2989.49782627, 208.200725236)
(-1177.64004081, -2989.45197419, 208.200725236)
(-1177.57929452, -2989.39122749, 208.200725236)
(-1177.53461056, -2989.34654372, 208.200725236)
(-1177.46889902, -2989.28083185, 208.200725236)
(-1177.41486921, -2989.22680229, 208.200725236)
(-1177.33221913, -2989.1441516, 208.200725236)
(-1177.263879, -2989.07581174, 208.200725236)
(-1177.18356544, -2988.99549643, 208.200725236)
(-1177.10967662, -2988.9216072, 208.200725236)
(-1177.05185043, -2988.86378124, 208.200725236)
(-1177.00541453, -2988.81734475, 208.200725236)
(-1176.9616066, -2988.77353684, 208.200725236)
(-1176.89735547, -2988.70928525, 208.200725236)
(-1176.84799876, -2988.65992868, 208.200725236)
(-1176.7828716, -2988.59480108, 208.200725236)
(-1176.73497491, -2988.54690458, 208.200725236)
(-1176.67977723, -2988.49170657, 208.200725236)
(-1176.63042043, -2988.44234996, 208.200725236)
(-1176.5717184, -2988.38364767, 208.200725236)
(-1176.52265358, -2988.33458309, 208.200725236)
(-1176.46278297, -2988.2747123, 208.200725236)
(-1176.41284213, -2988.22477138, 208.200725236)
(-1176.3614412, -2988.1733704, 208.200725236)
(-1176.3044919, -2988.11641999, 208.200725236)
(-1176.25133844, -2988.06326637, 208.200725236)
(-1176.19088416, -2988.00281103, 208.200725236)
(-1176.14298772, -2987.95491452, 208.200725236)
(-1176.08837468, -2987.90030073, 208.200725236)
(-1176.0398941, -2987.85182013, 208.200725236)
(-1175.9771032, -2987.7890286, 208.200725236)
(-1175.91956892, -2987.73149441, 208.200725236)
(-1175.85853067, -2987.67045544, 208.200725236)
(-1175.81034216, -2987.62226702, 208.200725236)
(-1175.75631281, -2987.56823716, 208.200725236)
(-1175.70753999, -2987.51946441, 208.200725236)
(-1175.64562536, -2987.45754934, 208.200725236)
(-1175.59714481, -2987.40906892, 208.200725236)
(-1175.54924856, -2987.36117244, 208.200725236)
(-1175.4998916, -2987.31181569, 208.200725236)
(-1175.44732231, -2987.25924627, 208.200725236)
(-1175.39504515, -2987.20696904, 208.200725236)
(-1175.3465647, -2987.15848861, 208.200725236)
(-1175.28202182, -2987.09394477, 208.200725236)
(-1175.22507159, -2987.03699452, 208.200725236)
(-1175.1637413, -2986.97566318, 208.200725236)
(-1175.12080981, -2986.93273163, 208.200725236)
(-1175.06269208, -2986.87461316, 208.200725236)
(-1175.01888423, -2986.83080527, 208.200725236)
(-1174.94937616, -2986.76129657, 208.200725236)
(-1174.91140944, -2986.72332986, 208.200725236)
(-1174.84949491, -2986.66141491, 208.200725236)
(-1174.80656325, -2986.61848338, 208.200725236)
(-1174.74435629, -2986.55627611, 208.200725236)
(-1174.70054838, -2986.51246835, 208.200725236)
(-1174.63921779, -2986.45113756, 208.200725236)
(-1174.59102924, -2986.40294923, 208.200725236)
(-1174.52239716, -2986.33431699, 208.200725236)
(-1174.46982765, -2986.28174769, 208.200725236)
(-1174.41112548, -2986.22304526, 208.200725236)
(-1174.36673364, -2986.17865355, 208.200725236)
(-1174.30978371, -2986.12170349, 208.200725236)
(-1174.24553226, -2986.05745193, 208.200725236)
(-1174.16580223, -2985.97772179, 208.200725236)
(-1174.11556942, -2985.9274891, 208.200725236)
(-1174.0670891, -2985.87900843, 208.200725236)
(-1174.02145656, -2985.83593696, 208.200725251)
(-1173.94708118, -2985.77213222, 208.200725219)
(-1173.88518089, -2985.7280628, 208.200725256)
(-1173.79287466, -2985.67499106, 208.200725485)
(-1173.73139252, -2985.63724266, 208.200725355)
(-1173.67153356, -2985.59805978, 208.200725267)
(-1173.62483129, -2985.56912006, 208.200725222)
(-1173.55351356, -2985.52588986, 208.200725239)
(-1173.48639536, -2985.48520538, 208.200725242)
(-1173.40265874, -2985.434397, 208.200725245)
(-1173.33547192, -2985.39375877, 208.200725238)
(-1173.26896554, -2985.35359427, 208.200725238)
(-1173.20775408, -2985.3166594, 208.200725238)
(-1173.13907047, -2985.27530231, 208.200725236)
(-1173.07608826, -2985.2373434, 208.200725234)
(-1173.00846783, -2985.1966551, 208.200725238)
(-1172.94371463, -2985.15765588, 208.200725235)
(-1172.87750772, -2985.11784038, 208.200725237)
(-1172.81380239, -2985.07950507, 208.200725236)
(-1172.75398732, -2985.04351771, 208.200725236)
(-1172.6863847, -2985.00284964, 208.200725234)
(-1172.61305267, -2984.9588342, 208.200725237)
(-1172.55074903, -2984.92138654, 208.200725234)
(-1172.48490434, -2984.88181151, 208.200725235)
(-1172.42437159, -2984.84542602, 208.200725234)
(-1172.34790859, -2984.79946537, 208.200725234)
(-1172.28560648, -2984.76201469, 208.200725234)
(-1172.20561351, -2984.71391242, 208.200725225)
(-1172.15245101, -2984.67481979, 208.200725621)
(-1172.09195418, -2984.61985695, 208.200725283)
(-1172.04364313, -2984.5755667, 208.2007252)
(-1171.97672335, -2984.51424067, 208.200725252)
(-1171.92857715, -2984.47075422, 208.200725238)
(-1171.86582126, -2984.41445703, 208.200725225)
(-1171.81860648, -2984.37184256, 208.200725233)
(-1171.7591992, -2984.31809404, 208.20072523)
(-1171.7028772, -2984.26708836, 208.200725233)
(-1171.63222551, -2984.20299581, 208.200725227)
(-1171.5789678, -2984.15474293, 208.20072524)
(-1171.51809847, -2984.09952278, 208.200725233)
(-1171.46730174, -2984.05347454, 208.200725232)
(-1171.40337555, -2983.99547371, 208.200725235)
(-1171.3541179, -2983.95080246, 208.200725233)
(-1171.28865734, -2983.89141521, 208.200725232)
(-1171.23787341, -2983.84535272, 208.200725233)
(-1171.16539502, -2983.77956724, 208.200725249)
(-1171.11284259, -2983.73054797, 208.20072524)
(-1171.04849415, -2983.66881702, 208.200725233)
(-1170.99518825, -2983.61654211, 208.200725233)
(-1170.93278996, -2983.55465535, 208.20072523)
(-1170.89158983, -2983.51408218, 208.200725235)
(-1170.8330114, -2983.45642353, 208.200725237)
(-1170.78650189, -2983.41064595, 208.200725233)
(-1170.72404845, -2983.3492653, 208.200725236)
(-1170.6386471, -2983.26528396, 208.200725236)
(-1170.57533154, -2983.20302659, 208.200725235)
(-1170.5007478, -2983.12982575, 208.200725234)
(-1170.44594623, -2983.07598946, 208.200725235)
(-1170.37670645, -2983.00797073, 208.200725235)
(-1170.33369117, -2982.96571071, 208.200725234)
(-1170.27859563, -2982.91158288, 208.200725235)
(-1170.22349678, -2982.85745809, 208.200725237)
(-1170.15246288, -2982.78772972, 208.200725239)
(-1170.09527202, -2982.73105237, 208.200725235)
(-1170.0191692, -2982.65532758, 208.200725236)
(-1169.97200734, -2982.60846045, 208.200725235)
(-1169.91227397, -2982.54905021, 208.200725234)
(-1169.86804295, -2982.50508509, 208.200725233)
(-1169.79984341, -2982.43720149, 208.200725233)
(-1169.75093996, -2982.38856044, 208.200725232)
(-1169.68889431, -2982.32678163, 208.200725234)
(-1169.64029458, -2982.27842009, 208.200725234)
(-1169.58264019, -2982.22100962, 208.200725233)
(-1169.52234251, -2982.16098322, 208.200725234)
(-1169.47989789, -2982.11873263, 208.200725234)
(-1169.43190048, -2982.07093814, 208.200725239)
(-1169.38102049, -2982.02019328, 208.200725233)
(-1169.33157001, -2981.97092993, 208.200725235)
(-1169.26661208, -2981.90621755, 208.200725235)
(-1169.21072289, -2981.85054283, 208.200725235)
(-1169.148982, -2981.78903861, 208.200725235)
(-1169.10658243, -2981.74674859, 208.200725234)
(-1169.05048971, -2981.69070624, 208.200725238)
(-1168.99729977, -2981.6375928, 208.200725237)
(-1168.92810135, -2981.56837225, 208.200725235)
(-1168.87317769, -2981.51348438, 208.200725231)
(-1168.81739948, -2981.45770379, 208.200725234)
(-1168.77796485, -2981.41828445, 208.200725234)
(-1168.72305609, -2981.36338232, 208.200725241)
(-1168.67135529, -2981.31169598, 208.200725234)
(-1168.61031473, -2981.25065931, 208.200725234)
(-1168.56942363, -2981.20977609, 208.200725234)
(-1168.51656009, -2981.15691657, 208.200725239)
(-1168.46457173, -2981.10493389, 208.200725236)
(-1168.39686305, -2981.0371397, 208.200725234)
(-1168.34576815, -2980.98601581, 208.200725235)
(-1168.28678997, -2980.92700574, 208.200725235)
(-1168.23569273, -2980.8758843, 208.200725236)
(-1168.17408429, -2980.81424694, 208.200725235)
(-1168.12182044, -2980.76195676, 208.200725235)
(-1168.06634622, -2980.70645196, 208.200725235)
(-1168.01875293, -2980.65883594, 208.200725236)
(-1167.96386028, -2980.60391713, 208.200725235)
(-1167.91071842, -2980.55075185, 208.200725236)
(-1167.84764865, -2980.48765532, 208.200725236)
(-1167.79567393, -2980.43565952, 208.200725236)
(-1167.7381506, -2980.37811456, 208.200725236)
(-1167.67683146, -2980.31677222, 208.200725236)
(-1167.62135048, -2980.26127304, 208.200725236)
(-1167.56382624, -2980.20372895, 208.200725236)
(-1167.49315841, -2980.13304475, 208.200725232)
(-1167.44497693, -2980.08484972, 208.200725237)
(-1167.38774013, -2980.02760798, 208.200725235)
(-1167.3416013, -2979.98145879, 208.200725236)
(-1167.27823215, -2979.91808642, 208.200725236)
(-1167.23209217, -2979.87193875, 208.200725236)
(-1167.17368736, -2979.8135341, 208.200725235)
(-1167.1176169, -2979.75745692, 208.200725236)
(-1167.04635933, -2979.68620409, 208.200725237)
(-1166.99700403, -2979.63684635, 208.200725236)
(-1166.94149339, -2979.58139137, 208.200725216)
(-1166.88790756, -2979.53726165, 208.200725289)
(-1166.80746232, -2979.49611698, 208.200725223)
(-1166.740959, -2979.47938629, 208.200725173)
(-1166.65460076, -2979.4628088, 208.200725173)
(-1166.58954932, -2979.4454822, 208.200725213)
(-1166.51137596, -2979.39961764, 208.200790862)
(-1166.4684513, -2979.35131337, 208.200773081)
(-1166.4232324, -2979.27659651, 208.200719634)
(-1166.39620549, -2979.22273033, 208.200741318)
(-1166.35063207, -2979.1510553, 208.200724768)
(-1166.31050626, -2979.09612974, 208.20072496)
(-1166.25740065, -2979.02864221, 208.20072532)
(-1166.21156465, -2978.96748008, 208.200725228)
(-1166.1710916, -2978.91270602, 208.200725208)
(-1166.12653539, -2978.84804097, 208.200725242)
(-1166.08554334, -2978.78272067, 208.200725232)
(-1166.03895249, -2978.7033014, 208.200725234)
(-1166.00364362, -2978.64284082, 208.200725222)
(-1165.97542357, -2978.59521894, 208.200725228)
(-1165.93504639, -2978.52565083, 208.200725254)
(-1165.88767612, -2978.44381356, 208.200725241)
(-1165.85059048, -2978.379839, 208.200725236)
(-1165.80716977, -2978.30473009, 208.200725236)
(-1165.77350346, -2978.24641006, 208.200725232)
(-1165.73556862, -2978.18053788, 208.200725235)
(-1165.70275489, -2978.12364759, 208.200725234)
(-1165.65514008, -2978.0409537, 208.200725235)
(-1165.61718601, -2977.97511318, 208.200725234)
(-1165.58009874, -2977.9106736, 208.20072523)
(-1165.54402044, -2977.84804203, 208.200725234)
(-1165.50136741, -2977.77394245, 208.200725234)
(-1165.46797677, -2977.71595944, 208.200725234)
(-1165.42923627, -2977.64866664, 208.200725234)
(-1165.39110803, -2977.5824499, 208.200725234)
(-1165.34268297, -2977.49833251, 208.200725234)
(-1165.30888026, -2977.43963274, 208.200725236)
(-1165.26353404, -2977.3608913, 208.200725236)
(-1165.23384808, -2977.30935328, 208.200725237)
(-1165.18579986, -2977.22598026, 208.200725236)
(-1165.14208792, -2977.15011313, 208.200725238)
(-1165.09274221, -2977.06464001, 208.200725216)
(-1165.04907094, -2977.00428632, 208.20072515)
(-1164.9733222, -2976.92106481, 208.200725218)
(-1164.92627722, -2976.86834377, 208.200725061)
(-1164.87528489, -2976.8089849, 208.200725229)
(-1164.82921185, -2976.75650813, 208.200725243)
(-1164.76708375, -2976.68668449, 208.200725239)
(-1164.71869601, -2976.63242944, 208.200725235)
(-1164.66995029, -2976.57794616, 208.20072523)
(-1164.629799, -2976.53295108, 208.200725238)
(-1164.57144949, -2976.4676579, 208.200725234)
(-1164.5244307, -2976.41496331, 208.200725235)
(-1164.4693982, -2976.3533609, 208.200725235)
(-1164.42015974, -2976.29821451, 208.200725235)
(-1164.37502614, -2976.24770394, 208.200725234)
(-1164.33513949, -2976.20303306, 208.200725234)
(-1164.27407328, -2976.13463549, 208.200725234)
(-1164.2262083, -2976.08102825, 208.200725234)
(-1164.15274641, -2975.99878352, 208.200725237)
(-1164.09757139, -2975.93918583, 208.200725235)
(-1164.03801546, -2975.87697575, 208.200725261)
(-1163.99496608, -2975.83287296, 208.200725237)
(-1163.9520562, -2975.78924468, 208.200725223)
(-1163.89980369, -2975.73577143, 208.200725233)
(-1163.84983269, -2975.68468748, 208.200725235)
(-1163.79432294, -2975.62804249, 208.200725234)
(-1163.75620045, -2975.58906923, 208.200725236)
(-1163.69959385, -2975.53119848, 208.200725236)
(-1163.64674182, -2975.47716571, 208.200725236)
(-1163.57742388, -2975.40630647, 208.200725236)
(-1163.52659204, -2975.35434309, 208.200725236)
(-1163.48095559, -2975.30770058, 208.200725236)
(-1163.43358834, -2975.2592811, 208.200725236)
(-1163.36484117, -2975.18902178, 208.200725234)
(-1163.31516099, -2975.13824289, 208.200725236)
(-1163.24611413, -2975.06769937, 208.200725236)
(-1163.20770088, -2975.02843365, 208.200725233)
(-1163.15370861, -2974.97320798, 208.200725239)
(-1163.10667687, -2974.92558455, 208.200725236)
(-1163.03570751, -2974.85401086, 208.200725238)
(-1162.98800013, -2974.80590825, 208.200725237)
(-1162.92423034, -2974.74173448, 208.200725236)
(-1162.88376576, -2974.7010007, 208.200725236)
(-1162.83132476, -2974.64829114, 208.200725235)
(-1162.78007551, -2974.59673793, 208.200725237)
(-1162.72295416, -2974.53936667, 208.200725235)
(-1162.67423348, -2974.49052811, 208.200725232)
(-1162.61973718, -2974.43579827, 208.200725235)
(-1162.56232769, -2974.37813987, 208.200725235)
(-1162.49326016, -2974.30877568, 208.200725235)
(-1162.43730734, -2974.25258071, 208.200725235)
(-1162.35512492, -2974.17004602, 208.200725235)
(-1162.31461794, -2974.12936338, 208.200725234)
(-1162.25575102, -2974.0702419, 208.200725235)
(-1162.20067099, -2974.014926, 208.200725235)
(-1162.12372792, -2973.93766469, 208.200725236)
(-1162.06134078, -2973.87505343, 208.200725235)
(-1161.99099508, -2973.80461636, 208.200725235)
(-1161.93674079, -2973.75022687, 208.200725233)
(-1161.89006411, -2973.70344599, 208.200725233)
(-1161.84660182, -2973.6598777, 208.200725235)
(-1161.78330233, -2973.59643446, 208.200725235)
(-1161.7302124, -2973.54321809, 208.200725235)
(-1161.66253035, -2973.47539058, 208.200725235)
(-1161.61031316, -2973.42305365, 208.200725235)
(-1161.54379334, -2973.35640009, 208.200725237)
(-1161.49099009, -2973.30348124, 208.200725235)
(-1161.43526049, -2973.24764511, 208.200725235)
(-1161.38916542, -2973.20145228, 208.200725235)
(-1161.32235451, -2973.13450924, 208.200725236)
(-1161.27304773, -2973.08510606, 208.200725236)
(-1161.21408023, -2973.02607996, 208.200725227)
(-1161.16797128, -2972.97989981, 208.200725232)
(-1161.10871687, -2972.92057988, 208.200725236)
(-1161.06027007, -2972.87206685, 208.200725235)
(-1160.99575864, -2972.80749041, 208.200725235)
(-1160.94934697, -2972.76103085, 208.200725234)
(-1160.89092291, -2972.70262606, 208.200725235)
(-1160.84449714, -2972.65618045, 208.200725234)
(-1160.78170902, -2972.5933879, 208.200725237)
(-1160.73878375, -2972.55045013, 208.200725235)
(-1160.68417113, -2972.49583447, 208.200725235)
(-1160.63248389, -2972.44413569, 208.200725235)
(-1160.58546344, -2972.39711853, 208.200725235)
(-1160.52115122, -2972.33291922, 208.200725233)
(-1160.46885559, -2972.28066151, 208.200725234)
(-1160.41772837, -2972.22957026, 208.200725234)
(-1160.37478297, -2972.18665299, 208.200725234)
(-1160.30788235, -2972.11979401, 208.200725233)
(-1160.25763456, -2972.06957624, 208.200725233)
(-1160.18986035, -2972.00183934, 208.200725233)
(-1160.13640026, -2971.94840861, 208.200725233)
(-1160.0861565, -2971.89818578, 208.200725234)
(-1160.0367875, -2971.84884078, 208.200725233)
(-1159.98918023, -2971.80124103, 208.200725238)
(-1159.94069155, -2971.75276889, 208.200725233)
(-1159.8843208, -2971.6964081, 208.200725235)
(-1159.827654, -2971.63975788, 208.200725233)
(-1159.77041427, -2971.5825141, 208.200725242)
(-1159.71550478, -2971.52761226, 208.200725233)
(-1159.64307908, -2971.45518136, 208.200725232)
(-1159.58554313, -2971.39764811, 208.200725233)
(-1159.51925766, -2971.33134343, 208.200725233)
(-1159.46523034, -2971.27731197, 208.200725233)
(-1159.38288281, -2971.19494195, 208.200725232)
(-1159.33411373, -2971.14616487, 208.200725233)
(-1159.27863186, -2971.09066631, 208.200725234)
(-1159.23453597, -2971.04656228, 208.200725234)
(-1159.17204408, -2970.98405695, 208.200725233)
(-1159.11801858, -2970.93002269, 208.200725234)
(-1159.05172928, -2970.86372036, 208.200725234)
(-1158.99887179, -2970.81085495, 208.200725234)
(-1158.93900692, -2970.75097929, 208.200725234)
(-1158.89783031, -2970.70979702, 208.200725234)
(-1158.84176059, -2970.65371883, 208.200725234)
(-1158.78685806, -2970.59880964, 208.200725234)
(-1158.72085907, -2970.5328017, 208.200725234)
(-1158.66303601, -2970.47497219, 208.200725234)
(-1158.59732849, -2970.40925638, 208.200725234)
(-1158.54417779, -2970.35610014, 208.200725234)
(-1158.50416904, -2970.3160869, 208.200725234)
(-1158.45802706, -2970.26994044, 208.200725234)
(-1158.39669922, -2970.20860668, 208.200725234)
(-1158.34121184, -2970.15311447, 208.200725234)
(-1158.26674195, -2970.07863806, 208.200725234)
(-1158.20774984, -2970.01964119, 208.200725234)
(-1158.14320895, -2969.95509529, 208.200725235)
(-1158.10290736, -2969.91479071, 208.200725235)
(-1158.05296828, -2969.86484818, 208.200725235)
(-1157.9942679, -2969.80614372, 208.200725235)
(-1157.92534579, -2969.73721737, 208.200725235)
(-1157.87803503, -2969.68990358, 208.200725235)
(-1157.82488314, -2969.63674885, 208.200725235)
(-1157.78224491, -2969.59410804, 208.200725235)
(-1157.7156587, -2969.52751838, 208.200725235)
(-1157.66630342, -2969.47816027, 208.200725235)
(-1157.61256724, -2969.42442166, 208.200725235)
(-1157.56233583, -2969.37418751, 208.200725235)
(-1157.4980857, -2969.30993461, 208.200725235)
(-1157.45340294, -2969.26524954, 208.200725235)
(-1157.39762225, -2969.20946663, 208.200725235)
(-1157.35235552, -2969.16419768, 208.200725235)
(-1157.29511448, -2969.1069544, 208.200725235)
(-1157.22619019, -2969.03802966, 208.200725235)
(-1157.1561023, -2968.96793332, 208.200725232)
(-1157.10461923, -2968.90556183, 208.200725214)
(-1157.06456557, -2968.83440156, 208.200724857)
(-1157.04379999, -2968.77939728, 208.200727272)
(-1157.03107396, -2968.70596318, 208.200732281)
(-1157.02623414, -2968.63021844, 208.200725379)
(-1157.00608351, -2968.52090925, 208.200725263)
(-1156.99077037, -2968.44053619, 208.200725228)
(-1156.97000148, -2968.32929649, 208.200725248)
(-1156.9553285, -2968.22234488, 208.200725256)
(-1156.9382197, -2968.1142494, 208.200725191)
(-1156.93393419, -2968.03000765, 208.200725198)
(-1156.93070904, -2967.94479251, 208.200725149)
(-1156.92696103, -2967.88876613, 208.200725238)
(-1156.92058695, -2967.79400367, 208.200725219)
(-1156.91775581, -2967.71776742, 208.200725225)
(-1156.91384748, -2967.62828418, 208.200725233)
(-1156.91058437, -2967.55610045, 208.20072523)
(-1156.90681977, -2967.47400329, 208.20072523)
(-1156.90439247, -2967.41295137, 208.200725233)
(-1156.90124073, -2967.3353862, 208.200725239)
(-1156.89835448, -2967.26606294, 208.200725232)
(-1156.89429217, -2967.16702807, 208.200725226)
(-1156.89236523, -2967.08949881, 208.200725225)
(-1156.88983105, -2966.99540337, 208.200725233)
(-1156.88891209, -2966.92198345, 208.20072524)
(-1156.88765208, -2966.84767706, 208.200725232)
(-1156.88680642, -2966.78409984, 208.200725227)
(-1156.88558187, -2966.69533045, 208.200725239)
(-1156.88465165, -2966.62183162, 208.200725229)
(-1156.883589, -2966.53758973, 208.200725222)
(-1156.88285849, -2966.47069389, 208.20072523)
(-1156.88201963, -2966.39305748, 208.200725232)
(-1156.88131961, -2966.32533086, 208.200725233)
(-1156.88058544, -2966.24975727, 208.200725232)
(-1156.87969029, -2966.16344105, 208.200725232)
(-1156.87930099, -2966.09820633, 208.200725231)
(-1156.87877172, -2966.00818256, 208.200725233)
(-1156.87855548, -2965.95119968, 208.200725237)
(-1156.87824652, -2965.86530218, 208.200725238)
(-1156.877944, -2965.79715546, 208.200725233)
(-1156.87759929, -2965.69019049, 208.200725232)
(-1156.87735106, -2965.62575943, 208.200725234)
(-1156.87709592, -2965.54398432, 208.200725237)
(-1156.87688972, -2965.48533503, 208.200725234)
(-1156.87658633, -2965.38662518, 208.200725238)
(-1156.87633787, -2965.31104234, 208.200725234)
(-1156.87606573, -2965.21770132, 208.200725235)
(-1156.87589925, -2965.16029176, 208.200725234)
(-1156.87574624, -2965.06282503, 208.200725232)
(-1156.87570202, -2964.9889003, 208.200725232)
(-1156.87572925, -2964.89473937, 208.200725237)
(-1156.87568315, -2964.81874276, 208.200725235)
(-1156.87562981, -2964.7233346, 208.200725234)
(-1156.87559774, -2964.65518624, 208.200725233)
(-1156.87565579, -2964.57589065, 208.200725236)
(-1156.87564927, -2964.51352252, 208.200725237)
(-1156.87562008, -2964.41480963, 208.200725239)
(-1156.87559918, -2964.34170442, 208.20072524)
(-1156.87547749, -2964.25537743, 208.200725238)
(-1156.87543004, -2964.18805555, 208.200725235)
(-1156.87537398, -2964.10627701, 208.200725236)
(-1156.87532839, -2964.03606326, 208.200725235)
(-1156.87526484, -2963.93156889, 208.200725234)
(-1156.87522106, -2963.84235656, 208.200725234)
(-1156.87539254, -2963.71804589, 208.200725235)
(-1156.87542836, -2963.64659202, 208.200725236)
(-1156.87547171, -2963.53961832, 208.200725237)
(-1156.8755022, -2963.46362188, 208.200725239)
(-1156.87546742, -2963.37688395, 208.200725237)
(-1156.87547193, -2963.30667055, 208.200725236)
(-1156.8754725, -2963.21910897, 208.200725237)
(-1156.87547551, -2963.14600416, 208.200725236)
(-1156.875473, -2963.06339908, 208.200725236)
(-1156.87547446, -2962.99401166, 208.200725236)
(-1156.87547367, -2962.91016755, 208.200725237)
(-1156.87547496, -2962.84201898, 208.200725236)
(-1156.87547475, -2962.7610662, 208.200725237)
(-1156.8754764, -2962.69085261, 208.200725236)
(-1156.8754763, -2962.59916122, 208.200725236)
(-1156.8754779, -2962.52192602, 208.200725236)
(-1156.87547723, -2962.43519089, 208.200725237)
(-1156.87547844, -2962.36910746, 208.200725236)
(-1156.87547806, -2962.29558922, 208.200725236)
(-1156.87547945, -2962.22041932, 208.200725236)
(-1156.87547929, -2962.12211932, 208.200725236)
(-1156.87548051, -2962.04612327, 208.200725236)
(-1156.875479, -2961.94988889, 208.200725236)
(-1156.87547997, -2961.88008807, 208.200725236)
(-1156.87547895, -2961.82309052, 208.200725236)
(-1156.87547986, -2961.75122479, 208.200725236)
(-1156.87547944, -2961.66325079, 208.200725236)
(-1156.87548069, -2961.58271154, 208.200725236)
(-1156.87548005, -2961.50217171, 208.200725236)
(-1156.87548101, -2961.43237091, 208.200725236)
(-1156.87548042, -2961.34357075, 208.200725236)
(-1156.87548128, -2961.27211804, 208.200725236)
(-1156.87548063, -2961.18620897, 208.200725236)
(-1156.87548122, -2961.11929933, 208.200725236)
(-1156.87548051, -2961.0238908, 208.200725236)
(-1156.87547993, -2960.93839525, 208.200725236)
(-1156.8754806, -2960.87809403, 208.200725236)
(-1156.87547992, -2960.7855765, 208.200725236)
(-1156.87548044, -2960.72651436, 208.200725236)
(-1156.87547981, -2960.63358396, 208.200725236)
(-1156.87547946, -2960.56915251, 208.200725236)
(-1156.87546907, -2960.48241691, 208.200725239)
(-1156.87546761, -2960.42005092, 208.200725236)
(-1156.87546248, -2960.33827195, 208.200725236)
(-1156.87546046, -2960.26888448, 208.200725236)
(-1156.8754555, -2960.17017186, 208.200725236)
(-1156.87545388, -2960.10532739, 208.200725236)
(-1156.87544941, -2960.01280988, 208.200725236)
(-1156.87544791, -2959.94672639, 208.200725236)
(-1156.87544401, -2959.85710024, 208.200725236)
(-1156.87544252, -2959.79266891, 208.200725235)
(-1156.87543938, -2959.70841184, 208.200725235)
(-1156.87543803, -2959.63778512, 208.200725235)
(-1156.87543392, -2959.51718239, 208.200725235)
(-1156.87543267, -2959.44242525, 208.200725235)
(-1156.87542738, -2959.32677837, 208.200725235)
(-1156.8754265, -2959.26812941, 208.200725235)
(-1156.87542425, -2959.15578705, 208.200725235)
(-1156.87542333, -2959.06946526, 208.200725235)
(-1156.87542042, -2958.9637311, 208.200725235)
(-1156.87541923, -2958.88525688, 208.200725235)
(-1156.87541602, -2958.78778334, 208.200725235)
(-1156.87541482, -2958.69857048, 208.200725235)
(-1156.87541442, -2958.62216116, 208.200725235)
(-1156.87541311, -2958.53583928, 208.200725235)
(-1156.87541277, -2958.48049427, 208.200725235)
(-1156.87541187, -2958.40201976, 208.200725235)
(-1156.87541106, -2958.3214802, 208.200725235)
(-1156.87540807, -2958.2178113, 208.200725235)
(-1156.87540766, -2958.13272872, 208.200725235)
(-1156.87540649, -2958.04268958, 208.200725235)
(-1156.87540613, -2957.97701894, 208.200725235)
(-1156.87540517, -2957.89895743, 208.200725235)
(-1156.87540485, -2957.82791755, 208.200725235)
(-1156.87540397, -2957.74076958, 208.200725235)
(-1156.87540365, -2957.658165, 208.200725235)
(-1156.87540267, -2957.57060398, 208.200725235)
(-1156.87540241, -2957.50782454, 208.200725235)
(-1156.87540157, -2957.42026359, 208.200725235)
(-1156.87540134, -2957.34839762, 208.200725235)
(-1156.87540038, -2957.24638077, 208.200725235)
(-1156.87540014, -2957.17244966, 208.200725235)
(-1156.87539924, -2957.08364964, 208.200725235)
(-1156.87539904, -2957.01467481, 208.200725235)
(-1156.87539815, -2956.92380961, 208.200725235)
(-1156.87539793, -2956.85235664, 208.200725235)
(-1156.87539726, -2956.78255568, 208.200725235)
(-1156.87539704, -2956.70903765, 208.200725235)
(-1156.87539631, -2956.6119771, 208.200725235)
(-1156.87539613, -2956.53432875, 208.200725235)
(-1156.87539538, -2956.44883288, 208.200725235)
(-1156.87539519, -2956.38316227, 208.200725235)
(-1156.87539462, -2956.30262267, 208.200725235)
(-1156.87539446, -2956.23364784, 208.200725235)
(-1156.87539398, -2956.15806443, 208.200725235)
(-1156.87538761, -2956.07587234, 208.200725236)
(-1156.87534461, -2955.98170136, 208.200725238)
