(-1198.69931664, -3033.34000055, 208.200737238)
(-1198.63479313, -3033.34016531, 208.200904132)
(-1198.56167875, -3033.34031664, 208.200762075)
(-1198.50096383, -3033.34049326, 208.200725255)
(-1198.42661963, -3033.34067143, 208.200725162)
(-1198.36383996, -3033.34082305, 208.200725279)
(-1198.28619129, -3033.34101733, 208.200725238)
(-1198.21927576, -3033.34127878, 208.200725243)
(-1198.14161965, -3033.34165151, 208.20072524)
(-1198.07531091, -3033.33548714, 208.200725166)
(-1197.983666, -3033.30386079, 208.200725209)
(-1197.91690669, -3033.26478528, 208.200725517)
(-1197.84874656, -3033.22102017, 208.200725214)
(-1197.80143026, -3033.18937062, 208.200725218)
(-1197.71623655, -3033.13306765, 208.200725215)
(-1197.65893737, -3033.09230216, 208.200725276)
(-1197.58186423, -3033.03510167, 208.200725226)
(-1197.52098588, -3032.98875192, 208.200725219)
(-1197.44264229, -3032.92800439, 208.200725237)
(-1197.38702985, -3032.88450481, 208.200725221)
(-1197.33016773, -3032.83995467, 208.200725235)
(-1197.28574946, -3032.80493344, 208.200725235)
(-1197.22132188, -3032.75397209, 208.200725236)
(-1197.16946378, -3032.71304437, 208.200725236)
(-1197.11276184, -3032.66825486, 208.200725238)
(-1197.0680159, -3032.63295264, 208.200725241)
(-1197.01066191, -3032.5876397, 208.200725237)
(-1196.9667544, -3032.55035816, 208.200725305)
(-1196.90890407, -3032.49756522, 208.200725281)
(-1196.86459498, -3032.45555213, 208.200725209)
(-1196.80946614, -3032.40272535, 208.200725234)
(-1196.76156239, -3032.35664038, 208.200725234)
(-1196.70198877, -3032.29943794, 208.200725234)
(-1196.66113521, -3032.26028626, 208.200725235)
(-1196.60089756, -3032.20256182, 208.200725236)
(-1196.56034134, -3032.16369812, 208.200725236)
(-1196.48996273, -3032.09625915, 208.200725236)
(-1196.44279278, -3032.05115307, 208.200725236)
(-1196.38064021, -3031.99182543, 208.200725234)
(-1196.33228022, -3031.94558565, 208.200725234)
(-1196.27795014, -3031.89363564, 208.200725235)
(-1196.2319806, -3031.84967632, 208.200725234)
(-1196.18302721, -3031.80286127, 208.200725234)
(-1196.12035167, -3031.74290661, 208.200725233)
(-1196.06960758, -3031.69437689, 208.200725235)
(-1196.0120003, -3031.63927984, 208.200725241)
(-1195.96675376, -3031.59528257, 208.200725238)
(-1195.91940168, -3031.54872136, 208.200725233)
(-1195.87187796, -3031.50166822, 208.200725235)
(-1195.81066238, -3031.4408354, 208.200725229)
(-1195.7672135, -3031.39784146, 208.200725232)
(-1195.71438469, -3031.34554074, 208.200725236)
(-1195.67212111, -3031.30369853, 208.200725238)
(-1195.62079862, -3031.25281382, 208.200725234)
(-1195.57355226, -3031.20602018, 208.200725234)
(-1195.51871092, -3031.15164037, 208.200725239)
(-1195.47411697, -3031.10745137, 208.200725234)
(-1195.42131793, -3031.05511473, 208.200725241)
(-1195.37936695, -3031.01353968, 208.200725234)
(-1195.33184772, -3030.96643538, 208.200725237)
(-1195.27176665, -3030.90678561, 208.200725236)
(-1195.22220825, -3030.85763049, 208.200725236)
(-1195.17616928, -3030.81196667, 208.200725235)
(-1195.13862114, -3030.77474761, 208.200725237)
(-1195.07990723, -3030.71663455, 208.200725236)
(-1195.01828872, -3030.65559369, 208.200725236)
(-1194.96636528, -3030.60413366, 208.200725243)
(-1194.91036384, -3030.54857768, 208.200725237)
(-1194.85645543, -3030.49502188, 208.200725235)
(-1194.80638197, -3030.44522436, 208.200725236)
(-1194.76339024, -3030.40236864, 208.200725235)
(-1194.70963225, -3030.34867359, 208.200725234)
(-1194.6634525, -3030.30257424, 208.200725235)
(-1194.60270493, -3030.2418423, 208.200725234)
(-1194.54892154, -3030.18814971, 208.200725235)
(-1194.48724664, -3030.12657816, 208.200725236)
(-1194.44778242, -3030.08718771, 208.200725237)
(-1194.38785401, -3030.02737461, 208.200725236)
(-1194.34166911, -3029.98127227, 208.200725235)
(-1194.28525397, -3029.92495533, 208.200725235)
(-1194.2431633, -3029.88293569, 208.200725235)
(-1194.18382905, -3029.82369812, 208.200725235)
(-1194.13355304, -3029.77350783, 208.200725235)
(-1194.05960151, -3029.69968096, 208.200725235)
(-1194.00318611, -3029.64336403, 208.200725236)
(-1193.95524833, -3029.59550936, 208.200725235)
(-1193.9158194, -3029.5560915, 208.200725235)
(-1193.85921988, -3029.49939006, 208.200725239)
(-1193.81045136, -3029.45061196, 208.200725235)
(-1193.74270189, -3029.38284987, 208.200725235)
(-1193.69334863, -3029.33348971, 208.200725235)
(-1193.62939498, -3029.26952511, 208.200725235)
(-1193.58296145, -3029.22308552, 208.200725235)
(-1193.52513954, -3029.16525485, 208.200725235)
(-1193.48775901, -3029.12787009, 208.200725235)
(-1193.43840571, -3029.07851051, 208.200725235)
(-1193.38759117, -3029.02769087, 208.200725236)
(-1193.33882119, -3028.97891545, 208.200725235)
(-1193.27545066, -3028.91553544, 208.200725235)
(-1193.23047706, -3028.8705571, 208.200725236)
(-1193.17937134, -3028.81944518, 208.200725235)
(-1193.13556551, -3028.77563531, 208.200725236)
(-1193.0730695, -3028.71313301, 208.200725236)
(-1193.02342274, -3028.66348207, 208.200725236)
(-1192.9676436, -3028.60769781, 208.200725236)
(-1192.92558981, -3028.56564074, 208.200725236)
(-1192.86834997, -3028.50839628, 208.200725236)
(-1192.82863226, -3028.46867573, 208.200725236)
(-1192.78044549, -3028.42048548, 208.200725236)
(-1192.72612623, -3028.36616179, 208.200725236)
(-1192.67209851, -3028.31213047, 208.200725236)
(-1192.62274348, -3028.26277201, 208.200725236)
(-1192.57689273, -3028.2169184, 208.200725236)
(-1192.52782958, -3028.16785221, 208.200725236)
(-1192.48431519, -3028.12433529, 208.200725236)
(-1192.44255304, -3028.08257077, 208.200725236)
(-1192.38589659, -3028.02591117, 208.200725236)
(-1192.34179793, -3027.98181015, 208.200725236)
(-1192.28105271, -3027.92106186, 208.200725236)
(-1192.24133473, -3027.88134189, 208.200725236)
(-1192.18964283, -3027.82964759, 208.200725236)
(-1192.14642023, -3027.78642294, 208.200725236)
(-1192.0979407, -3027.73794127, 208.200725236)
(-1192.0383721, -3027.67835396, 208.200725227)
(-1191.98908439, -3027.62515973, 208.200725266)
(-1191.93944091, -3027.56499814, 208.200725043)
(-1191.90721571, -3027.51938243, 208.200725231)
(-1191.86613669, -3027.44875199, 208.200725237)
(-1191.83163535, -3027.390072, 208.200725257)
(-1191.78278669, -3027.31004366, 208.20072525)
(-1191.74385498, -3027.24622735, 208.200725236)
(-1191.70152646, -3027.17672881, 208.200725225)
(-1191.67100295, -3027.12616323, 208.200725237)
(-1191.62477672, -3027.04937003, 208.200725239)
(-1191.58873162, -3026.98958442, 208.200725237)
(-1191.53888188, -3026.90676498, 208.200725232)
(-1191.50331073, -3026.84766256, 208.200725233)
(-1191.45821255, -3026.77259383, 208.200725236)
(-1191.42350602, -3026.71490639, 208.200725233)
(-1191.37794836, -3026.63916524, 208.200725235)
(-1191.34474209, -3026.5839493, 208.20072523)
(-1191.30327497, -3026.51489808, 208.200725231)
(-1191.23970721, -3026.4090169, 208.200725232)
(-1191.20270424, -3026.3474092, 208.200725234)
(-1191.16105051, -3026.27799123, 208.200725234)
(-1191.12894473, -3026.2245228, 208.200725235)
(-1191.07727856, -3026.13847856, 208.200725235)
(-1191.03921675, -3026.07509724, 208.200725235)
(-1190.98818247, -3025.99011867, 208.200725235)
(-1190.9516113, -3025.92921584, 208.200725235)
(-1190.90778801, -3025.85629251, 208.200725216)
(-1190.86794443, -3025.80195831, 208.200725471)
(-1190.82032242, -3025.74815886, 208.200725537)
(-1190.77805723, -3025.70126626, 208.200725067)
(-1190.71418638, -3025.63052356, 208.20072523)
(-1190.66866813, -3025.5797966, 208.200725251)
(-1190.61131741, -3025.5158311, 208.200725237)
(-1190.57394466, -3025.47444488, 208.200725233)
(-1190.51461092, -3025.40892209, 208.200725224)
(-1190.45588664, -3025.34396853, 208.200725234)
(-1190.40783822, -3025.2910694, 208.200725238)
(-1190.35696051, -3025.23516277, 208.200725234)
(-1190.30284261, -3025.17552374, 208.200725235)
(-1190.26065887, -3025.12903452, 208.200725235)
(-1190.19956121, -3025.06177397, 208.200725233)
(-1190.15208953, -3025.00948103, 208.200725235)
(-1190.09601008, -3024.94770878, 208.200725234)
(-1190.04821097, -3024.89515288, 208.200725237)
(-1189.99338982, -3024.83502176, 208.200725233)
(-1189.94805762, -3024.78668281, 208.200725228)
(-1189.88560702, -3024.72210601, 208.200725227)
(-1189.83039412, -3024.66623888, 208.200725233)
(-1189.76584159, -3024.6010809, 208.200725234)
(-1189.71609146, -3024.55039094, 208.200725232)
(-1189.66065766, -3024.49371134, 208.20072523)
(-1189.61642904, -3024.44857973, 208.200725235)
(-1189.56182336, -3024.39280292, 208.200725237)
(-1189.51181704, -3024.34176487, 208.200725231)
(-1189.46762073, -3024.29660393, 208.200725236)
(-1189.42918406, -3024.25735874, 208.200725234)
(-1189.38236612, -3024.20955716, 208.200725234)
(-1189.3179411, -3024.14373755, 208.200725233)
(-1189.26245936, -3024.08707687, 208.200725234)
(-1189.20813481, -3024.03159686, 208.200725234)
(-1189.17028082, -3023.99293761, 208.200725234)
(-1189.11075594, -3023.93214369, 208.200725234)
(-1189.05585386, -3023.87607188, 208.200725234)
(-1188.9876677, -3023.80641846, 208.200725242)
(-1188.93827515, -3023.75647355, 208.200725236)
(-1188.8849857, -3023.70283648, 208.200725241)
(-1188.84772697, -3023.66531362, 208.200725241)
(-1188.7926603, -3023.60995948, 208.200725241)
(-1188.74083277, -3023.55780765, 208.200725236)
(-1188.67527637, -3023.4919276, 208.200725235)
(-1188.61849004, -3023.43481465, 208.200725235)
(-1188.55291427, -3023.36896042, 208.200725236)
(-1188.4969809, -3023.31274852, 208.200725235)
(-1188.4448052, -3023.26036505, 208.200725235)
(-1188.39643678, -3023.21177345, 208.200725235)
(-1188.32533086, -3023.14035896, 208.200725237)
(-1188.26938237, -3023.08415953, 208.200725233)
(-1188.20263642, -3023.01714328, 208.200725231)
(-1188.15659179, -3022.97090046, 208.200725235)
(-1188.10034468, -3022.91442127, 208.200725235)
(-1188.05313348, -3022.8670086, 208.200725235)
(-1187.99367947, -3022.8073071, 208.200725232)
(-1187.94208582, -3022.75551493, 208.200725233)
(-1187.88461572, -3022.69790979, 208.200725236)
(-1187.83883795, -3022.65198723, 208.200725235)
(-1187.77844295, -3022.59146639, 208.200725236)
(-1187.72885939, -3022.54175177, 208.200725236)
(-1187.65767127, -3022.47041669, 208.200725235)
(-1187.61391586, -3022.4265579, 208.200725236)
(-1187.55673367, -3022.36925638, 208.200725235)
(-1187.5030562, -3022.3154631, 208.200725234)
(-1187.454339, -3022.26664169, 208.200725235)
(-1187.40795438, -3022.2201576, 208.200725227)
(-1187.34373986, -3022.15586593, 208.200725236)
(-1187.29150531, -3022.10354574, 208.200725237)
(-1187.24742231, -3022.05942485, 208.200725235)
(-1187.19751273, -3022.00945525, 208.200725234)
(-1187.1393831, -3021.95134231, 208.200725235)
(-1187.08595089, -3021.89788447, 208.200725236)
(-1187.02490789, -3021.83684701, 208.200725235)
(-1186.97672925, -3021.78864983, 208.200725233)
(-1186.93293041, -3021.74483311, 208.200725234)
(-1186.8821233, -3021.69400641, 208.200725234)
(-1186.82459976, -3021.63646166, 208.200725234)
(-1186.77817171, -3021.59001697, 208.200725234)
(-1186.73145076, -3021.54328087, 208.200725234)
(-1186.6832705, -3021.49508439, 208.200725234)
(-1186.62778924, -3021.43958641, 208.200725234)
(-1186.57318438, -3021.38496427, 208.200725234)
(-1186.50777303, -3021.31953541, 208.200725235)
(-1186.46017558, -3021.27192395, 208.200725234)
(-1186.40089494, -3021.21263354, 208.200725234)
(-1186.35534083, -3021.16706826, 208.200725235)
(-1186.29547619, -3021.10719586, 208.200725235)
(-1186.24408032, -3021.05578929, 208.200725235)
(-1186.18742901, -3020.99913347, 208.200725234)
(-1186.1369089, -3020.94860463, 208.200725235)
(-1186.07266495, -3020.88435799, 208.200725234)
(-1186.0157184, -3020.82740393, 208.200725235)
(-1185.96373727, -3020.77542505, 208.200725233)
(-1185.9164274, -3020.7281112, 208.200725235)
(-1185.86765733, -3020.67934281, 208.200725234)
(-1185.8124602, -3020.62414484, 208.200725235)
(-1185.76339565, -3020.57507944, 208.200725234)
(-1185.69824855, -3020.50996981, 208.200725236)
(-1185.6494711, -3020.46120312, 208.200725234)
(-1185.58579419, -3020.39754734, 208.200725234)
(-1185.5481152, -3020.35987727, 208.200725234)
(-1185.47187949, -3020.28366127, 208.200725234)
(-1185.41784454, -3020.22963783, 208.200725234)
(-1185.33898107, -3020.15079379, 208.200725234)
(-1185.27852057, -3020.09034487, 208.200725234)
(-1185.22594686, -3020.03778004, 208.200725234)
(-1185.16081367, -3019.97265849, 208.200725234)
(-1185.10824029, -3019.92009358, 208.200725234)
(-1185.04982508, -3019.86168793, 208.200725234)
(-1184.99695979, -3019.80883054, 208.200725234)
(-1184.94205008, -3019.75392895, 208.200725234)
(-1184.89561071, -3019.70749607, 208.200725233)
(-1184.82755811, -3019.63945266, 208.200725233)
(-1184.781703, -3019.59360353, 208.200725233)
(-1184.72153669, -3019.53344464, 208.200725233)
(-1184.67071663, -3019.48263083, 208.200725233)
(-1184.61142687, -3019.42334773, 208.200725233)
(-1184.56177537, -3019.37370169, 208.200725233)
(-1184.50686674, -3019.31879895, 208.200725233)
(-1184.46480915, -3019.27674571, 208.200725233)
(-1184.3985108, -3019.21045262, 208.200725233)
(-1184.34506278, -3019.15700963, 208.200725233)
(-1184.28022541, -3019.09217651, 208.200725233)
(-1184.23758401, -3019.04953872, 208.200725233)
(-1184.18442903, -3018.99638694, 208.200725233)
(-1184.13915902, -3018.95112069, 208.200725233)
(-1184.07110907, -3018.88307495, 208.200725233)
(-1184.02671545, -3018.83868481, 208.200725233)
(-1183.96567505, -3018.7776477, 208.200725233)
(-1183.92186548, -3018.73384155, 208.200725233)
(-1183.86111719, -3018.67309651, 208.200725233)
(-1183.81906021, -3018.63104256, 208.200725233)
(-1183.75042646, -3018.56241238, 208.200725233)
(-1183.7001917, -3018.51218126, 208.200725233)
(-1183.63710711, -3018.4490994, 208.200725233)
(-1183.59913909, -3018.41113388, 208.200725234)
(-1183.5386833, -3018.35068082, 208.200725233)
(-1183.48932539, -3018.30132523, 208.200725233)
(-1183.43324996, -3018.24525257, 208.200725233)
(-1183.38944111, -3018.20144587, 208.200725233)
(-1183.31788886, -3018.1298935, 208.200725233)
(-1183.26648672, -3018.07849348, 208.200725233)
(-1183.19172227, -3018.00372732, 208.200725233)
(-1183.12922203, -3017.94122898, 208.200725234)
(-1183.07869581, -3017.89070549, 208.200725234)
(-1183.02466593, -3017.83667664, 208.200725234)
(-1182.98056485, -3017.79257792, 208.200725234)
(-1182.93646439, -3017.7484787, 208.200725234)
(-1182.87542769, -3017.68743841, 208.200725233)
(-1182.82753084, -3017.63954199, 208.200725234)
(-1182.76561686, -3017.57762676, 208.200725233)
(-1182.72472906, -3017.53673964, 208.200725233)
(-1182.67274403, -3017.4847541, 208.200725233)
(-1182.61871351, -3017.4307253, 208.200725234)
(-1182.55592293, -3017.36793442, 208.200725234)
(-1182.49867997, -3017.31069298, 208.200725234)
(-1182.43822554, -3017.25023773, 208.200725234)
(-1182.39178865, -3017.20380184, 208.200725234)
(-1182.31614806, -3017.12816045, 208.200725234)
(-1182.26211791, -3017.07413145, 208.200725234)
(-1182.20604463, -3017.01805677, 208.200725234)
(-1182.15639523, -3016.96840804, 208.200725234)
(-1182.09477328, -3016.90678494, 208.200725234)
(-1182.0436638, -3016.85567626, 208.200725234)
(-1181.98642225, -3016.79843356, 208.200725234)
(-1181.93794093, -3016.74995326, 208.200725234)
(-1181.88975279, -3016.70176457, 208.200725234)
(-1181.84010343, -3016.6521163, 208.200725234)
(-1181.78315368, -3016.59516643, 208.200725234)
(-1181.7259113, -3016.53792423, 208.200725234)
(-1181.66633251, -3016.47834567, 208.200725234)
(-1181.61171889, -3016.4237322, 208.200725234)
(-1181.55856563, -3016.37057902, 208.200725234)
(-1181.51884655, -3016.33086005, 208.200725234)
(-1181.45167675, -3016.26368593, 208.200725234)
(-1181.40348815, -3016.21549711, 208.200725234)
(-1181.33836288, -3016.15036835, 208.200725234)
(-1181.29513939, -3016.10714438, 208.200725234)
(-1181.24023482, -3016.05223746, 208.200725234)
(-1181.19496648, -3016.00696919, 208.200725234)
(-1181.14269006, -3015.95469146, 208.200725234)
(-1181.0921649, -3015.90416668, 208.200725234)
(-1181.02616202, -3015.83816259, 208.200725234)
(-1180.98147769, -3015.79347871, 208.200725234)
(-1180.92073138, -3015.73273142, 208.200725234)
(-1180.87779951, -3015.68980007, 208.200725234)
(-1180.82756717, -3015.63956722, 208.200725234)
(-1180.76798866, -3015.57998857, 208.200725234)
(-1180.71279086, -3015.52479066, 208.200725234)
(-1180.65292277, -3015.46491801, 208.200725234)
(-1180.60911546, -3015.42110968, 208.200725234)
(-1180.55830005, -3015.37029176, 208.200725234)
(-1180.50719092, -3015.31918231, 208.200725234)
(-1180.4411883, -3015.25317736, 208.200725234)
(-1180.3953362, -3015.20732501, 208.200725235)
(-1180.33721926, -3015.14920621, 208.200725234)
(-1180.28961478, -3015.10160162, 208.200725235)
(-1180.23295737, -3015.04494287, 208.200725234)
(-1180.18126397, -3014.99324956, 208.200725235)
(-1180.12519089, -3014.93717534, 208.200725235)
(-1180.07378966, -3014.88577443, 208.200725235)
(-1180.02209699, -3014.83408089, 208.200725235)
(-1179.97157165, -3014.78355592, 208.200725235)
(-1179.92250729, -3014.73449101, 208.200725235)
(-1179.87052234, -3014.68250581, 208.200725235)
(-1179.81737045, -3014.62935149, 208.200725234)
(-1179.76246458, -3014.57444554, 208.200725235)
(-1179.70551548, -3014.51749427, 208.200725234)
(-1179.64652097, -3014.4584998, 208.200725235)
(-1179.57175772, -3014.38373349, 208.200725235)
(-1179.50867407, -3014.32065032, 208.200725235)
(-1179.45055609, -3014.26253159, 208.200725235)
(-1179.39565013, -3014.2076261, 208.200725235)
(-1179.33753251, -3014.14950775, 208.200725235)
(-1179.29109606, -3014.10307162, 208.200725235)
(-1179.24378382, -3014.05575897, 208.200725235)
(-1179.19880786, -3014.01078284, 208.200725235)
(-1179.13631022, -3013.9482829, 208.200725235)
(-1179.08549329, -3013.89746589, 208.200725235)
(-1179.0197827, -3013.83175318, 208.200725235)
(-1178.97159403, -3013.78356441, 208.200725235)
(-1178.92165407, -3013.73362291, 208.200725235)
(-1178.8749258, -3013.68689468, 208.200725235)
(-1178.80512633, -3013.61709384, 208.200725235)
(-1178.7548932, -3013.56686081, 208.200725235)
(-1178.69093459, -3013.50290077, 208.200725235)
(-1178.64479042, -3013.45675664, 208.200725235)
(-1178.59251395, -3013.40447915, 208.200725235)
(-1178.53994437, -3013.35190983, 208.200725235)
(-1178.47394107, -3013.28590558, 208.200725235)
(-1178.42020341, -3013.23216813, 208.200725235)
(-1178.36763483, -3013.17959871, 208.200725235)
(-1178.32674748, -3013.1387115, 208.200725235)
(-1178.26541682, -3013.07738033, 208.200725235)
(-1178.21459948, -3013.02656339, 208.200725235)
(-1178.13779048, -3012.94975373, 208.200725235)
(-1178.08668133, -3012.89864492, 208.200725235)
(-1178.02973163, -3012.84169435, 208.200725235)
(-1177.99147265, -3012.80343543, 208.200725235)
(-1177.93481493, -3012.74677728, 208.200725235)
(-1177.87961745, -3012.69157953, 208.200725235)
(-1177.83142907, -3012.64339105, 208.200725235)
(-1177.7785686, -3012.59052864, 208.200725235)
(-1177.73096402, -3012.54292394, 208.200725235)
(-1177.66758976, -3012.47954818, 208.200725235)
(-1177.61560461, -3012.42756308, 208.200725235)
(-1177.56332805, -3012.37528528, 208.200725235)
(-1177.51163463, -3012.32359196, 208.200725235)
(-1177.45497714, -3012.26693346, 208.200725235)
(-1177.4029919, -3012.21494841, 208.200725235)
(-1177.34750267, -3012.15945839, 208.200725235)
(-1177.31333246, -3012.12528835, 208.200725235)
(-1177.25842679, -3012.07038242, 208.200725235)
(-1177.20352114, -3012.01547661, 208.200725235)
(-1177.14861669, -3011.96057025, 208.200725235)
(-1177.10130442, -3011.91325779, 208.200725235)
(-1177.04464704, -3011.85659898, 208.200725235)
(-1176.99821067, -3011.81016254, 208.200725235)
(-1176.94272146, -3011.75467234, 208.200725235)
(-1176.89657729, -3011.70852826, 208.200725235)
(-1176.82677744, -3011.63872762, 208.200725235)
(-1176.77187143, -3011.583822, 208.200725235)
(-1176.71638206, -3011.52833173, 208.200725235)
(-1176.66060018, -3011.47254998, 208.200725235)
(-1176.59021649, -3011.4021651, 208.200725235)
(-1176.53735496, -3011.3493037, 208.200725235)
(-1176.45061654, -3011.2625634, 208.200725235)
(-1176.40184418, -3011.21379073, 208.200725235)
(-1176.34839997, -3011.16034448, 208.200725235)
(-1176.30517607, -3011.11712056, 208.200725236)
(-1176.25143847, -3011.0633831, 208.200725235)
(-1176.18485175, -3010.99679462, 208.200725235)
(-1176.13812355, -3010.95006637, 208.200725235)
(-1176.09548447, -3010.90742655, 208.200725235)
(-1176.04116256, -3010.85310485, 208.200725235)
(-1175.97515923, -3010.78710081, 208.200725235)
(-1175.92083759, -3010.73277941, 208.200725236)
(-1175.87031314, -3010.68225431, 208.200725235)
(-1175.82095614, -3010.63289765, 208.200725235)
(-1175.7680949, -3010.58003604, 208.200725235)
(-1175.71406512, -3010.52600662, 208.200725236)
(-1175.66120413, -3010.47314537, 208.200725235)
(-1175.60951082, -3010.42145241, 208.200725236)
(-1175.56336668, -3010.37530811, 208.200725235)
(-1175.50057652, -3010.31251591, 208.200725235)
(-1175.45501656, -3010.26695564, 208.200725235)
(-1175.40098777, -3010.21292583, 208.200725235)
(-1175.35601174, -3010.16794987, 208.200725236)
(-1175.29906193, -3010.11099938, 208.200725235)
(-1175.24590833, -3010.05784595, 208.200725236)
(-1175.18282573, -3009.99476265, 208.200725235)
(-1175.13784973, -3009.94978681, 208.200725236)
(-1175.08411244, -3009.89604909, 208.200725235)
(-1175.03767598, -3009.8496128, 208.200725236)
(-1174.97400891, -3009.78594543, 208.200725235)
(-1174.92494415, -3009.73688104, 208.200725236)
(-1174.86010897, -3009.67204552, 208.200725236)
(-1174.81133608, -3009.6232729, 208.200725236)
(-1174.75234177, -3009.56427827, 208.200725236)
(-1174.70561342, -3009.51755018, 208.200725236)
(-1174.6524603, -3009.46439687, 208.200725235)
(-1174.59375888, -3009.40569356, 208.200725235)
(-1174.54557026, -3009.3575047, 208.200725236)
(-1174.48599238, -3009.29792562, 208.200725236)
(-1174.44306087, -3009.25499401, 208.200725236)
(-1174.37939423, -3009.19132649, 208.200725235)
(-1174.32799296, -3009.13992532, 208.200725236)
(-1174.2684148, -3009.08034632, 208.200725235)
(-1174.21788986, -3009.02982141, 208.200725236)
(-1174.16327674, -3008.97520763, 208.200725236)
(-1174.11800864, -3008.92993961, 208.200725236)
(-1174.05287144, -3008.86482331, 208.200725225)
(-1173.99908904, -3008.81478216, 208.200725258)
(-1173.93518553, -3008.76099152, 208.200725291)
(-1173.88650741, -3008.7258003, 208.200725228)
(-1173.80690446, -3008.67864866, 208.200725151)
(-1173.75077589, -3008.64496275, 208.200725233)
(-1173.67064659, -3008.59548811, 208.200725244)
(-1173.61212898, -3008.55968413, 208.200725238)
(-1173.53839835, -3008.51469043, 208.200725238)
(-1173.48819698, -3008.48433422, 208.200725245)
(-1173.39617576, -3008.42887706, 208.200725238)
(-1173.33642889, -3008.39275051, 208.200725236)
(-1173.25401119, -3008.34299359, 208.200725232)
(-1173.20128339, -3008.31120772, 208.200725234)
(-1173.11452383, -3008.2590254, 208.200725231)
(-1173.05897228, -3008.22556078, 208.200725234)
(-1172.94320634, -3008.15593348, 208.200725237)
(-1172.88227456, -3008.11935315, 208.200725232)
(-1172.81171123, -3008.07711496, 208.200725241)
(-1172.74614456, -3008.03783992, 208.200725233)
(-1172.6820284, -3007.99939774, 208.200725236)
(-1172.61506706, -3007.95926395, 208.200725237)
(-1172.55520475, -3007.92336823, 208.200725234)
(-1172.49994765, -3007.89023092, 208.200725234)
(-1172.44504072, -3007.85731054, 208.200725235)
(-1172.38517362, -3007.82142032, 208.200725235)
(-1172.31928585, -3007.78191802, 208.200725235)
(-1172.24844621, -3007.73943145, 208.200725225)
(-1172.1933786, -3007.70010179, 208.20072534)
(-1172.14389777, -3007.65865457, 208.200725332)
(-1172.08718609, -3007.61020887, 208.200725177)
(-1172.02984364, -3007.56156378, 208.200725239)
(-1171.97764894, -3007.51638414, 208.200725224)
(-1171.91775721, -3007.46313002, 208.200725221)
(-1171.8620695, -3007.41274727, 208.200725224)
(-1171.80781246, -3007.36323241, 208.200725227)
(-1171.76065603, -3007.32054673, 208.200725239)
(-1171.69729074, -3007.26315514, 208.200725239)
(-1171.64005444, -3007.21130104, 208.200725243)
(-1171.57246612, -3007.14997019, 208.200725233)
(-1171.52350671, -3007.10558516, 208.20072524)
(-1171.47211754, -3007.05896384, 208.200725246)
(-1171.42410767, -3007.01538165, 208.200725239)
(-1171.36513087, -3006.96176884, 208.200725236)
(-1171.29887844, -3006.90143212, 208.200725237)
(-1171.24693722, -3006.85418744, 208.200725235)
(-1171.2029906, -3006.814127, 208.200725221)
(-1171.1541014, -3006.76844869, 208.200725239)
(-1171.10133518, -3006.71789328, 208.200725221)
(-1171.04768987, -3006.66536675, 208.200725244)
(-1170.98433012, -3006.60269096, 208.200725227)
(-1170.93836688, -3006.55753611, 208.200725238)
(-1170.89088149, -3006.51097545, 208.200725235)
(-1170.84279693, -3006.46384843, 208.200725237)
(-1170.78759162, -3006.40982029, 208.200725235)
(-1170.71813816, -3006.3419975, 208.200725233)
(-1170.66115793, -3006.28625413, 208.200725235)
(-1170.60624509, -3006.2325304, 208.200725234)
(-1170.56018939, -3006.18747155, 208.200725234)
(-1170.50793402, -3006.13634681, 208.200725234)
(-1170.45331779, -3006.0829104, 208.200725234)
(-1170.40667223, -3006.03727307, 208.200725234)
(-1170.34556196, -3005.97748182, 208.200725234)
(-1170.29922321, -3005.93212329, 208.200725241)
(-1170.23671066, -3005.87082379, 208.200725232)
(-1170.19144636, -3005.82617179, 208.200725238)
(-1170.1330254, -3005.76839714, 208.200725236)
(-1170.08876532, -3005.72448876, 208.200725237)
(-1170.0217154, -3005.65781837, 208.200725239)
(-1169.96985046, -3005.60630599, 208.200725229)
(-1169.91479949, -3005.55155847, 208.200725234)
(-1169.85797561, -3005.49507147, 208.200725241)
(-1169.78891115, -3005.42630131, 208.200725233)
(-1169.74469557, -3005.382317, 208.200725242)
(-1169.67386597, -3005.31179985, 208.200725233)
(-1169.61970603, -3005.25790148, 208.200725233)
(-1169.53601854, -3005.17454199, 208.200725233)
(-1169.48275007, -3005.12150312, 208.200725234)
(-1169.41690988, -3005.05592145, 208.200725236)
(-1169.37066974, -3005.0098734, 208.200725234)
(-1169.31799246, -3004.95741278, 208.200725234)
(-1169.26999541, -3004.90961625, 208.200725235)
(-1169.21058583, -3004.85045314, 208.200725234)
(-1169.16610884, -3004.80614846, 208.20072524)
(-1169.10120269, -3004.74139513, 208.200725234)
(-1169.05882644, -3004.69908333, 208.200725233)
(-1168.99867151, -3004.63892617, 208.200725234)
(-1168.94928639, -3004.58959811, 208.200725237)
(-1168.8873733, -3004.5276877, 208.200725234)
(-1168.84384314, -3004.48418686, 208.200725231)
(-1168.79682228, -3004.43716965, 208.200725233)
(-1168.74073826, -3004.38110498, 208.200725228)
(-1168.68845505, -3004.3288326, 208.200725235)
(-1168.62980246, -3004.27009157, 208.200725234)
(-1168.57841258, -3004.21867876, 208.200725235)
(-1168.5281913, -3004.16843409, 208.200725235)
(-1168.4826401, -3004.12286455, 208.200725235)
(-1168.42949761, -3004.06970053, 208.200725235)
(-1168.37693798, -3004.01712135, 208.200725235)
(-1168.30802637, -3003.9481846, 208.200725235)
(-1168.25283798, -3003.89297736, 208.200725235)
(-1168.19122525, -3003.83134448, 208.200725235)
(-1168.13487266, -3003.7749665, 208.200725235)
(-1168.08728132, -3003.72734957, 208.200725234)
(-1168.04581885, -3003.68586852, 208.200725235)
(-1167.9815821, -3003.62160245, 208.200725235)
(-1167.92960743, -3003.56960642, 208.200725235)
(-1167.86595369, -3003.50592608, 208.200725235)
(-1167.81193429, -3003.45188608, 208.200725235)
(-1167.76784285, -3003.40777788, 208.200725235)
(-1167.72229087, -3003.36220956, 208.200725235)
(-1167.66797872, -3003.3078785, 208.200725235)
(-1167.60636616, -3003.24624521, 208.200725236)
(-1167.55584943, -3003.1957121, 208.200725236)
(-1167.49219163, -3003.13203549, 208.200725236)
(-1167.45131052, -3003.09114217, 208.200725236)
(-1167.40050005, -3003.04031817, 208.200725236)
(-1167.34618621, -3002.98598891, 208.200725236)
(-1167.2816506, -3002.92143781, 208.200725237)
(-1167.23082459, -3002.87062774, 208.200725236)
(-1167.17673581, -3002.81664705, 208.200725234)
(-1167.13700236, -3002.77694389, 208.200725235)
(-1167.08441444, -3002.72439318, 208.200725235)
(-1167.03124304, -3002.67125786, 208.200725235)
(-1166.95791438, -3002.59797678, 208.200725235)
(-1166.90883447, -3002.54892785, 208.200725235)
(-1166.84923876, -3002.4893669, 208.200725234)
(-1166.8004515, -3002.44060848, 208.200725234)
(-1166.73998191, -3002.38016865, 208.200725234)
(-1166.69353332, -3002.33374505, 208.200725234)
(-1166.62898668, -3002.26920772, 208.200725242)
(-1166.57903699, -3002.21927516, 208.200725234)
(-1166.51595659, -3002.15618991, 208.200725234)
(-1166.42717114, -3002.06740879, 208.200725234)
(-1166.36029081, -3002.00053067, 208.200725236)
(-1166.26544863, -3001.90554958, 208.200725234)
(-1166.20501646, -3001.84507132, 208.200725236)
(-1166.13290623, -3001.77290802, 208.200725236)
(-1166.09407685, -3001.73405152, 208.200725236)
(-1166.0409409, -3001.68088089, 208.200725236)
(-1165.9930602, -3001.63296888, 208.200725236)
(-1165.93554216, -3001.57542022, 208.200725232)
(-1165.88619971, -3001.52604899, 208.200725236)
(-1165.82809542, -3001.4679228, 208.200725234)
(-1165.77991934, -3001.41972282, 208.200725233)
(-1165.7220948, -3001.3618934, 208.200725236)
(-1165.67303808, -3001.31282053, 208.200725238)
(-1165.61696443, -3001.25674544, 208.200725236)
(-1165.55067649, -3001.19045104, 208.200725236)
(-1165.5086249, -3001.14839294, 208.200725229)
(-1165.45313458, -3001.09290642, 208.200725236)
(-1165.39998308, -3001.03975534, 208.200725236)
(-1165.34945919, -3000.98923443, 208.200725236)
(-1165.29159893, -3000.93143821, 208.200725238)
(-1165.2451529, -3000.88501259, 208.200725235)
(-1165.18643645, -3000.82632363, 208.200725236)
(-1165.13794649, -3000.77785292, 208.200725235)
(-1165.07397408, -3000.71390681, 208.200725235)
(-1165.02402427, -3000.6639754, 208.200725235)
(-1164.96706363, -3000.60703586, 208.200725235)
(-1164.92733795, -3000.56732373, 208.200725235)
(-1164.86424433, -3000.50425107, 208.200725235)
(-1164.82013754, -3000.4601583, 208.200725235)
(-1164.75733695, -3000.39737672, 208.200725235)
(-1164.71673579, -3000.35678766, 208.200725235)
(-1164.66299095, -3000.30305789, 208.200725235)
(-1164.61976136, -3000.25984022, 208.200725234)
(-1164.56105183, -3000.20114473, 208.200725234)
(-1164.51636205, -3000.15646648, 208.200725234)
(-1164.45619317, -3000.09631087, 208.200725234)
(-1164.41004348, -3000.05017228, 208.200725234)
(-1164.3495826, -2999.98972372, 208.200725234)
(-1164.30284866, -2999.94300053, 208.200725234)
(-1164.23917571, -2999.87933947, 208.200725234)
(-1164.19331873, -2999.83349234, 208.200725234)
(-1164.13402741, -2999.77421121, 208.200725234)
(-1164.09109098, -2999.73128382, 208.200725234)
(-1164.03296812, -2999.67317019, 208.200725234)
(-1163.98389956, -2999.62410964, 208.200725234)
(-1163.93570777, -2999.57592541, 208.200725232)
(-1163.87761186, -2999.51778921, 208.200725238)
(-1163.82738338, -2999.46755092, 208.200725235)
(-1163.76751956, -2999.40767361, 208.200725234)
(-1163.71962692, -2999.35977319, 208.200725235)
(-1163.66618699, -2999.30632287, 208.200725235)
(-1163.61332924, -2999.25345746, 208.200725235)
(-1163.54966733, -2999.1897846, 208.200725235)
(-1163.50469432, -2999.14480545, 208.200725235)
(-1163.45066916, -2999.0907721, 208.200725235)
(-1163.40160739, -2999.0417043, 208.200725235)
(-1163.33998856, -2998.98007716, 208.200725235)
(-1163.28420965, -2998.9242921, 208.200725235)
(-1163.233396, -2998.87347212, 208.200725235)
(-1163.17966128, -2998.81973182, 208.200725235)
(-1163.11745779, -2998.75752135, 208.200725235)
(-1163.06051039, -2998.70056838, 208.200725235)
(-1162.99042179, -2998.6304724, 208.200725235)
(-1162.92792565, -2998.56797048, 208.200725235)
(-1162.86250931, -2998.50254763, 208.200725235)
(-1162.81841137, -2998.45844583, 208.200725235)
(-1162.77051705, -2998.41054727, 208.200725235)
(-1162.72087029, -2998.36089651, 208.200725235)
(-1162.65457725, -2998.29459819, 208.200725235)
(-1162.60113377, -2998.24115072, 208.200725235)
(-1162.53892902, -2998.17894148, 208.200725235)
(-1162.49599895, -2998.1360084, 208.200725235)
(-1162.43554626, -2998.07555173, 208.200725235)
(-1162.38998771, -2998.02999019, 208.200725235)
(-1162.33537571, -2997.97537487, 208.200725235)
(-1162.29156927, -2997.93156583, 208.200725235)
(-1162.23666489, -2997.87665874, 208.200725235)
(-1162.18847776, -2997.82846891, 208.200725235)
(-1162.12890061, -2997.76888901, 208.200725235)
(-1162.08012933, -2997.72011515, 208.200725235)
(-1162.01471111, -2997.65469419, 208.200725236)
(-1161.96827606, -2997.60825685, 208.200725235)
(-1161.91366339, -2997.55364216, 208.200725236)
(-1161.86343179, -2997.50340812, 208.200725235)
(-1161.79596904, -2997.43594301, 208.200725236)
(-1161.74602931, -2997.38600113, 208.200725235)
(-1161.68586748, -2997.32583756, 208.200725235)
(-1161.63884821, -2997.27881638, 208.200725235)
(-1161.57751826, -2997.21748472, 208.200725236)
(-1161.52874662, -2997.16871124, 208.200725235)
(-1161.47062898, -2997.11059211, 208.200725236)
(-1161.42068918, -2997.06065035, 208.200725235)
(-1161.36023528, -2997.00019497, 208.200725235)
(-1161.31584432, -2996.9558024, 208.200725235)
(-1161.25801869, -2996.89797538, 208.200725235)
(-1161.19756474, -2996.83751993, 208.200725235)
(-1161.13039373, -2996.77034738, 208.200725235)
(-1161.07957765, -2996.71952965, 208.200725235)
(-1161.02116768, -2996.66111882, 208.200725235)
(-1160.97736062, -2996.61731043, 208.200725235)
(-1160.91982688, -2996.55977572, 208.200725235)
(-1160.86725819, -2996.50720608, 208.200725235)
(-1160.81264508, -2996.45259194, 208.200725236)
(-1160.75540227, -2996.39535009, 208.200725236)
(-1160.70955058, -2996.3494977, 208.200725235)
(-1160.66048573, -2996.3004332, 208.200725235)
(-1160.61083763, -2996.25078416, 208.200725235)
(-1160.55359545, -2996.19354198, 208.200725235)
(-1160.50365515, -2996.1436007, 208.200725235)
(-1160.43648322, -2996.07642869, 208.200725235)
(-1160.38216232, -2996.02210666, 208.200725235)
(-1160.33076114, -2995.97070568, 208.200725235)
(-1160.2808208, -2995.92076443, 208.200725235)
(-1160.23263221, -2995.87257577, 208.200725235)
(-1160.18152386, -2995.82146623, 208.200725235)
(-1160.10208612, -2995.74202815, 208.200725235)
(-1160.03783534, -2995.67777619, 208.200725235)
(-1159.96248533, -2995.6024272, 208.200725235)
(-1159.90670386, -2995.54664515, 208.200725235)
(-1159.84361996, -2995.48356301, 208.200725235)
(-1159.79952037, -2995.43946319, 208.200725235)
(-1159.74315353, -2995.38309751, 208.200725235)
(-1159.68824813, -2995.32819177, 208.200725235)
(-1159.62487248, -2995.26481739, 208.200725235)
(-1159.57726842, -2995.21721282, 208.200725235)
(-1159.52615872, -2995.16610397, 208.200725235)
(-1159.47008515, -2995.11002987, 208.200725235)
(-1159.41196655, -2995.05191201, 208.200725235)
(-1159.36115004, -2995.00109491, 208.200725235)
(-1159.31763405, -2994.95757932, 208.200725235)
(-1159.26448103, -2994.90442557, 208.200725235)
(-1159.20548643, -2994.84543117, 208.200725235)
(-1159.15525405, -2994.79519812, 208.200725235)
(-1159.10005627, -2994.74000049, 208.200725235)
(-1159.04923967, -2994.68918317, 208.200725235)
(-1158.99959072, -2994.63953424, 208.200725235)
(-1158.94380761, -2994.58375348, 208.200725235)
(-1158.90058419, -2994.5405302, 208.200725235)
(-1158.84538594, -2994.48533297, 208.200725235)
(-1158.79544537, -2994.43539198, 208.200725235)
(-1158.73469803, -2994.37464546, 208.200725235)
(-1158.67862455, -2994.3185714, 208.200725235)
(-1158.61875365, -2994.25870135, 208.200725235)
(-1158.57377793, -2994.21372534, 208.200725235)
(-1158.51478298, -2994.15473101, 208.200725235)
(-1158.46046174, -2994.10040916, 208.200725235)
(-1158.39212137, -2994.03206962, 208.200725235)
(-1158.33604772, -2993.97599562, 208.200725235)
(-1158.28172542, -2993.9216743, 208.200725235)
(-1158.23937807, -2993.8793268, 208.200725235)
(-1158.18184371, -2993.82179294, 208.200725235)
(-1158.12927485, -2993.7692236, 208.200725235)
(-1158.05976615, -2993.69971547, 208.200725235)
(-1158.00748913, -2993.64743797, 208.200725235)
(-1157.95842417, -2993.59837351, 208.200725235)
(-1157.91286449, -2993.55281344, 208.200725235)
(-1157.84948915, -2993.48943839, 208.200725235)
(-1157.7922473, -2993.43219597, 208.200725235)
(-1157.72595124, -2993.36590043, 208.200725235)
(-1157.68301998, -2993.3229688, 208.200725235)
(-1157.62052079, -2993.26047008, 208.200725235)
(-1157.57087227, -2993.21082106, 208.200725235)
(-1157.50253175, -2993.14248102, 208.200725235)
(-1157.4578481, -2993.09779711, 208.200725235)
(-1157.40819925, -2993.04814858, 208.200725235)
(-1157.36176307, -2993.00171248, 208.200725235)
(-1157.30977783, -2992.94972716, 208.200725235)
(-1157.24552542, -2992.88547653, 208.200725235)
(-1157.18974372, -2992.82969487, 208.200725235)
(-1157.11994248, -2992.75989574, 208.200725235)
(-1157.07788702, -2992.71784032, 208.200725235)
(-1157.00896155, -2992.64891685, 208.200725235)
(-1156.93039983, -2992.57035533, 208.200725235)
(-1156.8874685, -2992.52742365, 208.200725235)
(-1156.82701344, -2992.46696907, 208.200725235)
(-1156.77473638, -2992.41469162, 208.200725234)
(-1156.70727226, -2992.34722801, 208.200725235)
(-1156.65236692, -2992.29232225, 208.200725234)
(-1156.58519455, -2992.22515069, 208.200725235)
(-1156.53905046, -2992.17900639, 208.200725234)
(-1156.4841444, -2992.12410094, 208.200725235)
(-1156.43332772, -2992.07328404, 208.200725234)
(-1156.36995229, -2992.00990913, 208.200725235)
(-1156.316507, -2991.95646343, 208.200725234)
(-1156.25546781, -2991.89542484, 208.200725235)
(-1156.21224441, -2991.85220121, 208.200725234)
(-1156.15237371, -2991.79233095, 208.200725234)
(-1156.10768998, -2991.74764699, 208.200725234)
(-1156.05044757, -2991.69040481, 208.200725234)
(-1156.00079873, -2991.6407561, 208.200725234)
(-1155.94852083, -2991.58847966, 208.200725235)
(-1155.90500524, -2991.54496431, 208.200725234)
(-1155.85009897, -2991.49005892, 208.200725234)
(-1155.8013264, -2991.44128624, 208.200725234)
(-1155.73444615, -2991.3744068, 208.200725234)
(-1155.67808046, -2991.31804096, 208.200725234)
(-1155.61178414, -2991.25174575, 208.200725235)
(-1155.57148101, -2991.21144259, 208.200725234)
(-1155.51949536, -2991.1594576, 208.200725234)
(-1155.46984681, -2991.1098089, 208.200725234)
(-1155.3997542, -2991.03971694, 208.200725234)
(-1155.3483532, -2990.98831573, 208.200725234)
(-1155.28643773, -2990.92640102, 208.200725234)
(-1155.24204605, -2990.8820092, 208.200725234)
(-1155.18772432, -2990.82768794, 208.200725234)
(-1155.14158034, -2990.7815438, 208.200725234)
(-1155.08287766, -2990.72284144, 208.200725234)
(-1155.0311844, -2990.67114833, 208.200725234)
(-1154.97072978, -2990.61069379, 208.200725234)
(-1154.92078899, -2990.56075313, 208.200725234)
(-1154.86617441, -2990.5061401, 208.200725235)
(-1154.81623344, -2990.45619945, 208.200725234)
(-1154.7613271, -2990.40129426, 208.200725234)
(-1154.7110944, -2990.35106159, 208.200725234)
(-1154.65385185, -2990.29381997, 208.200725234)
(-1154.61238055, -2990.25234869, 208.200725234)
(-1154.54958896, -2990.18955771, 208.200725234)
(-1154.49293113, -2990.13289971, 208.200725234)
(-1154.43481263, -2990.07478189, 208.200725234)
(-1154.38078321, -2990.02075232, 208.200725234)
(-1154.32704529, -2989.96701496, 208.200725234)
(-1154.27476823, -2989.91473757, 208.200725234)
(-1154.1976664, -2989.83763647, 208.200725234)
(-1154.13867208, -2989.77864205, 208.200725234)
(-1154.06945501, -2989.70942622, 208.200725234)
(-1154.0087083, -2989.64867953, 208.200725234)
(-1153.95526228, -2989.59523492, 208.200725234)
(-1153.90999432, -2989.54996716, 208.200725234)
(-1153.84398987, -2989.48396386, 208.200725234)
(-1153.78966828, -2989.42964232, 208.200725234)
(-1153.72570846, -2989.36568373, 208.200725234)
(-1153.68394514, -2989.32392061, 208.200725234)
(-1153.63049918, -2989.27047546, 208.200725234)
(-1153.58026631, -2989.22024251, 208.200725234)
(-1153.52273183, -2989.16270863, 208.200725234)
(-1153.47483561, -2989.1148122, 208.200725234)
(-1153.41321252, -2989.05318958, 208.200725234)
(-1153.37290948, -2989.01288634, 208.200725234)
(-1153.32296843, -2988.96294548, 208.200725234)
(-1153.27273578, -2988.91271255, 208.200725234)
(-1153.21753806, -2988.85751491, 208.200725234)
(-1153.13254975, -2988.77252903, 208.200725234)
(-1153.07443155, -2988.71441072, 208.200725234)
(-1153.00579921, -2988.64577888, 208.200725234)
(-1152.94855731, -2988.58853682, 208.200725234)
(-1152.8913148, -2988.53129498, 208.200725234)
(-1152.84487863, -2988.48485866, 208.200725234)
(-1152.79230907, -2988.43228954, 208.200725234)
(-1152.74120027, -2988.3811806, 208.200725234)
(-1152.68074545, -2988.32072615, 208.200725234)
(-1152.62876035, -2988.26874082, 208.200725234)
(-1152.56684511, -2988.20682593, 208.200725234)
(-1152.52771034, -2988.16769102, 208.200725234)
(-1152.46258282, -2988.10256373, 208.200725234)
(-1152.40942959, -2988.04941024, 208.200725234)
(-1152.34021305, -2987.98019403, 208.200725234)
(-1152.29114853, -2987.93112928, 208.200725234)
(-1152.23127792, -2987.871259, 208.200725234)
(-1152.18863854, -2987.82861944, 208.200725234)
(-1152.12759952, -2987.76758064, 208.200725234)
(-1152.07649059, -2987.71647147, 208.200725234)
(-1152.00318558, -2987.64316673, 208.200725234)
(-1151.95499724, -2987.59497822, 208.200725234)
(-1151.88811713, -2987.52809851, 208.200725234)
(-1151.84518558, -2987.48516682, 208.200725234)
(-1151.78852745, -2987.42850896, 208.200725234)
(-1151.74063121, -2987.38061254, 208.200725234)
(-1151.66937049, -2987.30935209, 208.200725234)
(-1151.60891586, -2987.2488972, 208.200725234)
(-1151.54086761, -2987.18084942, 208.200725234)
(-1151.49793621, -2987.13791785, 208.200725234)
(-1151.43894159, -2987.07892363, 208.200725234)
(-1151.38491206, -2987.02489401, 208.200725234)
(-1151.30781009, -2986.94779261, 208.200725234)
(-1151.24560328, -2986.88558572, 208.200725234)
(-1151.1661646, -2986.80614827, 208.200725234)
(-1151.08585026, -2986.72583408, 208.200725234)
(-1151.02451956, -2986.66450325, 208.200725234)
(-1150.95179834, -2986.59178294, 208.200725234)
(-1150.89776873, -2986.5377534, 208.200725234)
(-1150.83234853, -2986.47233426, 208.200725234)
(-1150.79058521, -2986.430571, 208.200725234)
(-1150.73859977, -2986.37858626, 208.200725234)
(-1150.68515437, -2986.3251409, 208.200725234)
(-1150.61652172, -2986.25650893, 208.200725234)
(-1150.56599685, -2986.20598405, 208.200725234)
(-1150.50495783, -2986.1449457, 208.200725234)
(-1150.4512204, -2986.09120826, 208.200725234)
(-1150.39719044, -2986.03717888, 208.200725234)
(-1150.349294, -2985.98928241, 208.200725234)
(-1150.27978553, -2985.91977451, 208.200725234)
(-1150.23334945, -2985.87333835, 208.200725234)
(-1150.16646924, -2985.80645873, 208.200725234)
(-1150.11828069, -2985.75827018, 208.200725234)
(-1150.05607345, -2985.69606347, 208.200725234)
(-1150.00584072, -2985.64583069, 208.200725234)
(-1149.9415891, -2985.58157958, 208.200725234)
(-1149.89953368, -2985.53952408, 208.200725234)
(-1149.84258339, -2985.4825741, 208.200725234)
(-1149.79468707, -2985.43467771, 208.200725234)
(-1149.73189592, -2985.37188684, 208.200725234)
(-1149.68429157, -2985.32428236, 208.200725234)
(-1149.61828767, -2985.25827869, 208.200725234)
(-1149.57389594, -2985.21388681, 208.200725234)
(-1149.51694587, -2985.15693694, 208.200725234)
(-1149.47138596, -2985.11137686, 208.200725234)
(-1149.40246161, -2985.04245262, 208.200725234)
(-1149.35485727, -2984.99484813, 208.200725234)
(-1149.28885362, -2984.92884464, 208.200725234)
(-1149.24183346, -2984.88182435, 208.200725234)
(-1149.18488326, -2984.8248743, 208.200725234)
(-1149.14487223, -2984.78486312, 208.200725234)
(-1149.07886854, -2984.71885946, 208.200725234)
(-1149.03184831, -2984.67183925, 208.200725234)
(-1148.97197738, -2984.61196904, 208.200725234)
(-1148.92466499, -2984.5646567, 208.200725234)
(-1148.85924503, -2984.49923736, 208.200725234)
(-1148.81514533, -2984.45513766, 208.200725234)
(-1148.7491415, -2984.38913434, 208.200725234)
(-1148.69306757, -2984.33306042, 208.200725234)
(-1148.62793962, -2984.26793311, 208.200725234)
(-1148.57975117, -2984.21974466, 208.200725234)
(-1148.51199497, -2984.15198911, 208.200725234)
(-1148.4290523, -2984.06904645, 208.200725234)
(-1148.36859768, -2984.00859163, 208.200725234)
(-1148.31135549, -2983.95134975, 208.200725234)
(-1148.26754788, -2983.90754206, 208.200725234)
(-1148.20388045, -2983.84387488, 208.200725234)
(-1148.1492578, -2983.78926257, 208.200725235)
(-1148.08206361, -2983.72211046, 208.200725235)
(-1148.02978149, -2983.66983966, 208.200725234)
(-1147.9769159, -2983.6169826, 208.200725234)
(-1147.93573298, -2983.57580695, 208.200725234)
(-1147.87556576, -2983.51564927, 208.200725234)
(-1147.81831868, -2983.45841189, 208.200725234)
(-1147.750558, -2983.39066061, 208.200725234)
(-1147.69301944, -2983.33313091, 208.200725234)
(-1147.62438367, -2983.26450297, 208.200725234)
(-1147.57385508, -2983.21398127, 208.200725234)
(-1147.5250801, -2983.16521088, 208.200725234)
(-1147.48039306, -2983.12052986, 208.200725234)
(-1147.4196437, -2983.05978662, 208.200725234)
(-1147.36385814, -2983.00400825, 208.200725234)
(-1147.29872767, -2982.9388834, 208.200725234)
(-1147.23476448, -2982.87492785, 208.200725234)
(-1147.17547773, -2982.81564294, 208.200725233)
(-1147.13692502, -2982.77709375, 208.200725234)
(-1147.08172572, -2982.72189747, 208.200725233)
(-1147.02594082, -2982.66611797, 208.200725234)
(-1146.95117424, -2982.59135487, 208.200725234)
(-1146.89305344, -2982.53323928, 208.200725234)
(-1146.82880414, -2982.46898485, 208.200725233)
(-1146.77623384, -2982.41641583, 208.200725234)
(-1146.71169393, -2982.35186834, 208.200725234)
(-1146.6675945, -2982.30776811, 208.200725234)
(-1146.60626653, -2982.24643453, 208.200725234)
(-1146.55924633, -2982.19941337, 208.200725234)
(-1146.50434256, -2982.14450598, 208.200725234)
(-1146.45177364, -2982.09193621, 208.200725234)
(-1146.38635617, -2982.02651511, 208.200725234)
(-1146.33962789, -2981.97978637, 208.200725234)
(-1146.27946666, -2981.91962204, 208.200725234)
(-1146.2382874, -2981.87844259, 208.200725234)
(-1146.1746218, -2981.81477458, 208.200725234)
(-1146.12030013, -2981.76045264, 208.200725234)
(-1146.05166919, -2981.69181899, 208.200725234)
(-1145.99705562, -2981.63720514, 208.200725234)
(-1145.92608928, -2981.5662352, 208.200725234)
(-1145.88082138, -2981.52096694, 208.200725234)
(-1145.83321801, -2981.47336127, 208.200725234)
(-1145.77626781, -2981.41641072, 208.200725235)
(-1145.70822156, -2981.34836181, 208.200725234)
(-1145.64104983, -2981.28118976, 208.200725235)
(-1145.5548972, -2981.19503132, 208.200725234)
(-1145.48042495, -2981.12055715, 208.200725235)
(-1145.41792605, -2981.05805832, 208.200725235)
(-1145.34257854, -2980.98270678, 208.200725234)
(-1145.29789474, -2980.9380224, 208.200725235)
(-1145.24707953, -2980.8872042, 208.200725235)
(-1145.19859532, -2980.83872562, 208.200725236)
(-1145.13316915, -2980.77331257, 208.200725236)
(-1145.07680133, -2980.71694934, 208.200725235)
(-1145.01313247, -2980.65328385, 208.200725235)
(-1144.96903335, -2980.60918413, 208.200725234)
(-1144.92318316, -2980.56333076, 208.200725234)
(-1144.87149019, -2980.51163682, 208.200725235)
(-1144.80870049, -2980.44884406, 208.200725235)
(-1144.7549633, -2980.39510612, 208.200725235)
(-1144.68837765, -2980.32851709, 208.200725235)
(-1144.63726879, -2980.27740753, 208.200725235)
(-1144.58528479, -2980.22542083, 208.200725235)
(-1144.54001682, -2980.18015237, 208.200725235)
(-1144.47781131, -2980.11794464, 208.200725235)
(-1144.42115344, -2980.0612865, 208.200725235)
(-1144.35923958, -2979.99937024, 208.200725235)
(-1144.30900669, -2979.94913687, 208.200725235)
(-1144.24242049, -2979.88254814, 208.200725235)
(-1144.19569242, -2979.83581979, 208.200725235)
(-1144.14195589, -2979.78208132, 208.200725235)
(-1144.09026257, -2979.73038784, 208.200725235)
(-1144.02572023, -2979.66584355, 208.200725235)
(-1143.97694775, -2979.61707088, 208.200725235)
(-1143.91415771, -2979.55427908, 208.200725235)
(-1143.87034983, -2979.51047104, 208.200725235)
(-1143.82157771, -2979.46169782, 208.200725235)
(-1143.76754862, -2979.40766793, 208.200725235)
(-1143.70300781, -2979.34312282, 208.200725235)
(-1143.65365141, -2979.29376546, 208.200725235)
(-1143.60692432, -2979.24703568, 208.200725235)
(-1143.55318684, -2979.19329767, 208.200725235)
(-1143.48835311, -2979.12846126, 208.200725235)
(-1143.43198732, -2979.07209513, 208.200725235)
(-1143.38905665, -2979.0291626, 208.200725235)
(-1143.33765544, -2978.97776104, 208.200725235)
(-1143.26785637, -2978.90795983, 208.200725235)
(-1143.21382703, -2978.85393028, 208.200725235)
(-1143.15134399, -2978.79141816, 208.200725222)
(-1143.09978196, -2978.73046587, 208.200725219)
(-1143.06050217, -2978.66800781, 208.200725222)
(-1143.02955449, -2978.60971138, 208.200725211)
(-1142.98977668, -2978.54064316, 208.200725237)
(-1142.94547709, -2978.46911576, 208.200725242)
(-1142.8984076, -2978.39408599, 208.200725202)
(-1142.86052066, -2978.33080569, 208.200725225)
(-1142.81866964, -2978.26063981, 208.20072523)
(-1142.78285123, -2978.20121091, 208.200725235)
(-1142.73595596, -2978.12338387, 208.20072524)
(-1142.6942581, -2978.05398265, 208.200725234)
(-1142.64711551, -2977.97531966, 208.200725232)
(-1142.61352334, -2977.91937053, 208.200725233)
(-1142.5604104, -2977.83081595, 208.200725234)
(-1142.52279381, -2977.76813125, 208.200725236)
(-1142.4682248, -2977.67708054, 208.200725235)
(-1142.42998832, -2977.61332266, 208.200725235)
(-1142.38454567, -2977.53751081, 208.200725234)
(-1142.34992521, -2977.47977149, 208.200725235)
(-1142.31530474, -2977.42203313, 208.200725235)
(-1142.27070401, -2977.34764496, 208.200725235)
(-1142.23735753, -2977.29203077, 208.200725235)
(-1142.19190602, -2977.21622528, 208.200725235)
(-1142.15388681, -2977.15281899, 208.200725235)
(-1142.11012017, -2977.07985897, 208.200725223)
(-1142.07542261, -2977.02899738, 208.20072526)
(-1142.02693767, -2976.96368076, 208.200725309)
(-1141.98058724, -2976.90704619, 208.200725277)
(-1141.91248259, -2976.83123341, 208.200725172)
(-1141.86158629, -2976.77459259, 208.200725217)
(-1141.80091957, -2976.70639162, 208.200725245)
(-1141.75934991, -2976.6603677, 208.20072523)
(-1141.70903362, -2976.60497921, 208.200725232)
(-1141.66042727, -2976.55147027, 208.200725233)
(-1141.59565539, -2976.48028142, 208.200725236)
(-1141.54426715, -2976.42373239, 208.200725236)
(-1141.47863395, -2976.35165935, 208.200725235)
(-1141.4363993, -2976.30521043, 208.200725235)
(-1141.38610526, -2976.24990036, 208.200725235)
(-1141.34387385, -2976.20344971, 208.200725234)
(-1141.27469374, -2976.1273525, 208.200725234)
(-1141.22857278, -2976.07662188, 208.200725234)
(-1141.16604251, -2976.00787703, 208.200725227)
(-1141.12045067, -2975.95921774, 208.200725247)
(-1141.04940499, -2975.8857028, 208.200725236)
(-1141.00677173, -2975.84240952, 208.200725232)
(-1140.94202961, -2975.77685693, 208.200725237)
(-1140.89543373, -2975.72941719, 208.200725233)
(-1140.82888254, -2975.66163084, 208.200725232)
(-1140.7820077, -2975.61388473, 208.200725237)
(-1140.71927352, -2975.54988401, 208.200725232)
(-1140.67328942, -2975.50300054, 208.200725237)
(-1140.61925082, -2975.447825, 208.200725233)
(-1140.57358002, -2975.40121378, 208.200725235)
(-1140.51205857, -2975.33833856, 208.200725233)
(-1140.46986759, -2975.29525551, 208.200725233)
(-1140.40457846, -2975.22854782, 208.200725233)
(-1140.35372135, -2975.17660742, 208.200725235)
(-1140.28986134, -2975.11138795, 208.200725235)
(-1140.24565114, -2975.06623563, 208.200725234)
(-1140.18352633, -2975.00278518, 208.200725237)
(-1140.13212589, -2974.95077511, 208.200725233)
(-1140.07162493, -2974.88975847, 208.200725231)
(-1140.01925604, -2974.8369676, 208.200725236)
(-1139.95577653, -2974.77308967, 208.200725236)
(-1139.8905652, -2974.70745342, 208.200725236)
(-1139.82645298, -2974.64304937, 208.200725235)
(-1139.77345049, -2974.58974518, 208.200725235)
(-1139.7023394, -2974.51832645, 208.200725236)
(-1139.64320096, -2974.45889467, 208.200725236)
(-1139.55427275, -2974.36966162, 208.200725235)
(-1139.49539957, -2974.31054682, 208.200725235)
(-1139.42137033, -2974.23621414, 208.200725235)
(-1139.37328156, -2974.18792656, 208.200725235)
(-1139.32169467, -2974.13612734, 208.200725235)
(-1139.27127449, -2974.08549805, 208.200725235)
(-1139.20278418, -2974.01672414, 208.200725235)
(-1139.15236268, -2973.96609601, 208.200725235)
(-1139.08911513, -2973.90259329, 208.200725234)
(-1139.04276633, -2973.85606933, 208.200725235)
(-1138.98558672, -2973.79875589, 208.200725235)
(-1138.93543334, -2973.74844828, 208.200725236)
(-1138.865408, -2973.678285, 208.200725235)
(-1138.8137789, -2973.62652799, 208.200725236)
(-1138.75163317, -2973.56425735, 208.200725232)
(-1138.71050146, -2973.52303075, 208.200725235)
(-1138.65127976, -2973.46368377, 208.200725235)
(-1138.60256276, -2973.41485675, 208.200725235)
(-1138.53867503, -2973.35083524, 208.200725235)
(-1138.48908116, -2973.30113999, 208.200725235)
(-1138.44062736, -2973.25262954, 208.200725235)
(-1138.3878037, -2973.19973149, 208.200725232)
(-1138.31711552, -2973.1290575, 208.200725234)
(-1138.26864788, -2973.08056301, 208.200725236)
(-1138.20468846, -2973.01660156, 208.200725236)
(-1138.1585553, -2972.97044754, 208.200725234)
(-1138.08818705, -2972.90004695, 208.200725234)
(-1138.03416927, -2972.84600521, 208.200725234)
(-1137.97139081, -2972.78320111, 208.200725235)
(-1137.92613231, -2972.73792397, 208.200725235)
(-1137.865981, -2972.67775037, 208.200725235)
(-1137.8160498, -2972.62779986, 208.200725235)
(-1137.75180744, -2972.5635382, 208.200725235)
(-1137.70829936, -2972.52001522, 208.200725235)
(-1137.6463945, -2972.45809684, 208.200725235)
(-1137.59646124, -2972.40814878, 208.200725235)
(-1137.53251269, -2972.34419155, 208.200725234)
(-1137.47381943, -2972.28548913, 208.200725229)
(-1137.42300805, -2972.23466719, 208.200725237)
(-1137.36722911, -2972.17888907, 208.200725236)
(-1137.30298229, -2972.11463969, 208.200725237)
(-1137.25917658, -2972.07082952, 208.200725235)
(-1137.20690228, -2972.01855867, 208.200725237)
(-1137.16017511, -2971.97183232, 208.200725236)
(-1137.09501452, -2971.90673331, 208.200725238)
(-1137.04798501, -2971.85972243, 208.200725234)
(-1137.00007788, -2971.81183595, 208.200725235)
(-1136.94983619, -2971.76161268, 208.200725234)
(-1136.88644927, -2971.69824955, 208.200725234)
(-1136.83124251, -2971.64306111, 208.200725234)
(-1136.76960897, -2971.58144853, 208.200725234)
(-1136.7129424, -2971.52479928, 208.200725234)
(-1136.65423115, -2971.46610597, 208.200725234)
(-1136.60983303, -2971.42172055, 208.200725234)
(-1136.54119156, -2971.35309784, 208.200725234)
(-1136.48306569, -2971.29498733, 208.200725234)
(-1136.40566272, -2971.21760289, 208.200725233)
(-1136.3472455, -2971.15919956, 208.200725233)
(-1136.26780058, -2971.07976907, 208.200725233)
(-1136.22281949, -2971.03479801, 208.200725233)
(-1136.1690767, -2970.98106571, 208.200725233)
(-1136.1159175, -2970.92791793, 208.200725233)
(-1136.05224484, -2970.86425671, 208.200725233)
(-1136.00113068, -2970.81315277, 208.200725233)
(-1135.94213141, -2970.75416305, 208.200725233)
(-1135.89481437, -2970.70685498, 208.200725233)
(-1135.83756818, -2970.64961734, 208.200725233)
(-1135.79288014, -2970.60493762, 208.200725234)
(-1135.73767882, -2970.54974416, 208.200725231)
(-1135.67520418, -2970.48722504, 208.200725232)
(-1135.62702024, -2970.43903138, 208.200725234)
(-1135.58555404, -2970.39755545, 208.200725233)
(-1135.53707768, -2970.34907029, 208.200725234)
(-1135.47400074, -2970.28598113, 208.200725234)
(-1135.42055942, -2970.23253116, 208.200725234)
(-1135.35631389, -2970.16827419, 208.200725234)
(-1135.30082818, -2970.11278016, 208.200725234)
(-1135.25702407, -2970.06896891, 208.200725234)
(-1135.21234319, -2970.0242818, 208.200725234)
(-1135.144008, -2969.95593686, 208.200725234)
(-1135.0893978, -2969.90131965, 208.200725234)
(-1135.02777899, -2969.83969275, 208.200725234)
(-1134.98251369, -2969.79442202, 208.200725234)
(-1134.92790333, -2969.73980516, 208.200725234)
(-1134.88380601, -2969.69570287, 208.200725234)
(-1134.8315316, -2969.64342274, 208.200725234)
(-1134.78013321, -2969.59201888, 208.200725234)
(-1134.71500899, -2969.52688816, 208.200725234)
(-1134.66740696, -2969.47928147, 208.200725235)
(-1134.6189285, -2969.43079871, 208.200725235)
(-1134.56957401, -2969.38143969, 208.200725235)
(-1134.50415706, -2969.31601744, 208.200725235)
(-1134.45713887, -2969.26899524, 208.200725235)
(-1134.39493419, -2969.20678603, 208.200725235)
(-1134.34733167, -2969.15917964, 208.200725235)
(-1134.2997287, -2969.11157351, 208.200725235)
(-1134.24920581, -2969.0610467, 208.200725235)
(-1134.18378844, -2968.99562518, 208.200725235)
(-1134.12946887, -2968.94130161, 208.200725235)
(-1134.07135199, -2968.88318157, 208.200725235)
(-1134.02666965, -2968.83849619, 208.200725235)
(-1133.97439388, -2968.78621765, 208.200725235)
(-1133.9238708, -2968.73569123, 208.200725235)
(-1133.8683823, -2968.68019981, 208.200725235)
(-1133.81376859, -2968.62558566, 208.200725235)
(-1133.77667907, -2968.5884943, 208.200725235)
(-1133.71710159, -2968.52891494, 208.200725235)
(-1133.66248959, -2968.47430003, 208.200725235)
(-1133.59765467, -2968.40946348, 208.200725235)
(-1133.5415821, -2968.35338822, 208.200725235)
(-1133.47499494, -2968.28680013, 208.200725235)
(-1133.42914399, -2968.24094736, 208.200725235)
(-1133.38270792, -2968.19451064, 208.200725235)
(-1133.32546702, -2968.13726726, 208.200725235)
(-1133.25537507, -2968.06717433, 208.200725235)
(-1133.19813428, -2968.00993143, 208.200725235)
(-1133.12366089, -2967.93545818, 208.200725235)
(-1133.06875595, -2967.88055157, 208.200725235)
(-1133.02348743, -2967.83528384, 208.200725235)
(-1132.97471584, -2967.78651101, 208.200725234)
(-1132.9168896, -2967.7286848, 208.200725235)
(-1132.85964832, -2967.67144188, 208.200725235)
(-1132.80415806, -2967.61595187, 208.200725235)
(-1132.7621034, -2967.57389613, 208.200725235)
(-1132.70544569, -2967.51723814, 208.200725235)
(-1132.65813421, -2967.46992518, 208.200725234)
(-1132.60381256, -2967.41560304, 208.200725235)
(-1132.55445672, -2967.3662455, 208.200725234)
(-1132.49925946, -2967.31104746, 208.200725234)
(-1132.44172607, -2967.25351301, 208.200725234)
(-1132.38974127, -2967.20152728, 208.200725234)
(-1132.32928692, -2967.14107184, 208.200725234)
(-1132.28518751, -2967.09697169, 208.200725234)
(-1132.23115695, -2967.04294333, 208.200725235)
(-1132.17654388, -2966.98832966, 208.200725234)
(-1132.12134503, -2966.93313227, 208.200725235)
(-1132.0725727, -2966.88435943, 208.200725234)
(-1132.02292348, -2966.83471109, 208.200725235)
(-1131.96685041, -2966.77863708, 208.200725234)
(-1131.9040588, -2966.71584627, 208.200725234)
(-1131.84973756, -2966.66152412, 208.200725234)
(-1131.79512335, -2966.60691079, 208.200725234)
(-1131.75014807, -2966.56193476, 208.200725234)
(-1131.68706473, -2966.49885194, 208.200725234)
(-1131.62807079, -2966.43985696, 208.200725234)
(-1131.57433267, -2966.38611955, 208.200725234)
(-1131.52906524, -2966.34085143, 208.200725234)
(-1131.47678804, -2966.28857446, 208.200725234)
(-1131.43006037, -2966.24184594, 208.200725234)
(-1131.37953522, -2966.19132069, 208.200725234)
(-1131.31557277, -2966.12736356, 208.200725235)
(-1131.27234926, -2966.08414034, 208.200725234)
(-1131.21481404, -2966.02660748, 208.200725234)
(-1131.16574937, -2965.97754311, 208.200725234)
(-1131.10996626, -2965.92176182, 208.200725235)
(-1131.0606097, -2965.87240512, 208.200725234)
(-1131.00745578, -2965.81925251, 208.200725234)
(-1130.95634708, -2965.76814363, 208.200725234)
(-1130.89005042, -2965.70184832, 208.200725234)
(-1130.84799498, -2965.65979289, 208.200725234)
(-1130.78870803, -2965.60050688, 208.200725234)
(-1130.74256427, -2965.55436287, 208.200725234)
(-1130.67948068, -2965.49128007, 208.200725234)
(-1130.61581294, -2965.42761298, 208.200725234)
(-1130.57317362, -2965.38497327, 208.200725234)
(-1130.52089621, -2965.33269642, 208.200725234)
(-1130.45985745, -2965.27165806, 208.200725234)
(-1130.38421559, -2965.19601676, 208.200725234)
(-1130.33398279, -2965.14578374, 208.200725234)
(-1130.28258132, -2965.0943832, 208.200725234)
(-1130.23234885, -2965.04415045, 208.200725234)
(-1130.1523259, -2964.96412866, 208.200725234)
(-1130.09216323, -2964.90396588, 208.200725234)
(-1130.03316807, -2964.84497251, 208.200725234)
(-1129.97884671, -2964.79065113, 208.200725234)
(-1129.9251083, -2964.73691424, 208.200725234)
(-1129.8666979, -2964.67850384, 208.200725234)
(-1129.80069333, -2964.61250111, 208.200725234)
(-1129.74958451, -2964.56139239, 208.200725234)
(-1129.68328768, -2964.49509763, 208.200725234)
(-1129.63451489, -2964.44632499, 208.200725234)
(-1129.58369708, -2964.39550865, 208.200725234)
(-1129.53492476, -2964.34673626, 208.200725234)
(-1129.46892055, -2964.28073333, 208.200725234)
(-1129.41868766, -2964.23050045, 208.200725234)
(-1129.35443534, -2964.16624949, 208.200725234)
(-1129.30449471, -2964.11630883, 208.200725234)
(-1129.25338533, -2964.06520041, 208.200725234)
(-1129.21308236, -2964.02489743, 208.200725234)
(-1129.1462019, -2963.95801768, 208.200725234)
(-1129.09801352, -2963.90982909, 208.200725234)
(-1129.02675272, -2963.83856908, 208.200725234)
(-1128.97389162, -2963.78570776, 208.200725234)
(-1128.90876337, -2963.72058058, 208.200725234)
(-1128.8614511, -2963.67326804, 208.200725234)
(-1128.80917354, -2963.62099121, 208.200725234)
(-1128.75280796, -2963.56462538, 208.200725234)
(-1128.69001633, -2963.50183458, 208.200725234)
(-1128.63803119, -2963.44984918, 208.200725234)
(-1128.58809, -2963.39990861, 208.200725234)
(-1128.54282232, -2963.35464075, 208.200725234)
(-1128.4934655, -2963.30528427, 208.200725234)
(-1128.4286284, -2963.24044999, 208.200725234)
(-1128.38336027, -2963.19518209, 208.200725234)
(-1128.31677157, -2963.12859534, 208.200725234)
(-1128.27325605, -2963.08507992, 208.200725234)
(-1128.21922577, -2963.03105102, 208.200725234)
(-1128.16402794, -2962.97585323, 208.200725234)
(-1128.09685523, -2962.90868198, 208.200725234)
(-1128.05100333, -2962.8628301, 208.200725234)
(-1127.98733549, -2962.79916365, 208.200725234)
(-1127.94732439, -2962.75915263, 208.200725234)
(-1127.88424049, -2962.69606968, 208.200725234)
(-1127.83605213, -2962.64788126, 208.200725234)
(-1127.76917204, -2962.58100212, 208.200725234)
(-1127.71923136, -2962.53106126, 208.200725234)
(-1127.65877596, -2962.47060674, 208.200725234)
(-1127.61233984, -2962.42417054, 208.200725234)
(-1127.55977036, -2962.37160168, 208.200725234)
(-1127.5101219, -2962.32195302, 208.200725234)
(-1127.44148931, -2962.25332098, 208.200725234)
(-1127.38745983, -2962.19929121, 208.200725234)
(-1127.32262409, -2962.13445624, 208.200725234)
(-1127.27268355, -2962.08451549, 208.200725234)
(-1127.205511, -2962.01734379, 208.200725234)
(-1127.1576037, -2961.96944757, 208.200725236)
(-1127.09916756, -2961.91106011, 208.200725235)
(-1127.04016522, -2961.85207532, 208.200725234)
(-1126.96977204, -2961.78169965, 208.200725234)
(-1126.92216173, -2961.73410126, 208.200725234)
(-1126.86578955, -2961.67774169, 208.200725234)
(-1126.81759522, -2961.62955875, 208.200725234)
(-1126.73902534, -2961.55100497, 208.200725233)
(-1126.68645055, -2961.49844137, 208.200725233)
(-1126.62891181, -2961.44091225, 208.200725233)
(-1126.5824708, -2961.39448045, 208.200725233)
(-1126.52317966, -2961.33519854, 208.200725233)
(-1126.47936777, -2961.29139469, 208.200725233)
(-1126.41803284, -2961.23006882, 208.200725233)
(-1126.3686715, -2961.18071651, 208.200725233)
(-1126.30529213, -2961.11734526, 208.200725233)
(-1126.25855978, -2961.07062066, 208.200725233)
(-1126.20715652, -2961.01922276, 208.200725233)
(-1126.1618849, -2960.97395837, 208.200725233)
(-1126.11427821, -2960.92635696, 208.200725236)
(-1126.05793574, -2960.86997085, 208.200725238)
(-1126.01354869, -2960.82557336, 208.200725234)
(-1125.95222563, -2960.76423532, 208.200725233)
(-1125.89849315, -2960.71049264, 208.200725234)
(-1125.83103659, -2960.64302116, 208.200725234)
(-1125.79102893, -2960.60300637, 208.200725234)
(-1125.72327977, -2960.53524388, 208.200725234)
(-1125.67597127, -2960.48792751, 208.200725234)
(-1125.60763732, -2960.41958137, 208.200725234)
(-1125.56178863, -2960.37372569, 208.200725234)
(-1125.49695845, -2960.30888507, 208.200725234)
(-1125.45198566, -2960.26390582, 208.200725234)
(-1125.38978318, -2960.20169435, 208.200725234)
(-1125.34977473, -2960.16168061, 208.200725234)
(-1125.29253636, -2960.10443482, 208.200725234)
(-1125.24522688, -2960.05711952, 208.200725234)
(-1125.18973448, -2960.00163303, 208.200725229)
(-1125.14090359, -2959.95665907, 208.200725287)
(-1125.09172697, -2959.91774784, 208.200725206)
(-1125.02768303, -2959.87667646, 208.200725234)
(-1124.96133363, -2959.83795096, 208.200725274)
(-1124.88033928, -2959.78939736, 208.200725254)
(-1124.8306787, -2959.75901759, 208.200725241)
(-1124.76783981, -2959.72012212, 208.200725226)
(-1124.70665308, -2959.68320819, 208.200725236)
(-1124.63227218, -2959.63855399, 208.200725236)
(-1124.56856923, -2959.60015618, 208.200725237)
(-1124.49386622, -2959.55519313, 208.200725234)
(-1124.44468985, -2959.52555539, 208.200725238)
(-1124.37955182, -2959.48636277, 208.200725236)
(-1124.32107819, -2959.45128629, 208.200725238)
(-1124.260085, -2959.41478264, 208.200725238)
(-1124.18734504, -2959.37134993, 208.200725229)
(-1124.13738207, -2959.3414333, 208.200725235)
(-1124.0700588, -2959.30111206, 208.200725233)
(-1124.00986609, -2959.2649931, 208.200725235)
(-1123.94405331, -2959.22542379, 208.200725231)
(-1123.87817896, -2959.18589603, 208.200725235)
(-1123.8215119, -2959.15189721, 208.200725236)
(-1123.75953315, -2959.11471025, 208.200725235)
(-1123.68019805, -2959.06711566, 208.200725239)
(-1123.60724264, -2959.02333858, 208.200725234)
(-1123.52649575, -2958.9748843, 208.200725235)
(-1123.44715352, -2958.92729531, 208.200725236)
(-1123.38194769, -2958.88822811, 208.200725229)
(-1123.33020043, -2958.85073014, 208.200725459)
(-1123.25469821, -2958.78273501, 208.200725473)
(-1123.20078727, -2958.73395423, 208.200725178)
(-1123.13239402, -2958.67342852, 208.200725251)
(-1123.08444912, -2958.63043981, 208.200725232)
(-1123.02952935, -2958.58100702, 208.200725234)
(-1122.97782382, -2958.53415916, 208.200725234)
(-1122.91128118, -2958.47357001, 208.200725234)
(-1122.85954461, -2958.42671377, 208.200725235)
(-1122.80628552, -2958.37846386, 208.200725234)
(-1122.76045201, -2958.33680256, 208.200725231)
(-1122.70702596, -2958.28814828, 208.20072523)
(-1122.6554004, -2958.24117852, 208.200725235)
(-1122.59770675, -2958.18861073, 208.200725235)
(-1122.54790696, -2958.14330667, 208.200725237)
(-1122.48710878, -2958.08800687, 208.200725234)
(-1122.43272892, -2958.03853337, 208.200725235)
(-1122.37346308, -2957.98460941, 208.200725234)
(-1122.32484329, -2957.93925711, 208.200725231)
(-1122.27026489, -2957.88700539, 208.200725232)
(-1122.2233352, -2957.84118466, 208.200725232)
(-1122.16989929, -2957.78844662, 208.200725241)
(-1122.11888959, -2957.73841281, 208.200725236)
(-1122.05901479, -2957.67971997, 208.200725234)
(-1122.00061223, -2957.6224756, 208.200725235)
(-1121.93689838, -2957.56002917, 208.200725235)
(-1121.89442083, -2957.5183993, 208.200725235)
(-1121.84603938, -2957.47099276, 208.200725236)
(-1121.80237836, -2957.42821443, 208.200725234)
(-1121.73860167, -2957.36582443, 208.200725236)
(-1121.69167677, -2957.31988262, 208.200725225)
(-1121.63263969, -2957.26210385, 208.200725235)
(-1121.58453443, -2957.21500675, 208.200725234)
(-1121.52344387, -2957.15519494, 208.200725234)
(-1121.47299943, -2957.10576716, 208.200725232)
(-1121.41967189, -2957.05339353, 208.200725218)
(-1121.37009176, -2957.00148869, 208.200725227)
(-1121.32210862, -2956.94721316, 208.200725243)
(-1121.28147052, -2956.89057401, 208.200725229)
(-1121.25561035, -2956.82685716, 208.200725303)
(-1121.23670171, -2956.74755796, 208.200725582)
(-1121.22633922, -2956.68855532, 208.200724901)
(-1121.21226266, -2956.61709256, 208.200725233)
(-1121.20125188, -2956.56217227, 208.20072523)
(-1121.18541152, -2956.48596563, 208.200725223)
(-1121.17408367, -2956.42270171, 208.200725243)
(-1121.15933652, -2956.34124441, 208.200725237)
(-1121.14427466, -2956.26007488, 208.200725223)
(-1121.12968131, -2956.17680777, 208.200725229)
(-1121.1171326, -2956.10361127, 208.200725232)
(-1121.11116928, -2956.04084053, 208.200725403)
(-1121.10880279, -2955.9818276, 208.200725107)
(-1121.10287722, -2955.89300701, 208.200725274)
(-1121.09708595, -2955.81234225, 208.200725236)
(-1121.09028107, -2955.72505021, 208.20072525)
(-1121.088157, -2955.6678048, 208.200725268)
(-1121.08478993, -2955.57134962, 208.200725247)
(-1121.08091364, -2955.49296315, 208.200725231)
(-1121.07582626, -2955.40055135, 208.200725239)
(-1121.07322934, -2955.32922753, 208.200725242)
(-1121.06969492, -2955.24342029, 208.200725236)
(-1121.06664756, -2955.1724477, 208.200725232)
(-1121.06315764, -2955.08992035, 208.200725237)
(-1121.06268627, -2955.02183944, 208.200725242)
(-1121.0618961, -2954.94346103, 208.200725235)
(-1121.06081442, -2954.88028942, 208.200725232)
(-1121.05924062, -2954.7939842, 208.200725237)
(-1121.05860803, -2954.73536059, 208.20072523)
(-1121.05771329, -2954.6544402, 208.200725231)
(-1121.05689077, -2954.59166814, 208.200725231)
(-1121.05596835, -2954.5165082, 208.200725232)
(-1121.05507176, -2954.44052176, 208.200725231)
(-1121.05420482, -2954.36412199, 208.200725231)
(-1121.05329601, -2954.27492222, 208.200725234)
(-1121.05254163, -2954.2067772, 208.200725235)
(-1121.05186957, -2954.14606683, 208.200725234)
(-1121.05130713, -2954.06596471, 208.200725225)
(-1121.05063779, -2953.97717526, 208.200725231)
(-1121.05042265, -2953.91276639, 208.200725233)
(-1121.05010322, -2953.82109015, 208.200725235)
(-1121.04978677, -2953.75542049, 208.200725232)
(-1121.0494484, -2953.66951639, 208.200725233)
(-1121.04923429, -2953.61458647, 208.200725234)
(-1121.04899062, -2953.52868426, 208.200725235)
(-1121.04872913, -2953.45475331, 208.200725235)
(-1121.04842772, -2953.36719354, 208.200725234)
(-1121.04819453, -2953.30028418, 208.200725235)
(-1121.04794036, -2953.2094228, 208.200725232)
(-1121.04779578, -2953.14540733, 208.200725232)
(-1121.04768622, -2953.06859025, 208.200725232)
(-1121.04759097, -2952.99177162, 208.200725232)
(-1121.04754158, -2952.92114871, 208.200725234)
(-1121.04750844, -2952.85341601, 208.200725233)
(-1121.04756047, -2952.76916584, 208.200725233)
(-1121.0475457, -2952.69606027, 208.200725235)
(-1121.04752482, -2952.60313018, 208.200725235)
(-1121.04750522, -2952.53415468, 208.200725236)
(-1121.04748249, -2952.45568023, 208.200725236)
(-1121.04746343, -2952.40322552, 208.200725237)
(-1121.04741567, -2952.31112096, 208.200725239)
(-1121.04738865, -2952.24008167, 208.200725236)
(-1121.04735213, -2952.15045531, 208.200725236)
(-1121.04732839, -2952.08602418, 208.200725236)
(-1121.04730055, -2952.01002788, 208.200725236)
(-1121.04727886, -2951.94683562, 208.200725236)
(-1121.04724972, -2951.85927471, 208.200725236)
(-1121.04722676, -2951.78740884, 208.200725235)
(-1121.04720221, -2951.7064563, 208.200725235)
(-1121.04717902, -2951.62798187, 208.200725235)
(-1121.04716057, -2951.56313732, 208.200725235)
(-1121.04714335, -2951.50077095, 208.200725235)
(-1121.04712794, -2951.43055753, 208.200725234)
(-1121.04710863, -2951.35290876, 208.200725234)
(-1121.04710256, -2951.25667518, 208.200725233)
(-1121.04709009, -2951.17943965, 208.200725234)
(-1121.04710595, -2951.10674929, 208.200725235)
(-1121.04710488, -2951.04314316, 208.200725235)
(-1121.04710546, -2950.93699626, 208.200725235)
(-1121.04710414, -2950.86223874, 208.200725235)
(-1121.04710952, -2950.76889619, 208.200725234)
(-1121.04710989, -2950.70033398, 208.200725235)
(-1121.04711463, -2950.60533878, 208.200725235)
(-1121.04711549, -2950.54503696, 208.200725235)
(-1121.04711847, -2950.46449785, 208.200725235)
(-1121.04711896, -2950.39882681, 208.200725235)
(-1121.04712138, -2950.31498318, 208.200725235)
(-1121.04712153, -2950.25096419, 208.200725235)
(-1121.0471236, -2950.16051238, 208.200725235)
(-1121.0471238, -2950.10103678, 208.200725235)
(-1121.04712518, -2950.02091054, 208.200725235)
(-1121.04712512, -2949.95565255, 208.200725235)
(-1121.04712606, -2949.88089544, 208.200725235)
(-1121.04713557, -2949.7945742, 208.200725234)
(-1121.04713802, -2949.72848999, 208.200725235)
(-1121.04714232, -2949.65497213, 208.200725235)
(-1121.04714428, -2949.5835186, 208.200725235)
(-1121.0471484, -2949.49513186, 208.200725235)
(-1121.04715004, -2949.43235207, 208.200725235)
(-1121.04715324, -2949.35511701, 208.200725235)
(-1121.04715468, -2949.28490279, 208.200725236)
(-1121.04715755, -2949.2010591, 208.200725235)
(-1121.04715869, -2949.12877985, 208.200725236)
(-1121.04716141, -2949.0428712, 208.200725235)
(-1121.04716242, -2948.97967843, 208.200725236)
(-1121.04716482, -2948.89046543, 208.200725235)
(-1121.04716572, -2948.81777315, 208.200725236)
(-1121.0471683, -2948.71782174, 208.200725236)
(-1121.04716935, -2948.64306441, 208.200725236)
(-1121.04717212, -2948.54476493, 208.200725236)
(-1121.04717308, -2948.47826801, 208.200725236)
(-1121.04717507, -2948.40351099, 208.200725236)
(-1121.04717595, -2948.34403543, 208.200725236)
(-1121.04717784, -2948.25482249, 208.200725236)
(-1121.04717928, -2948.17552189, 208.200725236)
(-1121.04718064, -2948.09456931, 208.200725236)
(-1121.04718115, -2948.0350939, 208.200725236)
(-1121.04718213, -2947.9760317, 208.200725236)
(-1121.0471849, -2947.89714439, 208.200725236)
(-1121.04718592, -2947.82197386, 208.200725236)
(-1121.04718807, -2947.73110888, 208.200725236)
(-1121.04718885, -2947.66709015, 208.200725236)
(-1121.04719024, -2947.6038977, 208.200725236)
(-1121.04719089, -2947.53203144, 208.200725236)
(-1121.04719217, -2947.44777474, 208.200725236)
(-1121.04719265, -2947.37177835, 208.200725236)
(-1121.04719428, -2947.26893571, 208.200725236)
(-1121.04719487, -2947.19748258, 208.200725236)
(-1121.04719641, -2947.10537843, 208.200725236)
(-1121.04719686, -2947.0388816, 208.200725236)
(-1121.0471979, -2946.9711459, 208.200725236)
(-1121.04719841, -2946.90051876, 208.200725236)
(-1121.04719955, -2946.8051104, 208.200725236)
(-1121.04719987, -2946.72952704, 208.200725236)
(-1121.04720097, -2946.63783596, 208.200725236)
(-1121.0472013, -2946.56431779, 208.200725236)
(-1121.04720215, -2946.49823414, 208.200725236)
(-1121.04720247, -2946.41315123, 208.200725236)
(-1121.04720358, -2946.31113467, 208.200725236)
(-1121.04720842, -2946.20292271, 208.200725235)
(-1121.04720896, -2946.12899121, 208.200725236)
(-1121.04721025, -2946.03193084, 208.200725236)
(-1121.04721073, -2945.95180426, 208.200725236)
(-1121.04721205, -2945.87332996, 208.200725236)
(-1121.04721252, -2945.80352891, 208.200725236)
(-1121.0472135, -2945.72670664, 208.200725236)
(-1121.0472138, -2945.66062281, 208.200725236)
(-1121.04721461, -2945.57636614, 208.200725236)
(-1121.04721488, -2945.51193441, 208.200725236)
(-1121.04721561, -2945.4243735, 208.200725236)
(-1121.04721575, -2945.35209434, 208.200725236)
(-1121.04721636, -2945.26370743, 208.200725236)
(-1121.04721651, -2945.20960132, 208.200725236)
(-1121.04721708, -2945.1195623, 208.200725236)
(-1121.04721715, -2945.04810924, 208.200725236)
(-1121.04721759, -2944.95930926, 208.200725236)
(-1121.04721763, -2944.88579109, 208.200725236)
(-1121.04721817, -2944.79616503, 208.200725236)
(-1121.04721823, -2944.73834172, 208.200725236)
(-1121.04721849, -2944.66895384, 208.200725236)
(-1121.04721869, -2944.58593614, 208.200725236)
(-1121.04721888, -2944.52191756, 208.200725236)
(-1121.04721978, -2944.43600879, 208.200725236)
(-1121.04722002, -2944.37157708, 208.200725236)
(-1121.04722055, -2944.29681992, 208.200725236)
(-1121.04722067, -2944.22412775, 208.200725236)
(-1121.04722125, -2944.13656686, 208.200725236)
(-1121.04722139, -2944.06924398, 208.200725236)
(-1121.04722181, -2943.98705236, 208.200725236)
(-1121.04722182, -2943.91972952, 208.200725236)
(-1121.04722206, -2943.85199376, 208.200725236)
(-1121.0472221, -2943.78508395, 208.200725236)
(-1121.04722235, -2943.70826166, 208.200725236)
(-1121.04722249, -2943.63433049, 208.200725236)
(-1121.04722319, -2943.54635658, 208.200725236)
(-1121.04722333, -2943.47985977, 208.200725236)
(-1121.04722399, -2943.39353794, 208.200725236)
(-1121.04722414, -2943.33612762, 208.200725236)
(-1121.04722453, -2943.25187089, 208.200725236)
(-1121.04722456, -2943.18826528, 208.200725236)
(-1121.04722495, -2943.09863928, 208.200725236)
(-1121.04722504, -2943.03090342, 208.200725236)
(-1121.04722538, -2942.93632113, 208.200725236)
(-1121.04722539, -2942.87271552, 208.200725236)
(-1121.04722564, -2942.79878439, 208.200725236)
(-1121.0472257, -2942.739722, 208.200725236)
(-1121.04722593, -2942.65050897, 208.200725236)
(-1121.04722588, -2942.58194706, 208.200725236)
(-1121.04722598, -2942.50016852, 208.200725236)
(-1121.04722702, -2942.39319555, 208.200725236)
(-1121.04722709, -2942.32752476, 208.200725236)
(-1121.04722724, -2942.24120293, 208.200725236)
(-1121.04722714, -2942.16479361, 208.200725236)
(-1121.04722737, -2942.06732014, 208.200725236)
(-1121.04722741, -2941.99917125, 208.200725236)
(-1121.04722765, -2941.90458893, 208.200725236)
(-1121.04722763, -2941.83850517, 208.200725236)
(-1121.04722781, -2941.75177033, 208.200725236)
(-1121.04722785, -2941.68486053, 208.200725236)
(-1121.04722806, -2941.59606056, 208.200725236)
(-1121.04722802, -2941.53038985, 208.200725236)
(-1121.04722817, -2941.43828569, 208.200725236)
(-1121.04722818, -2941.38128843, 208.200725236)
(-1121.04722834, -2941.30198796, 208.200725236)
(-1121.04722841, -2941.24251258, 208.200725236)
(-1121.04722879, -2941.15082144, 208.200725236)
(-1121.04722884, -2941.08060745, 208.200725236)
(-1121.04722923, -2940.99469866, 208.200725236)
(-1121.04722932, -2940.93728839, 208.200725236)
(-1121.04722959, -2940.85055354, 208.200725236)
(-1121.04722958, -2940.77992653, 208.200725236)
(-1121.04722983, -2940.6865833, 208.200725236)
(-1121.0472299, -2940.6147172, 208.200725236)
(-1121.04723016, -2940.53293858, 208.200725236)
(-1121.04723014, -2940.47428925, 208.200725236)
(-1121.04723026, -2940.39168463, 208.200725236)
(-1121.04723026, -2940.32931809, 208.200725236)
(-1121.04723042, -2940.23886603, 208.200725236)
(-1121.0472304, -2940.17608648, 208.200725236)
(-1121.04723046, -2940.09224278, 208.200725236)
(-1121.04723051, -2940.01046416, 208.200725236)
(-1121.04723063, -2939.91712088, 208.200725236)
(-1121.04723061, -2939.84608084, 208.200725236)
(-1121.04723069, -2939.76430224, 208.200725236)
(-1121.04723064, -2939.71267432, 208.200725236)
(-1121.0472307, -2939.63089574, 208.200725236)
(-1121.04723076, -2939.56150784, 208.200725236)
(-1121.04723112, -2939.46651252, 208.200725236)
(-1121.04723115, -2939.39134226, 208.200725236)
(-1121.04723142, -2939.31741112, 208.200725236)
(-1121.04723148, -2939.25917478, 208.200725236)
(-1121.0472317, -2939.17533106, 208.200725236)
(-1121.04723169, -2939.10759521, 208.200725236)
(-1121.04723181, -2939.01962128, 208.200725236)
(-1121.04723181, -2938.95395056, 208.200725236)
(-1121.04723195, -2938.88332361, 208.200725236)
(-1121.04723195, -2938.82591336, 208.200725236)
(-1121.04723198, -2938.74372176, 208.200725236)
(-1121.04723198, -2938.66772548, 208.200725236)
(-1121.04723235, -2938.57520828, 208.200725236)
(-1121.04723243, -2938.50664637, 208.200725236)
(-1121.04723269, -2938.43478032, 208.200725236)
(-1121.04723268, -2938.36828354, 208.200725236)
(-1121.04723281, -2938.29393938, 208.200725236)
(-1121.04723282, -2938.21629099, 208.200725236)
(-1121.04723302, -2938.12955613, 208.200725236)
(-1121.04723299, -2938.04942962, 208.200725236)
(-1121.04723314, -2937.95897753, 208.200725236)
(-1121.04723314, -2937.88091611, 208.200725236)
(-1121.04723343, -2937.77683422, 208.200725236)
(-1121.04723342, -2937.72231513, 208.200725236)
(-1121.04723357, -2937.63764539, 208.200725236)
(-1121.0472336, -2937.56990955, 208.200725236)
(-1121.04723381, -2937.4745012, 208.200725236)
(-1121.04723382, -2937.39602678, 208.200725236)
(-1121.04723403, -2937.28781471, 208.200725236)
(-1121.04723408, -2937.19116723, 208.200725236)
(-1121.04723407, -2937.11393185, 208.200725236)
(-1121.04723415, -2937.02843602, 208.200725236)
(-1121.04723409, -2936.9697867, 208.200725236)
(-1121.0472341, -2936.90246393, 208.200725236)
(-1121.04723412, -2936.83101091, 208.200725236)
(-1121.04723414, -2936.7525365, 208.200725236)
(-1121.04723431, -2936.68067047, 208.200725236)
(-1121.04723428, -2936.61045651, 208.200725236)
(-1121.04723437, -2936.53941651, 208.200725236)
(-1121.04723437, -2936.47498485, 208.200725236)
(-1121.04723448, -2936.38618484, 208.200725236)
(-1121.04723446, -2936.31886202, 208.200725236)
(-1121.0472345, -2936.22551877, 208.200725236)
(-1121.04723446, -2936.15406574, 208.200725236)
(-1121.04723455, -2936.0801346, 208.200725236)
(-1121.04723454, -2936.02024622, 208.200725236)
(-1121.04723456, -2935.94796717, 208.200725236)
(-1121.04723455, -2935.87403601, 208.200725236)
(-1121.04723479, -2935.77532345, 208.200725236)
(-1121.04723484, -2935.70263131, 208.200725236)
(-1121.04723503, -2935.62126574, 208.200725235)
(-1121.04723505, -2935.5518778, 208.200725236)
(-1121.04723517, -2935.48455503, 208.200725236)
(-1121.04723519, -2935.43044897, 208.200725236)
(-1121.04723529, -2935.34701829, 208.200725236)
(-1121.04723527, -2935.27928247, 208.200725236)
(-1121.04723529, -2935.19750388, 208.200725236)
(-1121.04723525, -2935.13307223, 208.200725236)
(-1121.04723529, -2935.07194479, 208.200725236)
(-1121.04723532, -2935.01040429, 208.200725235)
(-1121.04723545, -2934.91458289, 208.200725235)
(-1121.04723542, -2934.83197823, 208.200725235)
(-1121.04723556, -2934.75391686, 208.200725235)
(-1121.04723559, -2934.68163778, 208.200725235)
(-1121.0472357, -2934.6105978, 208.200725235)
(-1121.04723568, -2934.54203593, 208.200725235)
(-1121.04723573, -2934.46273547, 208.200725235)
(-1121.04723573, -2934.39789079, 208.200725235)
(-1121.04723581, -2934.3148731, 208.200725235)
(-1121.04723579, -2934.24796331, 208.200725235)
(-1121.0472358, -2934.16701076, 208.200725235)
(-1121.04723575, -2934.10257912, 208.200725235)
(-1121.04723577, -2934.03649542, 208.200725235)
(-1121.04723599, -2933.94810846, 208.200725235)
(-1121.047236, -2933.8725252, 208.200725235)
(-1121.04723612, -2933.78331219, 208.200725235)
(-1121.04723612, -2933.72301076, 208.200725235)
(-1121.04723626, -2933.63710192, 208.200725235)
(-1121.04723627, -2933.55945352, 208.200725235)
(-1121.04723636, -2933.47065352, 208.200725235)
(-1121.04723635, -2933.39135305, 208.200725235)
(-1121.0472365, -2933.29718376, 208.200725235)
(-1121.04723651, -2933.23729539, 208.200725235)
(-1121.04723661, -2933.14973448, 208.200725235)
(-1121.04723273, -2933.07125937, 208.200725236)
