(-1212.69971696, -3011.52000054, 208.20072655)
(-1212.63811983, -3011.51979953, 208.200982696)
(-1212.5745212, -3011.51965296, 208.200727011)
(-1212.52496937, -3011.51942801, 208.200726744)
(-1212.44402343, -3011.51908421, 208.200725449)
(-1212.38620417, -3011.51880689, 208.200725217)
(-1212.30608578, -3011.51833713, 208.200725205)
(-1212.24784866, -3011.51805808, 208.200725232)
(-1212.16813564, -3011.51768646, 208.20072524)
(-1212.06942081, -3011.5173105, 208.200725228)
(-1211.99006162, -3011.50795204, 208.200725218)
(-1211.8881999, -3011.46656291, 208.20072497)
(-1211.82949347, -3011.41537388, 208.200725663)
(-1211.78476933, -3011.36753859, 208.200725378)
(-1211.72336738, -3011.31603561, 208.200725071)
(-1211.65037484, -3011.26068628, 208.200725277)
(-1211.58704565, -3011.21293822, 208.200725218)
(-1211.52693227, -3011.16715568, 208.200725275)
(-1211.48396751, -3011.1336067, 208.200725228)
(-1211.42791468, -3011.08934991, 208.200725233)
(-1211.36408867, -3011.03897517, 208.200725235)
(-1211.30708028, -3010.99394243, 208.200725234)
(-1211.23782709, -3010.9391003, 208.200725241)
(-1211.19341475, -3010.90403839, 208.200725233)
(-1211.13960018, -3010.86155678, 208.200725234)
(-1211.09293304, -3010.82469041, 208.200725244)
(-1211.03528617, -3010.77908261, 208.200725237)
(-1210.98501527, -3010.73651775, 208.200725242)
(-1210.93564976, -3010.69224629, 208.200725281)
(-1210.8856979, -3010.64593964, 208.200725179)
(-1210.84254976, -3010.60510318, 208.200725224)
(-1210.79295593, -3010.55787641, 208.200725246)
(-1210.74874389, -3010.51570045, 208.20072524)
(-1210.686986, -3010.45662136, 208.200725236)
(-1210.62963032, -3010.40187426, 208.200725236)
(-1210.57470519, -3010.34936714, 208.200725236)
(-1210.53586784, -3010.3122904, 208.200725232)
(-1210.47914151, -3010.2580725, 208.200725238)
(-1210.43015804, -3010.21128883, 208.200725234)
(-1210.36954448, -3010.15336365, 208.200725243)
(-1210.31880679, -3010.10483389, 208.200725237)
(-1210.26542846, -3010.05369508, 208.200725235)
(-1210.22066755, -3010.01086221, 208.200725242)
(-1210.16995965, -3009.96230181, 208.200725238)
(-1210.11893238, -3009.91346966, 208.200725236)
(-1210.06700857, -3009.86378447, 208.200725237)
(-1210.00762685, -3009.80696836, 208.200725223)
(-1209.95856267, -3009.75920409, 208.200725237)
(-1209.91387237, -3009.71523206, 208.200725247)
(-1209.86840023, -3009.67020954, 208.200725239)
(-1209.81010232, -3009.61230028, 208.200725233)
(-1209.76517805, -3009.56786285, 208.200725232)
(-1209.71294961, -3009.51613416, 208.200725236)
(-1209.66863509, -3009.47225555, 208.200725239)
(-1209.61409705, -3009.41816367, 208.200725235)
(-1209.56920201, -3009.37369088, 208.200725234)
(-1209.51376478, -3009.3187362, 208.200725243)
(-1209.46887785, -3009.27425634, 208.200725234)
(-1209.41813358, -3009.22395438, 208.200725244)
(-1209.37794302, -3009.18412338, 208.200725234)
(-1209.33159412, -3009.13818341, 208.200725236)
(-1209.27121343, -3009.07824715, 208.200725234)
(-1209.21930614, -3009.02676863, 208.200725235)
(-1209.17297202, -3008.98081615, 208.200725235)
(-1209.13572745, -3008.94387989, 208.200725235)
(-1209.07267563, -3008.88135034, 208.200725235)
(-1209.02545928, -3008.83452652, 208.200725236)
(-1208.96885878, -3008.77839639, 208.200725235)
(-1208.91813042, -3008.72807794, 208.200725236)
(-1208.88092028, -3008.69111345, 208.200725236)
(-1208.82559311, -3008.63605896, 208.200725236)
(-1208.77990357, -3008.590631, 208.200725236)
(-1208.72108192, -3008.53206016, 208.200725235)
(-1208.67139274, -3008.48246914, 208.200725232)
(-1208.60773169, -3008.41881667, 208.200725232)
(-1208.56505877, -3008.37621067, 208.200725236)
(-1208.51948934, -3008.33066492, 208.200725236)
(-1208.46220353, -3008.27346477, 208.200725236)
(-1208.41251564, -3008.22385494, 208.200725236)
(-1208.37042642, -3008.18183324, 208.200725236)
(-1208.31401555, -3008.12551256, 208.200725236)
(-1208.24912657, -3008.06073061, 208.200725236)
(-1208.19505704, -3008.00674252, 208.200725235)
(-1208.13485053, -3007.94662398, 208.200725236)
(-1208.08604051, -3007.89788831, 208.200725236)
(-1208.03781475, -3007.84973708, 208.200725236)
(-1207.98491371, -3007.79691589, 208.200725235)
(-1207.91739954, -3007.72950258, 208.200725235)
(-1207.86540199, -3007.67753437, 208.200725236)
(-1207.80936763, -3007.62143113, 208.200725233)
(-1207.75913383, -3007.57119875, 208.200725235)
(-1207.71153087, -3007.52359434, 208.200725235)
(-1207.6759, -3007.48796453, 208.200725235)
(-1207.62040989, -3007.43247509, 208.200725235)
(-1207.57280461, -3007.38487061, 208.200725235)
(-1207.508268, -3007.32032067, 208.200725234)
(-1207.45716056, -3007.26921029, 208.200725235)
(-1207.40138356, -3007.21342466, 208.200725235)
(-1207.35757694, -3007.16961485, 208.200725235)
(-1207.31493938, -3007.12697295, 208.200725235)
(-1207.26733597, -3007.07936701, 208.200725235)
(-1207.20133541, -3007.01336138, 208.200725235)
(-1207.14613875, -3006.95816248, 208.200725235)
(-1207.0783851, -3006.89040343, 208.200725235)
(-1207.03487014, -3006.84688659, 208.200725235)
(-1206.98755977, -3006.79957298, 208.200725235)
(-1206.94346085, -3006.75547241, 208.200725235)
(-1206.89614984, -3006.70815892, 208.200725235)
(-1206.83920246, -3006.65120548, 208.200725235)
(-1206.79539548, -3006.60739617, 208.200725235)
(-1206.74866915, -3006.56066666, 208.200725235)
(-1206.70690661, -3006.51890253, 208.200725235)
(-1206.64995813, -3006.46195118, 208.200725235)
(-1206.59680561, -3006.4087963, 208.200725235)
(-1206.55270659, -3006.36469544, 208.200725235)
(-1206.49984765, -3006.3118324, 208.200725235)
(-1206.45487262, -3006.26685558, 208.200725236)
(-1206.39880041, -3006.21078016, 208.200725235)
(-1206.35499299, -3006.16697147, 208.200725236)
(-1206.30884978, -3006.12082622, 208.200725235)
(-1206.26036975, -3006.07234506, 208.200725236)
(-1206.21335059, -3006.02532429, 208.200725235)
(-1206.15757095, -3005.96954053, 208.200725235)
(-1206.1108431, -3005.92281115, 208.200725236)
(-1206.06411588, -3005.87608169, 208.200725235)
(-1206.02352118, -3005.83548589, 208.200725236)
(-1205.95956335, -3005.77152586, 208.200725236)
(-1205.90757854, -3005.71954014, 208.200725236)
(-1205.84420415, -3005.65616367, 208.200725236)
(-1205.7968921, -3005.60885077, 208.200725236)
(-1205.74227954, -3005.55423656, 208.200725236)
(-1205.69759632, -3005.50955227, 208.200725236)
(-1205.63918653, -3005.45114126, 208.200725236)
(-1205.57960934, -3005.39156094, 208.200725236)
(-1205.52966906, -3005.34161942, 208.200725236)
(-1205.47943766, -3005.29138582, 208.200725235)
(-1205.43825881, -3005.25020602, 208.200725236)
(-1205.38247767, -3005.1944232, 208.200725236)
(-1205.32465157, -3005.1365964, 208.200725236)
(-1205.26419794, -3005.07614109, 208.200725236)
(-1205.21162912, -3005.02357161, 208.200725236)
(-1205.15584801, -3004.96778899, 208.200725236)
(-1205.10736749, -3004.91930792, 208.200725236)
(-1205.04691351, -3004.85885258, 208.200725236)
(-1204.97477728, -3004.7867157, 208.200725236)
(-1204.90760633, -3004.71954287, 208.200725236)
(-1204.85240869, -3004.66434459, 208.200725236)
(-1204.78465383, -3004.59658765, 208.200725236)
(-1204.73851013, -3004.55044328, 208.200725236)
(-1204.67893262, -3004.49086402, 208.200725236)
(-1204.62519523, -3004.43712593, 208.200725236)
(-1204.56561745, -3004.37754656, 208.200725236)
(-1204.51158827, -3004.32351684, 208.200725236)
(-1204.45084248, -3004.26276955, 208.200725236)
(-1204.4046984, -3004.21662504, 208.200725236)
(-1204.36089095, -3004.17281673, 208.200725236)
(-1204.31065815, -3004.12258364, 208.200725236)
(-1204.24786774, -3004.05979236, 208.200725236)
(-1204.20172371, -3004.01364817, 208.200725236)
(-1204.151199, -3003.96312287, 208.200725236)
(-1204.09716937, -3003.90909308, 208.200725236)
(-1204.04722887, -3003.8591521, 208.200725236)
(-1203.98998792, -3003.80190943, 208.200725236)
(-1203.94647241, -3003.75839347, 208.200725236)
(-1203.897116, -3003.7090362, 208.200725236)
(-1203.84775923, -3003.65967918, 208.200725236)
(-1203.77766749, -3003.58958652, 208.200725236)
(-1203.73327585, -3003.54519467, 208.200725236)
(-1203.68304329, -3003.49496152, 208.200725236)
(-1203.63573084, -3003.44764891, 208.200725236)
(-1203.57615254, -3003.38807009, 208.200725236)
(-1203.52416748, -3003.33608496, 208.200725236)
(-1203.46166882, -3003.27358581, 208.200725236)
(-1203.41377226, -3003.22568923, 208.200725236)
(-1203.35098125, -3003.16289776, 208.200725236)
(-1203.30834175, -3003.12025824, 208.200725236)
(-1203.24905566, -3003.06097182, 208.200725236)
(-1203.18947728, -3003.00139315, 208.200725236)
(-1203.1211372, -3002.93305273, 208.200725236)
(-1203.06827588, -3002.88019138, 208.200725236)
(-1203.0247605, -3002.83667569, 208.200725236)
(-1202.99059052, -3002.80250567, 208.200725236)
(-1202.94444643, -3002.75636146, 208.200725236)
(-1202.89392168, -3002.70583606, 208.200725236)
(-1202.85128207, -3002.66319639, 208.200725236)
(-1202.78060597, -3002.59251989, 208.200725236)
(-1202.73212549, -3002.5440394, 208.200725236)
(-1202.66816632, -3002.48007982, 208.200725236)
(-1202.61734924, -3002.42926269, 208.200725236)
(-1202.56916093, -3002.38107411, 208.200725236)
(-1202.52476918, -3002.33668235, 208.200725236)
(-1202.47541263, -3002.28732564, 208.200725236)
(-1202.41875492, -3002.23066707, 208.200725236)
(-1202.36969019, -3002.18160219, 208.200725236)
(-1202.32267016, -3002.13458174, 208.200725236)
(-1202.27448178, -3002.08639328, 208.200725236)
(-1202.21577966, -3002.02769084, 208.200725236)
(-1202.15912153, -3001.97103269, 208.200725236)
(-1202.10217159, -3001.91408239, 208.200725236)
(-1202.05369108, -3001.8656019, 208.200725236)
(-1202.00112205, -3001.81303265, 208.200725236)
(-1201.94650832, -3001.75841894, 208.200725236)
(-1201.86794646, -3001.67985674, 208.200725236)
(-1201.81128854, -3001.62319879, 208.200725236)
(-1201.74294888, -3001.55485866, 208.200725236)
(-1201.6857067, -3001.49761644, 208.200725236)
(-1201.63080115, -3001.44271039, 208.200725236)
(-1201.58524114, -3001.3971503, 208.200725236)
(-1201.52887553, -3001.34078435, 208.200725236)
(-1201.47630625, -3001.28821506, 208.200725236)
(-1201.4062139, -3001.2181223, 208.200725236)
(-1201.35948561, -3001.17139402, 208.200725236)
(-1201.30487226, -3001.11678035, 208.200725236)
(-1201.26077253, -3001.07268064, 208.200725236)
(-1201.1921405, -3001.00404833, 208.200725236)
(-1201.14190751, -3000.95381535, 208.200725236)
(-1201.07824048, -3000.89014803, 208.200725236)
(-1201.03238846, -3000.84429602, 208.200725236)
(-1200.97310212, -3000.78500945, 208.200725236)
(-1200.93513531, -3000.74704265, 208.200725236)
(-1200.87584883, -3000.68775603, 208.200725236)
(-1200.82094328, -3000.63285039, 208.200725236)
(-1200.76019703, -3000.5721035, 208.200725236)
(-1200.71434493, -3000.52625127, 208.200725236)
(-1200.66119165, -3000.47309756, 208.200725236)
(-1200.61329518, -3000.42520102, 208.200725236)
(-1200.54875215, -3000.36065761, 208.200725236)
(-1200.49735111, -3000.30925652, 208.200725236)
(-1200.42696676, -3000.23887172, 208.200725236)
(-1200.37848615, -3000.19039109, 208.200725236)
(-1200.3291297, -3000.14103433, 208.200725236)
(-1200.28941076, -3000.10131536, 208.200725236)
(-1200.22720389, -3000.03910829, 208.200725236)
(-1200.17813909, -2999.99004354, 208.200725236)
(-1200.10804683, -2999.91995106, 208.200725236)
(-1200.05664583, -2999.86855009, 208.200725236)
(-1199.99823567, -2999.8101397, 208.200725236)
(-1199.95618014, -2999.76808421, 208.200725236)
(-1199.89163673, -2999.70354063, 208.200725236)
(-1199.84081979, -2999.65272373, 208.200725236)
(-1199.77773686, -2999.58964066, 208.200725236)
(-1199.7245834, -2999.53648726, 208.200725236)
(-1199.66266846, -2999.47457212, 208.200725236)
(-1199.61214352, -2999.42404722, 208.200725236)
(-1199.54789241, -2999.35979593, 208.200725236)
(-1199.50174823, -2999.31365179, 208.200725236)
(-1199.43603659, -2999.24793997, 208.200725236)
(-1199.39427315, -2999.20617656, 208.200725236)
(-1199.32856174, -2999.14046502, 208.200725236)
(-1199.28446198, -2999.09636532, 208.200725236)
(-1199.227804, -2999.03970723, 208.200725236)
(-1199.17435849, -2998.98626166, 208.200725236)
(-1199.11185951, -2998.92376262, 208.200725236)
(-1199.02103152, -2998.83293454, 208.200725236)
(-1198.97225515, -2998.78416544, 208.200725237)
(-1198.90565583, -2998.71759417, 208.200725236)
(-1198.85542123, -2998.66736411, 208.200725235)
(-1198.79146049, -2998.60340681, 208.200725235)
(-1198.73888912, -2998.5508393, 208.200725235)
(-1198.67054716, -2998.48250074, 208.200725235)
(-1198.62440141, -2998.43635812, 208.200725235)
(-1198.56569823, -2998.3776574, 208.200725235)
(-1198.5154637, -2998.32742605, 208.200725235)
(-1198.46114085, -2998.27310528, 208.200725235)
(-1198.40944586, -2998.22141359, 208.200725235)
(-1198.3513268, -2998.16329678, 208.200725235)
(-1198.30722578, -2998.11919836, 208.200725235)
(-1198.25436344, -2998.06633808, 208.200725235)
(-1198.20412874, -2998.01610648, 208.200725235)
(-1198.13461911, -2997.94659959, 208.200725235)
(-1198.08876579, -2997.90074897, 208.200725235)
(-1198.02714212, -2997.83912731, 208.200725235)
(-1197.98654563, -2997.79853296, 208.200725235)
(-1197.932807, -2997.74479627, 208.200725235)
(-1197.88052882, -2997.69252011, 208.200725235)
(-1197.81452605, -2997.62651674, 208.200725235)
(-1197.77013337, -2997.58212545, 208.200725235)
(-1197.71610373, -2997.52809546, 208.200725235)
(-1197.67550758, -2997.48750068, 208.200725235)
(-1197.60921205, -2997.42120567, 208.200725235)
(-1197.55956244, -2997.37155787, 208.200725235)
(-1197.49823138, -2997.31022706, 208.200725235)
(-1197.4547146, -2997.26671174, 208.200725235)
(-1197.39309159, -2997.20508918, 208.200725235)
(-1197.35045133, -2997.16245061, 208.200725235)
(-1197.28123496, -2997.09323503, 208.200725235)
(-1197.23654997, -2997.04855162, 208.200725235)
(-1197.17142206, -2996.98342426, 208.200725235)
(-1197.12761363, -2996.93961729, 208.200725235)
(-1197.05781342, -2996.86981768, 208.200725235)
(-1197.00728741, -2996.81929344, 208.200725235)
(-1196.94712443, -2996.75913051, 208.200725235)
(-1196.89747483, -2996.70948256, 208.200725235)
(-1196.84578209, -2996.65778997, 208.200725235)
(-1196.79175162, -2996.60376124, 208.200725235)
(-1196.73509324, -2996.54710322, 208.200725235)
(-1196.66734312, -2996.47934239, 208.200725234)
(-1196.62353556, -2996.43553409, 208.200725235)
(-1196.57797634, -2996.38997387, 208.200725235)
(-1196.53183249, -2996.34382921, 208.200725235)
(-1196.47546784, -2996.28746142, 208.200725235)
(-1196.42056242, -2996.23255502, 208.200725235)
(-1196.36040176, -2996.17239133, 208.200725235)
(-1196.30520433, -2996.1171933, 208.200725235)
(-1196.24416679, -2996.05615277, 208.200725235)
(-1196.19802267, -2996.01000805, 208.200725235)
(-1196.13990588, -2995.95188886, 208.200725235)
(-1196.09463811, -2995.90662079, 208.200725235)
(-1196.02133421, -2995.83331447, 208.200725235)
(-1195.9708057, -2995.7827924, 208.200725236)
(-1195.90245886, -2995.71445907, 208.200725236)
(-1195.84872221, -2995.66072252, 208.200725235)
(-1195.77249947, -2995.58449418, 208.200725235)
(-1195.72314312, -2995.53513624, 208.200725235)
(-1195.66648749, -2995.47847631, 208.200725235)
(-1195.62414062, -2995.43612823, 208.200725235)
(-1195.56894462, -2995.38092937, 208.200725235)
(-1195.51988004, -2995.3318639, 208.200725235)
(-1195.45650596, -2995.26848715, 208.200725235)
(-1195.40218467, -2995.2141654, 208.200725235)
(-1195.34552832, -2995.15750658, 208.200725235)
(-1195.30493326, -2995.11691099, 208.200725235)
(-1195.249152, -2995.06112813, 208.200725235)
(-1195.20008726, -2995.01206314, 208.200725235)
(-1195.1323325, -2994.94430672, 208.200725235)
(-1195.07742692, -2994.88940095, 208.200725235)
(-1195.01930927, -2994.8312817, 208.200725235)
(-1194.97637752, -2994.7883498, 208.200725236)
(-1194.91125092, -2994.72322183, 208.200725235)
(-1194.86072619, -2994.67269696, 208.200725235)
(-1194.80114835, -2994.61311784, 208.200725235)
(-1194.75179142, -2994.56376075, 208.200725236)
(-1194.68491229, -2994.49688033, 208.200725235)
(-1194.63351138, -2994.44547934, 208.200725235)
(-1194.5689688, -2994.38093537, 208.200725235)
(-1194.5231165, -2994.33508301, 208.200725236)
(-1194.45506904, -2994.26703418, 208.200725235)
(-1194.4124296, -2994.2243947, 208.200725236)
(-1194.3619054, -2994.17386966, 208.200725235)
(-1194.30524763, -2994.11721123, 208.200725236)
(-1194.2383679, -2994.05033079, 208.200725236)
(-1194.18258653, -2993.99454867, 208.200725235)
(-1194.11162086, -2993.92357835, 208.200725235)
(-1194.06693688, -2993.87889409, 208.200725236)
(-1194.00473012, -2993.81668643, 208.200725236)
(-1193.95975406, -2993.77171039, 208.200725236)
(-1193.90251261, -2993.71446822, 208.200725236)
(-1193.85286423, -2993.66481931, 208.200725236)
(-1193.800295, -2993.61224974, 208.200725235)
(-1193.7436379, -2993.55559038, 208.200725235)
(-1193.69574157, -2993.50769365, 208.200725236)
(-1193.64200522, -2993.45395578, 208.200725235)
(-1193.59148043, -2993.40343066, 208.200725236)
(-1193.53803541, -2993.34998443, 208.200725236)
(-1193.49043082, -2993.30237973, 208.200725236)
(-1193.43581776, -2993.24776587, 208.200725236)
(-1193.38821345, -2993.2001616, 208.200725236)
(-1193.31052817, -2993.12247538, 208.200725236)
(-1193.25912683, -2993.07107415, 208.200725236)
(-1193.19195568, -2993.00390179, 208.200725236)
(-1193.12974884, -2992.94169503, 208.200725236)
(-1193.07104713, -2992.8829919, 208.200725236)
(-1193.01263249, -2992.8245854, 208.200725232)
(-1192.94486978, -2992.75684774, 208.200725237)
(-1192.90105926, -2992.71304392, 208.200725236)
(-1192.84848655, -2992.66047805, 208.200725236)
(-1192.79971269, -2992.61170683, 208.200725235)
(-1192.74101012, -2992.5530043, 208.200725235)
(-1192.68785576, -2992.49985192, 208.200725235)
(-1192.62973784, -2992.44173417, 208.200725235)
(-1192.58067204, -2992.39267032, 208.200725235)
(-1192.53365136, -2992.3456499, 208.200725235)
(-1192.47962059, -2992.29162112, 208.200725235)
(-1192.42325472, -2992.23525596, 208.200725235)
(-1192.37857006, -2992.19057298, 208.200725235)
(-1192.33622219, -2992.14822586, 208.200725235)
(-1192.27868871, -2992.09069032, 208.200725235)
(-1192.22611868, -2992.03812119, 208.200725235)
(-1192.16887758, -2991.98087915, 208.200725235)
(-1192.12390107, -2991.9359038, 208.200725235)
(-1192.07396027, -2991.88596272, 208.200725235)
(-1192.01876129, -2991.83076531, 208.200725235)
(-1191.95626257, -2991.76826646, 208.200725235)
(-1191.90865762, -2991.72066291, 208.200725235)
(-1191.86251362, -2991.674519, 208.200725235)
(-1191.81081931, -2991.62282632, 208.200725235)
(-1191.75737352, -2991.56938095, 208.200725235)
(-1191.67764878, -2991.48964749, 208.200725235)
(-1191.62712357, -2991.43912254, 208.200725235)
(-1191.56988179, -2991.38187982, 208.200725235)
(-1191.52928619, -2991.34128445, 208.200725235)
(-1191.47087635, -2991.28287399, 208.200725235)
(-1191.41772339, -2991.22972074, 208.200725235)
(-1191.35376632, -2991.16575949, 208.200725235)
(-1191.30148887, -2991.11348156, 208.200725235)
(-1191.25446853, -2991.0664611, 208.200725235)
(-1191.20511204, -2991.01710459, 208.200725235)
(-1191.14261482, -2990.95460465, 208.200725235)
(-1191.09559443, -2990.90758387, 208.200725235)
(-1191.03952122, -2990.85150872, 208.200725235)
(-1190.98724386, -2990.79923132, 208.200725235)
(-1190.93000305, -2990.74198892, 208.200725235)
(-1190.87684964, -2990.68883553, 208.200725235)
(-1190.8187319, -2990.63071622, 208.200725235)
(-1190.77638416, -2990.58836846, 208.200725235)
(-1190.71680643, -2990.52878967, 208.200725235)
(-1190.66861782, -2990.48060144, 208.200725236)
(-1190.61020793, -2990.42219078, 208.200725235)
(-1190.56026657, -2990.37224983, 208.200725236)
(-1190.49397125, -2990.30595374, 208.200725235)
(-1190.44403036, -2990.25601333, 208.200725236)
(-1190.37715121, -2990.18913323, 208.200725235)
(-1190.32516555, -2990.13714798, 208.200725236)
(-1190.26383514, -2990.07581649, 208.200725235)
(-1190.20630096, -2990.01828271, 208.200725236)
(-1190.13007648, -2989.94205661, 208.200725235)
(-1190.08422402, -2989.89620434, 208.200725236)
(-1190.00858356, -2989.82056181, 208.200725235)
(-1189.96127133, -2989.77324962, 208.200725235)
(-1189.89935785, -2989.71133402, 208.200725235)
(-1189.85029305, -2989.66226885, 208.200725236)
(-1189.78166176, -2989.59363545, 208.200725235)
(-1189.72529599, -2989.53726956, 208.200725236)
(-1189.66455085, -2989.47652202, 208.200725235)
(-1189.62599996, -2989.43797088, 208.200725236)
(-1189.57051064, -2989.3824801, 208.200725235)
(-1189.51764907, -2989.32961858, 208.200725236)
(-1189.45223068, -2989.26419878, 208.200725236)
(-1189.4022898, -2989.21425813, 208.200725236)
(-1189.33833094, -2989.15029781, 208.200725236)
(-1189.30036397, -2989.11233095, 208.200725236)
(-1189.23290087, -2989.04486679, 208.200725236)
(-1189.18500441, -2988.99697054, 208.200725236)
(-1189.11578866, -2988.92775365, 208.200725236)
(-1189.06643154, -2988.87839681, 208.200725236)
(-1189.00919008, -2988.82115426, 208.200725236)
(-1188.96976316, -2988.78172741, 208.200725236)
(-1188.90054754, -2988.71251104, 208.200725236)
(-1188.85235863, -2988.66432242, 208.200725236)
(-1188.78401885, -2988.59598177, 208.200725236)
(-1188.7296972, -2988.54166053, 208.200725236)
(-1188.67070354, -2988.48266588, 208.200725236)
(-1188.62368291, -2988.43564548, 208.200725236)
(-1188.56439659, -2988.37635841, 208.200725236)
(-1188.51241124, -2988.32437338, 208.200725236)
(-1188.45400167, -2988.26596308, 208.200725236)
(-1188.40522888, -2988.21719058, 208.200725236)
(-1188.34769478, -2988.15965589, 208.200725236)
(-1188.30125822, -2988.11321967, 208.200725236)
(-1188.24956547, -2988.06152665, 208.200725236)
(-1188.19991696, -2988.01187804, 208.200725236)
(-1188.13741884, -2987.94937793, 208.200725236)
(-1188.09069032, -2987.90264934, 208.200725236)
(-1188.03549334, -2987.84745087, 208.200725236)
(-1187.98555262, -2987.79751014, 208.200725236)
(-1187.92071809, -2987.73267432, 208.200725236)
(-1187.87398957, -2987.68594584, 208.200725236)
(-1187.81470346, -2987.62665863, 208.200725236)
(-1187.76826719, -2987.58022251, 208.200725236)
(-1187.71453042, -2987.52648503, 208.200725236)
(-1187.667802, -2987.47975682, 208.200725236)
(-1187.60384274, -2987.41579698, 208.200725236)
(-1187.55886653, -2987.37082099, 208.200725236)
(-1187.51243071, -2987.32438484, 208.200725236)
(-1187.45431271, -2987.26626673, 208.200725236)
(-1187.3897704, -2987.20172213, 208.200725236)
(-1187.343042, -2987.15499338, 208.200725236)
(-1187.28258844, -2987.09453785, 208.200725236)
(-1187.23848886, -2987.05043801, 208.200725236)
(-1187.18387605, -2986.99582397, 208.200725236)
(-1187.13510318, -2986.94705108, 208.200725236)
(-1187.08136595, -2986.89331297, 208.200725236)
(-1187.02967272, -2986.8416199, 208.200725236)
(-1186.96396189, -2986.77590828, 208.200725236)
(-1186.90525927, -2986.71720599, 208.200725236)
(-1186.83370698, -2986.64565243, 208.200725236)
(-1186.78581053, -2986.59775599, 208.200725236)
(-1186.71980794, -2986.53175201, 208.200725236)
(-1186.65117556, -2986.46311986, 208.200725236)
(-1186.57962398, -2986.39156562, 208.200725236)
(-1186.52296581, -2986.33490777, 208.200725236)
(-1186.45608658, -2986.26802801, 208.200725236)
(-1186.41023422, -2986.22217591, 208.200725236)
(-1186.34948753, -2986.16142867, 208.200725236)
(-1186.30684783, -2986.11878925, 208.200725236)
(-1186.25019029, -2986.06213137, 208.200725236)
(-1186.2034619, -2986.01540334, 208.200725236)
(-1186.14329921, -2985.95524043, 208.200725236)
(-1186.0986152, -2985.91055632, 208.200725236)
(-1186.03670125, -2985.84864082, 208.200725236)
(-1185.99347781, -2985.80541717, 208.200725236)
(-1185.92572251, -2985.73766064, 208.200725236)
(-1185.88425095, -2985.69618912, 208.200725236)
(-1185.82292051, -2985.63485775, 208.200725236)
(-1185.7808651, -2985.59280244, 208.200725236)
(-1185.71690642, -2985.5288431, 208.200725236)
(-1185.66813358, -2985.4800704, 208.200725236)
(-1185.619361, -2985.43129738, 208.200725236)
(-1185.5723405, -2985.38427707, 208.200725236)
(-1185.50400093, -2985.31593718, 208.200725236)
(-1185.4490951, -2985.26103166, 208.200725236)
(-1185.38017096, -2985.19210698, 208.200725236)
(-1185.32701739, -2985.13895363, 208.200725236)
(-1185.27211225, -2985.08404788, 208.200725236)
(-1185.2356058, -2985.04754154, 208.200725236)
(-1185.17719555, -2984.98913106, 208.200725236)
(-1185.12404175, -2984.93597759, 208.200725236)
(-1185.0749772, -2984.88691288, 208.200725236)
(-1185.02240905, -2984.83434319, 208.200725236)
(-1184.98239809, -2984.79433202, 208.200725236)
(-1184.92398806, -2984.73592129, 208.200725236)
(-1184.87287875, -2984.68481205, 208.200725236)
(-1184.81563702, -2984.62756976, 208.200725236)
(-1184.76248369, -2984.57441658, 208.200725236)
(-1184.71108291, -2984.52301541, 208.200725236)
(-1184.67077956, -2984.48271215, 208.200725236)
(-1184.61470558, -2984.426638, 208.200725236)
(-1184.55600334, -2984.36793569, 208.200725236)
(-1184.48912378, -2984.30105609, 208.200725236)
(-1184.44151916, -2984.25345176, 208.200725236)
(-1184.37726776, -2984.18920002, 208.200725236)
(-1184.32820295, -2984.14013549, 208.200725236)
(-1184.27738633, -2984.08931863, 208.200725236)
(-1184.22627739, -2984.03820965, 208.200725236)
(-1184.17487617, -2983.98680841, 208.200725236)
(-1184.1152981, -2983.92722912, 208.200725236)
(-1184.05951638, -2983.87144724, 208.200725236)
(-1184.00986837, -2983.82179831, 208.200725236)
(-1183.95700699, -2983.76893686, 208.200725236)
(-1183.90823454, -2983.72016376, 208.200725236)
(-1183.85566508, -2983.66759435, 208.200725236)
(-1183.80747698, -2983.61940582, 208.200725236)
(-1183.7499428, -2983.56187189, 208.200725236)
(-1183.69357696, -2983.50550568, 208.200725236)
(-1183.64509609, -2983.45702498, 208.200725236)
(-1183.58084499, -2983.39277354, 208.200725236)
(-1183.53090422, -2983.34283295, 208.200725236)
(-1183.44766978, -2983.25959801, 208.200725236)
(-1183.39159561, -2983.20352398, 208.200725236)
(-1183.3229641, -2983.13489152, 208.200725236)
(-1183.2695188, -2983.08144622, 208.200725236)
(-1183.21753405, -2983.02946066, 208.200725236)
(-1183.17022148, -2982.98214803, 208.200725236)
(-1183.11064323, -2982.92256914, 208.200725236)
(-1183.07034017, -2982.88226607, 208.200725236)
(-1183.00900979, -2982.82093529, 208.200725236)
(-1182.96344958, -2982.77537522, 208.200725236)
(-1182.90562334, -2982.71754869, 208.200725236)
(-1182.85422211, -2982.66614766, 208.200725236)
(-1182.78909501, -2982.60102029, 208.200725236)
(-1182.73623356, -2982.54815907, 208.200725236)
(-1182.68191194, -2982.49383719, 208.200725236)
(-1182.64160864, -2982.45353397, 208.200725236)
(-1182.58378261, -2982.39570783, 208.200725236)
(-1182.52916916, -2982.34109437, 208.200725236)
(-1182.46813095, -2982.28005503, 208.200725236)
(-1182.42111052, -2982.2330344, 208.200725236)
(-1182.36737341, -2982.1792965, 208.200725236)
(-1182.32707038, -2982.1389934, 208.200725236)
(-1182.27070485, -2982.08262744, 208.200725236)
(-1182.21638306, -2982.02830579, 208.200725236)
(-1182.15125559, -2981.96317787, 208.200725236)
(-1182.09751806, -2981.90944049, 208.200725236)
(-1182.03297519, -2981.84489709, 208.200725236)
(-1181.98420247, -2981.7961245, 208.200725236)
(-1181.94243913, -2981.75436087, 208.200725236)
(-1181.89454248, -2981.70646431, 208.200725236)
(-1181.82912321, -2981.64104484, 208.200725236)
(-1181.77421751, -2981.58613933, 208.200725236)
(-1181.70383311, -2981.51575459, 208.200725236)
(-1181.64892721, -2981.46084881, 208.200725236)
(-1181.59519006, -2981.40711127, 208.200725236)
(-1181.55722343, -2981.36914466, 208.200725236)
(-1181.49706097, -2981.30898201, 208.200725236)
(-1181.45033249, -2981.26225366, 208.200725236)
(-1181.39279834, -2981.20471937, 208.200725236)
(-1181.33701732, -2981.14893715, 208.200725236)
(-1181.28211176, -2981.09403144, 208.200725236)
(-1181.23450765, -2981.04642666, 208.200725236)
(-1181.18193817, -2980.99385713, 208.200725236)
(-1181.12265203, -2980.93457039, 208.200725236)
(-1181.07621595, -2980.88813427, 208.200725236)
(-1181.023647, -2980.83556494, 208.200725236)
(-1180.98188348, -2980.79380148, 208.200725236)
(-1180.92756184, -2980.73947967, 208.200725236)
(-1180.8764527, -2980.68837071, 208.200725236)
(-1180.820087, -2980.63200491, 208.200725236)
(-1180.76605751, -2980.57797539, 208.200725236)
(-1180.71056757, -2980.52248541, 208.200725236)
(-1180.66121076, -2980.47312859, 208.200725236)
(-1180.5995885, -2980.41150547, 208.200725236)
(-1180.54701935, -2980.35893626, 208.200725236)
(-1180.48218426, -2980.29410031, 208.200725236)
(-1180.42932279, -2980.24123876, 208.200725236)
(-1180.33353084, -2980.14544539, 208.200725236)
(-1180.26957154, -2980.08148612, 208.200725236)
(-1180.18896541, -2980.00087927, 208.200725236)
(-1180.13318357, -2979.94509742, 208.200725236)
(-1180.04907371, -2979.86098621, 208.200725236)
(-1180.00964665, -2979.82155918, 208.200725236)
(-1179.95620114, -2979.76811355, 208.200725236)
(-1179.90479989, -2979.71671252, 208.200725236)
(-1179.84113289, -2979.65304542, 208.200725236)
(-1179.78681123, -2979.59872397, 208.200725236)
(-1179.72402008, -2979.53593265, 208.200725236)
(-1179.67816779, -2979.49008053, 208.200725236)
(-1179.62034176, -2979.43225439, 208.200725236)
(-1179.57682609, -2979.38873887, 208.200725236)
(-1179.5216284, -2979.33354115, 208.200725236)
(-1179.45854508, -2979.27045784, 208.200725236)
(-1179.39049706, -2979.20240983, 208.200725236)
(-1179.34172447, -2979.15363743, 208.200725236)
(-1179.28827916, -2979.10019201, 208.200725236)
(-1179.24038249, -2979.05229549, 208.200725236)
(-1179.18314032, -2978.99505327, 208.200725236)
(-1179.1051634, -2978.91707511, 208.200725236)
(-1179.05668283, -2978.8685946, 208.200725236)
(-1178.99274166, -2978.80462059, 208.20072522)
(-1178.95555765, -2978.76295041, 208.200725278)
(-1178.91066624, -2978.70087104, 208.200725259)
(-1178.87680887, -2978.64247565, 208.200725273)
(-1178.82948853, -2978.56538084, 208.200725252)
(-1178.79599596, -2978.51140694, 208.200725243)
(-1178.75321504, -2978.44316185, 208.200725245)
(-1178.72176873, -2978.3910014, 208.200725245)
(-1178.67864474, -2978.31883022, 208.200725219)
(-1178.64640932, -2978.26542444, 208.200725235)
(-1178.59587163, -2978.18156497, 208.200725226)
(-1178.56505842, -2978.13020013, 208.200725234)
(-1178.52156894, -2978.05753629, 208.200725234)
(-1178.48929237, -2978.00368124, 208.200725231)
(-1178.4462341, -2977.9317228, 208.200725238)
(-1178.41058433, -2977.87219033, 208.200725229)
(-1178.35928582, -2977.78639692, 208.200725232)
(-1178.3230179, -2977.72579296, 208.200725237)
(-1178.27724038, -2977.64921579, 208.200725233)
(-1178.24162154, -2977.58966702, 208.200725234)
(-1178.20008372, -2977.52018291, 208.200725234)
(-1178.16637931, -2977.46382097, 208.200725234)
(-1178.12907728, -2977.40143053, 208.200725234)
(-1178.09241027, -2977.34010253, 208.200725232)
(-1178.05365901, -2977.27520333, 208.200725233)
(-1178.01615683, -2977.21244954, 208.200725235)
(-1177.97293557, -2977.14012374, 208.200725235)
(-1177.93373718, -2977.07453474, 208.200725235)
(-1177.88944035, -2977.00044739, 208.200725222)
(-1177.84237239, -2976.93744657, 208.200726561)
(-1177.79074896, -2976.88121852, 208.200725068)
(-1177.74193706, -2976.82917006, 208.200725244)
(-1177.69581519, -2976.77841042, 208.200725299)
(-1177.64931689, -2976.72690807, 208.200725222)
(-1177.57986369, -2976.64994406, 208.200725235)
(-1177.52354154, -2976.58782062, 208.200725238)
(-1177.46019002, -2976.51813601, 208.200725236)
(-1177.40600608, -2976.45854552, 208.200725235)
(-1177.34536415, -2976.39198266, 208.200725236)
(-1177.29784092, -2976.33973868, 208.200725236)
(-1177.22465012, -2976.25946728, 208.200725234)
(-1177.18570658, -2976.21672647, 208.200725236)
(-1177.13365214, -2976.15966582, 208.200725235)
(-1177.08189803, -2976.10289453, 208.200725236)
(-1177.02479056, -2976.04037313, 208.200725227)
(-1176.98131706, -2975.99377542, 208.200725245)
(-1176.92874478, -2975.93813529, 208.200725223)
(-1176.87886853, -2975.88618943, 208.200725226)
(-1176.8239459, -2975.82995478, 208.200725237)
(-1176.77326022, -2975.77838533, 208.200725241)
(-1176.72343812, -2975.72772003, 208.200725231)
(-1176.67603623, -2975.67933399, 208.200725229)
(-1176.62140135, -2975.62357729, 208.200725235)
(-1176.57544235, -2975.57667049, 208.200725238)
(-1176.52425431, -2975.52447369, 208.200725235)
(-1176.47596952, -2975.47522133, 208.200725236)
(-1176.41924303, -2975.4174617, 208.200725235)
(-1176.36833497, -2975.3655727, 208.200725234)
(-1176.31193101, -2975.30808065, 208.200725235)
(-1176.26536372, -2975.26061226, 208.200725234)
(-1176.21098638, -2975.20518372, 208.200725234)
(-1176.15921334, -2975.15240755, 208.200725234)
(-1176.10049769, -2975.09255507, 208.200725234)
(-1176.05190653, -2975.04302157, 208.200725234)
(-1175.98536895, -2974.97521854, 208.200725232)
(-1175.94347802, -2974.93296831, 208.200725234)
(-1175.88432871, -2974.87350946, 208.200725229)
(-1175.83539462, -2974.82429427, 208.200725237)
(-1175.77211783, -2974.76079635, 208.200725234)
(-1175.72494492, -2974.71334607, 208.200725234)
(-1175.66929782, -2974.65742522, 208.200725235)
(-1175.62153018, -2974.60940182, 208.200725238)
(-1175.5617841, -2974.54940017, 208.200725235)
(-1175.49185992, -2974.47914609, 208.200725236)
(-1175.44378901, -2974.43084716, 208.200725236)
(-1175.3784939, -2974.36529854, 208.200725235)
(-1175.33069863, -2974.31730314, 208.200725234)
(-1175.2665413, -2974.25295274, 208.200725235)
(-1175.22223037, -2974.20848135, 208.200725229)
(-1175.15808384, -2974.14412353, 208.200725231)
(-1175.1076487, -2974.09350914, 208.200725234)
(-1175.04904931, -2974.03470362, 208.200725235)
(-1174.99773954, -2973.98321237, 208.200725235)
(-1174.94584455, -2973.93113717, 208.200725235)
(-1174.89598945, -2973.88111493, 208.200725231)
(-1174.85108765, -2973.83606807, 208.200725235)
(-1174.78863243, -2973.77351659, 208.200725235)
(-1174.73787867, -2973.72263782, 208.200725235)
(-1174.68069831, -2973.66533294, 208.200725234)
(-1174.61885645, -2973.60334413, 208.200725236)
(-1174.55554171, -2973.539907, 208.200725234)
(-1174.49719581, -2973.48143346, 208.200725236)
(-1174.4423439, -2973.42647564, 208.200725233)
(-1174.393623, -2973.37765132, 208.200725234)
(-1174.31601732, -2973.29989324, 208.200725234)
(-1174.26408644, -2973.24786424, 208.200725235)
(-1174.18931131, -2973.17309716, 208.200725229)
(-1174.1437695, -2973.12751848, 208.200725234)
(-1174.09355159, -2973.07727398, 208.200725234)
(-1174.04493594, -2973.03133221, 208.200725231)
(-1173.98450988, -2972.97836723, 208.200725239)
(-1173.91281824, -2972.92047903, 208.200725157)
(-1173.85724928, -2972.88240473, 208.200725237)
(-1173.79041735, -2972.84417097, 208.200725234)
(-1173.72369428, -2972.80465614, 208.200725197)
(-1173.6479099, -2972.7575945, 208.200725211)
(-1173.58470688, -2972.71917374, 208.200725249)
(-1173.50762636, -2972.67253701, 208.200725243)
(-1173.45670768, -2972.64173486, 208.200725242)
(-1173.38133814, -2972.59626163, 208.20072524)
(-1173.32758495, -2972.56379092, 208.200725236)
(-1173.24548125, -2972.51430229, 208.200725238)
(-1173.19031183, -2972.48100701, 208.200725233)
(-1173.11775635, -2972.43730625, 208.200725239)
(-1173.06894405, -2972.40787293, 208.200725241)
(-1172.99499453, -2972.36331783, 208.200725236)
(-1172.93379801, -2972.32643113, 208.200725234)
(-1172.85277463, -2972.27761841, 208.200725238)
(-1172.7979431, -2972.24457521, 208.200725237)
(-1172.73178188, -2972.2047175, 208.200725235)
(-1172.67199652, -2972.16869246, 208.200725235)
(-1172.58920965, -2972.11881734, 208.200725234)
(-1172.52447012, -2972.07980976, 208.200725236)
(-1172.46184888, -2972.04208613, 208.200725235)
(-1172.40843651, -2972.00989122, 208.200725236)
(-1172.33807152, -2971.96743267, 208.200725235)
(-1172.25856181, -2971.91937455, 208.200725237)
(-1172.19726418, -2971.87520377, 208.200724974)
(-1172.12703133, -2971.81448714, 208.200725344)
(-1172.07685302, -2971.77020161, 208.200725149)
(-1172.02751734, -2971.72694813, 208.200725252)
(-1171.9752297, -2971.68078613, 208.200725249)
(-1171.92054149, -2971.63232703, 208.200725232)
(-1171.85544347, -2971.57447517, 208.200725234)
(-1171.80721654, -2971.53119476, 208.200725234)
(-1171.73704194, -2971.46784518, 208.200725227)
(-1171.68187866, -2971.4180451, 208.200725231)
(-1171.61601497, -2971.35852321, 208.200725232)
(-1171.57097257, -2971.31782513, 208.200725234)
(-1171.51310642, -2971.26545449, 208.200725237)
(-1171.45949271, -2971.21698188, 208.200725241)
(-1171.39490027, -2971.1584943, 208.200725234)
(-1171.34160587, -2971.11028282, 208.200725239)
(-1171.27547973, -2971.0504058, 208.200725234)
(-1171.23413844, -2971.01299052, 208.200725234)
(-1171.15545842, -2970.94174227, 208.200725214)
(-1171.10020304, -2970.89016644, 208.200725253)
(-1171.02575732, -2970.81811334, 208.200725238)
(-1170.96661227, -2970.75939092, 208.200725236)
(-1170.90335084, -2970.69651954, 208.200725235)
(-1170.84826652, -2970.64234483, 208.20072524)
(-1170.78868177, -2970.58390939, 208.200725237)
(-1170.72289085, -2970.51942916, 208.200725233)
(-1170.67573963, -2970.47312896, 208.200725235)
(-1170.6265247, -2970.42480251, 208.200725236)
(-1170.57318556, -2970.37242325, 208.200725235)
(-1170.50304504, -2970.30355298, 208.200725229)
(-1170.45147308, -2970.2529212, 208.200725235)
(-1170.39218219, -2970.19480473, 208.200725235)
(-1170.34881276, -2970.15230903, 208.200725234)
(-1170.29122805, -2970.09598472, 208.200725234)
(-1170.23989491, -2970.04569126, 208.20072523)
(-1170.17708001, -2969.98409934, 208.200725237)
(-1170.12841854, -2969.93584324, 208.20072523)
(-1170.06115458, -2969.86880813, 208.200725233)
(-1170.02100991, -2969.82893768, 208.200725235)
(-1169.96449427, -2969.77273435, 208.200725234)
(-1169.91851216, -2969.7270167, 208.200725231)
(-1169.85705314, -2969.66582705, 208.200725234)
(-1169.80727283, -2969.61631172, 208.200725235)
(-1169.73820612, -2969.54753711, 208.200725234)
(-1169.68492443, -2969.49451118, 208.200725234)
(-1169.6310781, -2969.44088539, 208.200725234)
(-1169.58863509, -2969.39863391, 208.200725235)
(-1169.52482833, -2969.33510599, 208.200725239)
(-1169.47389743, -2969.28440228, 208.200725234)
(-1169.40716652, -2969.21795701, 208.200725235)
(-1169.35945742, -2969.17045761, 208.200725235)
(-1169.31175188, -2969.12295543, 208.200725235)
(-1169.26609229, -2969.0774949, 208.200725235)
(-1169.2157508, -2969.0273705, 208.200725238)
(-1169.16573357, -2968.9775104, 208.200725237)
(-1169.1239371, -2968.93578868, 208.200725234)
(-1169.06582536, -2968.87768137, 208.200725238)
(-1169.02111185, -2968.83302795, 208.20072524)
(-1168.95218553, -2968.764113, 208.200725233)
(-1168.90222408, -2968.71419223, 208.200725235)
(-1168.85053712, -2968.66249946, 208.200725235)
(-1168.80233935, -2968.61432084, 208.200725235)
(-1168.75152166, -2968.56350568, 208.200725242)
(-1168.69836331, -2968.51035628, 208.200725238)
(-1168.63503559, -2968.44694179, 208.200725234)
(-1168.59240631, -2968.40429161, 208.200725235)
(-1168.53839016, -2968.35024927, 208.200725235)
(-1168.48378772, -2968.29562371, 208.200725236)
(-1168.42159389, -2968.23340333, 208.200725236)
(-1168.35647895, -2968.1682631, 208.200725236)
(-1168.27559585, -2968.08734953, 208.200725237)
(-1168.21188927, -2968.02371559, 208.200725237)
(-1168.15514485, -2967.96713463, 208.200725237)
(-1168.09991229, -2967.91197381, 208.200725235)
(-1168.02744372, -2967.83958628, 208.20072524)
(-1167.96990492, -2967.7820603, 208.200725237)
(-1167.90980978, -2967.72184532, 208.200725237)
(-1167.85842361, -2967.67042885, 208.200725236)
(-1167.80061286, -2967.61258785, 208.200725235)
(-1167.75973494, -2967.57169073, 208.200725236)
(-1167.69403828, -2967.50596391, 208.200725236)
(-1167.64994782, -2967.46185458, 208.200725236)
(-1167.58162184, -2967.3935004, 208.200725236)
(-1167.53081487, -2967.34267332, 208.200725236)
(-1167.47212334, -2967.28396018, 208.200725236)
(-1167.42248373, -2967.23430228, 208.200725236)
(-1167.37371904, -2967.18552134, 208.200725236)
(-1167.32641493, -2967.13820073, 208.200725236)
(-1167.26100564, -2967.0727709, 208.200725237)
(-1167.21165727, -2967.02340637, 208.200725236)
(-1167.13398136, -2966.94571017, 208.200725237)
(-1167.07966749, -2966.89138057, 208.200725237)
(-1167.02097094, -2966.8326773, 208.200725239)
(-1166.98096484, -2966.79266196, 208.200725236)
(-1166.92723356, -2966.73892648, 208.200725233)
(-1166.87058101, -2966.68226307, 208.200725237)
(-1166.80721175, -2966.61889301, 208.200725235)
(-1166.75581442, -2966.5674891, 208.200725237)
(-1166.69916169, -2966.51083815, 208.200725236)
(-1166.65418763, -2966.46586028, 208.200725237)
(-1166.60337303, -2966.41504759, 208.200725236)
(-1166.54642333, -2966.35809814, 208.200725238)
(-1166.47512891, -2966.28686872, 208.200725242)
(-1166.42050438, -2966.2322665, 208.200725236)
(-1166.34747383, -2966.15927036, 208.200725236)
(-1166.30804017, -2966.11985068, 208.200725236)
(-1166.25487749, -2966.06670653, 208.200725236)
(-1166.19879453, -2966.01064187, 208.200725235)
(-1166.14621683, -2965.95808104, 208.200725235)
(-1166.0807868, -2965.89267212, 208.200725235)
(-1166.00513419, -2965.81704188, 208.200725235)
(-1165.95985973, -2965.77178024, 208.200725235)
(-1165.90231814, -2965.71425383, 208.200725235)
(-1165.86230187, -2965.67424822, 208.200725235)
(-1165.80417655, -2965.61613724, 208.200725235)
(-1165.74283803, -2965.55481354, 208.200725235)
(-1165.68500522, -2965.49699406, 208.200725235)
(-1165.61841302, -2965.43041201, 208.200725234)
(-1165.57372401, -2965.38573301, 208.200725235)
(-1165.50946615, -2965.32148763, 208.200725235)
(-1165.45017304, -2965.26220727, 208.200725235)
(-1165.38212006, -2965.19416552, 208.200725235)
(-1165.32428829, -2965.13634504, 208.200725235)
(-1165.27609758, -2965.08815853, 208.200725234)
(-1165.22293929, -2965.03500906, 208.200725235)
(-1165.15488887, -2964.96696459, 208.200725234)
(-1165.0944301, -2964.90651447, 208.200725235)
(-1165.02989116, -2964.84196669, 208.200725234)
(-1164.98637438, -2964.79845124, 208.200725235)
(-1164.93409944, -2964.74617252, 208.200725234)
(-1164.88182216, -2964.69389557, 208.200725235)
(-1164.81027116, -2964.62234165, 208.200725234)
(-1164.75916137, -2964.57123232, 208.200725235)
(-1164.69257673, -2964.50464192, 208.200725234)
(-1164.63913194, -2964.45119613, 208.200725235)
(-1164.58072522, -2964.39278299, 208.200725234)
(-1164.53633356, -2964.34839012, 208.200725235)
(-1164.47500474, -2964.28705687, 208.200725234)
(-1164.4271089, -2964.23915963, 208.200725235)
(-1164.36023188, -2964.17227829, 208.200725234)
(-1164.31321181, -2964.12525728, 208.200725235)
(-1164.24516545, -2964.05720674, 208.200725235)
(-1164.19931367, -2964.01135412, 208.200725235)
(-1164.13798529, -2963.95002215, 208.200725235)
(-1164.08833689, -2963.90037278, 208.200725235)
(-1164.02642331, -2963.83845585, 208.200725235)
(-1163.97356205, -2963.78559379, 208.200725235)
(-1163.90756072, -2963.71958889, 208.200725235)
(-1163.86287724, -2963.67490472, 208.200725235)
(-1163.79716702, -2963.60919133, 208.200725235)
(-1163.74868641, -2963.5607101, 208.200725235)
(-1163.69144589, -2963.50346686, 208.200725235)
(-1163.64617821, -2963.4581988, 208.200725235)
(-1163.58543278, -2963.39745111, 208.200725235)
(-1163.53987259, -2963.35189042, 208.200725235)
(-1163.4817551, -2963.29377115, 208.200725235)
(-1163.42130144, -2963.23331593, 208.200725235)
(-1163.37691037, -2963.18892379, 208.200725235)
(-1163.32229925, -2963.13430781, 208.200725235)
(-1163.27381885, -2963.08582601, 208.200725235)
(-1163.21044581, -2963.02244891, 208.200725235)
(-1163.15700101, -2962.96900306, 208.200725235)
(-1163.09479621, -2962.90679434, 208.200725235)
(-1163.04894414, -2962.86094145, 208.200725235)
(-1162.98907499, -2962.80106916, 208.200725235)
(-1162.9452676, -2962.75726104, 208.200725236)
(-1162.88656692, -2962.69855798, 208.200725235)
(-1162.84626388, -2962.65825449, 208.200725236)
(-1162.77325173, -2962.58524008, 208.200725235)
(-1162.72477117, -2962.53675941, 208.200725236)
(-1162.66198163, -2962.4739677, 208.200725235)
(-1162.60357144, -2962.4155572, 208.200725236)
(-1162.53348012, -2962.34546303, 208.200725235)
(-1162.47214951, -2962.2841318, 208.200725236)
(-1162.41461742, -2962.22659663, 208.200725235)
(-1162.34569359, -2962.15767196, 208.200725236)
(-1162.27297481, -2962.08494819, 208.200725235)
(-1162.21631672, -2962.02828996, 208.200725236)
(-1162.14973017, -2961.96170184, 208.200725236)
(-1162.09920519, -2961.9111768, 208.200725236)
(-1162.05627391, -2961.86824452, 208.200725236)
(-1162.00428845, -2961.81625909, 208.200725236)
(-1161.93799361, -2961.74996324, 208.200725236)
(-1161.88045947, -2961.69242924, 208.200725236)
(-1161.80978349, -2961.62175177, 208.200725236)
(-1161.75312529, -2961.56509359, 208.200725236)
(-1161.68887531, -2961.50084172, 208.200725236)
(-1161.63922676, -2961.45119283, 208.200725236)
(-1161.59600365, -2961.40796858, 208.200725236)
(-1161.54606253, -2961.35802733, 208.200725236)
(-1161.48093565, -2961.29289938, 208.200725236)
(-1161.42690627, -2961.23887005, 208.200725236)
(-1161.36148745, -2961.17344993, 208.200725236)
(-1161.30804171, -2961.12000425, 208.200725236)
(-1161.23970238, -2961.05166342, 208.200725236)
(-1161.19998352, -2961.01194444, 208.200725236)
(-1161.14186607, -2960.9538259, 208.200725236)
(-1161.08491573, -2960.8968756, 208.200725236)
(-1161.01949661, -2960.83145526, 208.200725236)
(-1160.9555375, -2960.76749605, 208.200725236)
(-1160.88778274, -2960.69973947, 208.200725236)
(-1160.84017821, -2960.65213474, 208.200725236)
(-1160.78760945, -2960.59956457, 208.200725236)
(-1160.74847454, -2960.56042948, 208.200725236)
(-1160.67984333, -2960.49179722, 208.200725236)
(-1160.63369912, -2960.44565308, 208.200725236)
(-1160.57937771, -2960.39133089, 208.200725236)
(-1160.53352534, -2960.34547865, 208.200725236)
(-1160.48154059, -2960.29349341, 208.200725236)
(-1160.43656498, -2960.24851754, 208.200725236)
(-1160.37289883, -2960.18484938, 208.200725236)
(-1160.32324992, -2960.13520012, 208.200725236)
(-1160.25403467, -2960.0659829, 208.200725236)
(-1160.20204978, -2960.01399776, 208.200725236)
(-1160.15503041, -2959.96697698, 208.200725236)
(-1160.10917819, -2959.92112449, 208.200725236)
(-1160.04025444, -2959.85219945, 208.200725236)
(-1159.98914549, -2959.80109041, 208.200725236)
(-1159.91350538, -2959.72544863, 208.200725236)
(-1159.85451092, -2959.66645388, 208.200725236)
(-1159.78295927, -2959.59489973, 208.200725236)
(-1159.71900028, -2959.53094039, 208.200725236)
(-1159.66555482, -2959.47749523, 208.200725236)
(-1159.61853466, -2959.43047461, 208.200725236)
(-1159.55282257, -2959.36476289, 208.200725236)
(-1159.48214672, -2959.29408628, 208.200725236)
(-1159.42665701, -2959.2385967, 208.200725236)
(-1159.37642447, -2959.18836339, 208.200725236)
(-1159.32356279, -2959.13550186, 208.200725236)
(-1159.25405495, -2959.06599323, 208.200725236)
(-1159.199729, -2959.01167574, 208.200725236)
(-1159.132265, -2958.94422924, 208.200725237)
(-1159.07531231, -2958.88728252, 208.200725236)
(-1159.00083527, -2958.81281337, 208.200725236)
(-1158.94826639, -2958.76024478, 208.200725235)
(-1158.89482256, -2958.70679794, 208.200725235)
(-1158.85685567, -2958.66883062, 208.200725235)
(-1158.7999063, -2958.61187967, 208.200725235)
(-1158.74879722, -2958.5607707, 208.200725235)
(-1158.68075044, -2958.49272231, 208.200725235)
(-1158.62321594, -2958.43518792, 208.200725235)
(-1158.55078807, -2958.36275769, 208.200725235)
(-1158.49675865, -2958.30872826, 208.200725236)
(-1158.43893408, -2958.25090122, 208.200725235)
(-1158.39395796, -2958.20592508, 208.200725236)
(-1158.3381767, -2958.15014211, 208.200725235)
(-1158.29027999, -2958.10224559, 208.200725236)
(-1158.21902065, -2958.03098467, 208.200725236)
(-1158.16732736, -2957.97929169, 208.200725236)
(-1158.09781983, -2957.90978195, 208.200725235)
(-1158.05050729, -2957.86246945, 208.200725236)
(-1157.98800974, -2957.7999699, 208.200725235)
(-1157.95062724, -2957.76258718, 208.200725236)
(-1157.89309359, -2957.70505243, 208.200725236)
(-1157.84344434, -2957.6554035, 208.200725236)
(-1157.77043217, -2957.58239015, 208.200725236)
(-1157.7292529, -2957.54121114, 208.200725236)
(-1157.67522393, -2957.48718134, 208.200725236)
(-1157.62557467, -2957.43753245, 208.200725236)
(-1157.55139381, -2957.36335085, 208.200725236)
(-1157.4950278, -2957.30698538, 208.200725236)
(-1157.42172379, -2957.23367984, 208.200725236)
(-1157.37762369, -2957.18957992, 208.200725236)
(-1157.31862984, -2957.13058466, 208.200725236)
(-1157.27044129, -2957.0823962, 208.200725236)
(-1157.20356251, -2957.01551616, 208.200725236)
(-1157.15332936, -2956.96528318, 208.200725236)
(-1157.0952114, -2956.90716409, 208.200725236)
(-1157.05578426, -2956.8677371, 208.200725236)
(-1156.99270189, -2956.80465401, 208.200725236)
(-1156.94392914, -2956.75588156, 208.200725236)
(-1156.8750051, -2956.68695676, 208.200725236)
(-1156.82564803, -2956.63760008, 208.200725236)
(-1156.76957473, -2956.58152607, 208.200725236)
(-1156.72343047, -2956.53538223, 208.200725236)
(-1156.66414419, -2956.47609552, 208.200725236)
(-1156.59901604, -2956.41096802, 208.200725236)
(-1156.52834031, -2956.34029127, 208.200725236)
(-1156.46876184, -2956.2807131, 208.200725236)
(-1156.40188264, -2956.21383234, 208.200725236)
(-1156.34931305, -2956.16126282, 208.200725236)
(-1156.28477087, -2956.09671879, 208.200725236)
(-1156.20650112, -2956.01844909, 208.200725236)
(-1156.16152203, -2955.97347554, 208.200725238)
(-1156.09522235, -2955.90719076, 208.200725237)
(-1156.04703368, -2955.85900368, 208.200725235)
(-1155.9845354, -2955.79650456, 208.200725235)
(-1155.93868294, -2955.75065267, 208.200725236)
(-1155.88465336, -2955.69662274, 208.200725236)
(-1155.83500408, -2955.64697411, 208.200725236)
(-1155.78009879, -2955.59206869, 208.200725235)
(-1155.70533608, -2955.51730182, 208.200725235)
(-1155.65510272, -2955.46706856, 208.200725236)
(-1155.58763885, -2955.39960429, 208.200725236)
(-1155.53565345, -2955.34761956, 208.200725236)
(-1155.48863363, -2955.30059939, 208.200725235)
(-1155.44073676, -2955.25270308, 208.200725236)
(-1155.38291042, -2955.19487664, 208.200725236)
(-1155.3204131, -2955.13237603, 208.200725235)
(-1155.25733017, -2955.06929288, 208.200725236)
(-1155.21469071, -2955.02665344, 208.200725236)
(-1155.15540544, -2954.96736529, 208.200725235)
(-1155.11000285, -2954.91358964, 208.200725254)
(-1155.07886735, -2954.84431373, 208.200725345)
(-1155.06855372, -2954.76740845, 208.200725114)
(-1155.06220722, -2954.70538655, 208.20072549)
(-1155.04780796, -2954.63513956, 208.200725313)
(-1155.0312383, -2954.55804341, 208.200725256)
(-1155.01342796, -2954.47487143, 208.200725214)
(-1155.00121874, -2954.40423533, 208.200725243)
(-1154.98767021, -2954.32796837, 208.200725233)
(-1154.97387146, -2954.2511981, 208.200725221)
(-1154.96003821, -2954.17481841, 208.200725238)
(-1154.95163596, -2954.10650359, 208.20072523)
(-1154.94165343, -2954.0164673, 208.200725238)
(-1154.93676867, -2953.93914192, 208.200725203)
(-1154.93135863, -2953.86187388, 208.20072523)
(-1154.92722075, -2953.7902771, 208.200725229)
(-1154.92252305, -2953.71696624, 208.200725231)
(-1154.91919533, -2953.64984705, 208.200725228)
(-1154.91579469, -2953.58224912, 208.200725237)
(-1154.91104243, -2953.49895385, 208.200725234)
(-1154.90824266, -2953.43793745, 208.200725236)
(-1154.90475958, -2953.36246768, 208.200725244)
(-1154.9015817, -2953.29111229, 208.200725231)
(-1154.89708755, -2953.19004305, 208.200725237)
(-1154.89519846, -2953.11913711, 208.200725235)
(-1154.89251711, -2953.0333063, 208.200725231)
(-1154.89174271, -2952.97267459, 208.20072524)
(-1154.89039908, -2952.88558734, 208.200725232)
(-1154.88923919, -2952.81953028, 208.200725231)
(-1154.88743298, -2952.71836585, 208.200725234)
(-1154.88653663, -2952.6469431, 208.200725218)
(-1154.88487717, -2952.51934908, 208.200725232)
(-1154.88398357, -2952.45574985, 208.200725234)
(-1154.88220191, -2952.32648834, 208.20072523)
(-1154.88153922, -2952.26661369, 208.200725233)
(-1154.88042392, -2952.16048531, 208.200725228)
(-1154.87975611, -2952.07294936, 208.20072524)
(-1154.87891418, -2951.97383372, 208.200725229)
(-1154.87875046, -2951.89538496, 208.200725241)
(-1154.8782949, -2951.79585356, 208.200725232)
(-1154.87788023, -2951.70375343, 208.200725232)
(-1154.87759608, -2951.62239403, 208.200725233)
(-1154.87736803, -2951.5393825, 208.200725234)
(-1154.87715002, -2951.47784208, 208.200725235)
(-1154.87688822, -2951.4030857, 208.200725234)
(-1154.87662411, -2951.32791595, 208.200725234)
(-1154.87640556, -2951.25770405, 208.200725233)
(-1154.87625281, -2951.1660202, 208.200725234)
(-1154.8760827, -2951.09911009, 208.200725236)
(-1154.87586672, -2951.01402777, 208.200725235)
(-1154.87582428, -2950.94051763, 208.200725235)
(-1154.87585462, -2950.84966096, 208.200725233)
(-1154.87580643, -2950.77903366, 208.200725235)
(-1154.87576497, -2950.71129834, 208.20072523)
(-1154.87571208, -2950.63777908, 208.200725236)
(-1154.87564133, -2950.54237079, 208.200725236)
(-1154.87559178, -2950.47546106, 208.200725236)
(-1154.87552308, -2950.38294393, 208.200725236)
(-1154.87548134, -2950.32305616, 208.200725235)
(-1154.87541556, -2950.22310457, 208.200725235)
(-1154.8753636, -2950.15288993, 208.200725236)
(-1154.87528443, -2950.04839519, 208.200725236)
(-1154.87523866, -2949.98313818, 208.200725235)
(-1154.87518169, -2949.89681669, 208.200725235)
(-1154.87513659, -2949.82536395, 208.200725234)
(-1154.87514619, -2949.73697982, 208.200725233)
(-1154.87512852, -2949.67502609, 208.200725235)
(-1154.87511441, -2949.58746599, 208.200725231)
(-1154.87509928, -2949.52220806, 208.200725235)
(-1154.87510611, -2949.42886619, 208.200725238)
(-1154.87510025, -2949.36236899, 208.200725235)
(-1154.8751003, -2949.28430823, 208.200725238)
(-1154.87509495, -2949.2025294, 208.200725235)
(-1154.87509733, -2949.11455589, 208.20072523)
(-1154.87509525, -2949.05012376, 208.200725235)
(-1154.875098, -2948.95141162, 208.200725234)
(-1154.87509701, -2948.88284958, 208.200725235)
(-1154.8751017, -2948.80231055, 208.200725235)
(-1154.87510211, -2948.73250905, 208.200725235)
(-1154.87510415, -2948.65609995, 208.200725235)
(-1154.87510414, -2948.59414612, 208.200725235)
(-1154.8751062, -2948.49502092, 208.200725235)
(-1154.8751061, -2948.42356762, 208.200725235)
(-1154.87510797, -2948.34385416, 208.200725235)
(-1154.87510767, -2948.28107432, 208.200725235)
(-1154.87510871, -2948.20962166, 208.200725235)
(-1154.87510957, -2948.13156014, 208.200725235)
(-1154.8751101, -2948.04606435, 208.200725235)
(-1154.87512979, -2947.95106974, 208.200725233)
(-1154.87513964, -2947.83996608, 208.200725235)
(-1154.87514644, -2947.74827498, 208.200725235)
(-1154.87515706, -2947.64088885, 208.200725235)
(-1154.8751634, -2947.55663197, 208.200725235)
(-1154.87517194, -2947.47567951, 208.200725235)
(-1154.87517651, -2947.40876951, 208.200725235)
(-1154.87518446, -2947.31914357, 208.200725235)
(-1154.87518974, -2947.23653858, 208.200725236)
(-1154.87519365, -2947.16962885, 208.200725236)
(-1154.87519973, -2947.08826345, 208.200725236)
(-1154.87520314, -2947.02961389, 208.200725236)
(-1154.87520814, -2946.94700931, 208.200725236)
(-1154.87521169, -2946.87473008, 208.200725236)
(-1154.87521617, -2946.79171248, 208.200725236)
(-1154.87521937, -2946.7214984, 208.200725236)
(-1154.87522254, -2946.65500168, 208.200725236)
(-1154.87522517, -2946.59139601, 208.200725236)
(-1154.87522922, -2946.49433558, 208.200725236)
(-1154.87523211, -2946.41957831, 208.200725236)
(-1154.87523585, -2946.32458297, 208.200725236)
(-1154.87523859, -2946.2473476, 208.200725236)
(-1154.87524163, -2946.15978667, 208.200725236)
(-1154.87524379, -2946.09494198, 208.200725236)
(-1154.87524614, -2946.02266287, 208.200725236)
(-1154.87524831, -2945.95327495, 208.200725236)
(-1154.8752508, -2945.86654007, 208.200725236)
(-1154.8752536, -2945.76658842, 208.200725236)
(-1154.87525571, -2945.69224422, 208.200725236)
(-1154.8752576, -2945.61542188, 208.200725236)
(-1154.87525922, -2945.55222937, 208.200725236)
(-1154.87526078, -2945.48242841, 208.200725236)
(-1154.8752623, -2945.4167577, 208.200725236)
(-1154.87526381, -2945.32919665, 208.200725236)
(-1154.87526522, -2945.2614609, 208.200725236)
(-1154.87526644, -2945.17720415, 208.200725236)
(-1154.87526756, -2945.12103304, 208.200725236)
(-1154.87526881, -2945.03842828, 208.200725236)
(-1154.87527033, -2944.96284508, 208.200725236)
(-1154.87527146, -2944.87528415, 208.200725236)
(-1154.87527283, -2944.79928795, 208.200725236)
(-1154.87527373, -2944.71957434, 208.200725236)
(-1154.87527467, -2944.66422927, 208.200725236)
(-1154.87527576, -2944.57460316, 208.200725236)
(-1154.87527691, -2944.50562836, 208.200725236)
(-1154.87527793, -2944.40361154, 208.200725236)
(-1154.87527911, -2944.32720226, 208.200725236)
(-1154.87527974, -2944.2400543, 208.200725236)
(-1154.87528056, -2944.17851395, 208.200725236)
(-1154.87528108, -2944.10623483, 208.200725236)
(-1154.87528213, -2944.03106467, 208.200725236)
(-1154.87528288, -2943.93524312, 208.200725236)
(-1154.87528381, -2943.86131205, 208.200725236)
(-1154.87528425, -2943.76672969, 208.200725236)
(-1154.87528511, -2943.68990741, 208.200725236)
(-1154.87528533, -2943.60069427, 208.200725236)
(-1154.87528607, -2943.53006742, 208.200725236)
(-1154.8752862, -2943.45489713, 208.200725236)
(-1154.87528689, -2943.379314, 208.200725236)
(-1154.87528709, -2943.2706887, 208.200725236)
(-1154.8752877, -2943.19675761, 208.200725236)
(-1154.87528739, -2943.09804504, 208.200725236)
(-1154.875288, -2943.0092451, 208.200725236)
(-1154.87528732, -2942.92870535, 208.200725236)
(-1154.87528747, -2942.8729474, 208.200725236)
(-1154.87528713, -2942.78951664, 208.200725236)
(-1154.87528752, -2942.71310751, 208.200725236)
(-1154.87528707, -2942.61026453, 208.200725236)
(-1154.87528738, -2942.53881157, 208.200725236)
(-1154.87528666, -2942.45001153, 208.200725236)
(-1154.8752869, -2942.38475398, 208.200725236)
(-1154.87528633, -2942.29967106, 208.200725236)
(-1154.87528656, -2942.23689162, 208.200725236)
(-1154.87528616, -2942.15056967, 208.200725236)
(-1154.87528641, -2942.08448612, 208.200725236)
(-1154.87528602, -2941.98453443, 208.200725236)
(-1154.8752864, -2941.90895117, 208.200725236)
(-1154.87528594, -2941.83171574, 208.200725236)
(-1154.87528623, -2941.76769726, 208.200725236)
(-1154.8752858, -2941.65783303, 208.200725236)
(-1154.87528604, -2941.5921624, 208.200725235)
(-1154.87528562, -2941.51492694, 208.200725236)
(-1154.87528594, -2941.45214752, 208.200725235)
(-1154.87528564, -2941.35384796, 208.200725235)
(-1154.87528593, -2941.27991688, 208.200725235)
(-1154.87528539, -2941.17996508, 208.200725235)
(-1154.87528561, -2941.10520795, 208.200725235)
(-1154.87528496, -2941.0234293, 208.200725235)
(-1154.87528506, -2940.96271502, 208.200725235)
(-1154.87528456, -2940.8693716, 208.200725235)
(-1154.87528475, -2940.79461448, 208.200725235)
(-1154.87528418, -2940.70416238, 208.200725235)
(-1154.87528432, -2940.64014388, 208.200725235)
(-1154.87528387, -2940.55919124, 208.200725235)
(-1154.87528407, -2940.49971595, 208.200725235)
(-1154.87528382, -2940.41504608, 208.200725235)
(-1154.87528407, -2940.34565829, 208.200725235)
(-1154.87528389, -2940.26470567, 208.200725235)
(-1154.87528382, -2940.20357824, 208.200725235)
(-1154.87528387, -2940.13336425, 208.200725235)
(-1154.87528284, -2940.04786836, 208.200725235)
(-1154.87528274, -2939.98095878, 208.200725235)
(-1154.87528201, -2939.89918008, 208.200725235)
(-1154.87528202, -2939.82937924, 208.200725235)
(-1154.87528131, -2939.73768796, 208.200725235)
(-1154.87528139, -2939.6724304, 208.200725235)
(-1154.87528091, -2939.59519498, 208.200725235)
(-1154.87528103, -2939.52539416, 208.200725235)
(-1154.8752806, -2939.43659402, 208.200725235)
(-1154.87528069, -2939.37092343, 208.200725235)
(-1154.87528041, -2939.30029642, 208.200725235)
(-1154.87528061, -2939.22801748, 208.200725235)
(-1154.87528036, -2939.12104432, 208.200725235)
(-1154.87528053, -2939.05124344, 208.200725235)
(-1154.87528022, -2938.97772523, 208.200725235)
(-1154.87528036, -2938.91164163, 208.200725235)
(-1154.8752801, -2938.80838572, 208.200725235)
(-1154.87527978, -2938.69563038, 208.200725235)
(-1154.87527984, -2938.62459044, 208.200725235)
(-1154.8752789, -2938.52298668, 208.200725235)
(-1154.87527884, -2938.46433745, 208.200725235)
(-1154.87527809, -2938.37471129, 208.200725235)
(-1154.87527816, -2938.30284531, 208.200725235)
(-1154.87527738, -2938.21032805, 208.200725235)
(-1154.87527737, -2938.13226671, 208.200725235)
(-1154.8752764, -2938.03851034, 208.200725235)
(-1154.87527635, -2937.97036159, 208.200725235)
(-1154.87527573, -2937.90427782, 208.200725235)
(-1154.8752757, -2937.8319989, 208.200725235)
(-1154.87527519, -2937.74485086, 208.200725235)
(-1154.87527527, -2937.66761556, 208.200725235)
(-1154.87527459, -2937.57138111, 208.200725235)
(-1154.87527465, -2937.49414585, 208.200725235)
(-1154.87527394, -2937.40575874, 208.200725235)
(-1154.87527389, -2937.33843605, 208.200725235)
(-1154.87527343, -2937.27152622, 208.200725235)
(-1154.87527353, -2937.19676912, 208.200725235)
(-1154.87527307, -2937.10425185, 208.200725235)
(-1154.87527314, -2937.02949468, 208.200725235)
(-1154.87527253, -2936.93284715, 208.200725235)
(-1154.87527254, -2936.86882862, 208.200725235)
(-1154.87527211, -2936.79283228, 208.200725235)
(-1154.87527215, -2936.72179237, 208.200725235)
(-1154.87527173, -2936.62638392, 208.200725235)
(-1154.87527179, -2936.56319143, 208.200725235)
(-1154.87527145, -2936.47976072, 208.200725235)
(-1154.87527153, -2936.42317661, 208.200725235)
(-1154.87527131, -2936.32570303, 208.200725235)
(-1154.87527143, -2936.25961934, 208.200725235)
(-1154.87527113, -2936.15760256, 208.200725235)
(-1154.87527124, -2936.08573655, 208.200725235)
(-1154.87527085, -2935.99321927, 208.200725235)
(-1154.87527092, -2935.91928815, 208.200725235)
(-1154.87527057, -2935.84700906, 208.200725235)
(-1154.87527061, -2935.78299055, 208.200725235)
(-1154.8752704, -2935.69501654, 208.200725235)
(-1154.87527054, -2935.61943332, 208.200725235)
(-1154.87527027, -2935.52732906, 208.200725235)
(-1154.87527033, -2935.46248447, 208.200725235)
(-1154.87527015, -2935.38855326, 208.200725235)
(-1154.87527004, -2935.30966583, 208.200725235)
(-1154.87526995, -2935.23945187, 208.200725235)
(-1154.87526901, -2935.15065182, 208.200725235)
(-1154.87526884, -2935.0771338, 208.200725235)
(-1154.875268, -2934.98874672, 208.200725235)
(-1154.87526786, -2934.92307609, 208.200725235)
(-1154.87526721, -2934.8450146, 208.200725235)
(-1154.87526714, -2934.77108354, 208.200725235)
(-1154.87526655, -2934.6806314, 208.200725235)
(-1154.87526655, -2934.59389656, 208.200725235)
(-1154.87526561, -2934.49270578, 208.200725235)
(-1154.87526545, -2934.39110218, 208.200725235)
(-1154.87526559, -2934.30643242, 208.200725235)
(-1154.87526519, -2934.21350209, 208.200725235)
(-1154.87526519, -2934.14576632, 208.200725235)
(-1154.87526479, -2934.0627486, 208.200725235)
(-1154.87526484, -2933.97105751, 208.200725235)
(-1154.87526432, -2933.88060533, 208.200725235)
(-1154.8752643, -2933.80543517, 208.200725235)
(-1154.87526381, -2933.7248956, 208.200725235)
(-1154.87526379, -2933.65715985, 208.200725235)
(-1154.87526343, -2933.57868537, 208.200725235)
(-1154.87526344, -2933.50516726, 208.200725235)
(-1154.8752631, -2933.42380163, 208.200725235)
(-1154.87526315, -2933.3461533, 208.200725235)
(-1154.87526287, -2933.26767884, 208.200725235)
(-1154.87526291, -2933.19911703, 208.200725235)
(-1154.8752627, -2933.12601187, 208.200725235)
(-1154.87526275, -2933.05662403, 208.200725235)
(-1154.87526259, -2932.96286774, 208.200725235)
(-1154.87526271, -2932.89224077, 208.200725235)
(-1154.87526254, -2932.80798398, 208.200725235)
(-1154.87526263, -2932.73777005, 208.200725235)
(-1154.87526246, -2932.64855699, 208.200725235)
(-1154.87526256, -2932.57049562, 208.200725235)
(-1154.87526237, -2932.48913001, 208.200725235)
(-1154.87526242, -2932.42882865, 208.200725235)
(-1154.8752623, -2932.34539794, 208.200725235)
(-1154.87526224, -2932.27477098, 208.200725235)
(-1154.87526161, -2932.18927511, 208.200725235)
(-1154.87526155, -2932.12319142, 208.200725235)
(-1154.8752611, -2932.0438909, 208.200725235)
(-1154.87526106, -2931.97450304, 208.200725235)
(-1154.87526071, -2931.89355044, 208.200725235)
(-1154.87526068, -2931.83035794, 208.200725235)
(-1154.8752604, -2931.74279696, 208.200725235)
(-1154.87526038, -2931.67382214, 208.200725235)
(-1154.87526015, -2931.58626119, 208.200725235)
(-1154.8752602, -2931.51274308, 208.200725235)
(-1154.87525999, -2931.43509466, 208.200725235)
(-1154.87526004, -2931.36901096, 208.200725235)
(-1154.87525987, -2931.28558023, 208.200725235)
(-1154.87525997, -2931.21247515, 208.200725235)
(-1154.87525982, -2931.12284906, 208.200725235)
(-1154.87525987, -2931.05841745, 208.200725234)
(-1154.87525975, -2930.98902954, 208.200725235)
(-1154.87525969, -2930.91964165, 208.200725235)
(-1154.87525927, -2930.84158021, 208.200725235)
(-1154.8752592, -2930.77343143, 208.200725235)
(-1154.87525893, -2930.70404345, 208.200725235)
(-1154.87525891, -2930.63754675, 208.200725235)
(-1154.87525874, -2930.56155044, 208.200725235)
(-1154.87525878, -2930.49340163, 208.200725234)
(-1154.87525867, -2930.4186444, 208.200725235)
(-1154.87525861, -2930.35338674, 208.200725235)
(-1154.87525858, -2930.29473745, 208.200725235)
(-1154.87525822, -2930.20800255, 208.200725235)
(-1154.87525821, -2930.12168072, 208.200725234)
(-1154.87525772, -2930.01925088, 208.200725235)
(-1154.87525764, -2929.94325462, 208.200725235)
(-1154.87525713, -2929.85651971, 208.200725235)
(-1154.87525704, -2929.78589279, 208.200725234)
(-1154.87525705, -2929.6991579, 208.200725235)
(-1154.87525637, -2929.59920622, 208.200725235)
(-1154.87525638, -2929.51536259, 208.200725234)
(-1154.87525628, -2929.43936628, 208.200725234)
(-1154.87525632, -2929.38526026, 208.200725234)
(-1154.87525626, -2929.30017742, 208.200725235)
(-1154.87525622, -2929.22376812, 208.200725234)
(-1154.87525622, -2929.15768439, 208.200725235)
(-1154.87525595, -2929.08705738, 208.200725235)
(-1154.87525594, -2929.02056068, 208.200725234)
(-1154.87525572, -2928.93671693, 208.200725235)
(-1154.87525571, -2928.86939419, 208.200725234)
(-1154.87525556, -2928.78720254, 208.200725234)
(-1154.8752556, -2928.71905373, 208.200725234)
(-1154.8752555, -2928.64677461, 208.200725234)
(-1154.87525553, -2928.58151695, 208.200725234)
(-1154.87525547, -2928.50552065, 208.200725235)
(-1154.87525546, -2928.43861089, 208.200725235)
(-1154.87525519, -2928.36054945, 208.200725235)
(-1154.87525516, -2928.29570484, 208.200725234)
(-1154.87525494, -2928.21351319, 208.200725235)
(-1154.87525494, -2928.13916905, 208.200725234)
(-1154.87525475, -2928.05036903, 208.200725234)
(-1154.87525476, -2927.9838723, 208.200725234)
(-1154.87525461, -2927.90746295, 208.200725234)
(-1154.87525461, -2927.84303135, 208.200725234)
(-1154.8752545, -2927.75010109, 208.200725234)
(-1154.87525454, -2927.67616995, 208.200725234)
(-1154.87525443, -2927.59976062, 208.200725234)
(-1154.87525445, -2927.5456546, 208.200725234)
(-1154.8752544, -2927.4675932, 208.200725234)
(-1154.87525439, -2927.40729182, 208.200725235)
(-1154.87525414, -2927.31931783, 208.200725235)
(-1154.87525412, -2927.24951692, 208.200725234)
(-1154.87525389, -2927.16567316, 208.200725235)
(-1154.87525388, -2927.0950462, 208.200725234)
(-1154.87525371, -2927.01285454, 208.200725235)
(-1154.8752537, -2926.95461829, 208.200725234)
(-1154.87525354, -2926.85838387, 208.200725235)
(-1154.87525357, -2926.78858296, 208.200725234)
(-1154.87525346, -2926.70845643, 208.200725234)
(-1154.8752535, -2926.63989459, 208.200725234)
(-1154.87525342, -2926.56513735, 208.200725234)
(-1154.87525344, -2926.50111875, 208.200725234)
(-1154.87525339, -2926.42636152, 208.200725235)
(-1154.87525338, -2926.363995, 208.200725234)
(-1154.87525314, -2926.27643405, 208.200725235)
(-1154.87525313, -2926.20498106, 208.200725235)
(-1154.87525294, -2926.13063685, 208.200725234)
(-1154.87525292, -2926.06620526, 208.200725234)
(-1154.87525281, -2925.9836006, 208.200725235)
(-1154.87525284, -2925.91214759, 208.200725234)
(-1154.87525271, -2925.82499964, 208.200725234)
(-1154.87525273, -2925.74611221, 208.200725235)
(-1154.8752526, -2925.65896428, 208.200725235)
(-1154.87525263, -2925.59411964, 208.200725234)
(-1154.87525253, -2925.51192799, 208.200725234)
(-1154.87525255, -2925.43304058, 208.200725234)
(-1154.87525242, -2925.34052337, 208.200725234)
(-1154.87525246, -2925.26741827, 208.200725234)
(-1154.87525232, -2925.17572707, 208.200725235)
(-1154.87525233, -2925.1104694, 208.200725234)
(-1154.87525223, -2925.032821, 208.200725235)
(-1154.87525224, -2924.9667373, 208.200725234)
(-1154.87525217, -2924.8766982, 208.200725235)
(-1154.87525218, -2924.81267962, 208.200725234)
(-1154.87525211, -2924.73709636, 208.200725235)
(-1154.87525208, -2924.6648173, 208.200725234)
(-1154.87525207, -2924.60121173, 208.200725234)
(-1154.87525187, -2924.5161289, 208.200725235)
(-1154.87525184, -2924.44921915, 208.200725235)
(-1154.87525166, -2924.36661447, 208.200725235)
(-1154.87525167, -2924.29557447, 208.200725235)
(-1154.87525153, -2924.20966561, 208.200725235)
(-1154.87525153, -2924.15473354, 208.200725235)
(-1154.87525143, -2924.07502004, 208.200725235)
(-1154.87525144, -2924.00191495, 208.200725234)
(-1154.87525135, -2923.90278936, 208.200725235)
(-1154.87525137, -2923.83133635, 208.200725234)
(-1154.87525126, -2923.74542748, 208.200725235)
(-1154.87525126, -2923.67769167, 208.200725235)
(-1154.8752512, -2923.61202095, 208.200725235)
(-1154.87525122, -2923.55213259, 208.200725234)
(-1154.87525121, -2923.47654931, 208.200725235)
(-1154.87525089, -2923.37618465, 208.200725235)
(-1154.87525083, -2923.31010096, 208.200725235)
(-1154.87525066, -2923.23616979, 208.200725235)
(-1154.87525065, -2923.16471679, 208.200725235)
(-1154.87525054, -2923.0945028, 208.200725235)
(-1154.87525053, -2923.02098467, 208.200725235)
(-1154.87525043, -2922.94251023, 208.200725235)
(-1154.87525044, -2922.87683954, 208.200725235)
(-1154.87525039, -2922.79258278, 208.200725235)
(-1154.87525042, -2922.72402093, 208.200725235)
(-1154.87525036, -2922.64389442, 208.200725235)
(-1154.87525039, -2922.58194095, 208.200725235)
(-1154.87525037, -2922.51668327, 208.200725235)
(-1154.87525015, -2922.42623114, 208.200725235)
(-1154.87525012, -2922.35395209, 208.200725235)
(-1154.87524995, -2922.27093438, 208.200725235)
(-1154.87524993, -2922.21724137, 208.200725235)
(-1154.87524984, -2922.13257158, 208.200725235)
(-1154.87524985, -2922.06648788, 208.200725235)
(-1154.87524974, -2921.9710795, 208.200725235)
(-1154.87524975, -2921.90003952, 208.200725235)
(-1154.87524967, -2921.81413068, 208.200725235)
(-1154.87524969, -2921.75506836, 208.200725235)
(-1154.87524964, -2921.67907206, 208.200725235)
(-1154.87524966, -2921.61257532, 208.200725235)
(-1154.87524962, -2921.53327483, 208.200725235)
(-1154.87524961, -2921.4564525, 208.200725235)
(-1154.87524942, -2921.37467387, 208.200725235)
(-1154.87524939, -2921.31561157, 208.200725235)
(-1154.8752493, -2921.25489714, 208.200725235)
(-1154.8752493, -2921.17064042, 208.200725235)
(-1154.87524921, -2921.07399297, 208.200725235)
(-1154.87524922, -2920.9963446, 208.200725235)
(-1154.87524905, -2920.89267573, 208.200725235)
(-1154.87524902, -2920.80676688, 208.200725235)
(-1154.87524886, -2920.73407478, 208.200725235)
(-1154.87524885, -2920.65188317, 208.200725235)
(-1154.87524884, -2920.55771388, 208.200725235)
(-1154.87524887, -2920.49080412, 208.200725235)
(-1154.87524885, -2920.41480784, 208.200725235)
(-1154.87524886, -2920.34459388, 208.200725235)
(-1154.87524872, -2920.26488036, 208.200725235)
(-1154.8752487, -2920.19920967, 208.200725235)
(-1154.87524861, -2920.12362639, 208.200725235)
(-1154.87524862, -2920.05382547, 208.200725235)
(-1154.87524857, -2919.97493802, 208.200725235)
(-1154.87524857, -2919.90265897, 208.200725235)
(-1154.87524852, -2919.83451013, 208.200725235)
(-1154.87524854, -2919.77296968, 208.200725235)
(-1154.87524854, -2919.69490827, 208.200725235)
(-1154.87524854, -2919.61767292, 208.200725235)
(-1154.87524853, -2919.55035011, 208.200725235)
(-1154.87524839, -2919.46072405, 208.200725235)
(-1154.87524839, -2919.39794451, 208.200725235)
(-1154.8752483, -2919.31120961, 208.200725235)
(-1154.8752483, -2919.24553893, 208.200725235)
(-1154.87524822, -2919.17160777, 208.200725235)
(-1154.87524822, -2919.10593709, 208.200725235)
(-1154.87524818, -2919.02044127, 208.200725235)
(-1154.87524822, -2918.94568406, 208.200725235)
(-1154.87524816, -2918.85027567, 208.200725235)
(-1154.87524816, -2918.79493055, 208.200725235)
(-1154.87524812, -2918.7197603, 208.200725235)
(-1154.87524815, -2918.64995937, 208.200725235)
(-1154.87524813, -2918.5582682, 208.200725235)
(-1154.8752481, -2918.47194635, 208.200725235)
(-1154.87524812, -2918.39553706, 208.200725235)
(-1154.8752481, -2918.32904031, 208.200725235)
(-1154.87524813, -2918.25882636, 208.200725235)
(-1154.87524813, -2918.18943844, 208.200725235)
(-1154.87524796, -2918.10022538, 208.200725235)
(-1154.87524794, -2918.03496771, 208.200725235)
(-1154.87524788, -2917.96434072, 208.200725235)
(-1154.87524788, -2917.89867004, 208.200725235)
(-1154.87524783, -2917.82184771, 208.200725235)
(-1154.87524783, -2917.74832959, 208.200725235)
(-1154.87524779, -2917.6578775, 208.200725235)
(-1154.87524782, -2917.58766354, 208.200725235)
(-1154.87524779, -2917.52281888, 208.200725235)
(-1154.87524781, -2917.45301794, 208.200725235)
(-1154.87524779, -2917.38569513, 208.200725235)
(-1154.87524765, -2917.30061232, 208.200725235)
(-1154.87524764, -2917.22915931, 208.200725235)
(-1154.87524757, -2917.16224953, 208.200725235)
(-1154.87524755, -2917.09244863, 208.200725235)
(-1154.87524749, -2917.010257, 208.200725235)
(-1154.8752475, -2916.93426073, 208.200725235)
(-1154.87524746, -2916.84215653, 208.200725235)
(-1154.87524746, -2916.75996489, 208.200725235)
(-1154.87524739, -2916.67281697, 208.200725235)
(-1154.87524739, -2916.61953697, 208.200725235)
(-1154.87524734, -2916.531563, 208.200725235)
(-1154.87524735, -2916.45226255, 208.200725235)
(-1154.87524727, -2916.34818069, 208.200725235)
(-1154.87524727, -2916.26970628, 208.200725235)
(-1154.87524721, -2916.18710163, 208.200725235)
(-1154.87524723, -2916.12680023, 208.200725235)
(-1154.87524715, -2916.03056578, 208.200725235)
(-1154.87524715, -2915.95828671, 208.200725235)
(-1154.87524708, -2915.86370436, 208.200725235)
(-1154.87524708, -2915.77986065, 208.200725235)
(-1154.87524698, -2915.69642995, 208.200725235)
(-1154.87524697, -2915.62993323, 208.200725235)
(-1154.87524691, -2915.55104578, 208.200725235)
(-1154.87524691, -2915.48330997, 208.200725235)
(-1154.87524687, -2915.39616205, 208.200725235)
(-1154.87524687, -2915.33379553, 208.200725235)
(-1154.87524683, -2915.24912574, 208.200725235)
(-1154.87524684, -2915.17932481, 208.200725235)
(-1154.87524681, -2915.09052481, 208.200725235)
(-1154.87524681, -2915.03724482, 208.200725235)
(-1154.87524678, -2914.94761878, 208.200725235)
(-1154.87524679, -2914.87492669, 208.200725235)
(-1154.87524678, -2914.7828225, 208.200725235)
(-1154.8752468, -2914.70806528, 208.200725235)
(-1154.87524676, -2914.6110048, 208.200725235)
(-1154.87524677, -2914.54326898, 208.200725235)
(-1154.87524676, -2914.48048943, 208.200725235)
(-1154.87524677, -2914.41523176, 208.200725235)
(-1154.87524676, -2914.35080013, 208.200725235)
(-1154.87524665, -2914.25332665, 208.200725235)
(-1154.87524664, -2914.17650434, 208.200725235)
(-1154.87524657, -2914.08563921, 208.200725235)
(-1154.87524656, -2914.01955549, 208.200725235)
(-1154.87524648, -2913.93612477, 208.200725235)
(-1154.87524647, -2913.87293221, 208.200725235)
(-1154.87524644, -2913.80106614, 208.200725235)
(-1154.87524644, -2913.73580848, 208.200725235)
(-1154.87524641, -2913.64907359, 208.200725235)
(-1154.87524641, -2913.57225128, 208.200725235)
(-1154.87524638, -2913.49212477, 208.200725235)
(-1154.8752464, -2913.43017129, 208.200725235)
(-1154.87524639, -2913.34591453, 208.200725235)
(-1154.87524641, -2913.28106987, 208.200725235)
(-1154.87524639, -2913.20094334, 208.200725235)
(-1154.87524638, -2913.12412101, 208.200725235)
(-1154.87524639, -2913.05638519, 208.200725235)
(-1154.87524632, -2912.97791077, 208.200725235)
(-1154.87524632, -2912.91719636, 208.200725235)
(-1154.87524627, -2912.83583078, 208.200725235)
(-1154.87524628, -2912.76148661, 208.200725235)
(-1154.87524626, -2912.68053404, 208.200725235)
(-1154.87524627, -2912.61279822, 208.200725235)
(-1154.87524624, -2912.53845402, 208.200725235)
(-1154.87524625, -2912.47278331, 208.200725235)
(-1154.87524623, -2912.3947219, 208.200725235)
(-1154.87524625, -2912.31913865, 208.200725235)
(-1154.87524624, -2912.24933772, 208.200725235)
(-1154.87524614, -2912.16466796, 208.200725235)
(-1154.87524613, -2912.09569309, 208.200725235)
(-1154.87524607, -2912.00606703, 208.200725235)
(-1154.87524608, -2911.93709215, 208.200725235)
(-1154.87524601, -2911.83631445, 208.200725235)
(-1154.875246, -2911.74131909, 208.200725235)
(-1154.87524602, -2911.67317025, 208.200725235)
(-1154.87524601, -2911.57858792, 208.200725235)
(-1154.87524601, -2911.51456933, 208.200725235)
(-1154.87524599, -2911.41957399, 208.200725235)
(-1154.87524601, -2911.35555539, 208.200725235)
(-1154.87524601, -2911.26386421, 208.200725235)
(-1154.87524602, -2911.20728002, 208.200725235)
(-1154.87524601, -2911.12715349, 208.200725235)
(-1154.875246, -2911.06933023, 208.200725235)
(-1154.87524596, -2910.98424742, 208.200725235)
(-1154.87524596, -2910.91320743, 208.200725235)
(-1154.87524591, -2910.82358139, 208.200725235)
(-1154.87524591, -2910.75460651, 208.200725235)
(-1154.87524588, -2910.67737117, 208.200725235)
(-1154.87524589, -2910.61170047, 208.200725235)
(-1154.87524587, -2910.52744371, 208.200725235)
(-1154.87524588, -2910.46383812, 208.200725235)
(-1154.87524586, -2910.39610229, 208.200725235)
(-1154.87524587, -2910.33043159, 208.200725235)
(-1154.87524587, -2910.25071809, 208.200725235)
(-1154.87524581, -2910.17885205, 208.200725235)
(-1154.8752458, -2910.10698602, 208.200725235)
(-1154.87524577, -2910.0338809, 208.200725235)
(-1154.87524577, -2909.9661451, 208.200725235)
(-1154.87524576, -2909.8988223, 208.200725235)
(-1154.87524577, -2909.82902136, 208.200725235)
(-1154.87524576, -2909.74187344, 208.200725235)
(-1154.87524576, -2909.66711622, 208.200725235)
(-1154.87524575, -2909.58038132, 208.200725235)
(-1154.87524576, -2909.51842784, 208.200725235)
(-1154.87524575, -2909.45440924, 208.200725235)
(-1154.87524574, -2909.38873855, 208.200725235)
(-1154.8752457, -2909.2991125, 208.200725235)
(-1154.87524571, -2909.22642041, 208.200725235)
(-1154.87524568, -2909.14753296, 208.200725235)
(-1154.87524568, -2909.08557946, 208.200725235)
(-1154.87524565, -2909.00503991, 208.200725235)
(-1154.87524566, -2908.93730409, 208.200725235)
(-1154.87524564, -2908.84561292, 208.200725235)
(-1154.87524564, -2908.77292084, 208.200725235)
(-1154.87524561, -2908.67957759, 208.200725235)
(-1154.87524562, -2908.61142876, 208.200725235)
(-1154.87524561, -2908.53171527, 208.200725235)
(-1154.87524562, -2908.47678317, 208.200725235)
(-1154.87524561, -2908.38963525, 208.200725235)
(-1154.87524561, -2908.31570407, 208.200725235)
(-1154.8752456, -2908.22649104, 208.200725235)
(-1154.87524559, -2908.14471243, 208.200725235)
(-1154.8752456, -2908.07078127, 208.200725235)
(-1154.87524558, -2908.0071757, 208.200725235)
(-1154.87524558, -2907.92952733, 208.200725235)
(-1154.87524552, -2907.82627151, 208.200725235)
(-1154.87524553, -2907.76018779, 208.200725235)
(-1154.87524552, -2907.69038685, 208.200725235)
(-1154.87524552, -2907.59621753, 208.200725235)
(-1154.87524545, -2907.49378775, 208.200725235)
(-1154.87524545, -2907.42729101, 208.200725235)
(-1154.87524544, -2907.33518683, 208.200725235)
(-1154.87524544, -2907.28562405, 208.200725235)
(-1154.87524543, -2907.21086684, 208.200725235)
(-1154.87524544, -2907.12991428, 208.200725235)
(-1154.8752454, -2907.0398752, 208.200725235)
(-1154.87524539, -2906.98081287, 208.200725235)
(-1154.87524537, -2906.91927238, 208.200725235)
(-1154.87524537, -2906.84451517, 208.200725235)
(-1154.87524536, -2906.7652147, 208.200725235)
(-1154.87524536, -2906.68508819, 208.200725235)
(-1154.87524533, -2906.58885378, 208.200725235)
(-1154.87524534, -2906.52483519, 208.200725235)
(-1154.87524533, -2906.44016542, 208.200725235)
(-1154.87524533, -2906.3831682, 208.200725235)
(-1154.87524532, -2906.29478121, 208.200725235)
(-1154.87524532, -2906.22663236, 208.200725235)
(-1154.87524531, -2906.1423756, 208.200725235)
(-1154.87524532, -2906.06927049, 208.200725235)
(-1154.87524531, -2905.97923142, 208.200725235)
(-1154.87524531, -2905.91314771, 208.200725235)
(-1154.8752453, -2905.84995516, 208.200725235)
(-1154.8752453, -2905.78428446, 208.200725235)
(-1154.87524528, -2905.70291887, 208.200725235)
(-1154.87524528, -2905.63022677, 208.200725235)
(-1154.87524525, -2905.54018768, 208.200725235)
(-1154.87524525, -2905.46666953, 208.200725235)
(-1154.87524523, -2905.38943418, 208.200725235)
(-1154.87524523, -2905.33408906, 208.200725235)
(-1154.87524522, -2905.26139697, 208.200725235)
(-1154.87524522, -2905.18994396, 208.200725235)
(-1154.87524521, -2905.0999049, 208.200725235)
(-1154.87524522, -2905.0272128, 208.200725235)
(-1154.87524522, -2904.9297393, 208.200725235)
(-1154.87524522, -2904.85869929, 208.200725235)
(-1154.8752452, -2904.77155136, 208.200725235)
(-1154.87524521, -2904.7137281, 208.200725235)
(-1154.8752452, -2904.62616717, 208.200725235)
(-1154.8752452, -2904.56297462, 208.200725235)
(-1154.87524519, -2904.48326114, 208.200725235)
(-1154.87524515, -2904.40685184, 208.200725235)
(-1154.87524515, -2904.32961649, 208.200725235)
(-1154.87524513, -2904.25857648, 208.200725235)
(-1154.87524513, -2904.19249275, 208.200725235)
(-1154.87524511, -2904.11980064, 208.200725235)
(-1154.87524511, -2904.04215226, 208.200725235)
(-1154.8752451, -2903.95748249, 208.200725235)
(-1154.8752451, -2903.88024715, 208.200725235)
(-1154.87524508, -2903.79557739, 208.200725235)
(-1154.87524508, -2903.7299067, 208.200725235)
(-1154.87524508, -2903.65927972, 208.200725235)
(-1154.87524509, -2903.57543599, 208.200725235)
(-1154.87524507, -2903.47837551, 208.200725235)
(-1154.87524507, -2903.40898759, 208.200725235)
(-1154.87524506, -2903.32968712, 208.200725235)
(-1154.87524506, -2903.26484247, 208.200725235)
(-1154.87524505, -2903.20123689, 208.200725235)
(-1154.87524506, -2903.11408899, 208.200725235)
(-1154.87524505, -2903.05461365, 208.200725235)
(-1154.87524502, -2902.97613923, 208.200725235)
(-1154.87524503, -2902.90138202, 208.200725235)
(-1154.87524501, -2902.82001642, 208.200725235)
(-1154.87524501, -2902.74732431, 208.200725235)
(-1154.87524499, -2902.67132802, 208.200725235)
(-1154.87524499, -2902.60854849, 208.200725235)
(-1154.87524498, -2902.53874755, 208.200725235)
(-1154.87524498, -2902.47225082, 208.200725235)
(-1154.87524497, -2902.39708059, 208.200725235)
(-1154.87524497, -2902.33925734, 208.200725235)
(-1154.87524496, -2902.26532618, 208.200725235)
(-1154.87524496, -2902.19263408, 208.200725235)
(-1154.87524494, -2902.10837732, 208.200725235)
(-1154.87524494, -2902.04270661, 208.200725235)
(-1154.87524493, -2901.96092799, 208.200725235)
(-1154.87524493, -2901.89112706, 208.200725235)
(-1154.87524492, -2901.81636986, 208.200725235)
(-1154.87524492, -2901.75400335, 208.200725235)
(-1154.87524492, -2901.68048522, 208.200725235)
(-1154.87524492, -2901.60283685, 208.200725235)
(-1154.87524492, -2901.52766661, 208.200725235)
(-1154.8752449, -2901.43432334, 208.200725235)
(-1154.87524489, -2901.36245728, 208.200725235)
(-1154.87524487, -2901.2848089, 208.200725235)
(-1154.87524487, -2901.23235494, 208.200725235)
(-1154.87524486, -2901.16090192, 208.200725235)
(-1154.87524485, -2901.08160146, 208.200725235)
(-1154.87524484, -2900.99197542, 208.200725235)
(-1154.87524484, -2900.92176147, 208.200725235)
(-1154.87524484, -2900.8370917, 208.200725235)
(-1154.87524484, -2900.77183402, 208.200725235)
(-1154.87524484, -2900.70368517, 208.200725235)
(-1154.87524484, -2900.64090562, 208.200725235)
(-1154.87524484, -2900.5661484, 208.200725235)
(-1154.87524481, -2900.48354375, 208.200725235)
(-1154.87524481, -2900.41539492, 208.200725235)
(-1154.87524479, -2900.34807213, 208.200725235)
(-1154.87524479, -2900.28529261, 208.200725235)
(-1154.87524478, -2900.20434005, 208.200725235)
(-1154.87524479, -2900.13577819, 208.200725235)
(-1154.87524479, -2900.06597725, 208.200725235)
(-1154.87524479, -2900.01145817, 208.200725235)
(-1154.87524479, -2899.94413536, 208.200725235)
(-1154.87524477, -2899.84666186, 208.200725235)
(-1154.87524476, -2899.78429535, 208.200725235)
(-1154.87524475, -2899.70003861, 208.200725235)
(-1154.87524475, -2899.63643304, 208.200725235)
(-1154.87524474, -2899.56828421, 208.200725235)
(-1154.87524474, -2899.50550467, 208.200725235)
(-1154.87524475, -2899.43116048, 208.200725235)
(-1154.87524475, -2899.36177257, 208.200725235)
(-1154.87524475, -2899.29444976, 208.200725235)
(-1154.87524473, -2899.21927952, 208.200725235)
(-1154.87524473, -2899.14204416, 208.200725235)
(-1154.87524472, -2899.05820044, 208.200725235)
(-1154.87524472, -2898.99129068, 208.200725235)
(-1154.8752447, -2898.90083859, 208.200725235)
(-1154.8752447, -2898.83558093, 208.200725235)
(-1154.8752447, -2898.76123674, 208.200725235)
(-1154.87524471, -2898.69969627, 208.200725235)
(-1154.8752447, -2898.60635299, 208.200725235)
(-1154.8752447, -2898.51837902, 208.200725235)
(-1154.8752447, -2898.42420971, 208.200725235)
(-1154.8752447, -2898.34986553, 208.200725235)
(-1154.87524468, -2898.26643484, 208.200725235)
(-1154.87524468, -2898.19787299, 208.200725235)
(-1154.87524468, -2898.12228973, 208.200725235)
(-1154.87524468, -2898.06529252, 208.200725235)
(-1154.87524468, -2897.98475298, 208.200725235)
(-1154.87524469, -2897.91329994, 208.200725235)
(-1154.87524468, -2897.8505204, 208.200725235)
(-1154.87524466, -2897.77411108, 208.200725235)
(-1154.87524466, -2897.71670085, 208.200725235)
(-1154.87524466, -2897.63863945, 208.200725235)
(-1154.87524465, -2897.57379481, 208.200725235)
(-1154.87524465, -2897.49160319, 208.200725235)
(-1154.87524465, -2897.43543203, 208.200725235)
(-1154.87524465, -2897.35943575, 208.200725235)
(-1154.87524465, -2897.30119946, 208.200725235)
(-1154.87524463, -2897.21776868, 208.200725235)
(-1154.87524144, -2897.15003244, 208.200725236)
