(-7430.40953964, 9986.22999946, 1893.81356771)
(-7430.34852678, 9986.23011889, 1893.8138314)
(-7430.27872934, 9986.23020907, 1893.81356353)
(-7430.21719167, 9986.23030822, 1893.81356347)
(-7430.14491232, 9986.23041662, 1893.81356386)
(-7430.0792403, 9986.23049872, 1893.81356405)
(-7430.0024145, 9986.23053254, 1893.81356401)
(-7429.94417803, 9986.23058199, 1893.81356398)
(-7429.8739607, 9986.23058003, 1893.81356399)
(-7429.81570348, 9986.23015434, 1893.81356399)
(-7429.73968148, 9986.22957187, 1893.81356399)
(-7429.68142893, 9986.22894956, 1893.81356397)
(-7429.60830748, 9986.22818023, 1893.81356397)
(-7429.545935, 9986.22752411, 1893.81356398)
(-7429.48521676, 9986.22685785, 1893.81356398)
(-7429.42078559, 9986.22617281, 1893.81356398)
(-7429.35428786, 9986.22540899, 1893.81356398)
(-7429.29274885, 9986.22471548, 1893.81356398)
(-7429.22294775, 9986.22386631, 1893.81356398)
(-7429.16388911, 9986.22318842, 1893.81356398)
(-7429.09780793, 9986.22240231, 1893.81356398)
(-7429.0218117, 9986.22141042, 1893.81356398)
(-7428.96027654, 9986.220659, 1893.81356398)
(-7428.89130666, 9986.21981784, 1893.81356398)
(-7428.82770598, 9986.21904288, 1893.81356398)
(-7428.76782193, 9986.21831284, 1893.81356398)
(-7428.69513526, 9986.21742694, 1893.81356398)
(-7428.5947779, 9986.21620195, 1893.81356398)
(-7428.5163095, 9986.21524516, 1893.81356398)
(-7428.42049516, 9986.21407508, 1893.81356398)
(-7428.34574365, 9986.21316384, 1893.81356398)
(-7428.26851384, 9986.21222057, 1893.81356398)
(-7428.19045856, 9986.21126877, 1893.81356398)
(-7428.13429155, 9986.21058412, 1893.81356398)
(-7428.03806413, 9986.20940951, 1893.81356398)
(-7427.96537756, 9986.20852328, 1893.81356398)
(-7427.88319191, 9986.20752001, 1893.81356398)
(-7427.81793929, 9986.20672435, 1893.81356398)
(-7427.73740563, 9986.2057415, 1893.81356398)
(-7427.67793489, 9986.20501656, 1893.81356398)
(-7427.60648708, 9986.20414502, 1893.81356398)
(-7427.55238523, 9986.20348562, 1893.81356398)
(-7427.48011143, 9986.2026044, 1893.81356398)
(-7427.41692362, 9986.20183404, 1893.81356398)
(-7427.3384549, 9986.20087628, 1893.81356398)
(-7427.27691918, 9986.20012605, 1893.81356398)
(-7427.20836227, 9986.19928973, 1893.81356398)
(-7427.14682654, 9986.19853964, 1893.81356398)
(-7427.07785667, 9986.19769856, 1893.81356398)
(-7427.01136492, 9986.19688784, 1893.81356398)
(-7426.9300053, 9986.19589462, 1893.81356398)
(-7426.8701216, 9986.19516441, 1893.81356398)
(-7426.79247889, 9986.194217, 1893.81356398)
(-7426.74291995, 9986.19361279, 1893.81356398)
(-7426.6727111, 9986.1927565, 1893.81356398)
(-7426.60952329, 9986.19198595, 1893.81356398)
(-7426.53724944, 9986.19110368, 1893.81356398)
(-7426.47323579, 9986.19032312, 1893.81356398)
(-7426.40426591, 9986.18948159, 1893.81356398)
(-7426.34396915, 9986.18874653, 1893.81356398)
(-7426.27252136, 9986.18787513, 1893.81356398)
(-7426.19487884, 9986.18692835, 1893.81356398)
(-7426.13458194, 9986.18619312, 1893.81356398)
(-7426.05570024, 9986.18523015, 1893.81356398)
(-7425.99375156, 9986.18447468, 1893.81356398)
(-7425.92560767, 9986.18364322, 1893.81356398)
(-7425.8644849, 9986.18289808, 1893.81356398)
(-7425.79881897, 9986.18209718, 1893.81356398)
(-7425.73645714, 9986.18133669, 1893.81356398)
(-7425.65592347, 9986.18035355, 1893.81356398)
(-7425.59645275, 9986.17962825, 1893.81356398)
(-7425.52335298, 9986.17873631, 1893.81356398)
(-7425.46057828, 9986.17797093, 1893.81356398)
(-7425.39036946, 9986.17711455, 1893.81356398)
(-7425.33213756, 9986.17640433, 1893.81356398)
(-7425.25821176, 9986.17550181, 1893.81356398)
(-7425.19956701, 9986.17478659, 1893.81356398)
(-7425.11862037, 9986.1737989, 1893.81356398)
(-7425.06327947, 9986.17312417, 1893.81356398)
(-7424.9951356, 9986.17229299, 1893.81356398)
(-7424.93938167, 9986.17161299, 1893.81356398)
(-7424.85760907, 9986.17061482, 1893.81356398)
(-7424.79896431, 9986.16989961, 1893.81356398)
(-7424.72379959, 9986.16898248, 1893.81356398)
(-7424.66928471, 9986.16831779, 1893.81356398)
(-7424.60031487, 9986.16747656, 1893.81356398)
(-7424.539605, 9986.16673619, 1893.81356398)
(-7424.45205046, 9986.16566748, 1893.81356398)
(-7424.38886272, 9986.16489687, 1893.81356398)
(-7424.31245903, 9986.16396447, 1893.81356398)
(-7424.25340121, 9986.16324437, 1893.81356398)
(-7424.18525737, 9986.16241308, 1893.81356398)
(-7424.11215778, 9986.16152148, 1893.81356398)
(-7424.045666, 9986.16071058, 1893.81356398)
(-7423.96719732, 9986.15975258, 1893.81356398)
(-7423.90648757, 9986.15901215, 1893.81356398)
(-7423.82843187, 9986.1580596, 1893.81356398)
(-7423.77598194, 9986.15741998, 1893.81356398)
(-7423.69090536, 9986.15638213, 1893.81356398)
(-7423.6273046, 9986.15560665, 1893.81356398)
(-7423.55998675, 9986.15478551, 1893.81356398)
(-7423.4906039, 9986.15393812, 1893.81356398)
(-7423.42741629, 9986.15316736, 1893.81356398)
(-7423.36505433, 9986.15240642, 1893.81356398)
(-7423.29856268, 9986.15159561, 1893.81356398)
(-7423.23000583, 9986.15075936, 1893.81356398)
(-7423.15897115, 9986.14989299, 1893.81356398)
(-7423.09578318, 9986.14912161, 1893.81356398)
(-7423.03672539, 9986.14840134, 1893.81356398)
(-7422.96775552, 9986.14755984, 1893.81356398)
(-7422.89506895, 9986.14667353, 1893.81356398)
(-7422.82031725, 9986.14576167, 1893.81356398)
(-7422.74721762, 9986.1448701, 1893.81356398)
(-7422.66792307, 9986.143903, 1893.81356398)
(-7422.56095794, 9986.14259673, 1893.81356398)
(-7422.47422963, 9986.14153872, 1893.81356398)
(-7422.37800237, 9986.14036548, 1893.81356398)
(-7422.26360332, 9986.13896935, 1893.81356398)
(-7422.17687495, 9986.13791151, 1893.81356398)
(-7422.08395154, 9986.13677662, 1893.81356398)
(-7422.00135329, 9986.13576937, 1893.81356398)
(-7421.93940436, 9986.1350137, 1893.81356398)
(-7421.87126068, 9986.1341829, 1893.81356398)
(-7421.79939988, 9986.13330647, 1893.81356398)
(-7421.72134425, 9986.13235349, 1893.81356398)
(-7421.65361355, 9986.1315275, 1893.81356398)
(-7421.59455553, 9986.13080687, 1893.81356398)
(-7421.52599888, 9986.12997087, 1893.81356398)
(-7421.45000819, 9986.12904388, 1893.81356398)
(-7421.39095035, 9986.12832377, 1893.81356398)
(-7421.33106639, 9986.12759341, 1893.81356398)
(-7421.25796667, 9986.1267011, 1893.81356398)
(-7421.19601794, 9986.12594561, 1893.81356398)
(-7421.12002723, 9986.12501857, 1893.81356398)
(-7421.06096937, 9986.12429842, 1893.81356398)
(-7420.99571648, 9986.12350254, 1893.81356398)
(-7420.92633375, 9986.12265638, 1893.81356398)
(-7420.85612492, 9986.12179956, 1893.81356398)
(-7420.79376317, 9986.12103899, 1893.81356398)
(-7420.7227284, 9986.12017239, 1893.81356398)
(-7420.65954065, 9986.1194019, 1893.81356398)
(-7420.59428778, 9986.11860603, 1893.81356398)
(-7420.52614407, 9986.11777495, 1893.81356398)
(-7420.45717424, 9986.11693328, 1893.81356398)
(-7420.40018137, 9986.11623822, 1893.81356398)
(-7420.33492848, 9986.11544222, 1893.81356398)
(-7420.26348082, 9986.11457106, 1893.81356398)
(-7420.19244602, 9986.11370465, 1893.81356398)
(-7420.1284321, 9986.11292314, 1893.81356398)
(-7420.06317945, 9986.11212725, 1893.81356398)
(-7419.98594978, 9986.11118501, 1893.81356398)
(-7419.924414, 9986.11043457, 1893.81356398)
(-7419.85007531, 9986.10952775, 1893.81356398)
(-7419.78730052, 9986.10876232, 1893.81356398)
(-7419.72700355, 9986.10802693, 1893.81356398)
(-7419.65431678, 9986.10713975, 1893.81356398)
(-7419.59112904, 9986.10636908, 1893.81356398)
(-7419.52050724, 9986.10550756, 1893.81356398)
(-7419.45773244, 9986.10474208, 1893.81356398)
(-7419.39784847, 9986.10401167, 1893.81356398)
(-7419.33053073, 9986.10319068, 1893.81356398)
(-7419.25495306, 9986.10226847, 1893.81356398)
(-7419.18804836, 9986.10145255, 1893.81356398)
(-7419.11618763, 9986.10057586, 1893.81356398)
(-7419.05836875, 9986.09987078, 1893.81356398)
(-7418.99187689, 9986.09905977, 1893.81356398)
(-7418.93405795, 9986.09835462, 1893.81356398)
(-7418.85393731, 9986.09737701, 1893.81356398)
(-7418.78951055, 9986.09659127, 1893.81356398)
(-7418.70938994, 9986.09561382, 1893.81356398)
(-7418.64661515, 9986.09484828, 1893.81356398)
(-7418.56938553, 9986.09390623, 1893.81356398)
(-7418.51115366, 9986.09319614, 1893.81356398)
(-7418.44879175, 9986.09243557, 1893.81356398)
(-7418.38064794, 9986.09160395, 1893.81356398)
(-7418.30961332, 9986.09073765, 1893.81356398)
(-7418.23733955, 9986.08985599, 1893.81356398)
(-7418.18199861, 9986.08918112, 1893.81356398)
(-7418.11591974, 9986.0883752, 1893.81356398)
(-7418.04860196, 9986.08755419, 1893.81356398)
(-7417.97467625, 9986.08665216, 1893.81356398)
(-7417.90901054, 9986.0858513, 1893.81356398)
(-7417.83921478, 9986.08499987, 1893.81356398)
(-7417.78098291, 9986.08428976, 1893.81356398)
(-7417.71531706, 9986.08348886, 1893.81356398)
(-7417.65543317, 9986.08275852, 1893.81356398)
(-7417.57489956, 9986.08177594, 1893.81356398)
(-7417.51377672, 9986.08103052, 1893.81356398)
(-7417.44150296, 9986.08014889, 1893.81356398)
(-7417.38740099, 9986.07948911, 1893.81356398)
(-7417.33123396, 9986.07880409, 1893.81356398)
(-7417.25317833, 9986.07785156, 1893.81356398)
(-7417.17553584, 9986.07690462, 1893.81356398)
(-7417.09789324, 9986.07595739, 1893.81356398)
(-7417.03883537, 9986.07523718, 1893.81356398)
(-7416.95458486, 9986.07420948, 1893.81356398)
(-7416.89387499, 9986.07346916, 1893.81356398)
(-7416.82490518, 9986.07262795, 1893.81356398)
(-7416.7518055, 9986.07173643, 1893.81356398)
(-7416.67168491, 9986.07075876, 1893.81356398)
(-7416.614279, 9986.07005866, 1893.81356398)
(-7416.5073139, 9986.06875366, 1893.81356398)
(-7416.4395832, 9986.0679276, 1893.81356398)
(-7416.33220511, 9986.06661743, 1893.81356398)
(-7416.25084564, 9986.06562513, 1893.81356398)
(-7416.17031201, 9986.06464232, 1893.81356398)
(-7416.10629824, 9986.06386153, 1893.81356398)
(-7416.0356765, 9986.06300029, 1893.81356398)
(-7415.93738421, 9986.06180102, 1893.81356398)
(-7415.85643772, 9986.06081378, 1893.81356398)
(-7415.77755614, 9986.05985128, 1893.81356398)
(-7415.70321758, 9986.05894461, 1893.81356398)
(-7415.64044271, 9986.05817908, 1893.81356398)
(-7415.56858198, 9986.05730241, 1893.81356398)
(-7415.51035008, 9986.05659225, 1893.81356398)
(-7415.43931532, 9986.05572583, 1893.81356398)
(-7415.37447551, 9986.05493518, 1893.81356398)
(-7415.30426673, 9986.05407893, 1893.81356398)
(-7415.23199304, 9986.05319752, 1893.81356398)
(-7415.15435042, 9986.05225025, 1893.81356398)
(-7415.10107446, 9986.0516005, 1893.81356398)
(-7415.03375666, 9986.0507794, 1893.81356398)
(-7414.96891689, 9986.04998871, 1893.81356398)
(-7414.89581719, 9986.04909716, 1893.81356398)
(-7414.82643445, 9986.04825099, 1893.81356398)
(-7414.77191942, 9986.04758617, 1893.81356398)
(-7414.69345079, 9986.04662897, 1893.81356398)
(-7414.6335669, 9986.04589867, 1893.81356398)
(-7414.5546853, 9986.04493654, 1893.81356398)
(-7414.49232346, 9986.04417608, 1893.81356398)
(-7414.42376668, 9986.04333996, 1893.81356398)
(-7414.36842572, 9986.04266505, 1893.81356398)
(-7414.28871814, 9986.04169273, 1893.81356398)
(-7414.22098742, 9986.04086674, 1893.81356398)
(-7414.14210582, 9986.03990457, 1893.81356398)
(-7414.08635185, 9986.03922467, 1893.81356398)
(-7414.00912219, 9986.03828275, 1893.81356398)
(-7413.94593435, 9986.03751223, 1893.81356398)
(-7413.87696456, 9986.03667109, 1893.81356398)
(-7413.79808295, 9986.03570868, 1893.81356398)
(-7413.74191604, 9986.03502365, 1893.81356398)
(-7413.66881635, 9986.03413204, 1893.81356398)
(-7413.61719234, 9986.03350249, 1893.81356398)
(-7413.54822257, 9986.03266134, 1893.81356398)
(-7413.48544772, 9986.03189577, 1893.81356398)
(-7413.40656611, 9986.03093354, 1893.81356398)
(-7413.34626922, 9986.03019821, 1893.81356398)
(-7413.2785384, 9986.0293721, 1893.81356398)
(-7413.22567538, 9986.02872746, 1893.81356398)
(-7413.1562926, 9986.02788129, 1893.81356398)
(-7413.08649683, 9986.02702975, 1893.81356398)
(-7413.02413503, 9986.02626921, 1893.81356398)
(-7412.95433929, 9986.0254179, 1893.81356398)
(-7412.89239046, 9986.02466246, 1893.81356398)
(-7412.81887777, 9986.02376589, 1893.81356398)
(-7412.76064583, 9986.02305571, 1893.81356398)
(-7412.68093823, 9986.02208338, 1893.81356398)
(-7412.62188032, 9986.02136314, 1893.81356398)
(-7412.54919358, 9986.02047658, 1893.81356398)
(-7412.48641874, 9986.01971105, 1893.81356398)
(-7412.4211659, 9986.01891521, 1893.81356398)
(-7412.35219617, 9986.01807408, 1893.81356398)
(-7412.28322641, 9986.01723273, 1893.81356398)
(-7412.2204516, 9986.01646717, 1893.81356398)
(-7412.14900387, 9986.01559572, 1893.81356398)
(-7412.08664203, 9986.01483521, 1893.81356398)
(-7412.01436831, 9986.01395375, 1893.81356398)
(-7411.94085563, 9986.01305721, 1893.81356398)
(-7411.88138468, 9986.01233195, 1893.81356398)
(-7411.80580701, 9986.01141003, 1893.81356398)
(-7411.74468415, 9986.01066461, 1893.81356398)
(-7411.67612737, 9986.00982843, 1893.81356398)
(-7411.6162435, 9986.00909815, 1893.81356398)
(-7411.54851272, 9986.00827213, 1893.81356398)
(-7411.47871701, 9986.00742094, 1893.81356398)
(-7411.40024841, 9986.00646376, 1893.81356398)
(-7411.34614641, 9986.00580396, 1893.81356398)
(-7411.27717662, 9986.00496276, 1893.81356398)
(-7411.21316278, 9986.00418214, 1893.81356398)
(-7411.13675913, 9986.00325033, 1893.81356398)
(-7411.07233229, 9986.00246461, 1893.81356398)
(-7410.98932078, 9986.00145197, 1893.81356398)
(-7410.93480581, 9986.00078712, 1893.81356398)
(-7410.86253211, 9985.9999056, 1893.81356398)
(-7410.7993443, 9985.99913502, 1893.81356398)
(-7410.71220286, 9985.99807222, 1893.81356398)
(-7410.64199414, 9985.99721605, 1893.81356398)
(-7410.53461603, 9985.99590645, 1893.81356398)
(-7410.45119153, 9985.99488911, 1893.81356398)
(-7410.3520733, 9985.99368012, 1893.81356398)
(-7410.26286693, 9985.99259224, 1893.81356398)
(-7410.15507588, 9985.99127731, 1893.81356398)
(-7410.07412941, 9985.99029018, 1893.81356398)
(-7409.98161906, 9985.98916191, 1893.81356398)
(-7409.8961296, 9985.98811939, 1893.81356398)
(-7409.79577237, 9985.98689534, 1893.81356398)
(-7409.72143372, 9985.98598876, 1893.81356398)
(-7409.6433781, 9985.98503668, 1893.81356398)
(-7409.57853831, 9985.98424595, 1893.81356398)
(-7409.51700241, 9985.98349542, 1893.81356398)
(-7409.45794452, 9985.98277521, 1893.81356398)
(-7409.37947594, 9985.98181824, 1893.81356398)
(-7409.30968021, 9985.98096705, 1893.81356398)
(-7409.22336473, 9985.97991418, 1893.81356398)
(-7409.15522098, 9985.97908311, 1893.81356398)
(-7409.08790315, 9985.97826202, 1893.81356398)
(-7409.03751808, 9985.97764756, 1893.81356398)
(-7408.96276641, 9985.97673588, 1893.81356398)
(-7408.89420967, 9985.97589985, 1893.81356398)
(-7408.82936984, 9985.97510909, 1893.81356398)
(-7408.7599871, 9985.97426272, 1893.81356398)
(-7408.69886425, 9985.97351731, 1893.81356398)
(-7408.61874369, 9985.97254012, 1893.81356398)
(-7408.55018694, 9985.97170409, 1893.81356398)
(-7408.47337029, 9985.97076723, 1893.81356398)
(-7408.40853046, 9985.96997652, 1893.81356398)
(-7408.34740753, 9985.96923109, 1893.81356398)
(-7408.28215469, 9985.96843511, 1893.81356398)
(-7408.22103183, 9985.96768969, 1893.81356398)
(-7408.15082309, 9985.9668334, 1893.81356398)
(-7408.08474432, 9985.96602759, 1893.81356398)
(-7408.02073048, 9985.9652469, 1893.81356398)
(-7407.9596076, 9985.96450148, 1893.81356398)
(-7407.8865079, 9985.96360988, 1893.81356398)
(-7407.82579801, 9985.96286951, 1893.81356398)
(-7407.76095815, 9985.96207873, 1893.81356398)
(-7407.70066124, 9985.96134343, 1893.81356398)
(-7407.63788635, 9985.96057787, 1893.81356398)
(-7407.5507449, 9985.95951493, 1893.81356398)
(-7407.48507912, 9985.95871411, 1893.81356398)
(-7407.41487039, 9985.9578578, 1893.81356398)
(-7407.35746446, 9985.95715774, 1893.81356398)
(-7407.28271282, 9985.95624608, 1893.81356398)
(-7407.21993797, 9985.95548056, 1893.81356398)
(-7407.161706, 9985.9547704, 1893.81356398)
(-7407.0828244, 9985.95380825, 1893.81356398)
(-7407.02500545, 9985.95310314, 1893.81356398)
(-7406.94777581, 9985.95216125, 1893.81356398)
(-7406.88417497, 9985.95138564, 1893.81356398)
(-7406.81190126, 9985.95050422, 1893.81356398)
(-7406.75077838, 9985.94975879, 1893.81356398)
(-7406.67767871, 9985.9488672, 1893.81356398)
(-7406.61903381, 9985.948152, 1893.81356398)
(-7406.55171601, 9985.94733098, 1893.81356398)
(-7406.49018014, 9985.94658055, 1893.81356398)
(-7406.4191454, 9985.94571425, 1893.81356398)
(-7406.35967446, 9985.94498899, 1893.81356398)
(-7406.28946569, 9985.94413268, 1893.81356398)
(-7406.22999478, 9985.94340741, 1893.81356398)
(-7406.1556561, 9985.94250078, 1893.81356398)
(-7406.08875133, 9985.94168488, 1893.81356398)
(-7406.03134537, 9985.94098479, 1893.81356398)
(-7405.96402759, 9985.94016368, 1893.81356398)
(-7405.90331773, 9985.9394233, 1893.81356398)
(-7405.82897906, 9985.93851667, 1893.81356398)
(-7405.76372625, 9985.93772092, 1893.81356398)
(-7405.68690961, 9985.9367841, 1893.81356398)
(-7405.63487254, 9985.93614949, 1893.81356398)
(-7405.56548975, 9985.93530326, 1893.81356398)
(-7405.49610702, 9985.93445711, 1893.81356398)
(-7405.40772661, 9985.93337921, 1893.81356398)
(-7405.34164783, 9985.93257338, 1893.81356398)
(-7405.26317926, 9985.93161638, 1893.81356398)
(-7405.20866427, 9985.93095157, 1893.81356398)
(-7405.13928152, 9985.93010542, 1893.81356398)
(-7405.07568067, 9985.92932979, 1893.81356398)
(-7404.99679906, 9985.92836771, 1893.81356398)
(-7404.93608915, 9985.92762735, 1893.81356398)
(-7404.85803353, 9985.92667538, 1893.81356398)
(-7404.80434451, 9985.92602064, 1893.81356398)
(-7404.73950467, 9985.92522988, 1893.81356398)
(-7404.67425186, 9985.9244341, 1893.81356398)
(-7404.57182973, 9985.92318489, 1893.81356398)
(-7404.48551432, 9985.92213224, 1893.81356398)
(-7404.36863741, 9985.92070663, 1893.81356398)
(-7404.29264679, 9985.91977992, 1893.81356398)
(-7404.19228956, 9985.91855597, 1893.81356398)
(-7404.10060521, 9985.91743788, 1893.81356398)
(-7403.99322714, 9985.91612821, 1893.81356398)
(-7403.90773772, 9985.91508563, 1893.81356398)
(-7403.81770537, 9985.91398771, 1893.81356398)
(-7403.7549305, 9985.91322212, 1893.81356398)
(-7403.69132966, 9985.91244653, 1893.81356398)
(-7403.61451302, 9985.91150973, 1893.81356398)
(-7403.54595624, 9985.91067367, 1893.81356398)
(-7403.45716281, 9985.90959069, 1893.81356398)
(-7403.38571511, 9985.90871936, 1893.81356398)
(-7403.31591936, 9985.9078681, 1893.81356398)
(-7403.25273153, 9985.90709751, 1893.81356398)
(-7403.18417478, 9985.90626141, 1893.81356398)
(-7403.12057395, 9985.9054858, 1893.81356398)
(-7403.04706128, 9985.90458928, 1893.81356398)
(-7402.9793305, 9985.90376329, 1893.81356398)
(-7402.91325166, 9985.90295736, 1893.81356398)
(-7402.85708468, 9985.90227239, 1893.81356398)
(-7402.78026803, 9985.90133556, 1893.81356398)
(-7402.72162309, 9985.90062039, 1893.81356398)
(-7402.6431545, 9985.89966343, 1893.81356398)
(-7402.56509893, 9985.89871151, 1893.81356398)
(-7402.50149809, 9985.89793588, 1893.81356398)
(-7402.43913623, 9985.8971753, 1893.81356398)
(-7402.37760036, 9985.89642486, 1893.81356398)
(-7402.29913177, 9985.89546788, 1893.81356398)
(-7402.24585573, 9985.89481818, 1893.81356398)
(-7402.18308083, 9985.89405262, 1893.81356398)
(-7402.11576303, 9985.89323168, 1893.81356398)
(-7402.02820859, 9985.89216385, 1893.81356398)
(-7401.9670857, 9985.89141844, 1893.81356398)
(-7401.90472383, 9985.89065789, 1893.81356398)
(-7401.85144781, 9985.89000818, 1893.81356398)
(-7401.77628318, 9985.88909153, 1893.81356398)
(-7401.71185636, 9985.88830583, 1893.81356398)
(-7401.62595391, 9985.88725815, 1893.81356398)
(-7401.57185189, 9985.88659837, 1893.81356398)
(-7401.49957816, 9985.88571695, 1893.81356398)
(-7401.44630212, 9985.88506724, 1893.81356398)
(-7401.36742052, 9985.88410526, 1893.81356398)
(-7401.30216769, 9985.88330948, 1893.81356398)
(-7401.22369911, 9985.88235245, 1893.81356398)
(-7401.17042309, 9985.88170273, 1893.81356398)
(-7401.09691043, 9985.88080619, 1893.81356398)
(-7401.04322142, 9985.88015145, 1893.81356398)
(-7400.96929576, 9985.87924991, 1893.81356398)
(-7400.90775987, 9985.87849946, 1893.81356398)
(-7400.82887827, 9985.87753742, 1893.81356398)
(-7400.76321244, 9985.87673662, 1893.81356398)
(-7400.69672062, 9985.8759257, 1893.81356398)
(-7400.63022882, 9985.87511484, 1893.81356398)
(-7400.56167205, 9985.87427875, 1893.81356398)
(-7400.49435428, 9985.87345779, 1893.81356398)
(-7400.42827549, 9985.87265195, 1893.81356398)
(-7400.35187188, 9985.87172012, 1893.81356398)
(-7400.28703207, 9985.87092939, 1893.81356398)
(-7400.2180623, 9985.87008826, 1893.81356398)
(-7400.1573524, 9985.86934791, 1893.81356398)
(-7400.08962159, 9985.86852191, 1893.81356398)
(-7400.01776087, 9985.86764556, 1893.81356398)
(-7399.95705095, 9985.86690513, 1893.81356398)
(-7399.90294893, 9985.86624534, 1893.81356398)
(-7399.82530633, 9985.86529845, 1893.81356398)
(-7399.7563366, 9985.86445736, 1893.81356398)
(-7399.69149678, 9985.86366661, 1893.81356398)
(-7399.63491682, 9985.86297661, 1893.81356398)
(-7399.56801203, 9985.86216065, 1893.81356398)
(-7399.5035852, 9985.86137496, 1893.81356398)
(-7399.42842053, 9985.86045829, 1893.81356398)
(-7399.36316769, 9985.85966254, 1893.81356398)
(-7399.31030463, 9985.85901786, 1893.81356398)
(-7399.23679193, 9985.85812128, 1893.81356398)
(-7399.17979897, 9985.85742624, 1893.81356398)
(-7399.10835127, 9985.8565549, 1893.81356398)
(-7399.04929335, 9985.85583468, 1893.81356398)
(-7398.99312638, 9985.85514972, 1893.81356398)
(-7398.91920072, 9985.85424811, 1893.81356398)
(-7398.85642587, 9985.85348256, 1893.81356398)
(-7398.78621712, 9985.85262634, 1893.81356398)
(-7398.7259202, 9985.85189102, 1893.81356398)
(-7398.66892721, 9985.85119599, 1893.81356398)
(-7398.59913144, 9985.85034475, 1893.81356398)
(-7398.53800855, 9985.84959934, 1893.81356398)
(-7398.43104348, 9985.84829484, 1893.81356398)
(-7398.35629185, 9985.84738324, 1893.81356398)
(-7398.27451934, 9985.84638596, 1893.81356398)
(-7398.20802756, 9985.84557509, 1893.81356398)
(-7398.14401371, 9985.84479441, 1893.81356398)
(-7398.06471913, 9985.84382742, 1893.81356398)
(-7397.95568906, 9985.84249776, 1893.81356398)
(-7397.87969842, 9985.84157105, 1893.81356398)
(-7397.76447349, 9985.8401658, 1893.81356398)
(-7397.68352697, 9985.83917863, 1893.81356398)
(-7397.5939076, 9985.83808562, 1893.81356398)
(-7397.5125481, 9985.83709341, 1893.81356398)
(-7397.43366652, 9985.83613144, 1893.81356398)
(-7397.34693807, 9985.83507377, 1893.81356398)
(-7397.26310055, 9985.83405136, 1893.81356398)
(-7397.18834889, 9985.83313977, 1893.81356398)
(-7397.09872949, 9985.83204683, 1893.81356398)
(-7397.03141172, 9985.83122588, 1893.81356398)
(-7396.94716125, 9985.83019842, 1893.81356398)
(-7396.87447459, 9985.82931198, 1893.81356398)
(-7396.8133517, 9985.82856658, 1893.81356398)
(-7396.75594574, 9985.82786651, 1893.81356398)
(-7396.67623816, 9985.82689442, 1893.81356398)
(-7396.61057233, 9985.82609362, 1893.81356398)
(-7396.53375569, 9985.8251568, 1893.81356398)
(-7396.48130563, 9985.82451717, 1893.81356398)
(-7396.41481382, 9985.82370629, 1893.81356398)
(-7396.34914801, 9985.82290548, 1893.81356398)
(-7396.26778849, 9985.82191323, 1893.81356398)
(-7396.20418766, 9985.82113761, 1893.81356398)
(-7396.12902303, 9985.82022094, 1893.81356398)
(-7396.07450803, 9985.81955612, 1893.81356398)
(-7396.00760322, 9985.8187402, 1893.81356398)
(-7395.95061024, 9985.81804516, 1893.81356398)
(-7395.87833652, 9985.81716374, 1893.81356398)
(-7395.81308368, 9985.81636797, 1893.81356398)
(-7395.7503088, 9985.81560241, 1893.81356398)
(-7395.69414182, 9985.81491745, 1893.81356398)
(-7395.62517207, 9985.81407634, 1893.81356398)
(-7395.54835547, 9985.81313949, 1893.81356398)
(-7395.48475464, 9985.81236386, 1893.81356398)
(-7395.41206796, 9985.81147742, 1893.81356398)
(-7395.35672696, 9985.81080253, 1893.81356398)
(-7395.29353909, 9985.81003194, 1893.81356398)
(-7395.22869925, 9985.80924121, 1893.81356398)
(-7395.15807749, 9985.80837994, 1893.81356398)
(-7395.10025853, 9985.80767483, 1893.81356398)
(-7395.03170175, 9985.80683875, 1893.81356398)
(-7394.96727493, 9985.80605306, 1893.81356398)
(-7394.90202211, 9985.80525729, 1893.81356398)
(-7394.82644449, 9985.80433555, 1893.81356398)
(-7394.77192949, 9985.80367073, 1893.81356398)
(-7394.7054377, 9985.80285983, 1893.81356398)
(-7394.64183685, 9985.80208422, 1893.81356398)
(-7394.57328007, 9985.80124816, 1893.81356398)
(-7394.50554927, 9985.80042212, 1893.81356398)
(-7394.44690432, 9985.79970694, 1893.81356398)
(-7394.38702038, 9985.79897663, 1893.81356398)
(-7394.32011559, 9985.79816072, 1893.81356398)
(-7394.25486276, 9985.79736495, 1893.81356398)
(-7394.17722018, 9985.79641802, 1893.81356398)
(-7394.11733628, 9985.79568773, 1893.81356398)
(-7394.05001851, 9985.79486676, 1893.81356398)
(-7393.99798146, 9985.79423216, 1893.81356398)
(-7393.93107666, 9985.79341624, 1893.81356398)
(-7393.87325769, 9985.79271113, 1893.81356398)
(-7393.80222295, 9985.79184483, 1893.81356398)
(-7393.74522996, 9985.7911498, 1893.81356398)
(-7393.686998, 9985.79043964, 1893.81356398)
(-7393.62546211, 9985.7896892, 1893.81356398)
(-7393.54781951, 9985.7887423, 1893.81356398)
(-7393.48958758, 9985.78803215, 1893.81356398)
(-7393.42887769, 9985.78729177, 1893.81356398)
(-7393.37147174, 9985.7865917, 1893.81356398)
(-7393.3074579, 9985.78581104, 1893.81356398)
(-7393.22857631, 9985.78484903, 1893.81356398)
(-7393.17034436, 9985.78413888, 1893.81356398)
(-7393.09972261, 9985.78327763, 1893.81356398)
(-7393.04562057, 9985.78261785, 1893.81356398)
(-7392.98573664, 9985.78188756, 1893.81356398)
(-7392.91015899, 9985.78096583, 1893.81356398)
(-7392.83953728, 9985.78010458, 1893.81356398)
(-7392.78047936, 9985.77938435, 1893.81356398)
(-7392.72761633, 9985.77873967, 1893.81356398)
(-7392.66525447, 9985.77797916, 1893.81356398)
(-7392.58348195, 9985.77698189, 1893.81356398)
(-7392.51575117, 9985.77615591, 1893.81356398)
(-7392.4517373, 9985.77537523, 1893.81356398)
(-7392.38070257, 9985.77450896, 1893.81356398)
(-7392.30347294, 9985.77356713, 1893.81356398)
(-7392.25391383, 9985.77296275, 1893.81356398)
(-7392.16305546, 9985.77185467, 1893.81356398)
(-7392.09325975, 9985.77100349, 1893.81356398)
(-7391.99661951, 9985.76982491, 1893.81356398)
(-7391.90823912, 9985.76874709, 1893.81356398)
(-7391.81035987, 9985.76755338, 1893.81356398)
(-7391.73849916, 9985.76667702, 1893.81356398)
(-7391.68604909, 9985.7660374, 1893.81356398)
(-7391.61501435, 9985.76517112, 1893.81356398)
(-7391.51878707, 9985.76399756, 1893.81356398)
(-7391.43164566, 9985.76293486, 1893.81356398)
(-7391.34904717, 9985.76192751, 1893.81356398)
(-7391.27553452, 9985.76103101, 1893.81356398)
(-7391.21523761, 9985.76029568, 1893.81356398)
(-7391.15617967, 9985.75957545, 1893.81356398)
(-7391.10331662, 9985.75893078, 1893.81356398)
(-7391.02278305, 9985.75794866, 1893.81356398)
(-7390.95381328, 9985.75710758, 1893.81356398)
(-7390.88360452, 9985.75625137, 1893.81356398)
(-7390.80348397, 9985.75527424, 1893.81356398)
(-7390.74938195, 9985.75461446, 1893.81356398)
(-7390.69362797, 9985.75393452, 1893.81356398)
(-7390.6320921, 9985.75318408, 1893.81356398)
(-7390.55444951, 9985.75223722, 1893.81356398)
(-7390.48300181, 9985.75136591, 1893.81356398)
(-7390.41320605, 9985.75051472, 1893.81356398)
(-7390.35290913, 9985.74977939, 1893.81356398)
(-7390.29013424, 9985.74901384, 1893.81356398)
(-7390.23314126, 9985.7483188, 1893.81356398)
(-7390.16664944, 9985.74750792, 1893.81356398)
(-7390.10057064, 9985.74670208, 1893.81356398)
(-7390.02458002, 9985.74577535, 1893.81356398)
(-7389.96510911, 9985.74505009, 1893.81356398)
(-7389.89779134, 9985.74422913, 1893.81356398)
(-7389.84699327, 9985.74360965, 1893.81356398)
(-7389.78669635, 9985.74287432, 1893.81356398)
(-7389.71029272, 9985.74194255, 1893.81356398)
(-7389.64214893, 9985.74111153, 1893.81356398)
(-7389.57483113, 9985.74029057, 1893.81356398)
(-7389.52362004, 9985.73966605, 1893.81356398)
(-7389.46291012, 9985.73892569, 1893.81356398)
(-7389.38402855, 9985.73796368, 1893.81356398)
(-7389.32166669, 9985.73720317, 1893.81356398)
(-7389.24319812, 9985.73624622, 1893.81356398)
(-7389.17505437, 9985.73541521, 1893.81356398)
(-7389.11186651, 9985.73464462, 1893.81356398)
(-7389.05404755, 9985.73393951, 1893.81356398)
(-7389.00159749, 9985.73329988, 1893.81356398)
(-7388.92643282, 9985.73238323, 1893.81356398)
(-7388.86117998, 9985.73158747, 1893.81356398)
(-7388.76164876, 9985.73037366, 1893.81356398)
(-7388.68276719, 9985.72941169, 1893.81356398)
(-7388.59934271, 9985.72839431, 1893.81356398)
(-7388.55019661, 9985.72779496, 1893.81356398)
(-7388.49733357, 9985.72715029, 1893.81356398)
(-7388.40730121, 9985.72605234, 1893.81356398)
(-7388.31313889, 9985.72490399, 1893.81356398)
(-7388.25573292, 9985.72420392, 1893.81356398)
(-7388.19915292, 9985.72351391, 1893.81356398)
(-7388.1442249, 9985.72284405, 1893.81356398)
(-7388.02569602, 9985.72139856, 1893.81356398)
(-7387.9501184, 9985.72047688, 1893.81356398)
(-7387.8567821, 9985.71933861, 1893.81356398)
(-7387.79318127, 9985.71856299, 1893.81356398)
(-7387.73784027, 9985.7178881, 1893.81356398)
(-7387.68332526, 9985.71722328, 1893.81356398)
(-7387.61559447, 9985.7163973, 1893.81356398)
(-7387.52804002, 9985.71532954, 1893.81356398)
(-7387.46691711, 9985.71458413, 1893.81356398)
(-7387.39381741, 9985.71369266, 1893.81356398)
(-7387.34219334, 9985.7130631, 1893.81356398)
(-7387.28148344, 9985.71232273, 1893.81356398)
(-7387.22572945, 9985.7116428, 1893.81356398)
(-7387.16171562, 9985.71086213, 1893.81356398)
(-7387.10430968, 9985.71016206, 1893.81356398)
(-7387.03492694, 9985.70931592, 1893.81356398)
(-7386.95026346, 9985.70828344, 1893.81356398)
(-7386.863535, 9985.70722578, 1893.81356398)
(-7386.78506639, 9985.70626885, 1893.81356398)
(-7386.70370684, 9985.70527666, 1893.81356398)
(-7386.62936818, 9985.70437008, 1893.81356398)
(-7386.55007362, 9985.70340307, 1893.81356398)
(-7386.474496, 9985.70248139, 1893.81356398)
(-7386.4146121, 9985.70175107, 1893.81356398)
(-7386.34564236, 9985.70090998, 1893.81356398)
(-7386.24652414, 9985.6997012, 1893.81356398)
(-7386.18168429, 9985.69891048, 1893.81356398)
(-7386.09412984, 9985.69784273, 1893.81356398)
(-7385.99790256, 9985.69666922, 1893.81356398)
(-7385.88143866, 9985.69524889, 1893.81356398)
(-7385.81081695, 9985.69438765, 1893.81356398)
(-7385.70674286, 9985.69311844, 1893.81356398)
(-7385.59688685, 9985.69177874, 1893.81356398)
(-7385.49776862, 9985.69056996, 1893.81356398)
(-7385.42673388, 9985.68970368, 1893.81356398)
(-7385.35322118, 9985.68880717, 1893.81356398)
(-7385.26401478, 9985.68771927, 1893.81356398)
(-7385.2128037, 9985.68709473, 1893.81356398)
(-7385.15044184, 9985.68633422, 1893.81356398)
(-7385.06371343, 9985.68527654, 1893.81356398)
(-7384.99846062, 9985.68448078, 1893.81356398)
(-7384.88860461, 9985.68314106, 1893.81356398)
(-7384.82500374, 9985.68236545, 1893.81356398)
(-7384.73786229, 9985.68130274, 1893.81356398)
(-7384.68830317, 9985.68069836, 1893.81356398)
(-7384.62800624, 9985.67996303, 1893.81356398)
(-7384.55697152, 9985.67909676, 1893.81356398)
(-7384.48841476, 9985.6782607, 1893.81356398)
(-7384.41118517, 9985.67731885, 1893.81356398)
(-7384.32528274, 9985.67627126, 1893.81356398)
(-7384.27531065, 9985.67566183, 1893.81356398)
(-7384.21707871, 9985.67495169, 1893.81356398)
(-7384.14067508, 9985.67401994, 1893.81356398)
(-7384.05394662, 9985.67296228, 1893.81356398)
(-7383.96845713, 9985.67191973, 1893.81356398)
(-7383.89618342, 9985.67103834, 1893.81356398)
(-7383.81234594, 9985.67001593, 1893.81356398)
(-7383.72231358, 9985.66891797, 1893.81356398)
(-7383.65334384, 9985.66807687, 1893.81356398)
(-7383.59180796, 9985.66732643, 1893.81356398)
(-7383.52985909, 9985.66657096, 1893.81356398)
(-7383.45717239, 9985.66568452, 1893.81356398)
(-7383.39604948, 9985.66493912, 1893.81356398)
(-7383.31179897, 9985.66391167, 1893.81356398)
(-7383.24654613, 9985.66311591, 1893.81356398)
(-7383.16642557, 9985.66213882, 1893.81356398)
(-7383.11108457, 9985.66146393, 1893.81356398)
(-7383.05904752, 9985.66082933, 1893.81356398)
(-7382.9946207, 9985.66004363, 1893.81356398)
(-7382.91119622, 9985.65902625, 1893.81356398)
(-7382.84305246, 9985.65819523, 1893.81356398)
(-7382.75715, 9985.65714764, 1893.81356398)
(-7382.67992038, 9985.65620582, 1893.81356398)
(-7382.62375337, 9985.65552085, 1893.81356398)
(-7382.57667221, 9985.6549467, 1893.81356398)
(-7382.50770244, 9985.6541056, 1893.81356398)
(-7382.42923385, 9985.65314865, 1893.81356398)
(-7382.35737316, 9985.6522723, 1893.81356398)
(-7382.27560065, 9985.65127506, 1893.81356398)
(-7382.20621792, 9985.65042893, 1893.81356398)
(-7382.12898832, 9985.6494871, 1893.81356398)
(-7382.06497447, 9985.64870645, 1893.81356398)
(-7382.01169842, 9985.64805674, 1893.81356398)
(-7381.95553141, 9985.64737177, 1893.81356398)
(-7381.89647346, 9985.64665155, 1893.81356398)
(-7381.82337377, 9985.64576009, 1893.81356398)
(-7381.7436662, 9985.64478804, 1893.81356398)
(-7381.66726259, 9985.64385628, 1893.81356398)
(-7381.59374993, 9985.64295977, 1893.81356398)
(-7381.53427902, 9985.64223451, 1893.81356398)
(-7381.46530928, 9985.6413934, 1893.81356398)
(-7381.41038127, 9985.64072355, 1893.81356398)
(-7381.33273866, 9985.63977669, 1893.81356398)
(-7381.26376888, 9985.6389356, 1893.81356398)
(-7381.18323531, 9985.63795348, 1893.81356398)
(-7381.10187576, 9985.63696127, 1893.81356398)
(-7381.04116586, 9985.6362209, 1893.81356398)
(-7380.96228429, 9985.63525891, 1893.81356398)
(-7380.89909645, 9985.63448833, 1893.81356398)
(-7380.83714758, 9985.63373285, 1893.81356398)
(-7380.77230776, 9985.63294212, 1893.81356398)
(-7380.70209903, 9985.63208591, 1893.81356398)
(-7380.63602021, 9985.63128008, 1893.81356398)
(-7380.56126853, 9985.63036848, 1893.81356398)
(-7380.47660504, 9985.62933598, 1893.81356398)
(-7380.39937542, 9985.62839416, 1893.81356398)
(-7380.34114347, 9985.627684, 1893.81356398)
(-7380.28786744, 9985.62703429, 1893.81356398)
(-7380.21600675, 9985.62615794, 1893.81356398)
(-7380.1586008, 9985.62545787, 1893.81356398)
(-7380.1036728, 9985.62478801, 1893.81356398)
(-7380.03552903, 9985.62395698, 1893.81356398)
(-7379.97812307, 9985.62325691, 1893.81356398)
(-7379.91700015, 9985.62251151, 1893.81356398)
(-7379.8583552, 9985.62179633, 1893.81356398)
(-7379.79558031, 9985.62103078, 1893.81356398)
(-7379.7398263, 9985.62035086, 1893.81356398)
(-7379.67374749, 9985.61954501, 1893.81356398)
(-7379.6122116, 9985.61879457, 1893.81356398)
(-7379.54861076, 9985.61801894, 1893.81356398)
(-7379.49161781, 9985.61732391, 1893.81356398)
(-7379.42264807, 9985.61648281, 1893.81356398)
(-7379.35698226, 9985.61568201, 1893.81356398)
(-7379.29833731, 9985.61496683, 1893.81356398)
(-7379.23432345, 9985.61418617, 1893.81356398)
(-7379.17650448, 9985.61348106, 1893.81356398)
(-7379.12116346, 9985.61280617, 1893.81356398)
(-7379.06045354, 9985.61206581, 1893.81356398)
(-7378.97496407, 9985.61102324, 1893.81356398)
(-7378.91012425, 9985.61023251, 1893.81356398)
(-7378.8415675, 9985.60939644, 1893.81356398)
(-7378.78746549, 9985.60873666, 1893.81356398)
(-7378.71890874, 9985.6079006, 1893.81356398)
(-7378.66315476, 9985.60722068, 1893.81356398)
(-7378.58716412, 9985.60629396, 1893.81356398)
(-7378.52521523, 9985.60553849, 1893.81356398)
(-7378.44633362, 9985.60457652, 1893.81356398)
(-7378.38438473, 9985.60382104, 1893.81356398)
(-7378.33110868, 9985.60317134, 1893.81356398)
(-7378.27328971, 9985.60246622, 1893.81356398)
(-7378.21753573, 9985.60178629, 1893.81356398)
(-7378.14856598, 9985.60094519, 1893.81356398)
(-7378.0820742, 9985.60013431, 1893.81356398)
(-7378.0217773, 9985.59939897, 1893.81356398)
(-7377.95982843, 9985.5986435, 1893.81356398)
(-7377.90944333, 9985.59802905, 1893.81356398)
(-7377.85740626, 9985.59739445, 1893.81356398)
(-7377.79297941, 9985.59660876, 1893.81356398)
(-7377.71781474, 9985.59569212, 1893.81356398)
(-7377.65338789, 9985.59490642, 1893.81356398)
(-7377.5856571, 9985.59408043, 1893.81356398)
(-7377.52453421, 9985.59333503, 1893.81356398)
(-7377.46960621, 9985.59266517, 1893.81356398)
(-7377.41591719, 9985.59201042, 1893.81356398)
(-7377.35149037, 9985.59122473, 1893.81356398)
(-7377.28995449, 9985.59047429, 1893.81356398)
(-7377.22470167, 9985.58967852, 1893.81356398)
(-7377.16770869, 9985.58898348, 1893.81356398)
(-7377.0995649, 9985.58815246, 1893.81356398)
(-7377.04587585, 9985.58749772, 1893.81356398)
(-7376.99383877, 9985.58686312, 1893.81356398)
(-7376.92899893, 9985.58607239, 1893.81356398)
(-7376.86994099, 9985.58535217, 1893.81356398)
(-7376.81129606, 9985.58463698, 1893.81356398)
(-7376.74521726, 9985.58383113, 1893.81356398)
(-7376.69318022, 9985.58319653, 1893.81356398)
(-7376.63577427, 9985.58249646, 1893.81356398)
(-7376.57547736, 9985.58176113, 1893.81356398)
(-7376.50526862, 9985.58090492, 1893.81356398)
(-7376.44703666, 9985.58019478, 1893.81356398)
(-7376.38384878, 9985.5794242, 1893.81356398)
(-7376.32768178, 9985.57873923, 1893.81356398)
(-7376.25995098, 9985.57791324, 1893.81356398)
(-7376.21121786, 9985.57731893, 1893.81356398)
(-7376.1426611, 9985.57648287, 1893.81356398)
(-7376.07906025, 9985.57570725, 1893.81356398)
(-7376.00306964, 9985.57478052, 1893.81356398)
(-7375.94483771, 9985.57407038, 1893.81356398)
(-7375.85769629, 9985.57300767, 1893.81356398)
(-7375.79533441, 9985.57224716, 1893.81356398)
(-7375.70447603, 9985.57113914, 1893.81356398)
(-7375.63591924, 9985.57030308, 1893.81356398)
(-7375.54877779, 9985.56924038, 1893.81356398)
(-7375.48104701, 9985.56841439, 1893.81356398)
(-7375.38647173, 9985.56726102, 1893.81356398)
(-7375.31626301, 9985.56640482, 1893.81356398)
(-7375.22746963, 9985.56532197, 1893.81356398)
(-7375.16221682, 9985.5645262, 1893.81356398)
(-7375.08085728, 9985.56353401, 1893.81356398)
(-7375.01890838, 9985.56277854, 1893.81356398)
(-7374.95530751, 9985.56200292, 1893.81356398)
(-7374.89748853, 9985.56129781, 1893.81356398)
(-7374.84792942, 9985.56069343, 1893.81356398)
(-7374.78639352, 9985.55994299, 1893.81356398)
(-7374.73435647, 9985.55930839, 1893.81356398)
(-7374.6719946, 9985.55854787, 1893.81356398)
(-7374.6121107, 9985.55781758, 1893.81356398)
(-7374.54892285, 9985.55704699, 1893.81356398)
(-7374.49853777, 9985.55643254, 1893.81356398)
(-7374.43369794, 9985.55564181, 1893.81356398)
(-7374.3688581, 9985.55485108, 1893.81356398)
(-7374.30195329, 9985.55403517, 1893.81356398)
(-7374.25239417, 9985.55343079, 1893.81356398)
(-7374.19540118, 9985.55273575, 1893.81356398)
(-7374.13882119, 9985.55204575, 1893.81356398)
(-7374.06572151, 9985.55115429, 1893.81356398)
(-7374.00831555, 9985.55045421, 1893.81356398)
(-7373.93604187, 9985.54957282, 1893.81356398)
(-7373.88152687, 9985.548908, 1893.81356398)
(-7373.81668705, 9985.54811727, 1893.81356398)
(-7373.764237, 9985.54747763, 1893.81356398)
(-7373.71261293, 9985.54684807, 1893.81356398)
(-7373.64901206, 9985.54607245, 1893.81356398)
(-7373.58830214, 9985.54533209, 1893.81356398)
(-7373.53213513, 9985.54464713, 1893.81356398)
(-7373.46770828, 9985.54386143, 1893.81356398)
(-7373.41732318, 9985.54324698, 1893.81356398)
(-7373.36528612, 9985.54261238, 1893.81356398)
(-7373.30540221, 9985.54188208, 1893.81356398)
(-7373.23849743, 9985.54106616, 1893.81356398)
(-7373.18233046, 9985.5403812, 1893.81356398)
(-7373.12079458, 9985.53963076, 1893.81356398)
(-7373.06504059, 9985.53895084, 1893.81356398)
(-7373.00061375, 9985.53816514, 1893.81356398)
(-7372.94651171, 9985.53750537, 1893.81356398)
(-7372.89199668, 9985.53684055, 1893.81356398)
(-7372.82839581, 9985.53606493, 1893.81356398)
(-7372.77429377, 9985.53540514, 1893.81356398)
(-7372.71895276, 9985.53473025, 1893.81356398)
(-7372.66113381, 9985.53402514, 1893.81356398)
(-7372.58720815, 9985.5331236, 1893.81356398)
(-7372.52608527, 9985.5323782, 1893.81356398)
(-7372.45835451, 9985.53155221, 1893.81356398)
(-7372.39970957, 9985.53083703, 1893.81356398)
(-7372.33321777, 9985.53002615, 1893.81356398)
(-7372.27994173, 9985.52937644, 1893.81356398)
(-7372.21303691, 9985.52856053, 1893.81356398)
(-7372.15604392, 9985.5278655, 1893.81356398)
(-7372.09326904, 9985.52709995, 1893.81356398)
(-7372.0226473, 9985.5262387, 1893.81356398)
(-7371.96028543, 9985.52547819, 1893.81356398)
(-7371.89090269, 9985.52463206, 1893.81356398)
(-7371.83514871, 9985.52395213, 1893.81356398)
(-7371.78600261, 9985.52335278, 1893.81356398)
(-7371.72198878, 9985.52257212, 1893.81356398)
(-7371.66127888, 9985.52183176, 1893.81356398)
(-7371.60056896, 9985.5210914, 1893.81356398)
(-7371.53242518, 9985.52026037, 1893.81356398)
(-7371.47419321, 9985.51955023, 1893.81356398)
(-7371.42711204, 9985.51897607, 1893.81356398)
(-7371.38003088, 9985.51840191, 1893.81356398)
(-7371.31436506, 9985.5176011, 1893.81356398)
(-7371.23837444, 9985.51667438, 1893.81356398)
(-7371.1747736, 9985.51589876, 1893.81356398)
(-7371.1091078, 9985.51509795, 1893.81356398)
(-7371.05748374, 9985.51446839, 1893.81356398)
(-7371.00627267, 9985.51384386, 1893.81356398)
(-7370.94638875, 9985.51311357, 1893.81356398)
(-7370.88113592, 9985.51231781, 1893.81356398)
(-7370.80184133, 9985.5113508, 1893.81356398)
(-7370.72956761, 9985.51046942, 1893.81356398)
(-7370.65522893, 9985.50956284, 1893.81356398)
(-7370.58130327, 9985.50866131, 1893.81356398)
(-7370.51026856, 9985.50779502, 1893.81356398)
(-7370.4479067, 9985.50703451, 1893.81356398)
(-7370.38884878, 9985.50631429, 1893.81356398)
(-7370.32318297, 9985.50551349, 1893.81356398)
(-7370.24884432, 9985.50460692, 1893.81356398)
(-7370.18606944, 9985.50384137, 1893.81356398)
(-7370.1319674, 9985.50318159, 1893.81356398)
(-7370.07125748, 9985.50244123, 1893.81356398)
(-7369.99857077, 9985.50155481, 1893.81356398)
(-7369.90812539, 9985.5004518, 1893.81356398)
(-7369.83213477, 9985.49952509, 1893.81356398)
(-7369.74705832, 9985.49848756, 1893.81356398)
(-7369.67271968, 9985.49758099, 1893.81356398)
(-7369.59094717, 9985.49658376, 1893.81356398)
(-7369.52321638, 9985.49575778, 1893.81356398)
(-7369.44805172, 9985.49484113, 1893.81356398)
(-7369.38568983, 9985.49408063, 1893.81356398)
(-7369.319611, 9985.49327479, 1893.81356398)
(-7369.26550897, 9985.49261501, 1893.81356398)
(-7369.21594986, 9985.49201062, 1893.81356398)
(-7369.15482696, 9985.49126522, 1893.81356398)
(-7369.09618203, 9985.49055003, 1893.81356398)
(-7369.02721229, 9985.48970894, 1893.81356398)
(-7368.96526342, 9985.48895346, 1893.81356398)
(-7368.90331455, 9985.48819799, 1893.81356398)
(-7368.85127749, 9985.48756339, 1893.81356398)
(-7368.79345852, 9985.48685828, 1893.81356398)
(-7368.73729152, 9985.48617332, 1893.81356398)
(-7368.66914773, 9985.4853423, 1893.81356398)
(-7368.61256773, 9985.4846523, 1893.81356398)
(-7368.55061884, 9985.48389682, 1893.81356398)
(-7368.49321287, 9985.48319675, 1893.81356398)
(-7368.43002502, 9985.48242616, 1893.81356398)
(-7368.37674899, 9985.48177645, 1893.81356398)
(-7368.32347297, 9985.48112674, 1893.81356398)
(-7368.266893, 9985.48043674, 1893.81356398)
(-7368.19420632, 9985.47955032, 1893.81356398)
(-7368.13514838, 9985.4788301, 1893.81356398)
(-7368.08476328, 9985.47821565, 1893.81356398)
(-7368.02653132, 9985.47750551, 1893.81356398)
(-7367.96747336, 9985.47678529, 1893.81356398)
(-7367.9034595, 9985.47600463, 1893.81356398)
(-7367.84027163, 9985.47523405, 1893.81356398)
(-7367.77295385, 9985.47441309, 1893.81356398)
(-7367.7205038, 9985.47377345, 1893.81356398)
(-7367.66887975, 9985.47314389, 1893.81356398)
(-7367.61519073, 9985.47248914, 1893.81356398)
(-7367.55158989, 9985.47171352, 1893.81356398)
(-7367.48881503, 9985.47094798, 1893.81356398)
(-7367.42232322, 9985.4701371, 1893.81356398)
(-7367.36367827, 9985.46942192, 1893.81356398)
(-7367.30462031, 9985.4687017, 1893.81356398)
(-7367.25258323, 9985.46806711, 1893.81356398)
(-7367.18980835, 9985.46730156, 1893.81356398)
(-7367.13364136, 9985.46661659, 1893.81356398)
(-7367.0650846, 9985.46578053, 1893.81356398)
(-7367.00850463, 9985.46509053, 1893.81356398)
(-7366.94779474, 9985.46435016, 1893.81356398)
(-7366.89410572, 9985.46369542, 1893.81356398)
(-7366.83669977, 9985.46299534, 1893.81356398)
(-7366.78796665, 9985.46240104, 1893.81356398)
(-7366.7293217, 9985.46168586, 1893.81356398)
(-7366.66448186, 9985.46089513, 1893.81356398)
(-7366.60831485, 9985.46021017, 1893.81356398)
(-7366.54182303, 9985.45939929, 1893.81356398)
(-7366.48689501, 9985.45872944, 1893.81356398)
(-7366.42742408, 9985.45800418, 1893.81356398)
(-7366.36960513, 9985.45729907, 1893.81356398)
(-7366.30972122, 9985.45656877, 1893.81356398)
(-7366.25231527, 9985.4558687, 1893.81356398)
(-7366.19284435, 9985.45514344, 1893.81356398)
(-7366.14204628, 9985.45452395, 1893.81356398)
(-7366.08711827, 9985.4538541, 1893.81356398)
(-7366.02145245, 9985.4530533, 1893.81356398)
(-7365.96569844, 9985.45237337, 1893.81356398)
(-7365.90994443, 9985.45169345, 1893.81356398)
(-7365.85336443, 9985.45100345, 1893.81356398)
(-7365.79058955, 9985.4502379, 1893.81356398)
(-7365.73524855, 9985.44956301, 1893.81356398)
(-7365.6823855, 9985.44891833, 1893.81356398)
(-7365.61837167, 9985.44813767, 1893.81356398)
(-7365.5675736, 9985.44751818, 1893.81356398)
(-7365.50479874, 9985.44675263, 1893.81356398)
(-7365.44821877, 9985.44606263, 1893.81356398)
(-7365.38007501, 9985.44523161, 1893.81356398)
(-7365.33340684, 9985.44466249, 1893.81356398)
(-7365.27600087, 9985.44396242, 1893.81356398)
(-7365.21570394, 9985.44322709, 1893.81356398)
(-7365.13021445, 9985.44218453, 1893.81356398)
(-7365.05215885, 9985.44123264, 1893.81356398)
(-7364.95014969, 9985.43998861, 1893.81356398)
(-7364.87622404, 9985.43908708, 1893.81356398)
(-7364.77504089, 9985.43785313, 1893.81356398)
(-7364.70483217, 9985.43699693, 1893.81356398)
(-7364.61810372, 9985.43593926, 1893.81356398)
(-7364.5520249, 9985.43513343, 1893.81356398)
(-7364.46405746, 9985.43406065, 1893.81356398)
(-7364.37898097, 9985.43302314, 1893.81356398)
(-7364.28151473, 9985.43183451, 1893.81356398)
(-7364.212132, 9985.43098838, 1893.81356398)
(-7364.14935714, 9985.43022283, 1893.81356398)
(-7364.09525513, 9985.42956305, 1893.81356398)
(-7364.04693501, 9985.42897378, 1893.81356398)
(-7363.99283299, 9985.428314, 1893.81356398)
(-7363.93212308, 9985.42757364, 1893.81356398)
(-7363.86521827, 9985.42675773, 1893.81356398)
(-7363.80657331, 9985.42604255, 1893.81356398)
(-7363.74421142, 9985.42528204, 1893.81356398)
(-7363.69176135, 9985.4246424, 1893.81356398)
(-7363.62981246, 9985.42388692, 1893.81356398)
(-7363.57777541, 9985.42325232, 1893.81356398)
(-7363.52243442, 9985.42257743, 1893.81356398)
(-7363.45718161, 9985.42178166, 1893.81356398)
(-7363.40225361, 9985.42111181, 1893.81356398)
(-7363.3423697, 9985.42038151, 1893.81356398)
(-7363.28496374, 9985.41968144, 1893.81356398)
(-7363.22342784, 9985.41893101, 1893.81356398)
(-7363.17180376, 9985.41830145, 1893.81356398)
(-7363.1185277, 9985.41765174, 1893.81356398)
(-7363.06525165, 9985.41700203, 1893.81356398)
(-7363.00412874, 9985.41625663, 1893.81356398)
(-7362.94630978, 9985.41555152, 1893.81356398)
(-7362.88064396, 9985.41475072, 1893.81356398)
(-7362.81208721, 9985.41391465, 1893.81356398)
(-7362.74972535, 9985.41315414, 1893.81356398)
(-7362.6927324, 9985.4124591, 1893.81356398)
(-7362.64730322, 9985.41190509, 1893.81356398)
(-7362.5820504, 9985.41110932, 1893.81356398)
(-7362.51886253, 9985.41033874, 1893.81356398)
(-7362.44782779, 9985.40947247, 1893.81356398)
(-7362.3739021, 9985.40857094, 1893.81356398)
(-7362.31608313, 9985.40786583, 1893.81356398)
(-7362.24422242, 9985.40698947, 1893.81356398)
(-7362.1901204, 9985.40632969, 1893.81356398)
(-7362.13973532, 9985.40571524, 1893.81356398)
(-7362.08976323, 9985.40510582, 1893.81356398)
(-7362.03235728, 9985.40440574, 1893.81356398)
(-7361.9761903, 9985.40372078, 1893.81356398)
(-7361.92250128, 9985.40306604, 1893.81356398)
(-7361.85559648, 9985.40225012, 1893.81356398)
(-7361.79901649, 9985.40156013, 1893.81356398)
(-7361.73913255, 9985.40082984, 1893.81356398)
(-7361.68379153, 9985.40015495, 1893.81356398)
(-7361.62886351, 9985.39948509, 1893.81356398)
(-7361.57310951, 9985.39880517, 1893.81356398)
(-7361.52024646, 9985.39816049, 1893.81356398)
(-7361.45499364, 9985.39736472, 1893.81356398)
(-7361.40047864, 9985.3966999, 1893.81356398)
(-7361.3480286, 9985.39606027, 1893.81356398)
(-7361.29433958, 9985.39540552, 1893.81356398)
(-7361.23073874, 9985.3946299, 1893.81356398)
(-7361.17209379, 9985.39391472, 1893.81356398)
(-7361.11468782, 9985.39321465, 1893.81356398)
(-7361.04737001, 9985.3923937, 1893.81356398)
(-7360.99285498, 9985.39172889, 1893.81356398)
(-7360.93462301, 9985.39101874, 1893.81356398)
(-7360.88754186, 9985.39044458, 1893.81356398)
(-7360.82517998, 9985.38968406, 1893.81356398)
(-7360.77190394, 9985.38903435, 1893.81356398)
(-7360.70912909, 9985.38826881, 1893.81356398)
(-7360.65007117, 9985.38754858, 1893.81356398)
(-7360.58936128, 9985.38680822, 1893.81356398)
(-7360.53567225, 9985.38615347, 1893.81356398)
(-7360.48611315, 9985.3855491, 1893.81356398)
(-7360.4274682, 9985.38483392, 1893.81356398)
(-7360.3713012, 9985.38414896, 1893.81356398)
(-7360.32091609, 9985.3835345, 1893.81356398)
(-7360.2639231, 9985.38283947, 1893.81356398)
(-7360.21477697, 9985.38224012, 1893.81356398)
(-7360.157784, 9985.38154509, 1893.81356398)
(-7360.10409497, 9985.38089034, 1893.81356398)
(-7360.03677719, 9985.38006939, 1893.81356398)
(-7359.97689329, 9985.37933909, 1893.81356398)
(-7359.91205347, 9985.37854836, 1893.81356398)
(-7359.8447357, 9985.37772741, 1893.81356398)
(-7359.77989587, 9985.37693669, 1893.81356398)
(-7359.71340405, 9985.37612581, 1893.81356398)
(-7359.66177997, 9985.37549625, 1893.81356398)
(-7359.61180786, 9985.37488684, 1893.81356398)
(-7359.54366407, 9985.37405582, 1893.81356398)
(-7359.48667108, 9985.37336078, 1893.81356398)
(-7359.41687534, 9985.37250961, 1893.81356398)
(-7359.34873158, 9985.37167858, 1893.81356398)
(-7359.27315396, 9985.3707569, 1893.81356398)
(-7359.20170627, 9985.36988559, 1893.81356398)
(-7359.12530266, 9985.36895384, 1893.81356398)
(-7359.05839786, 9985.36813793, 1893.81356398)
(-7358.98612414, 9985.36725654, 1893.81356398)
(-7358.92045831, 9985.36645574, 1893.81356398)
(-7358.85272751, 9985.36562976, 1893.81356398)
(-7358.79119161, 9985.36487932, 1893.81356398)
(-7358.72180887, 9985.36403325, 1893.81356398)
(-7358.66276814, 9985.36358819, 1893.81356397)
(-7358.60950335, 9985.36322052, 1893.81356397)
(-7358.55706754, 9985.36300587, 1893.81356397)
(-7358.50876046, 9985.36287798, 1893.81356397)
(-7358.45466923, 9985.3627526, 1893.81356398)
(-7358.39394818, 9985.36237349, 1893.81356398)
(-7358.32413608, 9985.36180696, 1893.81356399)
(-7358.26629462, 9985.36113898, 1893.81356398)
(-7358.19606897, 9985.36033122, 1893.81356398)
(-7358.13991788, 9985.36017418, 1893.81356397)
(-7358.08459165, 9985.36004134, 1893.81356397)
(-7358.01975901, 9985.3598775, 1893.81356397)
(-7357.96028041, 9985.3595762, 1893.81356398)
(-7357.90286567, 9985.35921721, 1893.81356399)
(-7357.85205091, 9985.35876011, 1893.81356398)
(-7357.79834827, 9985.35825607, 1893.81356398)
(-7357.75209167, 9985.35790737, 1893.81356398)
(-7357.69798723, 9985.3575101, 1893.81356398)
(-7357.63438369, 9985.3570452, 1893.81356398)
(-7357.57575407, 9985.35696457, 1893.81356397)
(-7357.52166223, 9985.35688566, 1893.81356398)
(-7357.44980365, 9985.35677182, 1893.81356398)
(-7357.40022125, 9985.35619495, 1893.81356398)
(-7357.35023147, 9985.35561171, 1893.81356399)
(-7357.3014901, 9985.35513307, 1893.81356398)
(-7357.24242559, 9985.3545593, 1893.81356398)
(-7357.18833637, 9985.35433391, 1893.81356396)
(-7357.12970696, 9985.35419811, 1893.81356397)
(-7357.06404564, 9985.35401067, 1893.81356398)
(-7357.00374183, 9985.3537233, 1893.81356398)
(-7356.94715394, 9985.35338192, 1893.81356398)
(-7356.88147759, 9985.35293637, 1893.81356398)
(-7356.82446424, 9985.35228246, 1893.81356399)
(-7356.76786736, 9985.35163943, 1893.81356398)
(-7356.71501382, 9985.35131093, 1893.81356398)
(-7356.66546851, 9985.35118236, 1893.81356397)
(-7356.61137852, 9985.35105824, 1893.81356398)
(-7356.55645353, 9985.35090734, 1893.81356398)
(-7356.49285465, 9985.35076129, 1893.81356398)
(-7356.43542763, 9985.35022262, 1893.81356398)
(-7356.36767057, 9985.34947427, 1893.81356399)
(-7356.30778126, 9985.34895412, 1893.81356398)
(-7356.24293408, 9985.34832895, 1893.81356398)
(-7356.18760828, 9985.34820683, 1893.81356397)
(-7356.13599824, 9985.34813965, 1893.81356398)
(-7356.08685371, 9985.34799284, 1893.81356398)
(-7356.03151439, 9985.34786515, 1893.81356398)
(-7355.97615351, 9985.34739772, 1893.813564)
(-7355.91913824, 9985.34682149, 1893.81356399)
(-7355.85428403, 9985.34618906, 1893.81356398)
(-7355.79522803, 9985.34577031, 1893.81356398)
(-7355.73121599, 9985.34537956, 1893.81356398)
(-7355.67712554, 9985.34520931, 1893.81356398)
(-7355.62303005, 9985.34505983, 1893.81356399)
(-7355.57635774, 9985.34483696, 1893.81356398)
(-7355.52596935, 9985.3445916, 1893.81356398)
(-7355.46442924, 9985.34428795, 1893.81356399)
(-7355.40906837, 9985.34369107, 1893.81356396)
(-7355.35081637, 9985.34304382, 1893.81356398)
(-7355.28431145, 9985.34230971, 1893.81356398)
(-7355.23435841, 9985.34226499, 1893.81356398)
(-7355.18852804, 9985.34226312, 1893.81356397)
(-7355.13979803, 9985.34215156, 1893.81356398)
(-7355.07661172, 9985.34201456, 1893.81356398)
(-7355.02001132, 9985.34153401, 1893.81356398)
(-7354.96299578, 9985.34096639, 1893.81356398)
(-7354.90227333, 9985.34040194, 1893.81356399)
(-7354.84528026, 9985.33997496, 1893.81356398)
(-7354.79613494, 9985.33966422, 1893.81356398)
(-7354.74038253, 9985.33935026, 1893.81356398)
(-7354.68835929, 9985.33928374, 1893.81356396)
(-7354.62518513, 9985.33923133, 1893.81356398)
(-7354.5491742, 9985.33877647, 1893.81356398)
(-7354.47233911, 9985.33820012, 1893.81356399)
(-7354.41863126, 9985.33758371, 1893.81356399)
(-7354.36079627, 9985.33693648, 1893.81356397)
(-7354.30381798, 9985.3367347, 1893.81356397)
(-7354.25262073, 9985.3366235, 1893.81356397)
(-7354.17787676, 9985.3364458, 1893.81356398)
(-7354.13037478, 9985.33620973, 1893.81356398)
(-7354.06717543, 9985.33580766, 1893.81356398)
(-7354.00728227, 9985.33540383, 1893.81356398)
(-7353.95729142, 9985.33486632, 1893.81356399)
(-7353.88168812, 9985.33397588, 1893.81356398)
(-7353.82099305, 9985.33363352, 1893.81356398)
(-7353.76607895, 9985.33343548, 1893.81356398)
(-7353.71157817, 9985.33337438, 1893.81356397)
(-7353.64551056, 9985.33330979, 1893.81356399)
(-7353.58271504, 9985.33290772, 1893.81356398)
(-7353.51496645, 9985.3323987, 1893.81356399)
(-7353.45877922, 9985.33176608, 1893.81356398)
(-7353.39805036, 9985.33106863, 1893.81356398)
(-7353.34602719, 9985.33086811, 1893.81356397)
(-7353.29606892, 9985.33076938, 1893.81356397)
(-7353.24321429, 9985.33065427, 1893.81356399)
(-7353.18910724, 9985.33041368, 1893.81356398)
(-7353.13417321, 9985.33011296, 1893.81356398)
(-7353.07056382, 9985.32971304, 1893.81356398)
(-7353.01189829, 9985.329097, 1893.81356399)
(-7352.95984554, 9985.32853681, 1893.81356398)
(-7352.89747115, 9985.32785045, 1893.81356398)
(-7352.84999221, 9985.32775348, 1893.81356397)
(-7352.80168471, 9985.32770928, 1893.81356399)
(-7352.74924609, 9985.32765231, 1893.81356398)
(-7352.68976761, 9985.32738937, 1893.81356398)
(-7352.62987207, 9985.32702014, 1893.81356398)
(-7352.56501999, 9985.3265794, 1893.81356397)
(-7352.50676636, 9985.32593285, 1893.81356399)
(-7352.43984283, 9985.3251959, 1893.81356397)
(-7352.37708205, 9985.32485019, 1893.81356398)
(-7352.30853544, 9985.32455978, 1893.81356397)
(-7352.25155674, 9985.32452385, 1893.81356397)
(-7352.1962253, 9985.32448513, 1893.81356399)
(-7352.14912612, 9985.32408124, 1893.81356399)
(-7352.10202676, 9985.32359981, 1893.81356399)
(-7352.04873358, 9985.32305623, 1893.81356398)
(-7351.99297536, 9985.32260087, 1893.81356398)
(-7351.92689076, 9985.32201996, 1893.81356398)
(-7351.86867416, 9985.3218717, 1893.81356399)
(-7351.80467478, 9985.32174788, 1893.81356397)
(-7351.7460312, 9985.32158306, 1893.81356397)
(-7351.68532152, 9985.32143273, 1893.81356398)
(-7351.62913354, 9985.32089628, 1893.81356398)
(-7351.56757373, 9985.32023951, 1893.81356399)
(-7351.51263737, 9985.31973112, 1893.81356398)
(-7351.4589414, 9985.31921418, 1893.81356398)
(-7351.40980739, 9985.31903529, 1893.813564)
(-7351.36273923, 9985.31895019, 1893.81356397)
(-7351.30905948, 9985.31885044, 1893.81356398)
(-7351.25825596, 9985.318626, 1893.81356398)
(-7351.20579932, 9985.31833567, 1893.81356398)
(-7351.14673225, 9985.31796541, 1893.81356398)
(-7351.09632802, 9985.31742875, 1893.81356399)
(-7351.04427286, 9985.31684946, 1893.81356398)
(-7350.99139834, 9985.31626786, 1893.81356399)
(-7350.94474283, 9985.3161285, 1893.81356397)
(-7350.89395774, 9985.31606132, 1893.81356398)
(-7350.8419322, 9985.31598854, 1893.81356397)
(-7350.79071512, 9985.31575898, 1893.81356398)
(-7350.73743207, 9985.31546449, 1893.81356398)
(-7350.6796038, 9985.3151021, 1893.81356399)
(-7350.62217974, 9985.31459615, 1893.81356398)
(-7350.56764743, 9985.31404289, 1893.81356398)
(-7350.51435972, 9985.3134916, 1893.81356398)
(-7350.46151091, 9985.3133046, 1893.81356396)
(-7350.41031248, 9985.31317153, 1893.81356398)
(-7350.35952023, 9985.31304411, 1893.81356398)
(-7350.31243448, 9985.31283176, 1893.81356398)
(-7350.26245797, 9985.31257792, 1893.81356398)
(-7350.20421852, 9985.31222964, 1893.81356398)
(-7350.15051211, 9985.31175013, 1893.81356398)
(-7350.09144007, 9985.31120488, 1893.81356398)
(-7350.0385755, 9985.31080767, 1893.81356398)
(-7349.98323208, 9985.3104018, 1893.81356398)
(-7349.93285568, 9985.31019633, 1893.81356398)
(-7349.87999974, 9985.31002289, 1893.81356398)
(-7349.83291528, 9985.30977796, 1893.81356398)
(-7349.78417921, 9985.30951749, 1893.81356398)
(-7349.73255203, 9985.30924155, 1893.81356398)
(-7349.6759596, 9985.3088193, 1893.81356398)
(-7349.61565031, 9985.30830919, 1893.81356398)
(-7349.56237243, 9985.30793564, 1893.81356398)
(-7349.50578964, 9985.30754411, 1893.81356398)
(-7349.44714184, 9985.30713875, 1893.81356398)
(-7349.39676893, 9985.30704171, 1893.81356396)
(-7349.34515824, 9985.30700066, 1893.81356398)
(-7349.29889578, 9985.30678561, 1893.81356398)
(-7349.24519316, 9985.30641616, 1893.81356398)
(-7349.18487423, 9985.30585615, 1893.81356399)
(-7349.12125905, 9985.30526593, 1893.81356398)
(-7349.06550401, 9985.30484527, 1893.81356398)
(-7349.0056178, 9985.30440327, 1893.81356398)
(-7348.95235497, 9985.30423396, 1893.81356397)
(-7348.89867352, 9985.3040775, 1893.81356396)
(-7348.85241499, 9985.30385507, 1893.81356398)
(-7348.79913552, 9985.30358526, 1893.81356398)
(-7348.74585599, 9985.30331418, 1893.81356398)
(-7348.67479655, 9985.30255939, 1893.81356398)
(-7348.61200501, 9985.30188918, 1893.81356398)
(-7348.5653427, 9985.30158386, 1893.81356397)
(-7348.49638416, 9985.30127434, 1893.81356399)
(-7348.4509675, 9985.30119517, 1893.81356397)
(-7348.40513658, 9985.30114944, 1893.81356397)
(-7348.34649948, 9985.30110662, 1893.81356398)
(-7348.2965078, 9985.30065842, 1893.81356399)
(-7348.2271003, 9985.29986474, 1893.81356397)
(-7348.1486226, 9985.29913258, 1893.81356398)
(-7348.09947933, 9985.29882037, 1893.81356398)
(-7348.04001133, 9985.29848099, 1893.81356398)
(-7347.98509446, 9985.29830498, 1893.81356397)
(-7347.91406782, 9985.29812251, 1893.81356397)
(-7347.85087414, 9985.29784128, 1893.81356398)
(-7347.76620201, 9985.29739171, 1893.81356398)
(-7347.70257859, 9985.29666589, 1893.81356398)
(-7347.64267477, 9985.29597381, 1893.81356398)
(-7347.58693148, 9985.29565259, 1893.81356398)
(-7347.53820519, 9985.29542426, 1893.81356399)
(-7347.49196182, 9985.29536206, 1893.81356397)
(-7347.44571817, 9985.29531717, 1893.81356398)
(-7347.39121086, 9985.29527791, 1893.81356398)
(-7347.33502292, 9985.29476395, 1893.81356398)
(-7347.27759532, 9985.29414641, 1893.81356399)
(-7347.21645739, 9985.29352485, 1893.81356398)
(-7347.16359603, 9985.29313152, 1893.81356398)
(-7347.11156183, 9985.2928238, 1893.81356398)
(-7347.06117894, 9985.29254907, 1893.81356398)
(-7347.01534854, 9985.29246182, 1893.81356397)
(-7346.97034334, 9985.29241137, 1893.81356398)
(-7346.91129354, 9985.29236177, 1893.81356398)
(-7346.85469177, 9985.29183417, 1893.81356398)
(-7346.79437161, 9985.29119094, 1893.81356399)
(-7346.73323442, 9985.29057137, 1893.81356399)
(-7346.6754177, 9985.29014928, 1893.81356398)
(-7346.63040399, 9985.28988308, 1893.81356398)
(-7346.57919544, 9985.28960881, 1893.81356398)
(-7346.53419143, 9985.28953413, 1893.81356397)
(-7346.48381782, 9985.28947306, 1893.81356398)
(-7346.42889627, 9985.28941862, 1893.81356397)
(-7346.37642609, 9985.28894604, 1893.81356399)
(-7346.32230405, 9985.28836629, 1893.81356399)
(-7346.26033836, 9985.2877315, 1893.81356397)
(-7346.20541184, 9985.28732458, 1893.81356398)
(-7346.1566801, 9985.28701373, 1893.81356398)
(-7346.10258006, 9985.28670458, 1893.81356398)
(-7346.05427164, 9985.2866148, 1893.81356397)
(-7346.00637613, 9985.28656309, 1893.81356397)
(-7345.95682319, 9985.28651164, 1893.81356399)
(-7345.90931128, 9985.28609779, 1893.81356399)
(-7345.85766784, 9985.28555078, 1893.81356399)
(-7345.80602813, 9985.28501674, 1893.81356398)
(-7345.75563927, 9985.28459345, 1893.81356398)
(-7345.69740387, 9985.28409752, 1893.81356398)
(-7345.64827101, 9985.28393252, 1893.81356397)
(-7345.60202726, 9985.28381687, 1893.81356397)
(-7345.55247503, 9985.28370455, 1893.81356398)
(-7345.50456332, 9985.283495, 1893.81356398)
(-7345.45086942, 9985.28322587, 1893.81356398)
(-7345.39263016, 9985.28288176, 1893.81356398)
(-7345.34264081, 9985.28237263, 1893.81356399)
(-7345.29141142, 9985.2818068, 1893.81356399)
(-7345.2418401, 9985.28125684, 1893.81356398)
(-7345.19394487, 9985.28098961, 1893.81356397)
(-7345.13696573, 9985.28077615, 1893.81356397)
(-7345.09031036, 9985.28071501, 1893.81356397)
(-7345.04282618, 9985.28066413, 1893.81356398)
(-7344.99285922, 9985.28061562, 1893.81356398)
(-7344.94039, 9985.28017271, 1893.81356399)
(-7344.88833396, 9985.27961776, 1893.81356399)
(-7344.82677923, 9985.27897645, 1893.81356398)
(-7344.77185179, 9985.27855881, 1893.81356398)
(-7344.7173389, 9985.2782241, 1893.81356398)
(-7344.66241295, 9985.27791885, 1893.81356398)
(-7344.61080234, 9985.27783685, 1893.81356397)
(-7344.56538201, 9985.27777324, 1893.81356398)
(-7344.51706608, 9985.27771061, 1893.81356397)
(-7344.46914173, 9985.27731381, 1893.81356399)
(-7344.41543245, 9985.27674919, 1893.813564)
(-7344.36048831, 9985.27618753, 1893.81356398)
(-7344.30142714, 9985.27570844, 1893.81356398)
(-7344.23699486, 9985.27513668, 1893.81356398)
(-7344.18249426, 9985.27498697, 1893.81356399)
(-7344.1325355, 9985.27489914, 1893.81356397)
(-7344.0854578, 9985.27478332, 1893.81356398)
(-7344.03590009, 9985.27466567, 1893.81356398)
(-7343.9900407, 9985.27430307, 1893.813564)
(-7343.93839623, 9985.27380846, 1893.81356399)
(-7343.87973523, 9985.27323755, 1893.81356398)
(-7343.82521603, 9985.27279257, 1893.81356398)
(-7343.76243542, 9985.27224202, 1893.81356398)
(-7343.70710894, 9985.27208436, 1893.81356398)
(-7343.64476375, 9985.27198553, 1893.81356398)
(-7343.59231455, 9985.27182514, 1893.81356398)
(-7343.53284314, 9985.27166742, 1893.81356398)
(-7343.48450428, 9985.27122608, 1893.81356398)
(-7343.4357523, 9985.27073769, 1893.81356399)
(-7343.38204924, 9985.27020932, 1893.81356398)
(-7343.33001196, 9985.26981342, 1893.81356398)
(-7343.27880071, 9985.26946651, 1893.81356398)
(-7343.22098284, 9985.26912, 1893.81356398)
(-7343.17184946, 9985.26904333, 1893.81356397)
(-7343.12064998, 9985.2689806, 1893.81356397)
(-7343.06077213, 9985.2689195, 1893.81356398)
(-7343.00953996, 9985.26842679, 1893.81356399)
(-7342.96368136, 9985.26792238, 1893.81356399)
(-7342.91451888, 9985.26738497, 1893.81356398)
(-7342.86413322, 9985.26697903, 1893.81356397)
(-7342.81044565, 9985.26662678, 1893.81356398)
(-7342.75056379, 9985.26627669, 1893.81356398)
(-7342.69895368, 9985.2661816, 1893.81356397)
(-7342.63743045, 9985.26610054, 1893.81356398)
(-7342.57424444, 9985.26597708, 1893.81356398)
(-7342.52590553, 9985.26552296, 1893.81356399)
(-7342.46765298, 9985.26485593, 1893.81356398)
(-7342.4122995, 9985.26428819, 1893.81356399)
(-7342.35076561, 9985.2638303, 1893.81356398)
(-7342.29542678, 9985.26348274, 1893.81356398)
(-7342.23596849, 9985.26327746, 1893.81356397)
(-7342.17402574, 9985.26307917, 1893.81356398)
(-7342.11289781, 9985.26277339, 1893.81356398)
(-7342.05837938, 9985.26249774, 1893.81356398)
(-7341.9947743, 9985.26217403, 1893.81356398)
(-7341.94271861, 9985.26158836, 1893.81356398)
(-7341.88611789, 9985.26092464, 1893.81356398)
(-7341.8316084, 9985.26056814, 1893.81356397)
(-7341.76347299, 9985.26024945, 1893.81356399)
(-7341.71764282, 9985.26020529, 1893.81356397)
(-7341.6680938, 9985.26015609, 1893.81356397)
(-7341.61274347, 9985.25989414, 1893.81356398)
(-7341.54747471, 9985.25945226, 1893.81356399)
(-7341.48715674, 9985.25889303, 1893.81356398)
(-7341.43469043, 9985.25835506, 1893.81356398)
(-7341.37355486, 9985.25771312, 1893.81356398)
(-7341.31987998, 9985.25755822, 1893.81356398)
(-7341.27363703, 9985.2574518, 1893.81356397)
(-7341.22573705, 9985.25734664, 1893.81356399)
(-7341.17947784, 9985.25714939, 1893.81356398)
(-7341.12495736, 9985.25686533, 1893.81356398)
(-7341.06341289, 9985.25648842, 1893.81356398)
(-7341.00763823, 9985.25588639, 1893.81356399)
(-7340.95145423, 9985.25527985, 1893.81356398)
(-7340.89156, 9985.25464902, 1893.81356399)
(-7340.83829891, 9985.25449766, 1893.81356397)
(-7340.7883398, 9985.2544601, 1893.813564)
(-7340.73011891, 9985.25438549, 1893.81356398)
(-7340.68096382, 9985.25414528, 1893.81356398)
(-7340.6326344, 9985.25385293, 1893.81356398)
(-7340.5834794, 9985.25353109, 1893.81356398)
(-7340.53679359, 9985.25305315, 1893.81356399)
(-7340.48721723, 9985.25251616, 1893.81356399)
(-7340.43021006, 9985.25188251, 1893.81356398)
(-7340.38025101, 9985.25173194, 1893.81356397)
(-7340.33111804, 9985.25164318, 1893.81356396)
(-7340.27785297, 9985.25155962, 1893.81356397)
(-7340.22787863, 9985.25136894, 1893.813564)
(-7340.17336143, 9985.25117835, 1893.81356398)
(-7340.12337005, 9985.25074698, 1893.81356399)
(-7340.07296547, 9985.25024347, 1893.81356398)
(-7340.01967609, 9985.24972117, 1893.81356398)
(-7339.96970316, 9985.24932397, 1893.81356398)
(-7339.91973137, 9985.24898688, 1893.81356397)
(-7339.8668698, 9985.24867203, 1893.81356397)
(-7339.81484617, 9985.24858872, 1893.81356397)
(-7339.7661234, 9985.24852119, 1893.81356398)
(-7339.71698176, 9985.24845544, 1893.81356397)
(-7339.67071042, 9985.24816528, 1893.81356398)
(-7339.62237267, 9985.24776472, 1893.81356398)
(-7339.57651299, 9985.24727374, 1893.81356399)
(-7339.52693626, 9985.24671303, 1893.81356398)
(-7339.47406017, 9985.24611258, 1893.81356399)
(-7339.42368738, 9985.2458192, 1893.81356398)
(-7339.37703174, 9985.24570734, 1893.81356396)
(-7339.32831085, 9985.24560336, 1893.81356398)
(-7339.27958165, 9985.245482, 1893.81356397)
(-7339.22259106, 9985.24536028, 1893.81356398)
(-7339.17673131, 9985.24497486, 1893.813564)
(-7339.12797863, 9985.24449014, 1893.81356399)
(-7339.08005829, 9985.24402544, 1893.81356397)
(-7339.03379852, 9985.24363528, 1893.81356398)
(-7338.98092976, 9985.24315767, 1893.81356398)
(-7338.9338604, 9985.2429682, 1893.81356397)
(-7338.88803021, 9985.24285392, 1893.81356397)
(-7338.83434966, 9985.24273817, 1893.81356398)
(-7338.78726704, 9985.24255746, 1893.81356398)
(-7338.73316494, 9985.24239603, 1893.81356398)
(-7338.68730566, 9985.24201514, 1893.81356399)
(-7338.63896587, 9985.24153054, 1893.81356398)
(-7338.58650062, 9985.24100225, 1893.81356397)
(-7338.53528834, 9985.2405939, 1893.81356398)
(-7338.48779411, 9985.24026756, 1893.81356398)
(-7338.43864893, 9985.23996279, 1893.81356398)
(-7338.39033821, 9985.23979591, 1893.81356398)
(-7338.33872069, 9985.23963978, 1893.81356398)
(-7338.29246183, 9985.23940706, 1893.81356398)
(-7338.24537777, 9985.23916614, 1893.81356398)
(-7338.19209839, 9985.23889309, 1893.81356398)
(-7338.14211288, 9985.23850322, 1893.81356398)
(-7338.08964886, 9985.23803272, 1893.81356398)
(-7338.04050062, 9985.23768247, 1893.81356398)
(-7337.98970004, 9985.23733017, 1893.81356398)
(-7337.9368344, 9985.23696404, 1893.81356398)
(-7337.89100388, 9985.23684864, 1893.81356398)
(-7337.84352193, 9985.23678935, 1893.81356398)
(-7337.79479576, 9985.2367366, 1893.81356398)
(-7337.74893638, 9985.23634914, 1893.81356396)
(-7337.7026634, 9985.23588621, 1893.81356399)
