(-7439.40994505, 9969.22999947, 1893.81356609)
(-7439.36008983, 9969.23009684, 1893.81407784)
(-7439.30351049, 9969.23017918, 1893.81366493)
(-7439.22793589, 9969.23037493, 1893.81356456)
(-7439.16721705, 9969.23042972, 1893.81356373)
(-7439.09080388, 9969.23047936, 1893.81356389)
(-7439.03133795, 9969.23067874, 1893.81356399)
(-7438.96732796, 9969.23096787, 1893.81356397)
(-7438.90454736, 9969.23115498, 1893.81356398)
(-7438.8302032, 9969.23136891, 1893.81356398)
(-7438.76865393, 9969.23141698, 1893.81356398)
(-7438.68934269, 9969.23141245, 1893.81356398)
(-7438.62449789, 9969.23148025, 1893.81356398)
(-7438.55882589, 9969.2315256, 1893.81356398)
(-7438.49687177, 9969.23156859, 1893.81356398)
(-7438.41963058, 9969.23152922, 1893.81356398)
(-7438.36676396, 9969.23154411, 1893.81356398)
(-7438.29531052, 9969.23155942, 1893.81356399)
(-7438.23748751, 9969.2315737, 1893.81356398)
(-7438.17099023, 9969.2315849, 1893.81356398)
(-7438.09333894, 9969.23154055, 1893.81356398)
(-7438.03882061, 9969.2315364, 1893.81356398)
(-7437.96654136, 9969.23152991, 1893.81356398)
(-7437.90417515, 9969.23152543, 1893.81356398)
(-7437.83065687, 9969.23151971, 1893.81356398)
(-7437.77159465, 9969.23151537, 1893.81356398)
(-7437.67990331, 9969.23150723, 1893.81356398)
(-7437.59729882, 9969.2315017, 1893.81356398)
(-7437.51675915, 9969.23149502, 1893.81356398)
(-7437.46182731, 9969.23149141, 1893.81356398)
(-7437.37757048, 9969.23148563, 1893.81356398)
(-7437.30570462, 9969.23148158, 1893.81356398)
(-7437.21979575, 9969.23147636, 1893.81356398)
(-7437.15040794, 9969.23147285, 1893.81356398)
(-7437.05252138, 9969.2314675, 1893.81356398)
(-7436.96702561, 9969.23146349, 1893.81356398)
(-7436.88565998, 9969.2314594, 1893.81356398)
(-7436.82494562, 9969.23145673, 1893.81356398)
(-7436.75968793, 9969.23145387, 1893.81356398)
(-7436.69401729, 9969.2314512, 1893.81356398)
(-7436.62339032, 9969.23144841, 1893.81356398)
(-7436.5601978, 9969.23144601, 1893.81356398)
(-7436.49287503, 9969.23144356, 1893.81356398)
(-7436.41687876, 9969.23144095, 1893.81356398)
(-7436.36153363, 9969.23143905, 1893.81356398)
(-7436.2917327, 9969.2314368, 1893.81356398)
(-7436.22895313, 9969.23143475, 1893.81356398)
(-7436.15213082, 9969.23143241, 1893.81356398)
(-7436.08893825, 9969.23143053, 1893.81356398)
(-7436.01170296, 9969.23142864, 1893.81356398)
(-7435.95429269, 9969.23142705, 1893.81356398)
(-7435.87581833, 9969.23142518, 1893.81356398)
(-7435.81386481, 9969.23142351, 1893.81356398)
(-7435.73869463, 9969.2314218, 1893.81356398)
(-7435.6771541, 9969.23142021, 1893.81356398)
(-7435.61396158, 9969.23141878, 1893.81356398)
(-7435.53755232, 9969.23141779, 1893.81356398)
(-7435.48344613, 9969.23141666, 1893.81356398)
(-7435.41984062, 9969.2314155, 1893.81356398)
(-7435.35747402, 9969.2314141, 1893.81356398)
(-7435.29015131, 9969.23141281, 1893.81356398)
(-7435.22489374, 9969.2314123, 1893.81356398)
(-7435.17037453, 9969.23141137, 1893.81356398)
(-7435.10429089, 9969.23141039, 1893.81356398)
(-7435.03448986, 9969.231409, 1893.81356398)
(-7434.97047134, 9969.23140799, 1893.81356398)
(-7434.89777931, 9969.23140783, 1893.81356398)
(-7434.8354126, 9969.23140692, 1893.81356398)
(-7434.7647857, 9969.2314062, 1893.81356398)
(-7434.70531023, 9969.23140522, 1893.81356398)
(-7434.61940148, 9969.23140423, 1893.81356398)
(-7434.56199123, 9969.23140355, 1893.81356398)
(-7434.49219044, 9969.23140354, 1893.81356398)
(-7434.43312794, 9969.23140287, 1893.81356398)
(-7434.35795783, 9969.23140247, 1893.81356398)
(-7434.29476513, 9969.23140165, 1893.81356398)
(-7434.22248613, 9969.23140108, 1893.81356398)
(-7434.16094552, 9969.2314002, 1893.81356398)
(-7434.09031863, 9969.23139947, 1893.81356398)
(-7434.01969177, 9969.23139996, 1893.81356398)
(-7433.96310735, 9969.23139954, 1893.81356398)
(-7433.89413259, 9969.23139924, 1893.81356398)
(-7433.83135293, 9969.23139852, 1893.81356398)
(-7433.7702256, 9969.23139806, 1893.81356398)
(-7433.68844713, 9969.23139882, 1893.81356398)
(-7433.62401526, 9969.23139843, 1893.81356398)
(-7433.56040981, 9969.2313984, 1893.81356398)
(-7433.50258636, 9969.23139787, 1893.81356398)
(-7433.42163387, 9969.23139748, 1893.81356398)
(-7433.34563753, 9969.23139708, 1893.81356398)
(-7433.28451008, 9969.23139671, 1893.81356398)
(-7433.2047967, 9969.2313974, 1893.81356398)
(-7433.15069051, 9969.23139709, 1893.81356398)
(-7433.0755204, 9969.23139721, 1893.81356398)
(-7433.01108866, 9969.23139669, 1893.81356398)
(-7432.927245, 9969.23139664, 1893.81356398)
(-7432.85950905, 9969.23139603, 1893.81356398)
(-7432.78764309, 9969.23139586, 1893.81356398)
(-7432.73023278, 9969.23139566, 1893.81356398)
(-7432.66332313, 9969.2313962, 1893.81356398)
(-7432.60508665, 9969.23139597, 1893.81356398)
(-7432.53156862, 9969.23139607, 1893.81356398)
(-7432.46672383, 9969.23139558, 1893.81356398)
(-7432.40600953, 9969.23139542, 1893.81356398)
(-7432.34157807, 9969.23139632, 1893.81356398)
(-7432.2775592, 9969.23139616, 1893.81356398)
(-7432.20569327, 9969.23139633, 1893.81356398)
(-7432.13506612, 9969.23139587, 1893.81356398)
(-7432.06443922, 9969.23139585, 1893.81356398)
(-7432.00000751, 9969.23139573, 1893.81356398)
(-7431.93805419, 9969.23139644, 1893.81356398)
(-7431.86990512, 9969.23139632, 1893.81356398)
(-7431.77325774, 9969.23139683, 1893.81356398)
(-7431.72534698, 9969.23139656, 1893.81356398)
(-7431.63985129, 9969.23139679, 1893.81356398)
(-7431.55146419, 9969.23139629, 1893.81356398)
(-7431.47009868, 9969.23139671, 1893.81356398)
(-7431.37427718, 9969.23139615, 1893.81356398)
(-7431.30199817, 9969.23139678, 1893.81356398)
(-7431.2396315, 9969.2313966, 1893.81356398)
(-7431.14381022, 9969.23139713, 1893.81356398)
(-7431.07359618, 9969.23139691, 1893.81356398)
(-7430.97447065, 9969.23139755, 1893.81356398)
(-7430.91169105, 9969.2313973, 1893.81356398)
(-7430.84395532, 9969.2313977, 1893.81356398)
(-7430.77415426, 9969.23139739, 1893.81356398)
(-7430.69733199, 9969.23139761, 1893.81356398)
(-7430.60398865, 9969.23139772, 1893.81356398)
(-7430.52964443, 9969.23139739, 1893.81356398)
(-7430.46727798, 9969.23139766, 1893.81356398)
(-7430.40408536, 9969.23139774, 1893.81356398)
(-7430.34213187, 9969.23139764, 1893.81356398)
(-7430.26613572, 9969.23139833, 1893.81356398)
(-7430.20376906, 9969.23139832, 1893.81356398)
(-7430.13314217, 9969.23139872, 1893.81356398)
(-7430.07655783, 9969.23139859, 1893.81356398)
(-7430.0038658, 9969.23139864, 1893.81356398)
(-7429.93695614, 9969.23139974, 1893.81356398)
(-7429.8766545, 9969.23139983, 1893.81356398)
(-7429.80520158, 9969.23140024, 1893.81356398)
(-7429.74613913, 9969.23140011, 1893.81356398)
(-7429.66807782, 9969.23140029, 1893.81356398)
(-7429.60282012, 9969.23140037, 1893.81356398)
(-7429.52517185, 9969.23140143, 1893.81356398)
(-7429.47023961, 9969.23140148, 1893.81356398)
(-7429.40167785, 9969.23140192, 1893.81356398)
(-7429.33642, 9969.23140181, 1893.81356398)
(-7429.26083681, 9969.23140201, 1893.81356398)
(-7429.19723117, 9969.23140212, 1893.81356398)
(-7429.13197361, 9969.23140302, 1893.81356398)
(-7429.06423762, 9969.2314031, 1893.81356398)
(-7428.98452424, 9969.23140371, 1893.81356398)
(-7428.92628784, 9969.2314037, 1893.81356398)
(-7428.86433445, 9969.23140392, 1893.81356398)
(-7428.79783765, 9969.23140404, 1893.81356398)
(-7428.733406, 9969.23140402, 1893.81356398)
(-7428.65906188, 9969.23140476, 1893.81356398)
(-7428.59215195, 9969.23140471, 1893.81356398)
(-7428.53267669, 9969.23140502, 1893.81356398)
(-7428.46989701, 9969.23140494, 1893.81356398)
(-7428.40835662, 9969.23140504, 1893.81356398)
(-7428.32823022, 9969.23140623, 1893.81356398)
(-7428.2654505, 9969.23140637, 1893.81356398)
(-7428.18367199, 9969.23140693, 1893.81356398)
(-7428.13245701, 9969.2314069, 1893.81356398)
(-7428.06306918, 9969.23140713, 1893.81356398)
(-7427.99285516, 9969.23140727, 1893.81356398)
(-7427.93296677, 9969.23140728, 1893.81356398)
(-7427.85366634, 9969.23140805, 1893.81356398)
(-7427.7950169, 9969.23140807, 1893.81356398)
(-7427.71778162, 9969.23140851, 1893.81356398)
(-7427.66656664, 9969.23140846, 1893.81356398)
(-7427.58685322, 9969.23140863, 1893.81356398)
(-7427.52861693, 9969.2314087, 1893.81356398)
(-7427.45757702, 9969.23140939, 1893.81356398)
(-7427.39934061, 9969.23140942, 1893.81356398)
(-7427.32788769, 9969.23140971, 1893.81356398)
(-7427.26913438, 9969.22632491, 1893.81356391)
(-7427.19620158, 9969.20568261, 1893.81356399)
(-7427.12032086, 9969.18600977, 1893.81356389)
(-7427.06431556, 9969.16643939, 1893.81356434)
(-7426.99834068, 9969.13718278, 1893.81356412)
(-7426.94602797, 9969.11429222, 1893.81356399)
(-7426.87376349, 9969.08400815, 1893.81356396)
(-7426.81648716, 9969.05876964, 1893.813564)
(-7426.7558015, 9969.03200541, 1893.81356387)
(-7426.69835253, 9969.00393693, 1893.81356396)
(-7426.63228958, 9968.97100163, 1893.81356396)
(-7426.58400059, 9968.94860235, 1893.81356397)
(-7426.5160946, 9968.91759781, 1893.81356398)
(-7426.46026094, 9968.89172086, 1893.81356398)
(-7426.40297631, 9968.86507289, 1893.81356399)
(-7426.33823297, 9968.83486673, 1893.81356398)
(-7426.28918186, 9968.8120405, 1893.81356398)
(-7426.22179494, 9968.78066073, 1893.81356398)
(-7426.15960989, 9968.75832623, 1893.81356393)
(-7426.09321402, 9968.74166896, 1893.81356409)
(-7426.01625643, 9968.73008239, 1893.81356412)
(-7425.95579522, 9968.72537098, 1893.81356393)
(-7425.89142376, 9968.71897625, 1893.81356403)
(-7425.81123114, 9968.71785819, 1893.81356399)
(-7425.72182038, 9968.71649519, 1893.81356399)
(-7425.66985693, 9968.71555294, 1893.81356397)
(-7425.57289965, 9968.71303178, 1893.81356397)
(-7425.50523403, 9968.71344387, 1893.81356399)
(-7425.39921767, 9968.71388564, 1893.81356397)
(-7425.30838231, 9968.71411227, 1893.81356398)
(-7425.19934414, 9968.71399351, 1893.81356398)
(-7425.11146937, 9968.71542385, 1893.81356397)
(-7425.02805311, 9968.71626416, 1893.81356398)
(-7424.93306476, 9968.71715884, 1893.81356397)
(-7424.86616723, 9968.71793556, 1893.81356398)
(-7424.79059426, 9968.71881451, 1893.81356398)
(-7424.73194893, 9968.71945725, 1893.81356398)
(-7424.66298164, 9968.72026995, 1893.81356398)
(-7424.60144558, 9968.72097228, 1893.81356398)
(-7424.5324803, 9968.72184448, 1893.81356398)
(-7424.46763986, 9968.72261169, 1893.81356398)
(-7424.39454037, 9968.7234809, 1893.81356398)
(-7424.32350512, 9968.72432308, 1893.81356398)
(-7424.26651282, 9968.72501104, 1893.81356398)
(-7424.20786762, 9968.72571242, 1893.81356398)
(-7424.13353212, 9968.72665943, 1893.81356398)
(-7424.065388, 9968.72749567, 1893.81356398)
(-7423.99104959, 9968.72840812, 1893.81356398)
(-7423.93570822, 9968.72908588, 1893.81356398)
(-7423.8671517, 9968.72992605, 1893.81356398)
(-7423.79776884, 9968.73077601, 1893.81356398)
(-7423.72466954, 9968.73167341, 1893.81356398)
(-7423.65446039, 9968.73253335, 1893.81356398)
(-7423.58962088, 9968.7333283, 1893.81356398)
(-7423.52808466, 9968.73408159, 1893.81356398)
(-7423.45746317, 9968.73494642, 1893.81356398)
(-7423.38766747, 9968.73580087, 1893.81356398)
(-7423.31787197, 9968.73665708, 1893.81356398)
(-7423.26129165, 9968.7373497, 1893.81356398)
(-7423.18819218, 9968.73824501, 1893.81356398)
(-7423.12004815, 9968.73907852, 1893.81356398)
(-7423.03703681, 9968.74009449, 1893.81356398)
(-7422.98334762, 9968.74075101, 1893.81356398)
(-7422.92635478, 9968.74144816, 1893.81356398)
(-7422.85532024, 9968.74231834, 1893.81356398)
(-7422.79626205, 9968.74304059, 1893.81356398)
(-7422.71903262, 9968.74398532, 1893.81356398)
(-7422.65212772, 9968.74480307, 1893.81356398)
(-7422.58976596, 9968.74556565, 1893.81356398)
(-7422.53318593, 9968.74625735, 1893.81356398)
(-7422.45636943, 9968.74719716, 1893.81356398)
(-7422.39029044, 9968.74800481, 1893.81356398)
(-7422.31306096, 9968.74894914, 1893.81356398)
(-7422.25069897, 9968.74971121, 1893.81356398)
(-7422.18668519, 9968.75049364, 1893.81356398)
(-7422.12638826, 9968.75123043, 1893.81356398)
(-7422.05204972, 9968.7521394, 1893.81356398)
(-7421.99505667, 9968.75283574, 1893.81356398)
(-7421.91865315, 9968.75376951, 1893.81356398)
(-7421.86372505, 9968.75444049, 1893.81356398)
(-7421.79929829, 9968.75522758, 1893.81356398)
(-7421.72000377, 9968.75619706, 1893.81356398)
(-7421.6605327, 9968.75692358, 1893.81356398)
(-7421.57834726, 9968.75792776, 1893.81356398)
(-7421.52094123, 9968.75862887, 1893.81356398)
(-7421.44412468, 9968.75956719, 1893.81356398)
(-7421.39126159, 9968.76021271, 1893.81356398)
(-7421.32889978, 9968.76097426, 1893.81356398)
(-7421.25786514, 9968.76184211, 1893.81356398)
(-7421.1950902, 9968.76260867, 1893.81356398)
(-7421.11125274, 9968.76363251, 1893.81356398)
(-7421.05178177, 9968.76435858, 1893.81356398)
(-7420.98735495, 9968.76514523, 1893.81356398)
(-7420.92499305, 9968.76590662, 1893.81356398)
(-7420.85024144, 9968.76681947, 1893.81356398)
(-7420.78705354, 9968.76759089, 1893.81356398)
(-7420.70610704, 9968.76857917, 1893.81356398)
(-7420.64581013, 9968.76931519, 1893.81356398)
(-7420.5722975, 9968.77021259, 1893.81356398)
(-7420.5169565, 9968.77088814, 1893.81356398)
(-7420.44509582, 9968.77176545, 1893.81356398)
(-7420.38355989, 9968.77251657, 1893.81356398)
(-7420.30054838, 9968.77352983, 1893.81356398)
(-7420.23364356, 9968.77434639, 1893.81356398)
(-7420.15228404, 9968.77533941, 1893.81356398)
(-7420.09116114, 9968.77608536, 1893.81356398)
(-7420.02879929, 9968.77684644, 1893.81356398)
(-7419.95652562, 9968.77772852, 1893.81356398)
(-7419.89085981, 9968.77852988, 1893.81356398)
(-7419.8152822, 9968.7794522, 1893.81356398)
(-7419.73557463, 9968.78042487, 1893.81356398)
(-7419.62447961, 9968.78178053, 1893.81356398)
(-7419.55344487, 9968.78264731, 1893.81356398)
(-7419.50016883, 9968.78329738, 1893.81356398)
(-7419.42211324, 9968.7842498, 1893.81356398)
(-7419.32753796, 9968.78540373, 1893.81356398)
(-7419.24824342, 9968.78637122, 1893.81356398)
(-7419.14953822, 9968.78757546, 1893.81356398)
(-7419.07313461, 9968.78850765, 1893.81356398)
(-7418.97112542, 9968.7897521, 1893.81356398)
(-7418.89554777, 9968.79067415, 1893.81356398)
(-7418.82162208, 9968.79157593, 1893.81356398)
(-7418.76339015, 9968.79228634, 1893.81356398)
(-7418.69442038, 9968.79312768, 1893.81356398)
(-7418.62049475, 9968.79402955, 1893.81356398)
(-7418.53830925, 9968.79503209, 1893.81356398)
(-7418.47016551, 9968.79586342, 1893.81356398)
(-7418.38013312, 9968.79696167, 1893.81356398)
(-7418.30372951, 9968.79789374, 1893.81356398)
(-7418.218653, 9968.79893149, 1893.81356398)
(-7418.14431435, 9968.79983834, 1893.81356398)
(-7418.06171581, 9968.80084583, 1893.81356398)
(-7418.00761381, 9968.80150581, 1893.81356398)
(-7417.94277398, 9968.80229671, 1893.81356398)
(-7417.88289009, 9968.80302717, 1893.81356398)
(-7417.79327071, 9968.80412017, 1893.81356398)
(-7417.72182303, 9968.80499168, 1893.81356398)
(-7417.63963748, 9968.80599401, 1893.81356398)
(-7417.58016657, 9968.80671942, 1893.81356398)
(-7417.51367473, 9968.80753038, 1893.81356398)
(-7417.4550298, 9968.80824572, 1893.81356398)
(-7417.39101593, 9968.80902651, 1893.81356398)
(-7417.31585126, 9968.80994305, 1893.81356398)
(-7417.25390243, 9968.81069862, 1893.81356398)
(-7417.1832807, 9968.81155991, 1893.81356398)
(-7417.12215785, 9968.81230545, 1893.81356398)
(-7417.05442707, 9968.81313152, 1893.81356398)
(-7416.99454316, 9968.81386191, 1893.81356398)
(-7416.92639935, 9968.8146929, 1893.81356398)
(-7416.8636245, 9968.81545854, 1893.81356398)
(-7416.78226493, 9968.81645077, 1893.81356398)
(-7416.72320701, 9968.8171711, 1893.81356398)
(-7416.64804234, 9968.81808781, 1893.81356398)
(-7416.59270136, 9968.81876276, 1893.81356398)
(-7416.51918867, 9968.81965916, 1893.81356398)
(-7416.45595808, 9968.81968508, 1893.81356399)
(-7416.3795243, 9968.81972552, 1893.81356398)
(-7416.31840257, 9968.82006506, 1893.81356398)
(-7416.25976089, 9968.82047653, 1893.81356398)
(-7416.20154133, 9968.821023, 1893.81356398)
(-7416.12308161, 9968.82178691, 1893.81356397)
(-7416.06154059, 9968.82227632, 1893.81356398)
(-7415.98429965, 9968.82277066, 1893.81356398)
(-7415.92893666, 9968.82281921, 1893.81356398)
(-7415.85126381, 9968.82286053, 1893.81356398)
(-7415.78850571, 9968.82332935, 1893.81356398)
(-7415.7129395, 9968.82394515, 1893.81356398)
(-7415.6567904, 9968.8245828, 1893.81356397)
(-7415.57998668, 9968.82545877, 1893.81356398)
(-7415.51800934, 9968.82554885, 1893.81356399)
(-7415.46057925, 9968.82564054, 1893.81356399)
(-7415.39696799, 9968.82584388, 1893.81356398)
(-7415.32385688, 9968.82604075, 1893.81356398)
(-7415.26027597, 9968.82670408, 1893.81356398)
(-7415.1987586, 9968.82737801, 1893.81356398)
(-7415.14093559, 9968.82783632, 1893.81356398)
(-7415.08187279, 9968.82825721, 1893.81356398)
(-7414.99760952, 9968.82876051, 1893.81356398)
(-7414.93770204, 9968.82877668, 1893.81356398)
(-7414.86953539, 9968.82882682, 1893.81356398)
(-7414.81503731, 9968.82934957, 1893.81356398)
(-7414.74650161, 9968.83010497, 1893.81356398)
(-7414.6717543, 9968.83081593, 1893.81356398)
(-7414.61144498, 9968.83121452, 1893.81356398)
(-7414.54659066, 9968.83155304, 1893.81356399)
(-7414.47676663, 9968.83161398, 1893.81356399)
(-7414.4048881, 9968.83172634, 1893.81356398)
(-7414.34419351, 9968.83216014, 1893.81356398)
(-7414.284731, 9968.8326249, 1893.81356399)
(-7414.22569176, 9968.83328893, 1893.81356397)
(-7414.14847908, 9968.83418187, 1893.81356398)
(-7414.08443687, 9968.83432191, 1893.81356398)
(-7414.01915545, 9968.83440669, 1893.81356399)
(-7413.95843733, 9968.83460829, 1893.81356398)
(-7413.88450301, 9968.83483394, 1893.81356398)
(-7413.82422338, 9968.83542917, 1893.81356397)
(-7413.74660504, 9968.83630348, 1893.81356398)
(-7413.66606337, 9968.8369118, 1893.81356398)
(-7413.56610082, 9968.83748248, 1893.81356399)
(-7413.47603376, 9968.83749567, 1893.81356398)
(-7413.42151445, 9968.8376718, 1893.81356398)
(-7413.35834511, 9968.83829086, 1893.81356397)
(-7413.26255694, 9968.83931596, 1893.81356398)
(-7413.17953247, 9968.83989454, 1893.81356398)
(-7413.0766796, 9968.84047372, 1893.81356397)
(-7413.00437859, 9968.84050392, 1893.81356398)
(-7412.87796969, 9968.84059018, 1893.81356398)
(-7412.79831399, 9968.84181736, 1893.81356398)
(-7412.69303842, 9968.84336112, 1893.81356396)
(-7412.62153608, 9968.84325884, 1893.81356398)
(-7412.53311946, 9968.84314046, 1893.81356399)
(-7412.46334079, 9968.84360006, 1893.81356398)
(-7412.38489004, 9968.84425528, 1893.81356398)
(-7412.32006924, 9968.84494762, 1893.81356398)
(-7412.25482267, 9968.84561963, 1893.81356398)
(-7412.19326855, 9968.84597654, 1893.81356397)
(-7412.11436596, 9968.84633236, 1893.81356401)
(-7412.04412853, 9968.84636893, 1893.81356398)
(-7411.96729556, 9968.84647969, 1893.81356398)
(-7411.90247903, 9968.84720334, 1893.81356398)
(-7411.82816373, 9968.84803559, 1893.81356398)
(-7411.76992372, 9968.84845798, 1893.81356398)
(-7411.70713931, 9968.84884822, 1893.81356398)
(-7411.6327899, 9968.84926972, 1893.81356398)
(-7411.56709854, 9968.84931409, 1893.81356398)
(-7411.49521482, 9968.84936583, 1893.81356397)
(-7411.44195715, 9968.84990835, 1893.81356397)
(-7411.36887979, 9968.85077008, 1893.81356398)
(-7411.31188611, 9968.85126103, 1893.81356398)
(-7411.23630712, 9968.85193593, 1893.81356398)
(-7411.18218219, 9968.85203222, 1893.81356399)
(-7411.09707004, 9968.852115, 1893.81356398)
(-7411.03305771, 9968.85243279, 1893.81356398)
(-7410.95748341, 9968.85290935, 1893.81356398)
(-7410.90298131, 9968.8534068, 1893.81356398)
(-7410.83154405, 9968.85408975, 1893.81356399)
(-7410.77124266, 9968.85455373, 1893.81356398)
(-7410.68822218, 9968.85509289, 1893.81356399)
(-7410.62624849, 9968.85511098, 1893.81356399)
(-7410.5415569, 9968.85515047, 1893.81356399)
(-7410.48045666, 9968.85583716, 1893.81356397)
(-7410.41976379, 9968.85647322, 1893.81356397)
(-7410.35368828, 9968.85708311, 1893.81356398)
(-7410.27604724, 9968.85781348, 1893.81356398)
(-7410.20870122, 9968.85791221, 1893.81356398)
(-7410.13887874, 9968.85800338, 1893.81356398)
(-7410.07858119, 9968.85827357, 1893.81356398)
(-7410.00961357, 9968.85868515, 1893.81356397)
(-7409.95057088, 9968.85922749, 1893.81356398)
(-7409.88078327, 9968.85987016, 1893.81356398)
(-7409.81263467, 9968.86038188, 1893.81356398)
(-7409.74737729, 9968.86083882, 1893.81356398)
(-7409.68044554, 9968.86088382, 1893.81356398)
(-7409.61641244, 9968.86097428, 1893.81356398)
(-7409.54619154, 9968.86109445, 1893.81356398)
(-7409.48303174, 9968.86187124, 1893.81356398)
(-7409.40871662, 9968.8628123, 1893.81356397)
(-7409.33890469, 9968.8632856, 1893.81356399)
(-7409.26702746, 9968.86368317, 1893.81356399)
(-7409.20587984, 9968.86375907, 1893.81356399)
(-7409.1538276, 9968.86385713, 1893.81356398)
(-7409.07079672, 9968.86397551, 1893.81356398)
(-7409.0097012, 9968.86471436, 1893.81356397)
(-7408.9490104, 9968.86549585, 1893.813564)
(-7408.88953335, 9968.86598402, 1893.81356398)
(-7408.82178922, 9968.8664044, 1893.81356398)
(-7408.74826504, 9968.86683408, 1893.81356398)
(-7408.68587802, 9968.8668697, 1893.81356398)
(-7408.629692, 9968.86691613, 1893.81356397)
(-7408.56817353, 9968.86749372, 1893.81356397)
(-7408.50706848, 9968.86812602, 1893.81356398)
(-7408.44058101, 9968.86875503, 1893.81356398)
(-7408.38605786, 9968.86913839, 1893.81356398)
(-7408.30592318, 9968.86960105, 1893.81356399)
(-7408.24973298, 9968.86966803, 1893.81356399)
(-7408.18652344, 9968.86973586, 1893.81356398)
(-7408.10845601, 9968.8698668, 1893.81356398)
(-7408.05479102, 9968.87054987, 1893.81356398)
(-7407.98130122, 9968.87147984, 1893.813564)
(-7407.92264711, 9968.87193363, 1893.81356398)
(-7407.86646658, 9968.872255, 1893.81356398)
(-7407.79706988, 9968.87262711, 1893.81356398)
(-7407.73798746, 9968.87268395, 1893.81356399)
(-7407.65536487, 9968.8727725, 1893.81356398)
(-7407.59467582, 9968.8734373, 1893.81356398)
(-7407.50053919, 9968.87444296, 1893.81356398)
(-7407.42164531, 9968.8749886, 1893.81356398)
(-7407.33407711, 9968.87550602, 1893.81356398)
(-7407.24855394, 9968.87555901, 1893.81356398)
(-7407.15644489, 9968.87578745, 1893.81356397)
(-7407.08419859, 9968.87667662, 1893.81356397)
(-7407.02061539, 9968.87740025, 1893.81356398)
(-7406.95080662, 9968.87789252, 1893.81356398)
(-7406.8396871, 9968.87847085, 1893.81356399)
(-7406.75746742, 9968.87854998, 1893.81356398)
(-7406.66948616, 9968.87874123, 1893.81356397)
(-7406.60136775, 9968.87953444, 1893.81356398)
(-7406.52622382, 9968.88037272, 1893.81356398)
(-7406.47707044, 9968.88073281, 1893.81356398)
(-7406.41015261, 9968.88113596, 1893.81356399)
(-7406.34570244, 9968.88133863, 1893.81356399)
(-7406.25854109, 9968.88161455, 1893.81356398)
(-7406.18543932, 9968.88196187, 1893.81356398)
(-7406.10697234, 9968.88245085, 1893.81356397)
(-7406.03926105, 9968.88328964, 1893.81356397)
(-7405.9851709, 9968.88391776, 1893.81356398)
(-7405.91865151, 9968.88406375, 1893.81356399)
(-7405.85007043, 9968.8842204, 1893.81356398)
(-7405.77117718, 9968.88447961, 1893.81356398)
(-7405.7150126, 9968.88478731, 1893.81356398)
(-7405.65224137, 9968.88522023, 1893.81356397)
(-7405.58618276, 9968.8859692, 1893.81356397)
(-7405.51598641, 9968.88675068, 1893.81356398)
(-7405.45731982, 9968.88705164, 1893.81356399)
(-7405.38626385, 9968.88735111, 1893.81356398)
(-7405.33255323, 9968.887393, 1893.813564)
(-7405.25323384, 9968.88745571, 1893.81356397)
(-7405.18924087, 9968.88812228, 1893.81356398)
(-7405.12483406, 9968.88881267, 1893.81356398)
(-7405.06453807, 9968.88934066, 1893.81356398)
(-7405.00259125, 9968.88992687, 1893.81356398)
(-7404.9426829, 9968.89006514, 1893.81356399)
(-7404.86294368, 9968.89017086, 1893.81356399)
(-7404.80058132, 9968.89046051, 1893.81356398)
(-7404.74152426, 9968.8908037, 1893.81356398)
(-7404.68288068, 9968.89118017, 1893.81356398)
(-7404.61847215, 9968.89189831, 1893.81356397)
(-7404.54126043, 9968.89278525, 1893.81356398)
(-7404.47887201, 9968.8929295, 1893.81356399)
(-7404.41854905, 9968.89300516, 1893.81356399)
(-7404.34997653, 9968.89315858, 1893.81356398)
(-7404.2847282, 9968.89352893, 1893.81356397)
(-7404.20543819, 9968.89407375, 1893.81356398)
(-7404.14598613, 9968.89474339, 1893.81356397)
(-7404.07991967, 9968.89547356, 1893.81356399)
(-7404.02951898, 9968.89577235, 1893.81356397)
(-7403.95474374, 9968.89609082, 1893.81356398)
(-7403.88905209, 9968.89613068, 1893.81356399)
(-7403.80478045, 9968.8962399, 1893.81356399)
(-7403.739963, 9968.89692064, 1893.81356398)
(-7403.67844663, 9968.89760602, 1893.81356398)
(-7403.62062943, 9968.89813398, 1893.81356398)
(-7403.54835807, 9968.89883161, 1893.81356398)
(-7403.48018416, 9968.89892976, 1893.81356398)
(-7403.40127246, 9968.89902763, 1893.81356398)
(-7403.33808532, 9968.89932754, 1893.81356398)
(-7403.26416507, 9968.89982339, 1893.813564)
(-7403.20636342, 9968.90046291, 1893.81356396)
(-7403.15062035, 9968.90105971, 1893.81356399)
(-7403.07959134, 9968.90181141, 1893.81356398)
(-7403.01471974, 9968.90188078, 1893.81356398)
(-7402.94572052, 9968.90190627, 1893.81356399)
(-7402.88335795, 9968.902175, 1893.81356398)
(-7402.83090958, 9968.9024788, 1893.81356398)
(-7402.76441973, 9968.90289987, 1893.81356398)
(-7402.7016643, 9968.9035996, 1893.81356396)
(-7402.62775373, 9968.90442314, 1893.81356398)
(-7402.56164891, 9968.90473463, 1893.81356399)
(-7402.505872, 9968.90484009, 1893.81356399)
(-7402.44183927, 9968.90497586, 1893.81356398)
(-7402.38071449, 9968.90524017, 1893.81356398)
(-7402.30018063, 9968.90568274, 1893.81356397)
(-7402.24444315, 9968.90631031, 1893.81356399)
(-7402.1870532, 9968.90696069, 1893.81356398)
(-7402.12015463, 9968.90768352, 1893.81356397)
(-7402.06189232, 9968.90773498, 1893.81356398)
(-7401.9941346, 9968.90772448, 1893.81356398)
(-7401.92970284, 9968.90794845, 1893.81356398)
(-7401.87601733, 9968.90823826, 1893.81356398)
(-7401.80911712, 9968.90868791, 1893.81356397)
(-7401.74388373, 9968.90943165, 1893.81356397)
(-7401.67120819, 9968.91021934, 1893.81356398)
(-7401.61047642, 9968.91053266, 1893.81356398)
(-7401.55428588, 9968.91064738, 1893.81356399)
(-7401.46629245, 9968.91083939, 1893.81356398)
(-7401.40888504, 9968.91108068, 1893.81356398)
(-7401.3382678, 9968.9115433, 1893.81356398)
(-7401.25445442, 9968.91250408, 1893.81356398)
(-7401.19003149, 9968.91314419, 1893.81356398)
(-7401.13138812, 9968.91372581, 1893.81356398)
(-7401.06610093, 9968.91374007, 1893.81356398)
(-7400.96859381, 9968.91366737, 1893.81356399)
(-7400.88808177, 9968.91425026, 1893.81356397)
(-7400.83068403, 9968.91469181, 1893.81356399)
(-7400.78279211, 9968.9152267, 1893.81356397)
(-7400.68824244, 9968.91635074, 1893.81356398)
(-7400.60312401, 9968.91640737, 1893.81356398)
(-7400.50852165, 9968.91657209, 1893.81356398)
(-7400.4469922, 9968.91694065, 1893.81356398)
(-7400.3862863, 9968.91735484, 1893.81356398)
(-7400.32848522, 9968.91797287, 1893.81356398)
(-7400.25829179, 9968.91874235, 1893.81356398)
(-7400.18313011, 9968.9195057, 1893.81356398)
(-7400.10957777, 9968.91950085, 1893.81356399)
(-7400.03190664, 9968.91957526, 1893.81356398)
(-7399.96252694, 9968.91992437, 1893.81356397)
(-7399.88860695, 9968.9204252, 1893.81356397)
(-7399.83617264, 9968.92100356, 1893.81356396)
(-7399.77754324, 9968.9216615, 1893.81356397)
(-7399.71103627, 9968.92208267, 1893.81356399)
(-7399.62883226, 9968.92249302, 1893.81356398)
(-7399.55900799, 9968.92253555, 1893.81356399)
(-7399.47845424, 9968.92261393, 1893.81356398)
(-7399.42107075, 9968.9232863, 1893.81356397)
(-7399.35996627, 9968.92394817, 1893.81356398)
(-7399.30545219, 9968.92442594, 1893.81356398)
(-7399.23689805, 9968.9250813, 1893.81356398)
(-7399.1740977, 9968.92521646, 1893.81356398)
(-7399.0918808, 9968.92534161, 1893.81356399)
(-7399.03158403, 9968.92562815, 1893.81356398)
(-7398.95765972, 9968.92606656, 1893.81356398)
(-7398.90687342, 9968.92651719, 1893.81356398)
(-7398.84286985, 9968.92712375, 1893.81356398)
(-7398.78504684, 9968.92755269, 1893.81356398)
(-7398.71235643, 9968.92808476, 1893.81356398)
(-7398.65740772, 9968.928262, 1893.81356398)
(-7398.60122312, 9968.9284084, 1893.81356397)
(-7398.54133655, 9968.92869487, 1893.81356398)
(-7398.46699348, 9968.92906029, 1893.81356398)
(-7398.40051912, 9968.92966933, 1893.81356397)
(-7398.33776062, 9968.93033982, 1893.81356398)
(-7398.28407659, 9968.93089649, 1893.81356397)
(-7398.22830077, 9968.93105141, 1893.81356399)
(-7398.15806131, 9968.93113765, 1893.81356399)
(-7398.09527842, 9968.93134324, 1893.81356398)
(-7398.01597371, 9968.93155397, 1893.81356398)
(-7397.95487166, 9968.93223325, 1893.81356398)
(-7397.86981394, 9968.93314381, 1893.81356399)
(-7397.81983757, 9968.93351563, 1893.81356399)
(-7397.73805249, 9968.93402467, 1893.81356398)
(-7397.6603799, 9968.93409859, 1893.81356398)
(-7397.5885021, 9968.9342332, 1893.81356399)
(-7397.47119981, 9968.93452524, 1893.81356398)
(-7397.38660092, 9968.93599278, 1893.81356398)
(-7397.30649871, 9968.93708673, 1893.81356398)
(-7397.23996002, 9968.93706094, 1893.81356398)
(-7397.11767435, 9968.93698516, 1893.81356397)
(-7397.0392362, 9968.93793029, 1893.81356397)
(-7396.98595679, 9968.93830329, 1893.81356398)
(-7396.91782055, 9968.93893551, 1893.81356397)
(-7396.84059633, 9968.93970735, 1893.81356398)
(-7396.77283737, 9968.93983394, 1893.81356398)
(-7396.69062187, 9968.93996599, 1893.81356398)
(-7396.62289068, 9968.94028191, 1893.81356398)
(-7396.56383513, 9968.9406473, 1893.81356397)
(-7396.51098494, 9968.94112396, 1893.81356397)
(-7396.44367709, 9968.94175698, 1893.81356398)
(-7396.38461557, 9968.94221097, 1893.81356398)
(-7396.31688121, 9968.94270828, 1893.81356398)
(-7396.25986602, 9968.94288125, 1893.81356399)
(-7396.19624585, 9968.94304513, 1893.81356397)
(-7396.14131584, 9968.94330247, 1893.81356398)
(-7396.05499591, 9968.94372553, 1893.81356398)
(-7396.00834207, 9968.94418527, 1893.81356397)
(-7395.92989353, 9968.9450138, 1893.81356398)
(-7395.86339432, 9968.94550916, 1893.81356398)
(-7395.77830044, 9968.94597651, 1893.81356399)
(-7395.70847749, 9968.94599329, 1893.81356398)
(-7395.62750932, 9968.94606073, 1893.81356398)
(-7395.54989595, 9968.94697759, 1893.81356397)
(-7395.48920422, 9968.94766204, 1893.81356398)
(-7395.41857417, 9968.9481951, 1893.81356398)
(-7395.32026284, 9968.94875233, 1893.81356399)
(-7395.2537438, 9968.94881485, 1893.81356399)
(-7395.15501671, 9968.94898754, 1893.81356398)
(-7395.05799853, 9968.95018965, 1893.81356398)
(-7394.95474596, 9968.95102604, 1893.81356398)
(-7394.88163516, 9968.95151131, 1893.81356398)
(-7394.77175732, 9968.95205046, 1893.81356399)
(-7394.67425271, 9968.95188897, 1893.81356398)
(-7394.57843581, 9968.95209102, 1893.81356398)
(-7394.51490169, 9968.95325748, 1893.81356397)
(-7394.44348472, 9968.95449465, 1893.81356399)
(-7394.39223506, 9968.95448486, 1893.81356398)
(-7394.30670169, 9968.9543307, 1893.81356399)
(-7394.2274017, 9968.95456912, 1893.81356398)
(-7394.14812889, 9968.95529422, 1893.81356396)
(-7394.088259, 9968.95588238, 1893.81356397)
(-7394.03457419, 9968.9563946, 1893.81356398)
(-7393.95279631, 9968.95704644, 1893.81356398)
(-7393.85532004, 9968.95771203, 1893.81356398)
(-7393.78838611, 9968.95767296, 1893.81356398)
(-7393.71609122, 9968.95774436, 1893.81356398)
(-7393.64549424, 9968.95850545, 1893.81356398)
(-7393.55631651, 9968.95959373, 1893.81356398)
(-7393.48773934, 9968.96000474, 1893.81356398)
(-7393.40759624, 9968.96036546, 1893.81356398)
(-7393.35761059, 9968.96053839, 1893.81356399)
(-7393.29151021, 9968.96065922, 1893.81356397)
(-7393.22047557, 9968.96100749, 1893.81356398)
(-7393.11971009, 9968.96168657, 1893.81356397)
(-7393.05199931, 9968.96250944, 1893.81356397)
(-7392.97271919, 9968.96343725, 1893.81356399)
(-7392.89957867, 9968.96340427, 1893.81356398)
(-7392.81158253, 9968.96353445, 1893.81356398)
(-7392.75211518, 9968.96385528, 1893.81356397)
(-7392.6926493, 9968.96426253, 1893.81356397)
(-7392.61420438, 9968.96514761, 1893.81356397)
(-7392.53821831, 9968.96590783, 1893.81356398)
(-7392.46922378, 9968.96623586, 1893.81356399)
(-7392.39939965, 9968.96639759, 1893.81356399)
(-7392.32173875, 9968.96659762, 1893.81356398)
(-7392.2610293, 9968.96689348, 1893.81356398)
(-7392.20486379, 9968.96723518, 1893.81356398)
(-7392.15201554, 9968.96781965, 1893.81356399)
(-7392.08430458, 9968.96860649, 1893.81356398)
(-7391.99592887, 9968.96953262, 1893.81356398)
(-7391.92567469, 9968.96940812, 1893.81356398)
(-7391.84345288, 9968.96935801, 1893.81356399)
(-7391.77904093, 9968.96974396, 1893.81356397)
(-7391.72247555, 9968.97019566, 1893.81356398)
(-7391.65889417, 9968.97091827, 1893.81356397)
(-7391.57754653, 9968.97179154, 1893.81356398)
(-7391.50317777, 9968.97211405, 1893.81356398)
(-7391.43170184, 9968.97227505, 1893.81356398)
(-7391.34991392, 9968.97251606, 1893.81356398)
(-7391.27970535, 9968.97286319, 1893.81356398)
(-7391.20702097, 9968.9733235, 1893.81356398)
(-7391.15004626, 9968.97402208, 1893.81356397)
(-7391.09389658, 9968.97471065, 1893.81356397)
(-7391.04390491, 9968.97488432, 1893.81356399)
(-7390.97655996, 9968.97495921, 1893.81356397)
(-7390.89683564, 9968.97516613, 1893.81356398)
(-7390.82952243, 9968.9755633, 1893.81356398)
(-7390.75064543, 9968.97611316, 1893.81356398)
(-7390.70523015, 9968.97661269, 1893.81356397)
(-7390.63958277, 9968.97737435, 1893.81356398)
(-7390.5751388, 9968.97778291, 1893.81356397)
(-7390.49086562, 9968.97817314, 1893.81356399)
(-7390.41814844, 9968.97821876, 1893.81356399)
(-7390.31942681, 9968.97842251, 1893.81356397)
(-7390.2492512, 9968.97938463, 1893.81356398)
(-7390.16294225, 9968.98023438, 1893.81356398)
(-7390.10098006, 9968.98064722, 1893.81356399)
(-7390.02331977, 9968.98104866, 1893.81356399)
(-7389.95556245, 9968.98110343, 1893.81356399)
(-7389.88161858, 9968.9812019, 1893.81356398)
(-7389.82464261, 9968.98178632, 1893.81356398)
(-7389.76684193, 9968.98240263, 1893.81356397)
(-7389.70943896, 9968.98292512, 1893.81356398)
(-7389.62725595, 9968.98369727, 1893.81356398)
(-7389.55123515, 9968.98385543, 1893.81356398)
(-7389.46530576, 9968.98402698, 1893.81356397)
(-7389.40955299, 9968.9843042, 1893.81356398)
(-7389.35586507, 9968.9846215, 1893.81356398)
(-7389.29516963, 9968.98516116, 1893.81356398)
(-7389.23033835, 9968.98576013, 1893.81356397)
(-7389.17416742, 9968.98618098, 1893.81356398)
(-7389.11386726, 9968.98661832, 1893.81356398)
(-7389.06015846, 9968.98679574, 1893.81356398)
(-7388.99406006, 9968.98697768, 1893.81356398)
(-7388.93252153, 9968.98727014, 1893.81356398)
(-7388.87263456, 9968.98756366, 1893.81356397)
(-7388.81648175, 9968.9880703, 1893.81356397)
(-7388.7499999, 9968.98869578, 1893.81356399)
(-7388.69671996, 9968.98909467, 1893.81356398)
(-7388.63435465, 9968.98954835, 1893.81356398)
(-7388.57775372, 9968.98973023, 1893.81356398)
(-7388.50876396, 9968.98991701, 1893.81356398)
(-7388.45300751, 9968.99016918, 1893.81356398)
(-7388.38940367, 9968.99048656, 1893.81356398)
(-7388.33655403, 9968.99095994, 1893.81356398)
(-7388.27750839, 9968.99153517, 1893.81356398)
(-7388.2143169, 9968.99201379, 1893.81356398)
(-7388.14162583, 9968.99254436, 1893.81356399)
(-7388.07841338, 9968.99272426, 1893.81356399)
(-7387.99621117, 9968.99300523, 1893.81356398)
(-7387.94252048, 9968.9932596, 1893.81356398)
(-7387.87519988, 9968.99360724, 1893.81356398)
(-7387.82111313, 9968.9942245, 1893.81356397)
(-7387.7492744, 9968.99507978, 1893.81356398)
(-7387.6860641, 9968.99540971, 1893.81356398)
(-7387.62285845, 9968.99568963, 1893.81356399)
(-7387.5712128, 9968.9957432, 1893.81356398)
(-7387.5117214, 9968.99580004, 1893.81356397)
(-7387.45308479, 9968.99614873, 1893.81356399)
(-7387.38742684, 9968.99662864, 1893.81356397)
(-7387.33581885, 9968.99720686, 1893.81356397)
(-7387.28131901, 9968.99783406, 1893.81356397)
(-7387.22183415, 9968.99822469, 1893.81356398)
(-7387.14665001, 9968.99859226, 1893.81356399)
(-7387.08756784, 9968.99865602, 1893.81356399)
(-7387.01733689, 9968.99872689, 1893.81356398)
(-7386.95457686, 9968.99916119, 1893.81356397)
(-7386.89925302, 9968.99971261, 1893.81356397)
(-7386.84516133, 9969.00024334, 1893.81356398)
(-7386.78692536, 9969.0006822, 1893.81356398)
(-7386.72414733, 9969.00114938, 1893.81356398)
(-7386.6489774, 9969.00167293, 1893.81356398)
(-7386.58617671, 9969.00167049, 1893.81356399)
(-7386.51346179, 9969.00165789, 1893.81356397)
(-7386.45401284, 9969.0023209, 1893.81356398)
(-7386.38795472, 9969.00305986, 1893.81356398)
(-7386.33467927, 9969.00352775, 1893.81356398)
(-7386.27644814, 9969.00406362, 1893.81356398)
(-7386.22191153, 9969.0042254, 1893.81356397)
(-7386.14712946, 9969.00435326, 1893.81356398)
(-7386.09012983, 9969.00455449, 1893.81356398)
(-7386.02238986, 9969.00474738, 1893.81356398)
(-7385.96871655, 9969.00528292, 1893.81356398)
(-7385.91504419, 9969.00585804, 1893.81356398)
(-7385.86012026, 9969.00637771, 1893.81356397)
(-7385.79528347, 9969.00700773, 1893.81356398)
(-7385.73126508, 9969.00755589, 1893.81356398)
(-7385.66476695, 9969.00805758, 1893.81356398)
(-7385.61105527, 9969.00823456, 1893.81356399)
(-7385.55693585, 9969.00840064, 1893.81356397)
(-7385.50241842, 9969.00869488, 1893.81356398)
(-7385.43592269, 9969.00905843, 1893.81356398)
(-7385.37563225, 9969.00953357, 1893.81356398)
(-7385.30419131, 9969.01017781, 1893.81356398)
(-7385.24017298, 9969.01065238, 1893.81356398)
(-7385.18276398, 9969.01107048, 1893.81356398)
(-7385.13318667, 9969.0112389, 1893.81356398)
(-7385.06212884, 9969.01141289, 1893.81356398)
(-7385.00926386, 9969.01165659, 1893.81356398)
(-7384.93368355, 9969.01204591, 1893.81356397)
(-7384.87092765, 9969.0126614, 1893.81356397)
(-7384.77966675, 9969.0135413, 1893.81356398)
(-7384.71440337, 9969.01398502, 1893.81356398)
(-7384.64748502, 9969.01434688, 1893.81356398)
(-7384.5962533, 9969.01436723, 1893.81356396)
(-7384.53758504, 9969.01437798, 1893.81356398)
(-7384.4616149, 9969.01509696, 1893.81356397)
(-7384.3971961, 9969.01567554, 1893.81356398)
(-7384.31005705, 9969.01642615, 1893.81356398)
(-7384.24644755, 9969.0168622, 1893.81356398)
(-7384.1787046, 9969.01723016, 1893.81356398)
(-7384.13243097, 9969.01726821, 1893.81356397)
(-7384.07417482, 9969.01727506, 1893.81356399)
(-7384.01264596, 9969.0176077, 1893.81356399)
(-7383.93914592, 9969.01817145, 1893.81356399)
(-7383.88051983, 9969.01883212, 1893.81356397)
(-7383.81982213, 9969.01950865, 1893.81356398)
(-7383.75454807, 9969.01987297, 1893.81356398)
(-7383.69629177, 9969.02000897, 1893.81356399)
(-7383.62234512, 9969.02018902, 1893.81356398)
(-7383.5711327, 9969.020418, 1893.81356398)
(-7383.50959575, 9969.020748, 1893.81356398)
(-7383.44435963, 9969.02134308, 1893.81356397)
(-7383.37002885, 9969.02202429, 1893.81356398)
(-7383.32046595, 9969.02239726, 1893.81356398)
(-7383.2651211, 9969.02279006, 1893.81356398)
(-7383.21058486, 9969.02295063, 1893.81356399)
(-7383.1378764, 9969.02313283, 1893.81356398)
(-7383.08129446, 9969.02338798, 1893.81356398)
(-7383.0110847, 9969.02376969, 1893.81356397)
(-7382.95699794, 9969.02428337, 1893.81356398)
(-7382.89423419, 9969.0248956, 1893.81356399)
(-7382.84260634, 9969.02529311, 1893.81356399)
(-7382.78478311, 9969.02570585, 1893.81356398)
(-7382.72776777, 9969.02587201, 1893.81356399)
(-7382.65629935, 9969.02606354, 1893.81356398)
(-7382.60013001, 9969.02631461, 1893.81356397)
(-7382.53446263, 9969.02666805, 1893.81356398)
(-7382.47170596, 9969.02726972, 1893.81356398)
(-7382.41513904, 9969.02785883, 1893.81356398)
(-7382.35650074, 9969.02847753, 1893.81356398)
(-7382.30444328, 9969.02862344, 1893.81356399)
(-7382.25279708, 9969.02871865, 1893.81356398)
(-7382.18835122, 9969.02884679, 1893.81356398)
(-7382.13259783, 9969.02911683, 1893.81356398)
(-7382.06941252, 9969.02951729, 1893.81356398)
(-7382.00830334, 9969.03006474, 1893.81356398)
(-7381.94347083, 9969.03066139, 1893.81356398)
(-7381.88440862, 9969.03110523, 1893.81356398)
(-7381.81791268, 9969.03159016, 1893.81356399)
(-7381.75883209, 9969.03176482, 1893.81356398)
(-7381.69893167, 9969.03193487, 1893.81356398)
(-7381.64854487, 9969.03217638, 1893.81356398)
(-7381.58865745, 9969.032469, 1893.81356398)
(-7381.52713643, 9969.03301643, 1893.81356398)
(-7381.45322007, 9969.03370362, 1893.81356398)
(-7381.38961462, 9969.03418507, 1893.81356398)
(-7381.31650804, 9969.03467688, 1893.81356398)
(-7381.26568975, 9969.03471807, 1893.81356398)
(-7381.21776305, 9969.03475318, 1893.81356398)
(-7381.15538362, 9969.03480672, 1893.81356398)
(-7381.09428227, 9969.03544775, 1893.81356398)
(-7381.03235307, 9969.03613388, 1893.81356396)
(-7380.95678168, 9969.03690472, 1893.81356398)
(-7380.89646902, 9969.03726687, 1893.81356398)
(-7380.8473116, 9969.03752343, 1893.81356398)
(-7380.79484053, 9969.03760416, 1893.81356398)
(-7380.73576156, 9969.03767705, 1893.81356399)
(-7380.66388372, 9969.03776774, 1893.81356398)
(-7380.60484892, 9969.03841981, 1893.81356398)
(-7380.53672582, 9969.03923009, 1893.81356398)
(-7380.48262253, 9969.03969279, 1893.81356398)
(-7380.42852104, 9969.04019495, 1893.81356398)
(-7380.37233186, 9969.04036042, 1893.81356397)
(-7380.3041617, 9969.04049425, 1893.81356399)
(-7380.24178939, 9969.04068622, 1893.81356398)
(-7380.16826621, 9969.04088688, 1893.81356398)
(-7380.10096947, 9969.0416045, 1893.81356398)
(-7380.02665029, 9969.04240893, 1893.81356398)
(-7379.96221624, 9969.04289592, 1893.81356398)
(-7379.89695199, 9969.04329674, 1893.81356398)
(-7379.84985341, 9969.04344421, 1893.81356399)
(-7379.78829896, 9969.04361457, 1893.81356399)
(-7379.73006439, 9969.04389408, 1893.81356398)
(-7379.65406957, 9969.04426973, 1893.81356398)
(-7379.59254879, 9969.04482749, 1893.81356398)
(-7379.52524042, 9969.04546384, 1893.81356398)
(-7379.47402527, 9969.04584804, 1893.81356398)
(-7379.38976854, 9969.04643455, 1893.81356398)
(-7379.32242392, 9969.04646829, 1893.81356398)
(-7379.24475795, 9969.04654276, 1893.81356398)
(-7379.19768959, 9969.04688717, 1893.81356398)
(-7379.13493137, 9969.04743265, 1893.81356398)
(-7379.06557124, 9969.04822331, 1893.81356398)
(-7378.98256856, 9969.04913678, 1893.81356398)
(-7378.90943519, 9969.0492053, 1893.81356398)
(-7378.83258991, 9969.0493174, 1893.81356398)
(-7378.76651196, 9969.04964377, 1893.81356397)
(-7378.71695482, 9969.04995369, 1893.81356398)
(-7378.65459577, 9969.05038001, 1893.81356397)
(-7378.59390531, 9969.05106933, 1893.81356397)
(-7378.51586403, 9969.05194304, 1893.81356399)
(-7378.45471438, 9969.05207915, 1893.81356399)
(-7378.39067439, 9969.05219044, 1893.81356399)
(-7378.31755959, 9969.05237966, 1893.81356398)
(-7378.25685313, 9969.05271708, 1893.81356398)
(-7378.19656043, 9969.05313395, 1893.81356397)
(-7378.14825466, 9969.05366262, 1893.81356396)
(-7378.09168947, 9969.05429697, 1893.81356398)
(-7378.021901, 9969.05506462, 1893.81356398)
(-7377.96405427, 9969.05515952, 1893.81356399)
(-7377.89836237, 9969.05517661, 1893.81356398)
(-7377.84177588, 9969.0553581, 1893.81356398)
(-7377.77734258, 9969.05554007, 1893.81356398)
(-7377.72284378, 9969.05608836, 1893.81356397)
(-7377.66008706, 9969.05674058, 1893.81356398)
(-7377.60722645, 9969.05722079, 1893.81356398)
(-7377.53660784, 9969.05790192, 1893.81356398)
(-7377.48000533, 9969.05803591, 1893.81356398)
(-7377.4151373, 9969.05812354, 1893.81356399)
(-7377.36226537, 9969.05827443, 1893.81356398)
(-7377.30154718, 9969.05843899, 1893.81356398)
(-7377.24746065, 9969.05895291, 1893.81356398)
(-7377.18429238, 9969.05962106, 1893.81356398)
(-7377.12275929, 9969.06018148, 1893.81356398)
(-7377.05544371, 9969.06083042, 1893.81356398)
(-7377.00627698, 9969.06094121, 1893.81356399)
(-7376.95049871, 9969.06101173, 1893.81356398)
(-7376.89597333, 9969.06117235, 1893.81356398)
(-7376.82410112, 9969.06135048, 1893.81356398)
(-7376.76671104, 9969.06191697, 1893.81356397)
(-7376.70684221, 9969.06251682, 1893.81356398)
(-7376.65150529, 9969.06303709, 1893.81356398)
(-7376.59492777, 9969.06357858, 1893.81356398)
(-7376.54039122, 9969.06374863, 1893.81356397)
(-7376.47841734, 9969.06387115, 1893.81356399)
(-7376.41191253, 9969.06406548, 1893.81356398)
(-7376.35326847, 9969.06436472, 1893.81356398)
(-7376.29255994, 9969.06473422, 1893.81356398)
(-7376.23847159, 9969.06523607, 1893.81356398)
(-7376.17859648, 9969.06580629, 1893.81356398)
(-7376.12531669, 9969.06621163, 1893.81356398)
(-7376.06460359, 9969.06666032, 1893.81356398)
(-7376.00924294, 9969.06685874, 1893.81356398)
(-7375.9406657, 9969.06705083, 1893.81356397)
(-7375.88490965, 9969.067322, 1893.81356398)
(-7375.82171823, 9969.06763474, 1893.81356398)
(-7375.77051902, 9969.06808562, 1893.81356397)
(-7375.71023219, 9969.06864771, 1893.81356397)
(-7375.65364825, 9969.06905901, 1893.81356398)
(-7375.59169628, 9969.06950458, 1893.81356398)
(-7375.52685173, 9969.06995797, 1893.81356399)
(-7375.46942312, 9969.06997339, 1893.81356399)
(-7375.41406067, 9969.07000038, 1893.81356399)
(-7375.35377547, 9969.07038602, 1893.81356398)
(-7375.30381825, 9969.07087028, 1893.81356397)
(-7375.23899239, 9969.07151079, 1893.81356398)
(-7375.18736458, 9969.07190015, 1893.81356398)
(-7375.13119471, 9969.07231678, 1893.81356398)
(-7375.06345934, 9969.07279142, 1893.81356398)
(-7375.00479098, 9969.0728397, 1893.81356399)
(-7374.94033984, 9969.0728776, 1893.81356398)
(-7374.88748752, 9969.07322538, 1893.81356398)
(-7374.82761197, 9969.07367765, 1893.81356399)
(-7374.77600414, 9969.07424441, 1893.81356397)
(-7374.70746474, 9969.07502601, 1893.81356399)
(-7374.65334783, 9969.07536898, 1893.81356397)
(-7374.58601005, 9969.07568198, 1893.81356398)
(-7374.53436487, 9969.07574372, 1893.81356399)
(-7374.47859092, 9969.07579856, 1893.81356398)
(-7374.42490472, 9969.07607781, 1893.81356398)
(-7374.35552988, 9969.07657256, 1893.81356398)
(-7374.29401296, 9969.07723746, 1893.81356397)
(-7374.21803671, 9969.07806204, 1893.81356398)
(-7374.12594179, 9969.07899178, 1893.81356398)
(-7374.03584899, 9969.07872172, 1893.81356398)
(-7373.95365747, 9969.07894029, 1893.81356398)
(-7373.86529725, 9969.07957745, 1893.81356397)
(-7373.78063286, 9969.08009168, 1893.81356398)
(-7373.7133196, 9969.0806238, 1893.81356398)
(-7373.6641755, 9969.08102399, 1893.81356398)
(-7373.61584845, 9969.08132198, 1893.81356398)
(-7373.5299303, 9969.08172154, 1893.81356398)
(-7373.45311013, 9969.08216132, 1893.81356398)
(-7373.35109562, 9969.08274653, 1893.81356398)
(-7373.28421067, 9969.08351278, 1893.81356397)
(-7373.20905854, 9969.08435678, 1893.81356398)
(-7373.15203881, 9969.08444953, 1893.81356398)
(-7373.08882556, 9969.08448405, 1893.81356399)
(-7373.03471624, 9969.08465106, 1893.81356398)
(-7372.97895518, 9969.08480532, 1893.81356398)
(-7372.92817089, 9969.08526509, 1893.81356397)
(-7372.86748022, 9969.0859134, 1893.81356397)
(-7372.8096651, 9969.08644948, 1893.81356398)
(-7372.74730539, 9969.08704948, 1893.81356398)
(-7372.69276853, 9969.08719476, 1893.81356397)
(-7372.64112513, 9969.08731488, 1893.81356399)
(-7372.58370406, 9969.08745133, 1893.81356398)
(-7372.52753587, 9969.08770295, 1893.81356398)
(-7372.47302208, 9969.08802731, 1893.81356398)
(-7372.41521662, 9969.08854186, 1893.81356398)
(-7372.35368944, 9969.08911479, 1893.81356398)
(-7372.30040958, 9969.08951001, 1893.81356398)
(-7372.24630485, 9969.08990511, 1893.81356398)
(-7372.18930865, 9969.09031235, 1893.81356398)
(-7372.1351849, 9969.09037906, 1893.81356397)
(-7372.08312796, 9969.09043322, 1893.81356398)
(-7372.0153781, 9969.09049064, 1893.81356398)
(-7371.95180225, 9969.09120778, 1893.81356398)
(-7371.8849184, 9969.09198118, 1893.81356397)
(-7371.81842689, 9969.09258057, 1893.81356398)
(-7371.74284816, 9969.09328315, 1893.81356398)
(-7371.68376275, 9969.09332503, 1893.81356398)
(-7371.63335561, 9969.09337171, 1893.81356399)
(-7371.58668459, 9969.09355459, 1893.81356398)
(-7371.52432077, 9969.09386128, 1893.81356398)
(-7371.44502702, 9969.09433445, 1893.81356398)
(-7371.38516104, 9969.09502465, 1893.81356399)
(-7371.30836429, 9969.09591815, 1893.81356398)
(-7371.25465171, 9969.09603947, 1893.81356399)
(-7371.20094162, 9969.09609991, 1893.81356398)
(-7371.139801, 9969.09621102, 1893.81356399)
(-7371.08652624, 9969.09647123, 1893.81356398)
(-7371.02705881, 9969.09685429, 1893.81356397)
(-7370.97668512, 9969.09729983, 1893.81356397)
(-7370.91474518, 9969.0978739, 1893.81356398)
(-7370.86353043, 9969.09824851, 1893.81356398)
(-7370.80983871, 9969.09863727, 1893.81356398)
(-7370.74747345, 9969.09908585, 1893.81356398)
(-7370.69872047, 9969.09915861, 1893.81356397)
(-7370.64211694, 9969.09919877, 1893.81356399)
(-7370.57849953, 9969.09926765, 1893.81356399)
(-7370.51987591, 9969.09989687, 1893.81356398)
(-7370.45422969, 9969.10067515, 1893.81356398)
(-7370.39682322, 9969.10117353, 1893.81356398)
(-7370.33363648, 9969.10176806, 1893.81356398)
(-7370.28075213, 9969.10191425, 1893.81356399)
(-7370.22662643, 9969.10199483, 1893.81356399)
(-7370.17457873, 9969.10214762, 1893.81356398)
(-7370.10766241, 9969.10232358, 1893.81356398)
(-7370.0502722, 9969.10283902, 1893.813564)
(-7369.98710289, 9969.10349308, 1893.81356397)
(-7369.91483282, 9969.10416075, 1893.81356399)
(-7369.85783143, 9969.10455895, 1893.81356398)
(-7369.79752441, 9969.10491151, 1893.81356398)
(-7369.7491854, 9969.10498226, 1893.813564)
(-7369.69588815, 9969.1050285, 1893.81356399)
(-7369.63846692, 9969.10509026, 1893.81356399)
(-7369.58231664, 9969.10561675, 1893.81356398)
(-7369.52410279, 9969.10626032, 1893.81356397)
(-7369.45844694, 9969.10694576, 1893.81356398)
(-7369.40722629, 9969.10729524, 1893.81356398)
(-7369.35187432, 9969.10761713, 1893.81356398)
(-7369.29858017, 9969.1078048, 1893.81356398)
(-7369.23744064, 9969.10799099, 1893.81356398)
(-7369.18251041, 9969.10826338, 1893.81356398)
(-7369.12138381, 9969.10856985, 1893.81356398)
(-7369.04828007, 9969.10893862, 1893.81356398)
(-7368.98345892, 9969.10969188, 1893.81356398)
(-7368.9169826, 9969.11044944, 1893.81356398)
(-7368.84137621, 9969.11081034, 1893.81356399)
(-7368.77981386, 9969.11091765, 1893.81356399)
(-7368.70008644, 9969.11110413, 1893.81356398)
(-7368.65094173, 9969.11135196, 1893.81356398)
(-7368.58899557, 9969.11173806, 1893.81356398)
(-7368.53367117, 9969.11235269, 1893.81356397)
(-7368.47999513, 9969.11293999, 1893.81356398)
(-7368.41392276, 9969.11365085, 1893.81356398)
(-7368.35153119, 9969.11372295, 1893.81356398)
(-7368.26559185, 9969.11376124, 1893.81356399)
(-7368.1991033, 9969.11409887, 1893.81356398)
(-7368.13344129, 9969.11452278, 1893.81356398)
(-7368.06117014, 9969.11501512, 1893.81356398)
(-7367.99717623, 9969.11576025, 1893.81356397)
(-7367.93110889, 9969.1164996, 1893.81356398)
(-7367.87243867, 9969.11663902, 1893.81356399)
(-7367.82285912, 9969.11669318, 1893.81356399)
(-7367.77370207, 9969.11682591, 1893.81356398)
(-7367.7105017, 9969.11696873, 1893.81356398)
(-7367.65599951, 9969.11742616, 1893.81356399)
(-7367.59902383, 9969.11800708, 1893.81356398)
(-7367.53212864, 9969.11867596, 1893.81356398)
(-7367.47141047, 9969.11911684, 1893.81356398)
(-7367.40903649, 9969.11947309, 1893.81356399)
(-7367.35037112, 9969.11965406, 1893.81356398)
(-7367.292951, 9969.11982918, 1893.81356398)
(-7367.24421616, 9969.12006122, 1893.81356398)
(-7367.19424107, 9969.120303, 1893.81356398)
(-7367.14138609, 9969.12071322, 1893.81356398)
(-7367.07696829, 9969.1212828, 1893.81356398)
(-7367.02451514, 9969.12165584, 1893.81356398)
(-7366.96834525, 9969.12204529, 1893.81356398)
(-7366.909284, 9969.1224539, 1893.81356398)
(-7366.85722503, 9969.12255064, 1893.81356399)
(-7366.81012708, 9969.12261828, 1893.81356397)
(-7366.75890155, 9969.12268085, 1893.81356399)
(-7366.70770456, 9969.12313989, 1893.81356397)
(-7366.65031663, 9969.1237455, 1893.81356398)
(-7366.59333446, 9969.12433852, 1893.81356399)
(-7366.53798711, 9969.12475762, 1893.81356398)
(-7366.49048556, 9969.12505825, 1893.81356398)
(-7366.43885264, 9969.12535223, 1893.81356398)
(-7366.38638119, 9969.1254573, 1893.81356398)
(-7366.32564897, 9969.12552934, 1893.81356398)
(-7366.25996956, 9969.12564181, 1893.81356398)
(-7366.2029943, 9969.12620623, 1893.81356398)
(-7366.1410643, 9969.12692059, 1893.81356396)
(-7366.0840729, 9969.12743476, 1893.81356398)
(-7366.01923455, 9969.1280571, 1893.81356398)
(-7365.96428446, 9969.12820416, 1893.81356398)
(-7365.91511917, 9969.12831606, 1893.81356398)
(-7365.86430675, 9969.12843518, 1893.81356398)
(-7365.81598501, 9969.12864422, 1893.81356397)
(-7365.7618832, 9969.12895346, 1893.81356398)
(-7365.6978707, 9969.1293648, 1893.81356398)
(-7365.64089448, 9969.1299809, 1893.81356397)
(-7365.5801991, 9969.13065419, 1893.81356398)
(-7365.52608511, 9969.13101631, 1893.81356399)
(-7365.47527328, 9969.13126886, 1893.81356399)
(-7365.42693374, 9969.13134534, 1893.81356399)
(-7365.36950507, 9969.13139171, 1893.81356399)
(-7365.30258466, 9969.13147959, 1893.81356398)
(-7365.24189733, 9969.13213633, 1893.81356397)
(-7365.18657358, 9969.13273935, 1893.81356397)
(-7365.12173954, 9969.13338554, 1893.81356398)
(-7365.06390991, 9969.13378734, 1893.81356398)
(-7365.00607912, 9969.13411504, 1893.81356399)
(-7364.9593942, 9969.13426604, 1893.81356398)
(-7364.90858068, 9969.13440543, 1893.81356397)
(-7364.85736695, 9969.13465174, 1893.81356398)
(-7364.79995756, 9969.13493827, 1893.81356398)
(-7364.73057165, 9969.13528972, 1893.81356398)
(-7364.67731144, 9969.13588792, 1893.813564)
(-7364.62157291, 9969.13652217, 1893.81356397)
(-7364.57241568, 9969.13684802, 1893.81356399)
(-7364.51747298, 9969.13712009, 1893.81356398)
(-7364.46913285, 9969.13720197, 1893.81356399)
(-7364.41170429, 9969.13725415, 1893.81356399)
(-7364.34602216, 9969.1373301, 1893.81356399)
(-7364.28904847, 9969.137904, 1893.81356397)
(-7364.22876974, 9969.13858265, 1893.81356396)
(-7364.15691614, 9969.13931083, 1893.81356397)
(-7364.10073748, 9969.13969443, 1893.81356399)
(-7364.04620884, 9969.13998005, 1893.81356398)
(-7363.99952399, 9969.14012384, 1893.81356398)
(-7363.94581941, 9969.14027362, 1893.81356399)
(-7363.89336681, 9969.14052294, 1893.81356398)
(-7363.83430528, 9969.14081305, 1893.81356398)
(-7363.76863564, 9969.14113735, 1893.81356398)
(-7363.70752999, 9969.14181596, 1893.81356399)
(-7363.63610153, 9969.14263735, 1893.81356397)
(-7363.58611045, 9969.14289695, 1893.81356399)
(-7363.52000846, 9969.14313796, 1893.81356398)
(-7363.47208152, 9969.14321576, 1893.81356398)
(-7363.41919959, 9969.14326498, 1893.81356398)
(-7363.35766637, 9969.14357933, 1893.81356397)
(-7363.29861239, 9969.14397179, 1893.81356398)
(-7363.2350302, 9969.14468593, 1893.813564)
(-7363.17391838, 9969.14535006, 1893.81356398)
(-7363.1301297, 9969.14561235, 1893.81356399)
(-7363.0702308, 9969.14591718, 1893.81356399)
(-7363.01899821, 9969.14599583, 1893.81356399)
(-7362.95124324, 9969.14607063, 1893.81356398)
(-7362.87978422, 9969.14619738, 1893.81356398)
(-7362.83437268, 9969.14671627, 1893.81356397)
(-7362.77780925, 9969.14739442, 1893.81356397)
(-7362.71999429, 9969.14795417, 1893.81356397)
(-7362.65226508, 9969.14859958, 1893.81356398)
(-7362.59483615, 9969.14875727, 1893.81356399)
(-7362.53162186, 9969.14886198, 1893.81356399)
(-7362.4845341, 9969.1490268, 1893.81356398)
(-7362.42959701, 9969.14918293, 1893.81356398)
(-7362.37963877, 9969.14960117, 1893.81356397)
(-7362.32513853, 9969.15012917, 1893.81356398)
(-7362.26195926, 9969.1507444, 1893.81356398)
(-7362.20578763, 9969.15117834, 1893.81356398)
(-7362.14920069, 9969.1515424, 1893.81356398)
(-7362.08641638, 9969.15190127, 1893.81356398)
(-7362.03311923, 9969.15196308, 1893.81356399)
(-7361.9748654, 9969.15200364, 1893.81356398)
(-7361.92778931, 9969.15226056, 1893.81356398)
(-7361.87782463, 9969.15262249, 1893.81356398)
(-7361.82497752, 9969.15318721, 1893.81356396)
(-7361.76593511, 9969.15383782, 1893.81356397)
(-7361.70688358, 9969.15447835, 1893.81356397)
(-7361.65936877, 9969.1546089, 1893.81356399)
(-7361.61226859, 9969.15465796, 1893.81356396)
(-7361.56062489, 9969.15471555, 1893.81356398)
(-7361.50486906, 9969.154948, 1893.81356398)
(-7361.4445736, 9969.15529987, 1893.81356398)
(-7361.37519283, 9969.15574798, 1893.81356398)
(-7361.31739177, 9969.15637349, 1893.81356397)
(-7361.25091307, 9969.15709194, 1893.81356399)
(-7361.19307843, 9969.15744214, 1893.81356398)
(-7361.12698216, 9969.1577569, 1893.81356399)
(-7361.06996538, 9969.1578146, 1893.81356399)
(-7361.00634352, 9969.15787903, 1893.81356398)
(-7360.94977191, 9969.15820449, 1893.81356398)
(-7360.89279076, 9969.15865467, 1893.81356397)
(-7360.84613746, 9969.15916451, 1893.81356397)
(-7360.79906937, 9969.15969711, 1893.81356398)
(-7360.75074337, 9969.16006473, 1893.81356398)
(-7360.69249985, 9969.16041136, 1893.81356399)
(-7360.6367257, 9969.16058958, 1893.81356398)
(-7360.57393449, 9969.16078142, 1893.81356399)
(-7360.52106939, 9969.16103795, 1893.81356398)
(-7360.4719204, 9969.16128096, 1893.81356398)
(-7360.4211195, 9969.16153507, 1893.81356398)
(-7360.37281223, 9969.16203415, 1893.813564)
(-7360.32533344, 9969.16257918, 1893.81356397)
(-7360.26917877, 9969.1632288, 1893.81356398)
(-7360.21546637, 9969.16335969, 1893.81356399)
(-7360.16134122, 9969.16344162, 1893.81356399)
(-7360.10267792, 9969.16354071, 1893.81356397)
(-7360.05435869, 9969.16377283, 1893.81356398)
(-7360.00769212, 9969.16405347, 1893.81356398)
(-7359.95689602, 9969.16438716, 1893.81356398)
(-7359.90735134, 9969.16488878, 1893.81356398)
(-7359.85615355, 9969.16544259, 1893.81356398)
(-7359.7995805, 9969.16605027, 1893.81356397)
(-7359.74669693, 9969.16622391, 1893.81356398)
(-7359.69215868, 9969.16631458, 1893.81356399)
(-7359.63266986, 9969.16643025, 1893.81356398)
(-7359.57980694, 9969.16668007, 1893.81356398)
(-7359.52570568, 9969.16699406, 1893.81356398)
(-7359.46664932, 9969.16737396, 1893.81356397)
(-7359.41091254, 9969.16796613, 1893.81356397)
(-7359.35929867, 9969.16851293, 1893.81356398)
(-7359.30313787, 9969.1691184, 1893.81356398)
(-7359.25273209, 9969.16925456, 1893.81356399)
(-7359.20108752, 9969.16931494, 1893.81356399)
(-7359.14035669, 9969.16939552, 1893.81356398)
(-7359.09327592, 9969.16960875, 1893.81356398)
(-7359.04330708, 9969.16992929, 1893.81356398)
(-7358.98342651, 9969.17034141, 1893.81356397)
(-7358.93759859, 9969.17081678, 1893.81356397)
(-7358.88516158, 9969.17138285, 1893.81356398)
(-7358.82528519, 9969.17203225, 1893.81356398)
(-7358.77818488, 9969.17218343, 1893.81356399)
(-7358.73067202, 9969.17223093, 1893.81356397)
(-7358.67324451, 9969.17229304, 1893.81356399)
(-7358.6203806, 9969.17252163, 1893.81356398)
(-7358.56710666, 9969.17284269, 1893.81356398)
(-7358.50681198, 9969.17323893, 1893.81356398)
(-7358.45520333, 9969.1737714, 1893.81356397)
(-7358.40565614, 9969.17430303, 1893.81356399)
(-7358.35403885, 9969.17486096, 1893.81356397)
(-7358.30735252, 9969.17502344, 1893.81356399)
(-7358.25405513, 9969.17510296, 1893.81356399)
(-7358.19249848, 9969.17520142, 1893.81356398)
(-7358.13384896, 9969.17542028, 1893.81356398)
(-7358.07809874, 9969.1757428, 1893.81356398)
(-7358.02358738, 9969.17612404, 1893.81356397)
(-7357.97445595, 9969.17664971, 1893.81356396)
(-7357.92697427, 9969.17717499, 1893.81356398)
(-7357.872056, 9969.1777951, 1893.81356397)
(-7357.82247819, 9969.17797168, 1893.81356399)
(-7357.75265462, 9969.17803612, 1893.81356397)
(-7357.69812902, 9969.1781906, 1893.81356398)
(-7357.64898306, 9969.17842083, 1893.81356398)
(-7357.5944694, 9969.17874882, 1893.81356397)
(-7357.54119545, 9969.17910799, 1893.81356398)
(-7357.49082554, 9969.17963098, 1893.81356397)
(-7357.43962744, 9969.1801913, 1893.81356398)
(-7357.37149232, 9969.18094297, 1893.81356397)
(-7357.29960007, 9969.1810706, 1893.81356399)
(-7357.2388655, 9969.18115883, 1893.81356398)
(-7357.1797996, 9969.18134372, 1893.81356398)
(-7357.11371097, 9969.18151148, 1893.81356398)
(-7357.05756057, 9969.18206158, 1893.81356398)
(-7356.98572284, 9969.18285147, 1893.81356397)
(-7356.92046582, 9969.18336532, 1893.81356398)
(-7356.84488053, 9969.18387712, 1893.81356398)
(-7356.77837772, 9969.18425561, 1893.81356398)
(-7356.72632004, 9969.18426989, 1893.81356398)
(-7356.67839395, 9969.18428862, 1893.81356398)
(-7356.63214939, 9969.18463567, 1893.81356395)
(-7356.58136657, 9969.18514078, 1893.81356398)
(-7356.5247982, 9969.18570272, 1893.81356398)
(-7356.46945674, 9969.18615542, 1893.81356398)
(-7356.40420467, 9969.18673081, 1893.81356398)
(-7356.34718985, 9969.18690636, 1893.81356398)
(-7356.28893504, 9969.18701444, 1893.81356399)
(-7356.23523503, 9969.18715926, 1893.81356398)
(-7356.17781896, 9969.18729699, 1893.81356398)
(-7356.1266211, 9969.18772892, 1893.81356401)
(-7356.07955474, 9969.18821134, 1893.81356397)
(-7356.03083174, 9969.18870793, 1893.81356398)
(-7355.98292164, 9969.1890906, 1893.81356398)
(-7355.92757545, 9969.18946568, 1893.81356398)
(-7355.86231394, 9969.18985602, 1893.81356398)
(-7355.80529796, 9969.18994137, 1893.81356399)
(-7355.74539411, 9969.19002125, 1893.81356398)
(-7355.68756365, 9969.19011999, 1893.81356398)
(-7355.63265486, 9969.19069699, 1893.81356397)
(-7355.57691857, 9969.19131812, 1893.81356397)
(-7355.52612306, 9969.1917831, 1893.81356398)
(-7355.47780517, 9969.19224555, 1893.81356398)
(-7355.4315307, 9969.19244031, 1893.81356399)
(-7355.38360528, 9969.19257885, 1893.81356398)
(-7355.32535581, 9969.19273064, 1893.81356398)
(-7355.27124821, 9969.19294599, 1893.81356398)
(-7355.21590065, 9969.19313168, 1893.81356398)
(-7355.16676826, 9969.19356668, 1893.81356397)
(-7355.11970013, 9969.19403213, 1893.81356397)
(-7355.06478053, 9969.19457655, 1893.81356399)
(-7355.01604334, 9969.19495605, 1893.81356398)
(-7354.96854507, 9969.19528715, 1893.81356398)
(-7354.91567509, 9969.19561753, 1893.81356398)
(-7354.86898841, 9969.19572109, 1893.81356399)
(-7354.81858283, 9969.19577952, 1893.81356398)
(-7354.76322529, 9969.19584314, 1893.81356398)
(-7354.70913712, 9969.19621959, 1893.81356398)
(-7354.65133015, 9969.19669388, 1893.81356398)
(-7354.601374, 9969.19723804, 1893.81356397)
(-7354.55512961, 9969.19774815, 1893.81356397)
(-7354.50598994, 9969.19829479, 1893.81356398)
(-7354.45765168, 9969.19847126, 1893.81356399)
(-7354.41013901, 9969.19854842, 1893.81356397)
(-7354.35477712, 9969.19862746, 1893.81356398)
(-7354.30562996, 9969.19884774, 1893.81356398)
(-7354.25565781, 9969.19912673, 1893.81356398)
(-7354.20114384, 9969.19946878, 1893.81356398)
(-7354.15200613, 9969.19988627, 1893.81356398)
(-7354.09336991, 9969.20043007, 1893.81356399)
(-7354.04835057, 9969.20076048, 1893.81356398)
(-7354.002093, 9969.20109529, 1893.81356398)
(-7353.95418333, 9969.20144109, 1893.81356398)
(-7353.90129788, 9969.20155183, 1893.81356398)
(-7353.84511028, 9969.20163394, 1893.81356398)
(-7353.7831473, 9969.20174073, 1893.81356398)
(-7353.73153849, 9969.20225084, 1893.81356397)
(-7353.67704006, 9969.20284734, 1893.81356398)
(-7353.62336023, 9969.20341051, 1893.81356399)
(-7353.57296864, 9969.20379084, 1893.81356398)
(-7353.52422785, 9969.20410241, 1893.81356398)
(-7353.47218197, 9969.20440376, 1893.81356398)
(-7353.42673362, 9969.2045003, 1893.81356399)
(-7353.36971892, 9969.20457713, 1893.81356398)
(-7353.30362323, 9969.20467257, 1893.81356398)
(-7353.24871131, 9969.20518506, 1893.81356397)
(-7353.1946261, 9969.20578923, 1893.81356397)
(-7353.13557835, 9969.20641267, 1893.81356399)
(-7353.07981595, 9969.20681718, 1893.81356398)
(-7353.03107478, 9969.20712016, 1893.81356398)
(-7352.97572419, 9969.20743115, 1893.81356398)
(-7352.92655751, 9969.20751691, 1893.81356399)
(-7352.88152447, 9969.20757267, 1893.81356399)
(-7352.82575445, 9969.20763428, 1893.81356399)
(-7352.77373111, 9969.20808801, 1893.81356397)
(-7352.71799419, 9969.20869839, 1893.81356397)
(-7352.65812042, 9969.20931422, 1893.81356398)
(-7352.60690312, 9969.20969334, 1893.81356398)
(-7352.55857579, 9969.21000204, 1893.81356398)
(-7352.50653028, 9969.21030407, 1893.81356398)
(-7352.45488484, 9969.21040487, 1893.81356399)
(-7352.40737343, 9969.21047242, 1893.81356398)
(-7352.34912483, 9969.21053915, 1893.81356399)
(-7352.29957857, 9969.21097911, 1893.81356397)
(-7352.25251143, 9969.21148535, 1893.81356395)
(-7352.19594538, 9969.21208875, 1893.81356398)
(-7352.14555931, 9969.21251301, 1893.81356398)
(-7352.09434674, 9969.2129476, 1893.81356398)
(-7352.04600668, 9969.21311718, 1893.81356398)
(-7351.99808096, 9969.2132337, 1893.81356399)
(-7351.93776621, 9969.2133694, 1893.81356398)
(-7351.88407632, 9969.21361769, 1893.81356398)
(-7351.8303868, 9969.21391353, 1893.81356398)
(-7351.77380776, 9969.21426916, 1893.81356398)
(-7351.72219929, 9969.21481962, 1893.81356397)
(-7351.67678231, 9969.2153243, 1893.81356397)
(-7351.62021131, 9969.21595452, 1893.81356398)
(-7351.57104467, 9969.21608647, 1893.81356399)
(-7351.51816035, 9969.21615978, 1893.81356399)
(-7351.43594859, 9969.21628057, 1893.81356397)
(-7351.39052598, 9969.21654555, 1893.81356398)
(-7351.34097188, 9969.2168883, 1893.81356397)
(-7351.27242829, 9969.21748164, 1893.81356398)
(-7351.22163418, 9969.21792901, 1893.81356398)
(-7351.17041976, 9969.21830536, 1893.81356398)
(-7351.11507594, 9969.21870279, 1893.81356398)
(-7351.05229783, 9969.21915232, 1893.81356398)
(-7350.99900157, 9969.21925195, 1893.81356399)
(-7350.93909343, 9969.21929682, 1893.81356398)
(-7350.87589188, 9969.21939432, 1893.81356399)
(-7350.81726693, 9969.22000273, 1893.81356398)
(-7350.74666704, 9969.22086966, 1893.813564)
(-7350.6917386, 9969.22136436, 1893.81356397)
(-7350.62235425, 9969.22198536, 1893.81356398)
(-7350.5682301, 9969.22212922, 1893.81356398)
(-7350.5165845, 9969.22218519, 1893.81356399)
(-7350.47031937, 9969.22231244, 1893.81356398)
(-7350.42157667, 9969.22242728, 1893.81356398)
(-7350.37615859, 9969.22277589, 1893.81356397)
(-7350.32166011, 9969.22332574, 1893.81356397)
(-7350.25930859, 9969.22394414, 1893.81356398)
(-7350.20561491, 9969.2243538, 1893.81356398)
(-7350.15150614, 9969.22470092, 1893.81356398)
(-7350.09078657, 9969.22504564, 1893.81356399)
(-7350.04079306, 9969.22511671, 1893.81356399)
(-7349.99245538, 9969.22517162, 1893.81356398)
(-7349.94205761, 9969.22524043, 1893.81356399)
(-7349.89581464, 9969.22563493, 1893.81356397)
(-7349.84668319, 9969.22616828, 1893.813564)
(-7349.7946585, 9969.22671729, 1893.81356398)
(-7349.7438591, 9969.22713287, 1893.81356398)
(-7349.69098935, 9969.22751649, 1893.81356398)
(-7349.63853144, 9969.22783586, 1893.81356398)
(-7349.59019405, 9969.2279943, 1893.81356399)
(-7349.53277133, 9969.22815727, 1893.81356397)
(-7349.4852753, 9969.22839063, 1893.81356398)
(-7349.43612624, 9969.22863524, 1893.81356398)
(-7349.37871691, 9969.22892198, 1893.81356398)
(-7349.3287594, 9969.22942552, 1893.81356396)
(-7349.27921429, 9969.22996488, 1893.81356398)
(-7349.22429553, 9969.23056642, 1893.81356397)
(-7349.17678164, 9969.23070252, 1893.81356399)
(-7349.12844137, 9969.23077652, 1893.81356399)
(-7349.07803899, 9969.2308573, 1893.81356398)
(-7349.03012739, 9969.23103602, 1893.81356398)
(-7348.97602043, 9969.23122587, 1893.81356398)
(-7348.92729952, 9969.23161735, 1893.81356397)
(-7348.87569081, 9969.23213016, 1893.81356398)
(-7348.81953269, 9969.2326822, 1893.81356397)
(-7348.769139, 9969.23301174, 1893.81356398)
(-7348.72039708, 9969.23327901, 1893.81356398)
(-7348.67289444, 9969.23351653, 1893.81356398)
