(-7468.70000058, 9967.22999947, 1893.81356492)
(-7468.6509159, 9967.23009533, 1893.81409305)
(-7468.59722686, 9967.23016786, 1893.81367851)
(-7468.52661052, 9967.23036143, 1893.81356368)
(-7468.46423937, 9967.23043414, 1893.81356407)
(-7468.38741405, 9967.23048334, 1893.813564)
(-7468.32505643, 9967.230702, 1893.81356395)
(-7468.269304, 9967.23092631, 1893.81356399)
(-7468.19413957, 9967.23126374, 1893.81356399)
(-7468.13460568, 9967.23052664, 1893.81356398)
(-7468.05857992, 9967.22963988, 1893.81356399)
(-7467.99579245, 9967.22908632, 1893.81356398)
(-7467.92888041, 9967.22851463, 1893.81356398)
(-7467.8722906, 9967.2279535, 1893.81356398)
(-7467.79257042, 9967.22710431, 1893.81356398)
(-7467.73433166, 9967.22645908, 1893.81356398)
(-7467.66948337, 9967.22568803, 1893.81356398)
(-7467.6046411, 9967.22496755, 1893.81356398)
(-7467.54021016, 9967.22420498, 1893.81356398)
(-7467.46132151, 9967.22319202, 1893.81356398)
(-7467.40556802, 9967.22252765, 1893.81356398)
(-7467.3332939, 9967.22166585, 1893.81356398)
(-7467.27175787, 9967.22093208, 1893.81356398)
(-7467.20691765, 9967.22015763, 1893.81356398)
(-7467.1416646, 9967.2193781, 1893.81356398)
(-7467.06608601, 9967.21846558, 1893.81356398)
(-7466.98472667, 9967.21749129, 1893.81356398)
(-7466.89882288, 9967.21644878, 1893.81356398)
(-7466.84637301, 9967.21581786, 1893.81356398)
(-7466.77162025, 9967.21490659, 1893.81356398)
(-7466.69026109, 9967.21392486, 1893.81356398)
(-7466.5948586, 9967.21275896, 1893.81356398)
(-7466.52175931, 9967.21187326, 1893.81356398)
(-7466.43420359, 9967.21079607, 1893.81356398)
(-7466.3569744, 9967.20985617, 1893.81356398)
(-7466.25992023, 9967.20866129, 1893.81356398)
(-7466.1996238, 9967.20792474, 1893.81356398)
(-7466.13189265, 9967.20709252, 1893.81356398)
(-7466.0695312, 9967.20632961, 1893.81356398)
(-7465.98528057, 9967.20529758, 1893.81356398)
(-7465.92457104, 9967.20455518, 1893.81356398)
(-7465.86220899, 9967.20379198, 1893.81356398)
(-7465.79323877, 9967.20294151, 1893.81356398)
(-7465.73542044, 9967.20223327, 1893.81356398)
(-7465.66232055, 9967.20133699, 1893.81356398)
(-7465.59995904, 9967.20057344, 1893.81356398)
(-7465.52438124, 9967.19964763, 1893.81356398)
(-7465.46160647, 9967.19887883, 1893.81356398)
(-7465.38685474, 9967.19796161, 1893.81356398)
(-7465.33027509, 9967.19726896, 1893.81356398)
(-7465.25965327, 9967.19640374, 1893.81356398)
(-7465.19398776, 9967.19560035, 1893.81356398)
(-7465.12419195, 9967.19474594, 1893.81356398)
(-7465.05439627, 9967.19389184, 1893.81356398)
(-7464.99203429, 9967.19312746, 1893.81356398)
(-7464.93586764, 9967.19244012, 1893.81356398)
(-7464.86194187, 9967.19153533, 1893.81356398)
(-7464.80412311, 9967.19082832, 1893.81356398)
(-7464.74217413, 9967.19007061, 1893.81356398)
(-7464.66907439, 9967.18917518, 1893.81356398)
(-7464.60960374, 9967.18844792, 1893.81356398)
(-7464.5468288, 9967.18768001, 1893.81356398)
(-7464.47868524, 9967.18684707, 1893.81356398)
(-7464.41962725, 9967.18612502, 1893.81356398)
(-7464.34363656, 9967.18519481, 1893.81356398)
(-7464.28457884, 9967.18447284, 1893.81356398)
(-7464.21147911, 9967.18357897, 1893.81356398)
(-7464.14787836, 9967.18280183, 1893.81356398)
(-7464.08014754, 9967.18197396, 1893.81356398)
(-7464.00704792, 9967.18108065, 1893.81356398)
(-7463.93890417, 9967.18024803, 1893.81356398)
(-7463.86828241, 9967.17938456, 1893.81356398)
(-7463.80509472, 9967.17861252, 1893.81356398)
(-7463.73529895, 9967.17775959, 1893.81356398)
(-7463.67004624, 9967.17696254, 1893.81356398)
(-7463.60107646, 9967.17611996, 1893.81356398)
(-7463.53912761, 9967.17536325, 1893.81356398)
(-7463.47180976, 9967.17454064, 1893.81356398)
(-7463.40986097, 9967.17378399, 1893.81356398)
(-7463.34749906, 9967.17302223, 1893.81356398)
(-7463.28389828, 9967.17224558, 1893.81356398)
(-7463.22855727, 9967.17156976, 1893.81356398)
(-7463.14224184, 9967.17051531, 1893.81356398)
(-7463.082771, 9967.16978909, 1893.81356398)
(-7463.01214928, 9967.16892665, 1893.81356398)
(-7462.95639534, 9967.16824593, 1893.81356398)
(-7462.88329565, 9967.16735341, 1893.81356398)
(-7462.82175976, 9967.16660212, 1893.81356398)
(-7462.74329116, 9967.16564397, 1893.81356398)
(-7462.68836317, 9967.16497341, 1893.81356398)
(-7462.61650246, 9967.16409611, 1893.81356398)
(-7462.55124967, 9967.16329957, 1893.81356398)
(-7462.46576023, 9967.162256, 1893.81356398)
(-7462.39266059, 9967.16136372, 1893.81356398)
(-7462.32245188, 9967.16050675, 1893.81356398)
(-7462.26215498, 9967.15977079, 1893.81356398)
(-7462.19525019, 9967.15895418, 1893.81356398)
(-7462.13206233, 9967.15818298, 1893.81356398)
(-7462.05359373, 9967.15722531, 1893.81356398)
(-7461.99123185, 9967.15646423, 1893.81356398)
(-7461.92350107, 9967.15563766, 1893.81356398)
(-7461.86774709, 9967.15495726, 1893.81356398)
(-7461.79547341, 9967.1540753, 1893.81356398)
(-7461.72856864, 9967.15325885, 1893.81356398)
(-7461.65794694, 9967.1523971, 1893.81356398)
(-7461.59021618, 9967.1515706, 1893.81356398)
(-7461.51711651, 9967.15067864, 1893.81356398)
(-7461.4502117, 9967.14986228, 1893.81356398)
(-7461.39156676, 9967.14914679, 1893.81356398)
(-7461.32713989, 9967.14836069, 1893.81356398)
(-7461.25362722, 9967.14746379, 1893.81356398)
(-7461.18672241, 9967.14664746, 1893.81356398)
(-7461.12146961, 9967.14585134, 1893.81356398)
(-7461.04382703, 9967.14490404, 1893.81356398)
(-7460.94057894, 9967.14364462, 1893.81356398)
(-7460.83072291, 9967.1423044, 1893.81356398)
(-7460.75762321, 9967.14141256, 1893.81356398)
(-7460.64322427, 9967.1400171, 1893.81356398)
(-7460.54906194, 9967.13886838, 1893.81356398)
(-7460.43920596, 9967.13752867, 1893.81356398)
(-7460.36404128, 9967.13661173, 1893.81356398)
(-7460.26203217, 9967.13536746, 1893.81356398)
(-7460.18191162, 9967.13439008, 1893.81356398)
(-7460.10592099, 9967.13346326, 1893.81356398)
(-7460.05099295, 9967.13279322, 1893.81356398)
(-7459.97211137, 9967.13183109, 1893.81356398)
(-7459.90107661, 9967.13096454, 1893.81356398)
(-7459.80278439, 9967.12976566, 1893.81356398)
(-7459.73670557, 9967.1289596, 1893.81356398)
(-7459.65286812, 9967.12793706, 1893.81356398)
(-7459.59504916, 9967.12723176, 1893.81356398)
(-7459.52401447, 9967.12636534, 1893.81356398)
(-7459.45876165, 9967.12556944, 1893.81356398)
(-7459.38111906, 9967.12462264, 1893.81356398)
(-7459.31421422, 9967.12380659, 1893.81356398)
(-7459.25350431, 9967.12306622, 1893.81356398)
(-7459.19072939, 9967.12230052, 1893.81356398)
(-7459.11391279, 9967.12136363, 1893.81356398)
(-7459.05031194, 9967.12058791, 1893.81356398)
(-7458.9718434, 9967.11963112, 1893.81356398)
(-7458.91154646, 9967.11889572, 1893.81356398)
(-7458.85207557, 9967.11817049, 1893.81356398)
(-7458.78310578, 9967.11732926, 1893.81356398)
(-7458.7054632, 9967.11638236, 1893.81356398)
(-7458.6261686, 9967.11541527, 1893.81356398)
(-7458.54233108, 9967.11439278, 1893.81356398)
(-7458.45271168, 9967.11329979, 1893.81356398)
(-7458.39200176, 9967.1125593, 1893.81356398)
(-7458.33294385, 9967.11183905, 1893.81356398)
(-7458.27140796, 9967.11108854, 1893.81356398)
(-7458.19459139, 9967.11015186, 1893.81356398)
(-7458.13099051, 9967.10937616, 1893.81356398)
(-7458.06036882, 9967.10851495, 1893.81356398)
(-7457.99924587, 9967.10776945, 1893.81356398)
(-7457.92986313, 9967.10692329, 1893.81356398)
(-7457.85758944, 9967.1060422, 1893.81356398)
(-7457.79481451, 9967.10527664, 1893.81356398)
(-7457.71758491, 9967.10433493, 1893.81356398)
(-7457.6610049, 9967.10364488, 1893.81356398)
(-7457.59575211, 9967.10284912, 1893.81356398)
(-7457.52306542, 9967.10196266, 1893.81356398)
(-7457.45657364, 9967.10115173, 1893.81356398)
(-7457.37645312, 9967.10017487, 1893.81356398)
(-7457.31326521, 9967.09940427, 1893.81356398)
(-7457.24057852, 9967.09851797, 1893.81356398)
(-7457.18152054, 9967.09779769, 1893.81356398)
(-7457.10883385, 9967.0969113, 1893.81356398)
(-7457.04234202, 9967.09610043, 1893.81356398)
(-7456.97874117, 9967.09532477, 1893.81356398)
(-7456.89118678, 9967.09425728, 1893.81356398)
(-7456.83047685, 9967.09351689, 1893.81356398)
(-7456.75324729, 9967.0925752, 1893.81356398)
(-7456.69873224, 9967.09191036, 1893.81356398)
(-7456.63760937, 9967.091165, 1893.81356398)
(-7456.57442147, 9967.09039441, 1893.81356398)
(-7456.49388793, 9967.08941252, 1893.81356398)
(-7456.42863504, 9967.08861676, 1893.81356398)
(-7456.36296925, 9967.08781607, 1893.81356398)
(-7456.29978134, 9967.08704545, 1893.81356398)
(-7456.23287658, 9967.08622958, 1893.81356398)
(-7456.16844974, 9967.08544389, 1893.81356398)
(-7456.09493712, 9967.08454762, 1893.81356398)
(-7456.03422718, 9967.08380727, 1893.81356398)
(-7455.96195351, 9967.082926, 1893.81356398)
(-7455.90867742, 9967.08227627, 1893.81356398)
(-7455.84177263, 9967.08146039, 1893.81356398)
(-7455.78230168, 9967.08073513, 1893.81356398)
(-7455.71787484, 9967.07994959, 1893.81356398)
(-7455.66459875, 9967.07929988, 1893.81356398)
(-7455.60306288, 9967.07854947, 1893.81356398)
(-7455.53409312, 9967.07770837, 1893.81356398)
(-7455.45438559, 9967.07673654, 1893.81356398)
(-7455.39987056, 9967.07607172, 1893.81356398)
(-7455.3325528, 9967.07525086, 1893.81356398)
(-7455.26895192, 9967.0744752, 1893.81356398)
(-7455.1983302, 9967.073614, 1893.81356398)
(-7455.12853443, 9967.07276284, 1893.81356398)
(-7455.05336979, 9967.07184641, 1893.81356398)
(-7454.9885299, 9967.0710557, 1893.81356398)
(-7454.89891054, 9967.06996296, 1893.81356398)
(-7454.82911478, 9967.06911178, 1893.81356398)
(-7454.7576671, 9967.06824059, 1893.81356398)
(-7454.68993631, 9967.06741457, 1893.81356398)
(-7454.59123112, 9967.06621096, 1893.81356398)
(-7454.50656762, 9967.06517843, 1893.81356398)
(-7454.4070364, 9967.06396484, 1893.81356398)
(-7454.34673945, 9967.06322953, 1893.81356398)
(-7454.26455391, 9967.06222742, 1893.81356398)
(-7454.18856327, 9967.06130064, 1893.81356398)
(-7454.09811794, 9967.06019781, 1893.81356398)
(-7454.03203912, 9967.05939197, 1893.81356398)
(-7453.96017846, 9967.05851573, 1893.81356398)
(-7453.89038269, 9967.05766455, 1893.81356398)
(-7453.81728302, 9967.05677317, 1893.81356398)
(-7453.76276796, 9967.05610833, 1893.81356398)
(-7453.69916711, 9967.05533272, 1893.81356398)
(-7453.62978435, 9967.0544868, 1893.81356398)
(-7453.5690744, 9967.05374644, 1893.81356398)
(-7453.48812788, 9967.05275937, 1893.81356398)
(-7453.42039709, 9967.05193336, 1893.81356398)
(-7453.35060138, 9967.05108223, 1893.81356398)
(-7453.28576155, 9967.05029153, 1893.81356398)
(-7453.21968278, 9967.04948586, 1893.81356398)
(-7453.15814685, 9967.04873545, 1893.81356398)
(-7453.08546016, 9967.04784913, 1893.81356398)
(-7453.02351123, 9967.04709363, 1893.81356398)
(-7452.96362731, 9967.04636337, 1893.81356398)
(-7452.90374337, 9967.0456331, 1893.81356398)
(-7452.82733975, 9967.0447015, 1893.81356398)
(-7452.76745581, 9967.04397121, 1893.81356398)
(-7452.69229119, 9967.04305464, 1893.81356398)
(-7452.63405924, 9967.04234447, 1893.81356398)
(-7452.56921944, 9967.04155376, 1893.81356398)
(-7452.49446781, 9967.04064241, 1893.81356398)
(-7452.43210589, 9967.03988192, 1893.81356398)
(-7452.36850504, 9967.03910639, 1893.81356398)
(-7452.30614312, 9967.03834586, 1893.81356398)
(-7452.23139146, 9967.0374343, 1893.81356398)
(-7452.16820358, 9967.03666373, 1893.81356398)
(-7452.1012988, 9967.03584798, 1893.81356398)
(-7452.04306683, 9967.03513785, 1893.81356398)
(-7451.96170733, 9967.03414575, 1893.81356398)
(-7451.90388837, 9967.03344063, 1893.81356398)
(-7451.82624579, 9967.03249382, 1893.81356398)
(-7451.75934099, 9967.03167794, 1893.81356398)
(-7451.68169839, 9967.03073129, 1893.81356398)
(-7451.62511836, 9967.03004133, 1893.81356398)
(-7451.55243166, 9967.02915501, 1893.81356398)
(-7451.49709063, 9967.02848012, 1893.81356398)
(-7451.41077519, 9967.02742756, 1893.81356398)
(-7451.34469638, 9967.02662169, 1893.81356398)
(-7451.26953176, 9967.02570509, 1893.81356398)
(-7451.20386596, 9967.02490431, 1893.81356398)
(-7451.1361352, 9967.02407847, 1893.81356398)
(-7451.07501228, 9967.02333309, 1893.81356398)
(-7451.00067362, 9967.02242661, 1893.81356398)
(-7450.94037667, 9967.02169127, 1893.81356398)
(-7450.87966676, 9967.02095094, 1893.81356398)
(-7450.81978281, 9967.02022066, 1893.81356398)
(-7450.74668314, 9967.01932932, 1893.81356398)
(-7450.68556022, 9967.01858393, 1893.81356398)
(-7450.60874363, 9967.0176472, 1893.81356398)
(-7450.54596876, 9967.01688164, 1893.81356398)
(-7450.48319392, 9967.01611612, 1893.81356398)
(-7450.41505017, 9967.01528529, 1893.81356398)
(-7450.35640519, 9967.01457014, 1893.81356398)
(-7450.28289251, 9967.01367372, 1893.81356398)
(-7450.2151617, 9967.01284772, 1893.81356398)
(-7450.14412697, 9967.01198149, 1893.81356398)
(-7450.06565836, 9967.01102458, 1893.81356398)
(-7450.00040554, 9967.01022882, 1893.81356398)
(-7449.92317596, 9967.00928716, 1893.81356398)
(-7449.864944, 9967.00857704, 1893.81356398)
(-7449.79184435, 9967.00768566, 1893.81356398)
(-7449.72948246, 9967.00692516, 1893.81356398)
(-7449.6497749, 9967.00595317, 1893.81356398)
(-7449.58204409, 9967.00512717, 1893.81356398)
(-7449.50646644, 9967.00420553, 1893.81356398)
(-7449.44947345, 9967.00351051, 1893.81356398)
(-7449.37183085, 9967.00256378, 1893.81356398)
(-7449.31442486, 9967.00186372, 1893.81356398)
(-7449.24091221, 9967.00096728, 1893.81356398)
(-7449.17978931, 9967.00022187, 1893.81356398)
(-7449.10297272, 9966.99928512, 1893.81356398)
(-7449.04721873, 9966.99860521, 1893.81356398)
(-7448.95057847, 9966.99742685, 1893.81356398)
(-7448.89895438, 9966.99679729, 1893.81356398)
(-7448.80685702, 9966.99567427, 1893.81356398)
(-7448.72756242, 9966.99470727, 1893.81356398)
(-7448.63381311, 9966.99356412, 1893.81356398)
(-7448.55080161, 9966.99255179, 1893.81356398)
(-7448.46737714, 9966.99153458, 1893.81356398)
(-7448.41203614, 9966.9908597, 1893.81356398)
(-7448.33687151, 9966.98994315, 1893.81356398)
(-7448.26129385, 9966.98902147, 1893.81356398)
(-7448.15432876, 9966.98771714, 1893.81356398)
(-7448.06966526, 9966.98668465, 1893.81356398)
(-7447.98706674, 9966.9856775, 1893.81356398)
(-7447.91974894, 9966.98485657, 1893.81356398)
(-7447.83880242, 9966.98386953, 1893.81356398)
(-7447.7842874, 9966.98320472, 1893.81356398)
(-7447.72605547, 9966.98249462, 1893.81356398)
(-7447.66410658, 9966.98173914, 1893.81356398)
(-7447.58109509, 9966.98072682, 1893.81356398)
(-7447.51171233, 9966.97988071, 1893.81356398)
(-7447.45058942, 9966.9791354, 1893.81356398)
(-7447.40103028, 9966.97853104, 1893.81356398)
(-7447.32214869, 9966.97756911, 1893.81356398)
(-7447.24946198, 9966.97668267, 1893.81356398)
(-7447.15653868, 9966.9755495, 1893.81356398)
(-7447.08756893, 9966.97470838, 1893.81356398)
(-7446.99423264, 9966.97357018, 1893.81356398)
(-7446.92650186, 9966.97274418, 1893.81356398)
(-7446.85546714, 9966.97187794, 1893.81356398)
(-7446.7898013, 9966.97107716, 1893.81356398)
(-7446.73280831, 9966.97038212, 1893.81356398)
(-7446.65929562, 9966.96948571, 1893.81356398)
(-7446.59528175, 9966.96870506, 1893.81356398)
(-7446.52176908, 9966.9678086, 1893.81356398)
(-7446.46188516, 9966.9670783, 1893.81356398)
(-7446.39745834, 9966.96629262, 1893.81356398)
(-7446.34253034, 9966.96562277, 1893.81356398)
(-7446.26777871, 9966.96471123, 1893.81356398)
(-7446.20872077, 9966.96399101, 1893.81356398)
(-7446.13851203, 9966.96313484, 1893.81356398)
(-7446.06747729, 9966.96226858, 1893.81356398)
(-7446.00222444, 9966.96147282, 1893.81356398)
(-7445.93903657, 9966.96070231, 1893.81356398)
(-7445.88452153, 9966.96003751, 1893.81356398)
(-7445.80811792, 9966.95910579, 1893.81356398)
(-7445.73584423, 9966.95822438, 1893.81356398)
(-7445.66852647, 9966.95740345, 1893.81356398)
(-7445.60781657, 9966.95666309, 1893.81356398)
(-7445.54008581, 9966.95583717, 1893.81356398)
(-7445.48144085, 9966.955122, 1893.81356398)
(-7445.40916714, 9966.95424065, 1893.81356398)
(-7445.33813239, 9966.95337437, 1893.81356398)
(-7445.27783547, 9966.95263905, 1893.81356398)
(-7445.2039098, 9966.95173763, 1893.81356398)
(-7445.14939476, 9966.95107283, 1893.81356398)
(-7445.07257816, 9966.95013609, 1893.81356398)
(-7445.01228125, 9966.94940075, 1893.81356398)
(-7444.94083356, 9966.94852946, 1893.81356398)
(-7444.87764571, 9966.94775888, 1893.81356398)
(-7444.81982675, 9966.94705378, 1893.81356398)
(-7444.74383612, 9966.94612712, 1893.81356398)
(-7444.68188721, 9966.94537165, 1893.81356398)
(-7444.59474576, 9966.94430899, 1893.81356398)
(-7444.53155787, 9966.9435384, 1893.81356398)
(-7444.45391527, 9966.94259156, 1893.81356398)
(-7444.38783647, 9966.94178573, 1893.81356398)
(-7444.32960453, 9966.94107559, 1893.81356398)
(-7444.26724268, 9966.94031513, 1893.81356398)
(-7444.20157686, 9966.93951433, 1893.81356398)
(-7444.12889019, 9966.93862794, 1893.81356398)
(-7444.07107122, 9966.93792282, 1893.81356398)
(-7444.01738218, 9966.93726809, 1893.81356398)
(-7443.93065372, 9966.93621052, 1893.81356398)
(-7443.86127094, 9966.9353644, 1893.81356398)
(-7443.77660746, 9966.93433197, 1893.81356398)
(-7443.7130066, 9966.93355634, 1893.81356398)
(-7443.64527584, 9966.93273039, 1893.81356398)
(-7443.58456594, 9966.93199001, 1893.81356398)
(-7443.51642219, 9966.931159, 1893.81356398)
(-7443.44249654, 9966.93025757, 1893.81356398)
(-7443.37641771, 9966.92945175, 1893.81356398)
(-7443.31075189, 9966.92865099, 1893.81356398)
(-7443.24508604, 9966.92785019, 1893.81356398)
(-7443.17694226, 9966.92701918, 1893.81356398)
(-7443.09847365, 9966.92606226, 1893.81356398)
(-7443.03239485, 9966.92525643, 1893.81356398)
(-7442.95805621, 9966.92434993, 1893.81356398)
(-7442.85893801, 9966.92314118, 1893.81356398)
(-7442.76518872, 9966.921998, 1893.81356398)
(-7442.66441852, 9966.92076912, 1893.81356398)
(-7442.59049284, 9966.91986762, 1893.81356398)
(-7442.5021124, 9966.91878979, 1893.81356398)
(-7442.43355562, 9966.91795376, 1893.81356398)
(-7442.36954176, 9966.9171731, 1893.81356398)
(-7442.2634027, 9966.91587875, 1893.81356398)
(-7442.19236799, 9966.91501246, 1893.81356398)
(-7442.07714309, 9966.91360733, 1893.81356398)
(-7441.99826151, 9966.91264535, 1893.81356398)
(-7441.90203423, 9966.91147192, 1893.81356398)
(-7441.82563058, 9966.91054019, 1893.81356398)
(-7441.74551001, 9966.90956318, 1893.81356398)
(-7441.69429891, 9966.90893866, 1893.81356398)
(-7441.62574216, 9966.90810263, 1893.81356398)
(-7441.56585824, 9966.90737234, 1893.81356398)
(-7441.47623888, 9966.90627944, 1893.81356398)
(-7441.41263804, 9966.90550381, 1893.81356398)
(-7441.34077734, 9966.90462747, 1893.81356398)
(-7441.28337137, 9966.90392741, 1893.81356398)
(-7441.21192365, 9966.90305614, 1893.81356398)
(-7441.14956175, 9966.90229563, 1893.81356398)
(-7441.07646205, 9966.9014042, 1893.81356398)
(-7441.01533913, 9966.90065879, 1893.81356398)
(-7440.94017449, 9966.89974216, 1893.81356398)
(-7440.8790516, 9966.89899676, 1893.81356398)
(-7440.80966887, 9966.89815067, 1893.81356398)
(-7440.74730701, 9966.89739016, 1893.81356398)
(-7440.66305654, 9966.89636275, 1893.81356398)
(-7440.60152064, 9966.89561231, 1893.81356398)
(-7440.54039774, 9966.89486693, 1893.81356398)
(-7440.48505671, 9966.89419205, 1893.81356398)
(-7440.39337234, 9966.893074, 1893.81356398)
(-7440.32564155, 9966.89224802, 1893.81356398)
(-7440.25460683, 9966.89138177, 1893.81356398)
(-7440.19967882, 9966.89071192, 1893.81356398)
(-7440.12575317, 9966.8898104, 1893.81356398)
(-7440.05760941, 9966.88897937, 1893.81356398)
(-7439.99607354, 9966.88822894, 1893.81356398)
(-7439.92256087, 9966.88733251, 1893.81356398)
(-7439.86515489, 9966.88663244, 1893.81356398)
(-7439.78751227, 9966.88568561, 1893.81356398)
(-7439.72762832, 9966.88495531, 1893.81356398)
(-7439.65163768, 9966.88402861, 1893.81356398)
(-7439.59175375, 9966.88329832, 1893.81356398)
(-7439.52030605, 9966.88242705, 1893.81356398)
(-7439.45877016, 9966.88167662, 1893.81356398)
(-7439.38360554, 9966.88076, 1893.81356398)
(-7439.32372163, 9966.88002971, 1893.81356398)
(-7439.23658021, 9966.87896702, 1893.81356398)
(-7439.17587029, 9966.87822666, 1893.81356398)
(-7439.11309541, 9966.87746112, 1893.81356398)
(-7439.03627878, 9966.87652439, 1893.81356398)
(-7438.98052476, 9966.87584447, 1893.81356398)
(-7438.90659908, 9966.87494296, 1893.81356398)
(-7438.84712815, 9966.8742177, 1893.81356398)
(-7438.77278951, 9966.87331114, 1893.81356398)
(-7438.70134181, 9966.87243983, 1893.81356398)
(-7438.63567601, 9966.87163903, 1893.81356398)
(-7438.56257634, 9966.87074761, 1893.81356398)
(-7438.49897548, 9966.86997199, 1893.81356398)
(-7438.42959272, 9966.86912588, 1893.81356398)
(-7438.36640483, 9966.8683553, 1893.81356398)
(-7438.2838063, 9966.86734801, 1893.81356398)
(-7438.21318456, 9966.86648678, 1893.81356398)
(-7438.15866954, 9966.86582196, 1893.81356398)
(-7438.08928681, 9966.86497586, 1893.81356398)
(-7438.01990407, 9966.86412973, 1893.81356398)
(-7437.9529993, 9966.86331383, 1893.81356398)
(-7437.89435436, 9966.86259865, 1893.81356398)
(-7437.8365354, 9966.86189355, 1893.81356398)
(-7437.77376052, 9966.861128, 1893.81356398)
(-7437.70313878, 9966.86026679, 1893.81356398)
(-7437.6395379, 9966.85949117, 1893.81356398)
(-7437.5833709, 9966.85880621, 1893.81356398)
(-7437.51687909, 9966.85799534, 1893.81356398)
(-7437.45286525, 9966.85721471, 1893.81356398)
(-7437.39091637, 9966.85645924, 1893.81356398)
(-7437.3240116, 9966.85564333, 1893.81356398)
(-7437.26784462, 9966.85495837, 1893.81356398)
(-7437.20217882, 9966.85415757, 1893.81356398)
(-7437.1311441, 9966.85329133, 1893.81356398)
(-7437.07126017, 9966.85256105, 1893.81356398)
(-7437.00022543, 9966.85169479, 1893.81356398)
(-7436.94199346, 9966.85098464, 1893.81356398)
(-7436.88169653, 9966.85024932, 1893.81356398)
(-7436.80735787, 9966.84934278, 1893.81356398)
(-7436.72186841, 9966.84830022, 1893.81356398)
(-7436.63637897, 9966.8472577, 1893.81356398)
(-7436.58805885, 9966.84666843, 1893.81356398)
(-7436.5199151, 9966.84583742, 1893.81356398)
(-7436.4364906, 9966.84482004, 1893.81356398)
(-7436.33861135, 9966.84362641, 1893.81356398)
(-7436.245275, 9966.84248816, 1893.81356398)
(-7436.17093632, 9966.84158162, 1893.81356398)
(-7436.1164213, 9966.8409168, 1893.81356398)
(-7436.03382279, 9966.83990951, 1893.81356398)
(-7435.95741918, 9966.83897775, 1893.81356398)
(-7435.87358172, 9966.83795536, 1893.81356398)
(-7435.78313636, 9966.83685237, 1893.81356398)
(-7435.71210164, 9966.8359861, 1893.81356398)
(-7435.62083026, 9966.83487305, 1893.81356398)
(-7435.55309946, 9966.83404707, 1893.81356398)
(-7435.46017612, 9966.83291387, 1893.81356398)
(-7435.38583745, 9966.8320073, 1893.81356398)
(-7435.30860785, 9966.83106549, 1893.81356398)
(-7435.24500701, 9966.83028986, 1893.81356398)
(-7435.19503493, 9966.82968045, 1893.81356398)
(-7435.12234825, 9966.82879403, 1893.81356398)
(-7435.03933675, 9966.82778173, 1893.81356398)
(-7434.969128, 9966.82692553, 1893.81356398)
(-7434.89107239, 9966.82597366, 1893.81356398)
(-7434.82912348, 9966.82521818, 1893.81356398)
(-7434.76717459, 9966.82446272, 1893.81356398)
(-7434.70770365, 9966.82373746, 1893.81356398)
(-7434.64823273, 9966.8230122, 1893.81356398)
(-7434.57100314, 9966.8220704, 1893.81356398)
(-7434.51607514, 9966.82140055, 1893.81356398)
(-7434.43967154, 9966.82046881, 1893.81356398)
(-7434.37648368, 9966.81969823, 1893.81356398)
(-7434.31081786, 9966.81889743, 1893.81356398)
(-7434.23978313, 9966.81803119, 1893.81356398)
(-7434.17824721, 9966.81728076, 1893.81356398)
(-7434.11092941, 9966.81645983, 1893.81356398)
(-7434.05393642, 9966.81576479, 1893.81356398)
(-7433.98579265, 9966.81493377, 1893.81356398)
(-7433.91806188, 9966.81410779, 1893.81356398)
(-7433.8511571, 9966.81329189, 1893.81356398)
(-7433.7962291, 9966.81262204, 1893.81356398)
(-7433.73262827, 9966.81184643, 1893.81356398)
(-7433.6587026, 9966.8109449, 1893.81356398)
(-7433.60212262, 9966.81025491, 1893.81356398)
(-7433.54017372, 9966.80949945, 1893.81356398)
(-7433.47781182, 9966.80873894, 1893.81356398)
(-7433.3943873, 9966.80772158, 1893.81356398)
(-7433.33367739, 9966.80698122, 1893.81356398)
(-7433.2663596, 9966.80616027, 1893.81356398)
(-7433.20771467, 9966.80544511, 1893.81356398)
(-7433.14865675, 9966.80472489, 1893.81356398)
(-7433.07597008, 9966.80383848, 1893.81356398)
(-7433.00617434, 9966.80298731, 1893.81356398)
(-7432.9421605, 9966.80220666, 1893.81356398)
(-7432.87566869, 9966.80139582, 1893.81356398)
(-7432.82074066, 9966.80072598, 1893.81356398)
(-7432.74764096, 9966.79983453, 1893.81356398)
(-7432.68362709, 9966.79905387, 1893.81356398)
(-7432.6051585, 9966.79809694, 1893.81356398)
(-7432.54568758, 9966.79737169, 1893.81356398)
(-7432.47713083, 9966.79653565, 1893.81356398)
(-7432.4292237, 9966.79595142, 1893.81356398)
(-7432.36025397, 9966.79511033, 1893.81356398)
(-7432.29417516, 9966.79430449, 1893.81356398)
(-7432.2309873, 9966.79353392, 1893.81356398)
(-7432.16573447, 9966.79273818, 1893.81356398)
(-7432.11369739, 9966.79210358, 1893.81356398)
(-7432.0397717, 9966.79120206, 1893.81356398)
(-7431.97988776, 9966.79047177, 1893.81356398)
(-7431.91504793, 9966.78968104, 1893.81356398)
(-7431.84773015, 9966.78886011, 1893.81356398)
(-7431.79404112, 9966.78820536, 1893.81356398)
(-7431.72713635, 9966.78738946, 1893.81356398)
(-7431.65899259, 9966.78655844, 1893.81356398)
(-7431.59663072, 9966.78579793, 1893.81356398)
(-7431.52848695, 9966.78496693, 1893.81356398)
(-7431.48016681, 9966.78437766, 1893.81356398)
(-7431.4074801, 9966.78349125, 1893.81356398)
(-7431.35007411, 9966.78279118, 1893.81356398)
(-7431.2778004, 9966.78190981, 1893.81356398)
(-7431.22039443, 9966.78120974, 1893.81356398)
(-7431.16174949, 9966.78049456, 1893.81356398)
(-7431.09897463, 9966.77972901, 1893.81356398)
(-7431.04322065, 9966.77904908, 1893.81356398)
(-7430.96846902, 9966.77813749, 1893.81356398)
(-7430.91643196, 9966.77750289, 1893.81356398)
(-7430.84828819, 9966.77667188, 1893.81356398)
(-7430.78344835, 9966.77588116, 1893.81356398)
(-7430.70869668, 9966.77496957, 1893.81356398)
(-7430.64013989, 9966.77413352, 1893.81356398)
(-7430.55052049, 9966.77304061, 1893.81356398)
(-7430.4613141, 9966.77195272, 1893.81356398)
(-7430.39193137, 9966.77110661, 1893.81356398)
(-7430.33700337, 9966.77043675, 1893.81356398)
(-7430.26142575, 9966.76951508, 1893.81356398)
(-7430.1755233, 9966.76846749, 1893.81356398)
(-7430.07557909, 9966.76724867, 1893.81356398)
(-7430.00619632, 9966.76640254, 1893.81356398)
(-7429.9227718, 9966.76538518, 1893.81356398)
(-7429.87197371, 9966.7647657, 1893.81356398)
(-7429.77698542, 9966.76360731, 1893.81356398)
(-7429.70182079, 9966.76269066, 1893.81356398)
(-7429.62004828, 9966.76169344, 1893.81356398)
(-7429.54818759, 9966.76081709, 1893.81356398)
(-7429.45980719, 9966.75973929, 1893.81356398)
(-7429.39496735, 9966.75894856, 1893.81356398)
(-7429.31567276, 9966.75798156, 1893.81356398)
(-7429.26404867, 9966.757352, 1893.81356398)
(-7429.20870766, 9966.75667712, 1893.81356398)
(-7429.14634577, 9966.75591661, 1893.81356398)
(-7429.06457325, 9966.75491939, 1893.81356398)
(-7428.9956035, 9966.75407829, 1893.81356398)
(-7428.91713494, 9966.75312136, 1893.81356398)
(-7428.84320929, 9966.75221983, 1893.81356398)
(-7428.78043442, 9966.75145428, 1893.81356398)
(-7428.72385444, 9966.7507643, 1893.81356398)
(-7428.66107955, 9966.74999875, 1893.81356398)
(-7428.59252277, 9966.7491627, 1893.81356398)
(-7428.52231401, 9966.7483065, 1893.81356398)
(-7428.45830016, 9966.74752584, 1893.81356398)
(-7428.38767843, 9966.74666462, 1893.81356398)
(-7428.32944649, 9966.74595447, 1893.81356398)
(-7428.2687366, 9966.74521411, 1893.81356398)
(-7428.21298262, 9966.74453418, 1893.81356398)
(-7428.14442587, 9966.74369813, 1893.81356398)
(-7428.06802225, 9966.7427664, 1893.81356398)
(-7428.00731233, 9966.74202604, 1893.81356398)
(-7427.94990635, 9966.74132597, 1893.81356398)
(-7427.8966303, 9966.74067626, 1893.81356398)
(-7427.83096446, 9966.73987546, 1893.81356398)
(-7427.76777659, 9966.73910489, 1893.81356398)
(-7427.71986945, 9966.73852066, 1893.81356398)
(-7427.65420364, 9966.73771985, 1893.81356398)
(-7427.5959717, 9966.73700971, 1893.81356398)
(-7427.5199811, 9966.736083, 1893.81356398)
(-7427.46216215, 9966.73537789, 1893.81356398)
(-7427.40021327, 9966.73462242, 1893.81356398)
(-7427.34941518, 9966.73400293, 1893.81356398)
(-7427.29118322, 9966.73329279, 1893.81356398)
(-7427.21560556, 9966.73237112, 1893.81356398)
(-7427.15448265, 9966.73162572, 1893.81356398)
(-7427.07023215, 9966.73059828, 1893.81356398)
(-7427.03017187, 9966.73010974, 1893.81356398)
(-7426.94096549, 9966.72902186, 1893.81356398)
(-7426.86084495, 9966.72804478, 1893.81356398)
(-7426.77989843, 9966.72705764, 1893.81356398)
(-7426.6766503, 9966.72579852, 1893.81356398)
(-7426.58207499, 9966.72464519, 1893.81356398)
(-7426.5135182, 9966.72380913, 1893.81356398)
(-7426.43587558, 9966.72286227, 1893.81356398)
(-7426.34295224, 9966.72172906, 1893.81356398)
(-7426.27522147, 9966.72090309, 1893.81356398)
(-7426.20996866, 9966.72010732, 1893.81356398)
(-7426.12860914, 9966.71911513, 1893.81356398)
(-7426.04724963, 9966.71812296, 1893.81356398)
(-7425.98530075, 9966.71736749, 1893.81356398)
(-7425.92252587, 9966.71660195, 1893.81356398)
(-7425.87627069, 9966.71603786, 1893.81356398)
(-7425.802345, 9966.71513633, 1893.81356398)
(-7425.74163508, 9966.71439597, 1893.81356398)
(-7425.66605743, 9966.7134743, 1893.81356398)
(-7425.61154241, 9966.71280948, 1893.81356398)
(-7425.54505062, 9966.7119986, 1893.81356398)
(-7425.48681868, 9966.71128845, 1893.81356398)
(-7425.43023872, 9966.71059845, 1893.81356398)
(-7425.35796504, 9966.70971708, 1893.81356398)
(-7425.30055907, 9966.709017, 1893.81356398)
(-7425.22291647, 9966.70807015, 1893.81356398)
(-7425.14651282, 9966.7071384, 1893.81356398)
(-7425.0688702, 9966.70619154, 1893.81356398)
(-7424.98916262, 9966.7052195, 1893.81356398)
(-7424.91854089, 9966.70435826, 1893.81356398)
(-7424.86319989, 9966.70368336, 1893.81356398)
(-7424.80744591, 9966.70300344, 1893.81356398)
(-7424.72402144, 9966.70198606, 1893.81356398)
(-7424.61746937, 9966.70068666, 1893.81356398)
(-7424.53569684, 9966.69968943, 1893.81356398)
(-7424.45805422, 9966.69874259, 1893.81356398)
(-7424.38660649, 9966.69787127, 1893.81356398)
(-7424.28170636, 9966.69659201, 1893.81356398)
(-7424.18465311, 9966.69540843, 1893.81356398)
(-7424.10494556, 9966.6944364, 1893.81356398)
(-7424.05414749, 9966.69381691, 1893.81356398)
(-7423.96865805, 9966.69277435, 1893.81356398)
(-7423.85632408, 9966.69140445, 1893.81356398)
(-7423.77042161, 9966.69035686, 1893.81356398)
(-7423.69525694, 9966.68944022, 1893.81356398)
(-7423.63124307, 9966.68865956, 1893.81356398)
(-7423.53129887, 9966.68744073, 1893.81356398)
(-7423.48463071, 9966.6868716, 1893.81356398)
(-7423.42061688, 9966.68609095, 1893.81356398)
(-7423.34793021, 9966.68520453, 1893.81356398)
(-7423.27276558, 9966.68428789, 1893.81356398)
(-7423.19760094, 9966.68337125, 1893.81356398)
(-7423.14143395, 9966.68268629, 1893.81356398)
(-7423.07411614, 9966.68186534, 1893.81356398)
(-7422.99688651, 9966.68092352, 1893.81356398)
(-7422.92667776, 9966.68006733, 1893.81356398)
(-7422.87174974, 9966.67939747, 1893.81356398)
(-7422.79204218, 9966.67842543, 1893.81356398)
(-7422.74372206, 9966.67783616, 1893.81356398)
(-7422.66731846, 9966.67690441, 1893.81356398)
(-7422.57769909, 9966.67581148, 1893.81356398)
(-7422.49840453, 9966.67484448, 1893.81356398)
(-7422.42323987, 9966.67392784, 1893.81356398)
(-7422.32081769, 9966.67267879, 1893.81356398)
(-7422.25143492, 9966.67183266, 1893.81356398)
(-7422.17337932, 9966.67088077, 1893.81356398)
(-7422.10440956, 9966.67003967, 1893.81356398)
(-7422.01396421, 9966.66893667, 1893.81356398)
(-7421.96316614, 9966.66831718, 1893.81356398)
(-7421.89832633, 9966.66752645, 1893.81356398)
(-7421.81490184, 9966.66650908, 1893.81356398)
(-7421.73519427, 9966.66553705, 1893.81356398)
(-7421.67241938, 9966.6647715, 1893.81356398)
(-7421.59642873, 9966.66384479, 1893.81356398)
(-7421.53158888, 9966.66305406, 1893.81356398)
(-7421.46261912, 9966.66221297, 1893.81356398)
(-7421.41182103, 9966.66159348, 1893.81356398)
(-7421.35565405, 9966.66090851, 1893.81356398)
(-7421.27512053, 9966.6599264, 1893.81356398)
(-7421.20408582, 9966.65906012, 1893.81356398)
(-7421.13511608, 9966.65821903, 1893.81356398)
(-7421.08555697, 9966.65761465, 1893.81356398)
(-7421.01989114, 9966.65681385, 1893.81356398)
(-7420.94100954, 9966.65585189, 1893.81356398)
(-7420.86047597, 9966.65486978, 1893.81356398)
(-7420.78655029, 9966.65396824, 1893.81356398)
(-7420.71138565, 9966.6530516, 1893.81356398)
(-7420.64613283, 9966.65225583, 1893.81356398)
(-7420.58583594, 9966.6515205, 1893.81356398)
(-7420.53751582, 9966.65093123, 1893.81356398)
(-7420.47061104, 9966.65011532, 1893.81356398)
(-7420.3954464, 9966.64919869, 1893.81356398)
(-7420.32978057, 9966.64839789, 1893.81356398)
(-7420.25791985, 9966.64752154, 1893.81356398)
(-7420.18812408, 9966.64667037, 1893.81356398)
(-7420.13030511, 9966.64596527, 1893.81356398)
(-7420.08281096, 9966.64538607, 1893.81356398)
(-7420.00764632, 9966.64446943, 1893.81356398)
(-7419.93289468, 9966.64355782, 1893.81356398)
(-7419.85112218, 9966.64256059, 1893.81356398)
(-7419.78545637, 9966.64175979, 1893.81356398)
(-7419.69501101, 9966.6406568, 1893.81356398)
(-7419.62397628, 9966.63979052, 1893.81356398)
(-7419.54055176, 9966.63877316, 1893.81356398)
(-7419.46208315, 9966.63781623, 1893.81356398)
(-7419.37783266, 9966.63678878, 1893.81356398)
(-7419.31670976, 9966.63604338, 1893.81356398)
(-7419.25145695, 9966.63524761, 1893.81356398)
(-7419.19900691, 9966.63460798, 1893.81356398)
(-7419.12466827, 9966.63370141, 1893.81356398)
(-7419.04537371, 9966.6327344, 1893.81356398)
(-7418.98590278, 9966.63200915, 1893.81356398)
(-7418.9119771, 9966.63110762, 1893.81356398)
(-7418.83226951, 9966.63013558, 1893.81356398)
(-7418.75999579, 9966.6292542, 1893.81356398)
(-7418.68813508, 9966.62837785, 1893.81356398)
(-7418.63527203, 9966.62773318, 1893.81356398)
(-7418.56299792, 9966.62685156, 1893.81356398)
(-7418.50185607, 9966.62581606, 1893.81356399)
(-7418.43783169, 9966.62472474, 1893.81356399)
(-7418.3841283, 9966.62365318, 1893.81356398)
(-7418.32217073, 9966.6224089, 1893.81356397)
(-7418.26724784, 9966.62141696, 1893.81356398)
(-7418.20860795, 9966.62036104, 1893.81356398)
(-7418.14997195, 9966.61936258, 1893.81356398)
(-7418.08844577, 9966.6183915, 1893.81356398)
(-7418.03021665, 9966.61740771, 1893.81356398)
(-7417.967859, 9966.61634687, 1893.81356398)
(-7417.9096177, 9966.61516055, 1893.81356397)
(-7417.84518551, 9966.61379319, 1893.81356399)
(-7417.78530924, 9966.61262729, 1893.81356398)
(-7417.7167606, 9966.61130646, 1893.81356398)
(-7417.65978727, 9966.6104289, 1893.81356398)
(-7417.59661363, 9966.60948619, 1893.81356397)
(-7417.54416574, 9966.60860859, 1893.81356398)
(-7417.48139412, 9966.60753591, 1893.81356398)
(-7417.41736663, 9966.6061668, 1893.81356398)
(-7417.34302285, 9966.60455753, 1893.81356398)
(-7417.28232266, 9966.60336126, 1893.81356398)
(-7417.19643393, 9966.60175678, 1893.81356397)
(-7417.1357458, 9966.60100729, 1893.81356398)
(-7417.07464165, 9966.60022679, 1893.81356397)
(-7417.01185238, 9966.59903977, 1893.81356399)
(-7416.94658652, 9966.59758222, 1893.81356399)
(-7416.86604921, 9966.59582489, 1893.81356398)
(-7416.8049375, 9966.59463013, 1893.81356398)
(-7416.73928331, 9966.59341267, 1893.81356397)
(-7416.69015518, 9966.59275348, 1893.81356399)
(-7416.63813676, 9966.5920695, 1893.81356397)
(-7416.5708323, 9966.59119002, 1893.81356397)
(-7416.50762642, 9966.5897199, 1893.81356398)
(-7416.44153509, 9966.58818384, 1893.81356398)
(-7416.38661183, 9966.58703164, 1893.81356398)
(-7416.32673284, 9966.58573267, 1893.81356398)
(-7416.27141369, 9966.58490216, 1893.81356399)
(-7416.20205695, 9966.5839355, 1893.81356398)
(-7416.13763881, 9966.58294948, 1893.81356398)
(-7416.06619814, 9966.58187005, 1893.81356398)
(-7416.00093059, 9966.58037092, 1893.81356399)
(-7415.92905999, 9966.57874132, 1893.81356398)
(-7415.86753442, 9966.5775048, 1893.81356398)
(-7415.80105527, 9966.57626317, 1893.81356397)
(-7415.74697361, 9966.57543905, 1893.81356397)
(-7415.68545264, 9966.5745113, 1893.81356398)
(-7415.62846274, 9966.5735483, 1893.81356398)
(-7415.56280123, 9966.57242307, 1893.81356398)
(-7415.50166654, 9966.57113052, 1893.81356398)
(-7415.43434371, 9966.56967854, 1893.81356398)
(-7415.37240376, 9966.5684588, 1893.81356398)
(-7415.31624418, 9966.56736774, 1893.81356398)
(-7415.25720838, 9966.56647685, 1893.81356398)
(-7415.20560154, 9966.56575015, 1893.81356398)
(-7415.13334382, 9966.56477349, 1893.81356397)
(-7415.0717952, 9966.56345425, 1893.81356398)
(-7415.00900873, 9966.56200794, 1893.81356398)
(-7414.93797469, 9966.56044639, 1893.81356398)
(-7414.88306012, 9966.55940848, 1893.81356398)
(-7414.82649329, 9966.55841609, 1893.81356397)
(-7414.77736545, 9966.55775009, 1893.81356396)
(-7414.71750127, 9966.55695666, 1893.81356398)
(-7414.65101957, 9966.55604635, 1893.81356398)
(-7414.59070645, 9966.55466906, 1893.81356398)
(-7414.52585417, 9966.55315367, 1893.81356399)
(-7414.47464722, 9966.55208078, 1893.81356398)
(-7414.40733461, 9966.55062344, 1893.81356398)
(-7414.34623545, 9966.54970394, 1893.81356399)
(-7414.27605192, 9966.54870821, 1893.81356398)
(-7414.21411098, 9966.5477503, 1893.81356398)
(-7414.13276037, 9966.54654724, 1893.81356398)
(-7414.06790472, 9966.54501132, 1893.81356399)
(-7413.97909543, 9966.5429009, 1893.81356398)
(-7413.91262475, 9966.54165922, 1893.81356398)
(-7413.82674505, 9966.54020318, 1893.81356398)
(-7413.75903839, 9966.53932247, 1893.81356398)
(-7413.66736848, 9966.53809581, 1893.81356398)
(-7413.61159811, 9966.53675629, 1893.81356398)
(-7413.52651021, 9966.53464909, 1893.81356397)
(-7413.46994767, 9966.53358581, 1893.81356399)
(-7413.40595159, 9966.53248174, 1893.81356398)
(-7413.34691118, 9966.53155115, 1893.81356398)
(-7413.28084479, 9966.53051828, 1893.81356398)
(-7413.2168342, 9966.52942727, 1893.81356398)
(-7413.14786928, 9966.52824379, 1893.81356398)
(-7413.08673424, 9966.5269447, 1893.81356399)
(-7413.02436773, 9966.52559647, 1893.81356398)
(-7412.96614426, 9966.52444667, 1893.81356398)
(-7412.90337744, 9966.52322835, 1893.81356398)
(-7412.84351496, 9966.52243474, 1893.813564)
(-7412.79190723, 9966.52174584, 1893.81356397)
(-7412.725839, 9966.52085335, 1893.81356398)
(-7412.66263384, 9966.51938366, 1893.81356399)
(-7412.60480496, 9966.51799899, 1893.81356399)
(-7412.55235997, 9966.51690245, 1893.81356398)
(-7412.48257101, 9966.51541378, 1893.81356398)
(-7412.41775696, 9966.51445667, 1893.813564)
(-7412.35046176, 9966.51350361, 1893.81356398)
(-7412.29966957, 9966.51270971, 1893.81356398)
(-7412.24268322, 9966.51185557, 1893.81356398)
(-7412.18980913, 9966.51071052, 1893.81356398)
(-7412.13032616, 9966.50937704, 1893.81356398)
(-7412.07126901, 9966.50810685, 1893.81356398)
(-7411.99982544, 9966.50654169, 1893.81356398)
(-7411.94079122, 9966.50567538, 1893.81356398)
(-7411.87762684, 9966.50480292, 1893.81356398)
(-7411.82394478, 9966.50397597, 1893.81356398)
(-7411.76241606, 9966.50306733, 1893.81356398)
(-7411.71036749, 9966.50193278, 1893.81356398)
(-7411.64840579, 9966.50054379, 1893.81356399)
(-7411.58810968, 9966.49924442, 1893.81356398)
(-7411.53153319, 9966.49801376, 1893.81356398)
(-7411.47497456, 9966.49713121, 1893.81356399)
(-7411.42502108, 9966.49642186, 1893.81356398)
(-7411.35235138, 9966.49539956, 1893.81356398)
(-7411.29659391, 9966.49442943, 1893.81356398)
(-7411.23175012, 9966.49321344, 1893.81356399)
(-7411.1780512, 9966.49207112, 1893.81356398)
(-7411.11238089, 9966.49065409, 1893.81356399)
(-7411.05869978, 9966.48959058, 1893.81356398)
(-7410.99882333, 9966.48841525, 1893.81356397)
(-7410.93730951, 9966.48746291, 1893.81356398)
(-7410.8621631, 9966.48634202, 1893.81356399)
(-7410.80021663, 9966.48530584, 1893.81356398)
(-7410.7262926, 9966.48398958, 1893.81356398)
(-7410.65979042, 9966.48243029, 1893.81356398)
(-7410.59287917, 9966.48086523, 1893.81356398)
(-7410.54086034, 9966.47992541, 1893.81356397)
(-7410.48553768, 9966.47901122, 1893.81356399)
(-7410.42980433, 9966.47826535, 1893.81356397)
(-7410.36333156, 9966.47738688, 1893.81356398)
(-7410.3026129, 9966.47630104, 1893.813564)
(-7410.23074184, 9966.47486743, 1893.81356399)
(-7410.16919615, 9966.47342031, 1893.81356399)
(-7410.10889626, 9966.47202555, 1893.81356398)
(-7410.05687788, 9966.47109563, 1893.81356399)
(-7410.00197129, 9966.47028129, 1893.81356397)
(-7409.93426021, 9966.46929794, 1893.81356397)
(-7409.86983682, 9966.4682318, 1893.81356398)
(-7409.80954228, 9966.46719409, 1893.81356398)
(-7409.73355146, 9966.46578792, 1893.81356398)
(-7409.67365766, 9966.46432865, 1893.81356398)
(-7409.6038546, 9966.46265374, 1893.81356397)
(-7409.55390438, 9966.4619222, 1893.81356397)
(-7409.49445516, 9966.46115863, 1893.813564)
(-7409.43581911, 9966.460268, 1893.81356397)
(-7409.36685766, 9966.45923757, 1893.81356398)
(-7409.29993962, 9966.45780112, 1893.81356398)
(-7409.23219776, 9966.45629382, 1893.81356398)
(-7409.16736136, 9966.4549136, 1893.81356398)
(-7409.09839763, 9966.45341393, 1893.81356398)
(-7409.05009761, 9966.45274171, 1893.81356397)
(-7408.98693307, 9966.45192478, 1893.81356397)
(-7408.92622589, 9966.45093331, 1893.81356398)
(-7408.85808398, 9966.44976117, 1893.81356398)
(-7408.78581058, 9966.44844292, 1893.81356398)
(-7408.72219957, 9966.44692641, 1893.81356398)
(-7408.66106968, 9966.44548409, 1893.81356398)
(-7408.59130089, 9966.44442675, 1893.81356398)
(-7408.52565891, 9966.44349556, 1893.81356398)
(-7408.45298166, 9966.44238877, 1893.81356398)
(-7408.40424615, 9966.44153167, 1893.81356398)
(-7408.33651212, 9966.44026037, 1893.81356398)
(-7408.26794303, 9966.43866202, 1893.81356399)
(-7408.19442691, 9966.43696902, 1893.81356398)
(-7408.10316684, 9966.43494426, 1893.81356398)
(-7408.03052452, 9966.43424308, 1893.81356397)
(-7407.94629936, 9966.43321445, 1893.81356398)
(-7407.87979067, 9966.43191323, 1893.81356398)
(-7407.80131279, 9966.43036353, 1893.81356399)
(-7407.74183261, 9966.42895238, 1893.81356399)
(-7407.68111589, 9966.42750351, 1893.81356398)
(-7407.63116506, 9966.42675214, 1893.81356397)
(-7407.57460633, 9966.42599706, 1893.81356397)
(-7407.51266872, 9966.42508195, 1893.81356397)
(-7407.43668767, 9966.42396599, 1893.81356398)
(-7407.37596462, 9966.42263018, 1893.81356399)
(-7407.30987282, 9966.42112523, 1893.81356398)
(-7407.25370934, 9966.41993557, 1893.81356398)
(-7407.19589492, 9966.41868156, 1893.81356398)
(-7407.1442915, 9966.4179171, 1893.81356398)
(-7407.07823755, 9966.41700736, 1893.81356397)
(-7407.02620803, 9966.41621647, 1893.81356398)
(-7406.95518039, 9966.41514561, 1893.81356398)
(-7406.90024029, 9966.41393698, 1893.81356399)
(-7406.83745333, 9966.41252287, 1893.81356398)
(-7406.78913516, 9966.41149425, 1893.81356398)
(-7406.72718955, 9966.41013879, 1893.81356398)
(-7406.67352134, 9966.40930889, 1893.81356399)
(-7406.61242089, 9966.40843724, 1893.81356398)
(-7406.54635403, 9966.40746082, 1893.81356398)
(-7406.48729502, 9966.40644828, 1893.81356398)
(-7406.43236468, 9966.40542945, 1893.81356398)
(-7406.37949162, 9966.40430189, 1893.81356399)
(-7406.31175551, 9966.40283613, 1893.81356398)
(-7406.24981563, 9966.40161369, 1893.81356398)
(-7406.18704871, 9966.40038885, 1893.81356398)
(-7406.13379308, 9966.39958252, 1893.81356398)
(-7406.07764075, 9966.39874059, 1893.81356399)
(-7406.02147662, 9966.39778154, 1893.81356398)
(-7405.95911921, 9966.39671016, 1893.81356398)
(-7405.90170444, 9966.39552929, 1893.81356398)
(-7405.83479423, 9966.39409399, 1893.81356398)
(-7405.77161514, 9966.39285726, 1893.81356398)
(-7405.71132532, 9966.39168483, 1893.81356398)
(-7405.65971952, 9966.39087964, 1893.81356398)
(-7405.60109149, 9966.39001288, 1893.81356398)
(-7405.54327586, 9966.38903771, 1893.81356398)
(-7405.47678793, 9966.38789981, 1893.81356398)
(-7405.41978486, 9966.38670708, 1893.81356398)
(-7405.35783198, 9966.38539455, 1893.81356398)
(-7405.30497615, 9966.38436929, 1893.81356398)
(-7405.24757682, 9966.38325977, 1893.81356398)
(-7405.18936141, 9966.3823135, 1893.81356399)
(-7405.12783829, 9966.38135501, 1893.81356398)
(-7405.07250029, 9966.38040012, 1893.81356398)
(-7405.01633753, 9966.37942626, 1893.81356398)
(-7404.95108949, 9966.37829362, 1893.81356398)
(-7404.89615201, 9966.37702378, 1893.81356397)
(-7404.83956238, 9966.37568375, 1893.81356398)
(-7404.77928201, 9966.37456408, 1893.81356397)
(-7404.71569649, 9966.37347636, 1893.81356397)
(-7404.65913662, 9966.37272252, 1893.81356397)
(-7404.59844407, 9966.37192104, 1893.81356398)
(-7404.54474689, 9966.37094729, 1893.81356398)
(-7404.48650846, 9966.36981684, 1893.81356399)
(-7404.43281059, 9966.36858259, 1893.81356399)
(-7404.37663587, 9966.36726839, 1893.81356398)
(-7404.31592845, 9966.36587132, 1893.81356398)
(-7404.26350254, 9966.36517179, 1893.81356397)
(-7404.20116389, 9966.36435307, 1893.81356397)
(-7404.14459154, 9966.36349556, 1893.81356398)
(-7404.08677814, 9966.36261853, 1893.81356398)
(-7404.03266461, 9966.36147304, 1893.81356399)
(-7403.98268303, 9966.36037216, 1893.81356399)
(-7403.90586172, 9966.35867011, 1893.81356398)
(-7403.85300977, 9966.3576427, 1893.81356398)
(-7403.78281639, 9966.35639448, 1893.81356397)
(-7403.72708184, 9966.35555126, 1893.81356398)
(-7403.66431953, 9966.35460963, 1893.81356398)
(-7403.61476221, 9966.35377803, 1893.81356398)
(-7403.55570751, 9966.35277564, 1893.81356398)
(-7403.49622452, 9966.35152172, 1893.81356398)
(-7403.40866259, 9966.34962045, 1893.81356398)
(-7403.33640079, 9966.34820801, 1893.81356398)
(-7403.22491335, 9966.34621702, 1893.81356397)
(-7403.15307763, 9966.34540758, 1893.81356398)
(-7403.04365073, 9966.34399838, 1893.81356398)
(-7402.97339951, 9966.34200705, 1893.81356399)
(-7402.89822729, 9966.3399866, 1893.81356398)
(-7402.82431581, 9966.33827875, 1893.81356398)
(-7402.74798281, 9966.33762588, 1893.81356399)
(-7402.65879521, 9966.33645035, 1893.81356398)
(-7402.58567795, 9966.33504917, 1893.81356399)
(-7402.53570064, 9966.33407482, 1893.81356398)
(-7402.48241654, 9966.33282841, 1893.81356398)
(-7402.4047637, 9966.33098076, 1893.81356398)
(-7402.34861971, 9966.33013479, 1893.81356398)
(-7402.28669314, 9966.32930227, 1893.81356397)
(-7402.22103897, 9966.32836753, 1893.81356398)
(-7402.17023735, 9966.32747321, 1893.81356398)
(-7402.11695768, 9966.32648029, 1893.81356399)
(-7402.06573711, 9966.32540017, 1893.81356398)
(-7401.99923995, 9966.32397202, 1893.81356399)
(-7401.94101595, 9966.32282525, 1893.81356398)
(-7401.8790745, 9966.32161498, 1893.81356398)
(-7401.82416458, 9966.3207383, 1893.81356398)
(-7401.76181854, 9966.31978884, 1893.81356398)
(-7401.7073065, 9966.31885225, 1893.81356398)
(-7401.65775095, 9966.31799631, 1893.81356398)
(-7401.5999361, 9966.31699626, 1893.81356398)
(-7401.54499935, 9966.31574809, 1893.81356399)
(-7401.48923515, 9966.31442421, 1893.81356398)
(-7401.42191784, 9966.31286726, 1893.81356399)
(-7401.36288925, 9966.31207278, 1893.81356397)
(-7401.29848525, 9966.31129821, 1893.81356399)
(-7401.23241083, 9966.31025959, 1893.81356398)
(-7401.17211007, 9966.30920362, 1893.81356398)
(-7401.11841859, 9966.30820454, 1893.81356398)
(-7401.06182947, 9966.30688434, 1893.81356397)
(-7401.0081325, 9966.30563155, 1893.81356399)
(-7400.93503292, 9966.30392881, 1893.81356398)
(-7400.86775022, 9966.30307814, 1893.81356397)
(-7400.79591519, 9966.30220109, 1893.81356398)
(-7400.73520109, 9966.30116804, 1893.81356398)
(-7400.66292169, 9966.29983468, 1893.81356399)
(-7400.6096357, 9966.29871234, 1893.81356398)
(-7400.55594228, 9966.29756787, 1893.81356399)
(-7400.50225987, 9966.29651631, 1893.81356398)
(-7400.4448606, 9966.29540636, 1893.81356398)
(-7400.38994814, 9966.29451125, 1893.81356399)
(-7400.3255349, 9966.29350659, 1893.81356397)
(-7400.27019706, 9966.29255219, 1893.81356398)
(-7400.21568606, 9966.29160672, 1893.81356398)
(-7400.15869693, 9966.29061634, 1893.81356399)
(-7400.10830258, 9966.28946216, 1893.81356399)
(-7400.0537785, 9966.28818608, 1893.81356398)
(-7399.99141612, 9966.2867462, 1893.81356399)
(-7399.93362364, 9966.28594678, 1893.81356397)
(-7399.86963291, 9966.28512761, 1893.81356398)
(-7399.81470994, 9966.28426191, 1893.81356398)
(-7399.75029062, 9966.28331985, 1893.81356398)
(-7399.69718372, 9966.28673415, 1893.813564)
(-7399.64548606, 9966.29858689, 1893.81356401)
(-7399.59196269, 9966.31975467, 1893.81356406)
(-7399.52554596, 9966.34678747, 1893.81356397)
(-7399.47023146, 9966.36868765, 1893.81356388)
(-7399.41598459, 9966.38908179, 1893.81356396)
(-7399.36941807, 9966.40479905, 1893.81356397)
(-7399.31566936, 9966.42241865, 1893.81356399)
(-7399.26214412, 9966.44350986, 1893.81356412)
(-7399.20831419, 9966.46725209, 1893.813564)
(-7399.14124909, 9966.4966432, 1893.813564)
(-7399.08801795, 9966.51923965, 1893.81356397)
(-7399.02711944, 9966.54484463, 1893.81356398)
(-7398.97388785, 9966.56279736, 1893.81356395)
(-7398.92266724, 9966.57620087, 1893.813564)
(-7398.86674606, 9966.59071267, 1893.81356403)
(-7398.81830894, 9966.60441661, 1893.81356401)
(-7398.76318969, 9966.62050216, 1893.81356399)
(-7398.69341969, 9966.64093303, 1893.81356399)
(-7398.64112542, 9966.65179176, 1893.81356356)
(-7398.57749801, 9966.65374797, 1893.81356417)
(-7398.52290587, 9966.65902206, 1893.813564)
(-7398.46276093, 9966.67133136, 1893.81356391)
(-7398.41160855, 9966.67813286, 1893.81356388)
(-7398.3605104, 9966.68199538, 1893.81356389)
(-7398.30558204, 9966.68437762, 1893.81356389)
(-7398.23428727, 9966.68766991, 1893.81356396)
(-7398.17448673, 9966.68534791, 1893.81356414)
(-7398.09808189, 9966.6784117, 1893.81356405)
(-7398.02584719, 9966.67138536, 1893.813564)
(-7397.94787533, 9966.66639097, 1893.81356397)
(-7397.88477633, 9966.66068967, 1893.81356397)
(-7397.81512253, 9966.65456647, 1893.81356398)
(-7397.74962807, 9966.64839164, 1893.81356399)
(-7397.67349148, 9966.64138176, 1893.81356399)
(-7397.60810596, 9966.62925216, 1893.8135639)
(-7397.52882897, 9966.60453716, 1893.81356395)
(-7397.46440894, 9966.58797455, 1893.81356397)
(-7397.3999988, 9966.573637, 1893.81356396)
(-7397.33067776, 9966.55841522, 1893.81356399)
(-7397.27094799, 9966.53999414, 1893.81356411)
(-7397.22152175, 9966.51380718, 1893.81356417)
(-7397.18377898, 9966.49236662, 1893.81356418)
(-7397.14170403, 9966.45915723, 1893.81359957)
(-7397.10608992, 9966.40144719, 1893.81380971)
