(-7457.69990269, 9975.22999947, 1893.81356617)
(-7457.64926389, 9975.2300984, 1893.81406225)
(-7457.59433612, 9975.23017444, 1893.81366956)
(-7457.51545779, 9975.23037415, 1893.81356411)
(-7457.45350004, 9975.23043823, 1893.81356381)
(-7457.37667429, 9975.23048725, 1893.81356393)
(-7457.31555672, 9975.23071043, 1893.81356401)
(-7457.25237179, 9975.23099079, 1893.81356396)
(-7457.1883909, 9975.23288032, 1893.81356399)
(-7457.11617934, 9975.2348708, 1893.81356397)
(-7457.05470402, 9975.23773581, 1893.81356397)
(-7456.97799769, 9975.24118993, 1893.81356397)
(-7456.91694334, 9975.24377995, 1893.81356397)
(-7456.85670075, 9975.2462676, 1893.81356397)
(-7456.78822171, 9975.24929887, 1893.81356398)
(-7456.7184943, 9975.25235809, 1893.81356398)
(-7456.66281658, 9975.25501896, 1893.81356397)
(-7456.58692075, 9975.25866326, 1893.81356398)
(-7456.52792535, 9975.26143772, 1893.81356398)
(-7456.46191848, 9975.26457977, 1893.81356398)
(-7456.40086456, 9975.2675278, 1893.81356398)
(-7456.3443441, 9975.27021096, 1893.81356398)
(-7456.27421351, 9975.27360002, 1893.81356398)
(-7456.21233092, 9975.27656298, 1893.81356399)
(-7456.14756452, 9975.27971964, 1893.81356398)
(-7456.07414003, 9975.28337187, 1893.81356398)
(-7456.0192727, 9975.28605306, 1893.81356398)
(-7455.94254171, 9975.28979715, 1893.81356398)
(-7455.86952329, 9975.29335946, 1893.81356398)
(-7455.77629092, 9975.29790843, 1893.81356398)
(-7455.69784641, 9975.30090541, 1893.81356398)
(-7455.60868834, 9975.30446997, 1893.81356398)
(-7455.5451748, 9975.30754347, 1893.81356397)
(-7455.46433378, 9975.31148657, 1893.81356398)
(-7455.40243462, 9975.31424184, 1893.81356398)
(-7455.32443695, 9975.31760578, 1893.81356398)
(-7455.23323559, 9975.32151388, 1893.81356398)
(-7455.15974127, 9975.32412087, 1893.81356398)
(-7455.08338279, 9975.32705669, 1893.81356398)
(-7455.01822668, 9975.33030885, 1893.81356397)
(-7454.9547197, 9975.33348469, 1893.81356399)
(-7454.89859299, 9975.33592795, 1893.81356397)
(-7454.83173049, 9975.3387165, 1893.81356397)
(-7454.76360938, 9975.34129538, 1893.81356399)
(-7454.69880216, 9975.34377785, 1893.81356398)
(-7454.6348299, 9975.34626974, 1893.81356397)
(-7454.57832843, 9975.34900423, 1893.81356398)
(-7454.5057438, 9975.35252914, 1893.81356397)
(-7454.43930789, 9975.35546774, 1893.81356398)
(-7454.36089783, 9975.35882188, 1893.81356398)
(-7454.29732848, 9975.361341, 1893.81356398)
(-7454.22674805, 9975.36413839, 1893.81356398)
(-7454.16319854, 9975.36676448, 1893.81356398)
(-7454.08933464, 9975.36988041, 1893.81356398)
(-7454.02829684, 9975.37282742, 1893.81356397)
(-7453.95611703, 9975.37632442, 1893.81356398)
(-7453.88016473, 9975.37945985, 1893.81356398)
(-7453.81865193, 9975.38183028, 1893.81356398)
(-7453.7402289, 9975.38491198, 1893.81356398)
(-7453.6783305, 9975.38746364, 1893.81356398)
(-7453.61437247, 9975.39018222, 1893.81356398)
(-7453.55374514, 9975.39309585, 1893.81356398)
(-7453.47331462, 9975.39696634, 1893.81356397)
(-7453.40602892, 9975.39972813, 1893.81356398)
(-7453.34080003, 9975.40223609, 1893.81356398)
(-7453.2698045, 9975.40500381, 1893.81356398)
(-7453.20790606, 9975.40755314, 1893.81356398)
(-7453.13198359, 9975.41078907, 1893.81356398)
(-7453.06847104, 9975.41385747, 1893.81356398)
(-7452.99793758, 9975.41724062, 1893.81356398)
(-7452.93601959, 9975.41979351, 1893.81356398)
(-7452.87039057, 9975.42244601, 1893.81356398)
(-7452.81217837, 9975.42462247, 1893.81356398)
(-7452.74324005, 9975.42720144, 1893.81356397)
(-7452.67848284, 9975.43020179, 1893.81356398)
(-7452.61537629, 9975.43318047, 1893.81356397)
(-7452.53492556, 9975.43687654, 1893.81356398)
(-7452.47508415, 9975.43943665, 1893.81356398)
(-7452.39790697, 9975.44264691, 1893.81356398)
(-7452.34423407, 9975.44465762, 1893.81356399)
(-7452.26166957, 9975.44770696, 1893.81356397)
(-7452.19856527, 9975.45069042, 1893.81356397)
(-7452.13215753, 9975.45381919, 1893.81356398)
(-7452.06160546, 9975.45702076, 1893.81356398)
(-7452.00176812, 9975.45961596, 1893.81356398)
(-7451.9431654, 9975.46208328, 1893.81356398)
(-7451.88123566, 9975.4644125, 1893.813564)
(-7451.8184888, 9975.46677166, 1893.81356398)
(-7451.73181388, 9975.47009125, 1893.81356399)
(-7451.67490664, 9975.47295418, 1893.81356397)
(-7451.60232642, 9975.47657544, 1893.81356399)
(-7451.53753334, 9975.47939006, 1893.81356399)
(-7451.45870172, 9975.48266969, 1893.81356398)
(-7451.39347243, 9975.48515606, 1893.81356398)
(-7451.33114015, 9975.48752245, 1893.81356397)
(-7451.2671654, 9975.48999463, 1893.81356398)
(-7451.20653952, 9975.49291847, 1893.81356398)
(-7451.13313399, 9975.49651443, 1893.81356397)
(-7451.06793322, 9975.49938277, 1893.81356398)
(-7450.99406032, 9975.5025217, 1893.81356398)
(-7450.93544439, 9975.50484441, 1893.81356398)
(-7450.86775353, 9975.50753241, 1893.81356398)
(-7450.80791808, 9975.51000873, 1893.81356398)
(-7450.73363895, 9975.51310589, 1893.81356398)
(-7450.67053708, 9975.51614924, 1893.81356398)
(-7450.59794283, 9975.51964851, 1893.81356398)
(-7450.53809067, 9975.52212788, 1893.81356398)
(-7450.46379386, 9975.5251374, 1893.81356398)
(-7450.40640701, 9975.52728271, 1893.81356398)
(-7450.32384779, 9975.53038313, 1893.81356398)
(-7450.26280699, 9975.53327644, 1893.81356398)
(-7450.18362115, 9975.53709105, 1893.81356397)
(-7450.12131848, 9975.53990606, 1893.81356398)
(-7450.05074426, 9975.54289909, 1893.81356398)
(-7449.98388564, 9975.54568348, 1893.81356398)
(-7449.92236868, 9975.54795834, 1893.81356397)
(-7449.82576816, 9975.55150502, 1893.81356397)
(-7449.75195014, 9975.55514769, 1893.81356397)
(-7449.64306266, 9975.5604108, 1893.81356398)
(-7449.54316529, 9975.56448779, 1893.81356398)
(-7449.43835051, 9975.56893932, 1893.81356398)
(-7449.36614611, 9975.57212278, 1893.81356398)
(-7449.26093697, 9975.57687944, 1893.81356398)
(-7449.18129948, 9975.58039751, 1893.81356398)
(-7449.1268307, 9975.58277161, 1893.81356399)
(-7449.06035865, 9975.58522028, 1893.81356399)
(-7448.97862375, 9975.58829543, 1893.81356397)
(-7448.90520791, 9975.59175943, 1893.81356397)
(-7448.84168173, 9975.59470934, 1893.81356398)
(-7448.77237072, 9975.59790202, 1893.81356398)
(-7448.71211879, 9975.60050454, 1893.81356398)
(-7448.63288005, 9975.60383065, 1893.81356399)
(-7448.57260315, 9975.60607603, 1893.81356399)
(-7448.50201193, 9975.60870938, 1893.81356397)
(-7448.44839054, 9975.61116359, 1893.81356397)
(-7448.38487788, 9975.61419079, 1893.81356395)
(-7448.30938022, 9975.61767866, 1893.81356398)
(-7448.25408071, 9975.62006764, 1893.81356398)
(-7448.17731881, 9975.6232946, 1893.81356398)
(-7448.11332598, 9975.62571671, 1893.81356399)
(-7448.05347049, 9975.62798659, 1893.81356398)
(-7447.98123966, 9975.63074213, 1893.81356398)
(-7447.9230902, 9975.63360336, 1893.81356398)
(-7447.85751762, 9975.63680307, 1893.81356396)
(-7447.78489031, 9975.63999701, 1893.81356398)
(-7447.7073068, 9975.64331972, 1893.81356398)
(-7447.6276363, 9975.646442, 1893.81356399)
(-7447.55498698, 9975.64924676, 1893.81356398)
(-7447.49350876, 9975.65185412, 1893.81356397)
(-7447.43162411, 9975.65458138, 1893.81356397)
(-7447.35904006, 9975.65809351, 1893.81356397)
(-7447.28767543, 9975.66148356, 1893.81356398)
(-7447.2265748, 9975.66383516, 1893.81356398)
(-7447.16340919, 9975.66621696, 1893.81356399)
(-7447.10397862, 9975.66858957, 1893.81356398)
(-7447.02638757, 9975.67164822, 1893.81356397)
(-7446.96410897, 9975.67459627, 1893.81356398)
(-7446.88738975, 9975.67823918, 1893.81356397)
(-7446.83044569, 9975.68076272, 1893.81356398)
(-7446.75162348, 9975.68412761, 1893.81356398)
(-7446.69218133, 9975.68648044, 1893.81356398)
(-7446.61045485, 9975.68969245, 1893.81356398)
(-7446.55185783, 9975.69211984, 1893.81356398)
(-7446.47593506, 9975.69536082, 1893.81356398)
(-7446.42355735, 9975.69789267, 1893.81356398)
(-7446.3497286, 9975.70147628, 1893.81356398)
(-7446.27501384, 9975.70454881, 1893.81356398)
(-7446.21020065, 9975.70706044, 1893.81356398)
(-7446.12558611, 9975.71038091, 1893.81356399)
(-7446.06245058, 9975.71299191, 1893.81356398)
(-7445.98364106, 9975.71638418, 1893.81356397)
(-7445.92714001, 9975.719124, 1893.81356397)
(-7445.85166243, 9975.72280098, 1893.81356397)
(-7445.79014859, 9975.72515948, 1893.81356399)
(-7445.71583268, 9975.72791626, 1893.81356399)
(-7445.65227842, 9975.73047893, 1893.81356398)
(-7445.57551898, 9975.7335721, 1893.81356398)
(-7445.5087036, 9975.73673797, 1893.81356398)
(-7445.44270828, 9975.73987867, 1893.81356398)
(-7445.39319206, 9975.74208043, 1893.81356398)
(-7445.31973613, 9975.74523619, 1893.81356399)
(-7445.25410228, 9975.74784059, 1893.81356399)
(-7445.17279028, 9975.75106277, 1893.81356399)
(-7445.10965316, 9975.75366572, 1893.81356398)
(-7445.03414163, 9975.75688161, 1893.81356397)
(-7444.96609318, 9975.76018736, 1893.81356397)
(-7444.89390907, 9975.76365339, 1893.81356398)
(-7444.83941353, 9975.76576566, 1893.81356398)
(-7444.77335606, 9975.76825312, 1893.81356399)
(-7444.69782406, 9975.77120913, 1893.81356398)
(-7444.63758369, 9975.77376442, 1893.81356398)
(-7444.57652019, 9975.77642334, 1893.81356397)
(-7444.51630563, 9975.77929553, 1893.81356398)
(-7444.44824499, 9975.7825321, 1893.81356398)
(-7444.37274799, 9975.78607759, 1893.81356398)
(-7444.32113829, 9975.78800417, 1893.81356398)
(-7444.24020981, 9975.7908264, 1893.81356397)
(-7444.18492351, 9975.79315936, 1893.81356399)
(-7444.11354852, 9975.79626297, 1893.81356399)
(-7444.03640539, 9975.79976048, 1893.81356398)
(-7443.9600803, 9975.80323053, 1893.81356398)
(-7443.89570929, 9975.80606019, 1893.81356398)
(-7443.7851125, 9975.81076516, 1893.81356397)
(-7443.71657356, 9975.8131762, 1893.81356398)
(-7443.59272803, 9975.81765114, 1893.81356396)
(-7443.50988493, 9975.82232214, 1893.81356399)
(-7443.40100751, 9975.82785678, 1893.81356397)
(-7443.32628562, 9975.83083208, 1893.81356399)
(-7443.21854514, 9975.83510611, 1893.81356398)
(-7443.13516091, 9975.838295, 1893.81356398)
(-7443.05344449, 9975.84151865, 1893.81356398)
(-7442.98705566, 9975.84491196, 1893.81356398)
(-7442.92808702, 9975.84788919, 1893.81356397)
(-7442.85919733, 9975.85124023, 1893.81356398)
(-7442.79973187, 9975.85332237, 1893.81356398)
(-7442.73408259, 9975.85566003, 1893.81356399)
(-7442.66847147, 9975.85836349, 1893.81356397)
(-7442.60699526, 9975.86101522, 1893.81356397)
(-7442.52653681, 9975.86450493, 1893.81356399)
(-7442.47416041, 9975.86703332, 1893.81356396)
(-7442.4007412, 9975.87057606, 1893.81356399)
(-7442.33922671, 9975.87292064, 1893.81356398)
(-7442.26698033, 9975.87565627, 1893.81356398)
(-7442.19929898, 9975.87838482, 1893.81356398)
(-7442.13326201, 9975.8809694, 1893.81356398)
(-7442.0746961, 9975.8837504, 1893.81356397)
(-7441.99055522, 9975.8877878, 1893.81356398)
(-7441.92865468, 9975.89048542, 1893.81356398)
(-7441.84817939, 9975.89389615, 1893.81356399)
(-7441.78996674, 9975.89609063, 1893.81356399)
(-7441.71483656, 9975.89892797, 1893.81356398)
(-7441.65708034, 9975.90144065, 1893.81356398)
(-7441.58199599, 9975.90477673, 1893.81356397)
(-7441.52301793, 9975.90761152, 1893.81356397)
(-7441.4594945, 9975.91064958, 1893.81356398)
(-7441.39592002, 9975.9131711, 1893.81356399)
(-7441.32739269, 9975.91581704, 1893.81356398)
(-7441.24484514, 9975.91907077, 1893.81356398)
(-7441.18914265, 9975.92142929, 1893.81356398)
(-7441.12189073, 9975.92436852, 1893.81356398)
(-7441.06085174, 9975.92728326, 1893.81356397)
(-7440.98866821, 9975.93074806, 1893.81356398)
(-7440.92716707, 9975.93331761, 1893.81356399)
(-7440.84874365, 9975.93650616, 1893.81356398)
(-7440.7921815, 9975.93861398, 1893.81356399)
(-7440.72778462, 9975.94103287, 1893.81356398)
(-7440.66632737, 9975.94386977, 1893.81356397)
(-7440.59456173, 9975.9472895, 1893.81356397)
(-7440.52937101, 9975.95022271, 1893.81356398)
(-7440.44520433, 9975.95407245, 1893.81356398)
(-7440.38244939, 9975.95642973, 1893.81356398)
(-7440.31020338, 9975.9591391, 1893.81356398)
(-7440.25243187, 9975.96151071, 1893.81356398)
(-7440.17981192, 9975.9646166, 1893.81356398)
(-7440.10968749, 9975.96784651, 1893.81356398)
(-7440.0502867, 9975.97062281, 1893.81356399)
(-7439.98057087, 9975.97391253, 1893.81356397)
(-7439.91740442, 9975.97631538, 1893.81356398)
(-7439.8521709, 9975.97873485, 1893.81356399)
(-7439.78408048, 9975.9815092, 1893.81356397)
(-7439.72631215, 9975.98395898, 1893.81356397)
(-7439.65988066, 9975.9868214, 1893.81356398)
(-7439.60255288, 9975.98957243, 1893.81356398)
(-7439.52831061, 9975.99316636, 1893.81356398)
(-7439.46597077, 9975.99555366, 1893.81356398)
(-7439.40321979, 9975.99794079, 1893.81356398)
(-7439.33594541, 9976.00060442, 1893.81356398)
(-7439.28106568, 9976.00290444, 1893.81356398)
(-7439.21257329, 9976.00586677, 1893.81356397)
(-7439.14906017, 9976.0088954, 1893.81356396)
(-7439.08017318, 9976.01216257, 1893.81356398)
(-7439.00426345, 9976.01573193, 1893.81356399)
(-7438.94480395, 9976.01785933, 1893.81356398)
(-7438.87750508, 9976.02026982, 1893.81356397)
(-7438.81808659, 9976.02273314, 1893.81356398)
(-7438.74299422, 9976.02596681, 1893.81356397)
(-7438.67121818, 9976.029252, 1893.81356398)
(-7438.61016802, 9976.03211007, 1893.81356398)
(-7438.53673407, 9976.03553822, 1893.81356398)
(-7438.48099744, 9976.03763111, 1893.81356398)
(-7438.40131451, 9976.04058367, 1893.81356398)
(-7438.3394164, 9976.04312808, 1893.81356398)
(-7438.25401007, 9976.04682579, 1893.81356397)
(-7438.17852111, 9976.05029368, 1893.81356398)
(-7438.11417035, 9976.05331267, 1893.81356398)
(-7438.05435105, 9976.05611547, 1893.81356398)
(-7437.98168945, 9976.05887952, 1893.81356398)
(-7437.91109135, 9976.06149789, 1893.81356399)
(-7437.82691155, 9976.06499035, 1893.81356398)
(-7437.72293887, 9976.06952225, 1893.81356397)
(-7437.6400456, 9976.07355231, 1893.81356398)
(-7437.53649904, 9976.07846615, 1893.81356398)
(-7437.45762085, 9976.08109384, 1893.81356398)
(-7437.35236183, 9976.08505415, 1893.81356398)
(-7437.27692523, 9976.08912265, 1893.81356397)
(-7437.17878725, 9976.0942634, 1893.81356398)
(-7437.10238572, 9976.09679292, 1893.81356398)
(-7437.03302349, 9976.09933702, 1893.81356399)
(-7436.97691046, 9976.10170422, 1893.81356398)
(-7436.90677518, 9976.10478991, 1893.81356398)
(-7436.828808, 9976.10834757, 1893.81356398)
(-7436.75785585, 9976.11166784, 1893.81356398)
(-7436.68937266, 9976.11487882, 1893.81356399)
(-7436.63322284, 9976.11698916, 1893.81356398)
(-7436.57005293, 9976.11930559, 1893.81356398)
(-7436.50278741, 9976.12204389, 1893.81356398)
(-7436.42851501, 9976.12521209, 1893.81356398)
(-7436.33938901, 9976.12905161, 1893.81356398)
(-7436.26928157, 9976.13252647, 1893.81356398)
(-7436.19379695, 9976.13618376, 1893.81356399)
(-7436.13557403, 9976.13824224, 1893.81356398)
(-7436.07199008, 9976.14049327, 1893.81356399)
(-7436.00473004, 9976.14327839, 1893.81356398)
(-7435.9242754, 9976.14676378, 1893.81356398)
(-7435.86241247, 9976.14970738, 1893.81356396)
(-7435.80837545, 9976.15226215, 1893.81356398)
(-7435.73906912, 9976.15552831, 1893.81356398)
(-7435.67383524, 9976.15795389, 1893.81356399)
(-7435.59043801, 9976.16103392, 1893.81356398)
(-7435.52606946, 9976.16373049, 1893.81356397)
(-7435.45468831, 9976.16679942, 1893.81356398)
(-7435.39364744, 9976.169686, 1893.81356397)
(-7435.33301194, 9976.17255851, 1893.81356398)
(-7435.25958083, 9976.17602697, 1893.81356398)
(-7435.19517157, 9976.17840836, 1893.81356399)
(-7435.1258076, 9976.18091718, 1893.81356397)
(-7435.07175304, 9976.18315972, 1893.81356398)
(-7435.00656028, 9976.18594274, 1893.81356398)
(-7434.932289, 9976.18913739, 1893.81356397)
(-7434.86630191, 9976.19231066, 1893.81356399)
(-7434.80525449, 9976.19523034, 1893.81356398)
(-7434.73713695, 9976.19786525, 1893.81356399)
(-7434.67769208, 9976.20015309, 1893.81356399)
(-7434.60174818, 9976.20313611, 1893.81356398)
(-7434.54687012, 9976.20544817, 1893.81356397)
(-7434.47838105, 9976.20843518, 1893.81356398)
(-7434.42311739, 9976.21107948, 1893.81356395)
(-7434.34350694, 9976.21487737, 1893.81356398)
(-7434.27994159, 9976.21751809, 1893.81356398)
(-7434.19863044, 9976.22083366, 1893.81356399)
(-7434.14289392, 9976.22290565, 1893.81356399)
(-7434.071065, 9976.22557631, 1893.81356397)
(-7434.0108467, 9976.22840914, 1893.81356398)
(-7433.93991071, 9976.23182363, 1893.81356396)
(-7433.86976956, 9976.2349953, 1893.81356398)
(-7433.80869168, 9976.23762671, 1893.81356398)
(-7433.73894225, 9976.24052962, 1893.81356398)
(-7433.68733414, 9976.2424501, 1893.81356397)
(-7433.60022648, 9976.24565966, 1893.81356398)
(-7433.54042235, 9976.24847383, 1893.81356397)
(-7433.46288484, 9976.2521906, 1893.81356397)
(-7433.40264489, 9976.25490066, 1893.81356398)
(-7433.32672843, 9976.25835957, 1893.81356398)
(-7433.27429712, 9976.26036581, 1893.81356398)
(-7433.19090054, 9976.26347076, 1893.81356398)
(-7433.12859165, 9976.2660545, 1893.81356398)
(-7433.05803545, 9976.26908395, 1893.81356398)
(-7433.00523443, 9976.27149763, 1893.81356398)
(-7432.93263011, 9976.27484611, 1893.81356399)
(-7432.86991052, 9976.2776173, 1893.81356398)
(-7432.78985502, 9976.28107184, 1893.81356398)
(-7432.73535722, 9976.2830966, 1893.81356398)
(-7432.67301729, 9976.28539443, 1893.81356399)
(-7432.60865612, 9976.2881478, 1893.81356397)
(-7432.53192332, 9976.29156572, 1893.81356398)
(-7432.47253338, 9976.29442162, 1893.81356397)
(-7432.39704567, 9976.29801692, 1893.81356398)
(-7432.33842032, 9976.30026179, 1893.81356399)
(-7432.26865094, 9976.30291038, 1893.81356399)
(-7432.2067455, 9976.30539366, 1893.81356398)
(-7432.12296547, 9976.30872163, 1893.81356398)
(-7432.06316145, 9976.3115492, 1893.81356398)
(-7431.99675858, 9976.31474499, 1893.81356398)
(-7431.94476725, 9976.31705825, 1893.81356398)
(-7431.85480576, 9976.32093466, 1893.81356399)
(-7431.76481465, 9976.32445504, 1893.81356398)
(-7431.65543155, 9976.328679, 1893.81356398)
(-7431.58201695, 9976.33216709, 1893.81356397)
(-7431.4813711, 9976.33694103, 1893.81356398)
(-7431.39431664, 9976.3409535, 1893.81356398)
(-7431.28457844, 9976.3461646, 1893.81356397)
(-7431.20735592, 9976.34876813, 1893.81356398)
(-7431.08847657, 9976.35328486, 1893.81356399)
(-7431.01135698, 9976.35706395, 1893.81356398)
(-7430.91525883, 9976.36175827, 1893.81356398)
(-7430.84425583, 9976.36465324, 1893.81356399)
(-7430.77161065, 9976.36759933, 1893.81356399)
(-7430.72041826, 9976.36952701, 1893.81356399)
(-7430.64611464, 9976.37232676, 1893.81356399)
(-7430.5871317, 9976.37505143, 1893.81356398)
(-7430.51742435, 9976.37832519, 1893.81356398)
(-7430.44646141, 9976.38156736, 1893.81356398)
(-7430.38744969, 9976.38412919, 1893.81356398)
(-7430.31605351, 9976.38713558, 1893.81356398)
(-7430.24875637, 9976.38965575, 1893.81356399)
(-7430.1831231, 9976.39215066, 1893.81356398)
(-7430.11628818, 9976.39503178, 1893.81356398)
(-7430.04244093, 9976.39830646, 1893.81356397)
(-7429.98594053, 9976.4010336, 1893.81356396)
(-7429.91664462, 9976.40437055, 1893.81356398)
(-7429.85141694, 9976.40689562, 1893.81356399)
(-7429.77999665, 9976.40960219, 1893.81356398)
(-7429.71479089, 9976.41222721, 1893.81356398)
(-7429.64999486, 9976.41479461, 1893.81356398)
(-7429.58358936, 9976.41789714, 1893.81356398)
(-7429.51924372, 9976.42094345, 1893.81356397)
(-7429.45198635, 9976.42393926, 1893.81356398)
(-7429.39710462, 9976.42632945, 1893.81356398)
(-7429.31291805, 9976.42990825, 1893.81356399)
(-7429.24974808, 9976.43221442, 1893.81356399)
(-7429.17915432, 9976.43480835, 1893.81356397)
(-7429.13048642, 9976.43711691, 1893.81356397)
(-7429.0616122, 9976.44047987, 1893.81356397)
(-7428.99518469, 9976.44348815, 1893.81356398)
(-7428.91060647, 9976.44738394, 1893.81356398)
(-7428.85404319, 9976.44949596, 1893.81356398)
(-7428.77435837, 9976.45240038, 1893.81356398)
(-7428.71906989, 9976.45472605, 1893.81356398)
(-7428.64521821, 9976.45793689, 1893.81356398)
(-7428.57840263, 9976.46109995, 1893.81356397)
(-7428.51199052, 9976.46424216, 1893.81356399)
(-7428.44598044, 9976.46731146, 1893.81356398)
(-7428.38157036, 9976.46967165, 1893.81356399)
(-7428.31303545, 9976.47218973, 1893.81356398)
(-7428.24990224, 9976.47481492, 1893.81356398)
(-7428.17893064, 9976.4778378, 1893.81356398)
(-7428.11994178, 9976.48052436, 1893.81356398)
(-7428.0411483, 9976.48414479, 1893.81356398)
(-7427.98668079, 9976.48654793, 1893.81356398)
(-7427.91322761, 9976.48971228, 1893.81356399)
(-7427.85542654, 9976.49186596, 1893.81356397)
(-7427.78442099, 9976.49451482, 1893.81356398)
(-7427.72171432, 9976.49724104, 1893.81356398)
(-7427.64662899, 9976.50056975, 1893.81356397)
(-7427.58600044, 9976.50347265, 1893.81356398)
(-7427.51546422, 9976.50684092, 1893.81356399)
(-7427.45642995, 9976.50916475, 1893.81356398)
(-7427.38954725, 9976.51169636, 1893.81356399)
(-7427.31154098, 9976.51477587, 1893.81356398)
(-7427.25542606, 9976.51714785, 1893.81356398)
(-7427.19271136, 9976.51987518, 1893.81356398)
(-7427.12507532, 9976.52312376, 1893.81356397)
(-7427.04876286, 9976.5267577, 1893.81356398)
(-7426.99014895, 9976.52918636, 1893.81356399)
(-7426.92823573, 9976.53170409, 1893.81356398)
(-7426.86836945, 9976.53393622, 1893.81356399)
(-7426.78911014, 9976.53688949, 1893.81356397)
(-7426.72476697, 9976.53989959, 1893.81356398)
(-7426.65259188, 9976.54335536, 1893.81356398)
(-7426.59647794, 9976.54587999, 1893.81356398)
(-7426.52345142, 9976.54922742, 1893.81356398)
(-7426.46400138, 9976.55150261, 1893.81356398)
(-7426.39134143, 9976.55423378, 1893.81356398)
(-7426.32449039, 9976.55697489, 1893.81356398)
(-7426.25805774, 9976.55979991, 1893.81356397)
(-7426.19865771, 9976.56252271, 1893.81356398)
(-7426.12110097, 9976.56608631, 1893.81356398)
(-7426.06168207, 9976.56870717, 1893.81356398)
(-7425.99772092, 9976.57146721, 1893.81356398)
(-7425.94157227, 9976.5735877, 1893.81356397)
(-7425.87221486, 9976.57615482, 1893.81356399)
(-7425.80163668, 9976.57887282, 1893.81356398)
(-7425.72864168, 9976.58245915, 1893.81356397)
(-7425.63542814, 9976.58697184, 1893.81356398)
(-7425.56526083, 9976.58992799, 1893.81356398)
(-7425.46372715, 9976.5940963, 1893.81356398)
(-7425.39478203, 9976.59667915, 1893.81356399)
(-7425.33864141, 9976.59878484, 1893.81356398)
(-7425.25038156, 9976.60302581, 1893.81356398)
(-7425.16580425, 9976.60688852, 1893.81356398)
(-7425.07793613, 9976.6110384, 1893.81356398)
(-7424.98634989, 9976.61537156, 1893.81356399)
(-7424.91615775, 9976.61791373, 1893.81356399)
(-7424.86372821, 9976.61989511, 1893.81356399)
(-7424.79687601, 9976.62263262, 1893.81356398)
(-7424.72012817, 9976.62591594, 1893.81356397)
(-7424.64218211, 9976.62966462, 1893.81356398)
(-7424.57700024, 9976.63270806, 1893.81356398)
(-7424.49200718, 9976.6366339, 1893.81356398)
(-7424.43378465, 9976.63865727, 1893.81356399)
(-7424.37474162, 9976.6407661, 1893.81356397)
(-7424.31614766, 9976.64318123, 1893.81356398)
(-7424.22868133, 9976.64697481, 1893.81356397)
(-7424.15361813, 9976.65054745, 1893.81356398)
(-7424.07482491, 9976.65424021, 1893.81356398)
(-7424.01042076, 9976.65672781, 1893.81356399)
(-7423.95716573, 9976.65875554, 1893.81356398)
(-7423.88617352, 9976.6615343, 1893.81356398)
(-7423.81932771, 9976.66433974, 1893.81356398)
(-7423.74753482, 9976.66744624, 1893.81356398)
(-7423.69103358, 9976.67015012, 1893.81356397)
(-7423.62256202, 9976.67342109, 1893.81356397)
(-7423.56147925, 9976.67602393, 1893.81356397)
(-7423.48264224, 9976.67922703, 1893.81356399)
(-7423.42401615, 9976.68141104, 1893.81356399)
(-7423.36044696, 9976.68381843, 1893.81356399)
(-7423.30063772, 9976.68654469, 1893.81356398)
(-7423.24289314, 9976.68926084, 1893.81356397)
(-7423.16574856, 9976.6928329, 1893.81356398)
(-7423.09972049, 9976.69569401, 1893.81356398)
(-7423.03409899, 9976.69843721, 1893.81356399)
(-7422.98538169, 9976.70027602, 1893.81356399)
(-7422.91891768, 9976.70276756, 1893.81356398)
(-7422.84214642, 9976.70571043, 1893.81356398)
(-7422.77945926, 9976.70875364, 1893.81356398)
(-7422.70316327, 9976.71247258, 1893.81356398)
(-7422.65240512, 9976.71469796, 1893.81356398)
(-7422.57976902, 9976.71777213, 1893.81356398)
(-7422.51620089, 9976.72030166, 1893.81356398)
(-7422.43860697, 9976.72340624, 1893.81356398)
(-7422.37670808, 9976.72596878, 1893.81356398)
(-7422.31027236, 9976.72876168, 1893.81356398)
(-7422.25500719, 9976.73142174, 1893.81356398)
(-7422.1828255, 9976.73488402, 1893.81356398)
(-7422.11637588, 9976.7376993, 1893.81356398)
(-7422.02722187, 9976.74132047, 1893.81356397)
(-7421.96446763, 9976.74366025, 1893.81356399)
(-7421.89800723, 9976.74614955, 1893.81356399)
(-7421.84191427, 9976.74877704, 1893.81356398)
(-7421.77551409, 9976.75195595, 1893.81356397)
(-7421.70950104, 9976.75495991, 1893.81356398)
(-7421.63028705, 9976.75860889, 1893.81356398)
(-7421.57372684, 9976.76076525, 1893.81356398)
(-7421.51840254, 9976.76279258, 1893.81356398)
(-7421.46062861, 9976.7651432, 1893.81356398)
(-7421.39914332, 9976.76770917, 1893.81356398)
(-7421.32404477, 9976.77091054, 1893.81356397)
(-7421.25640888, 9976.7741867, 1893.81356398)
(-7421.18545915, 9976.77756504, 1893.81356399)
(-7421.13385327, 9976.77955398, 1893.81356398)
(-7421.06655664, 9976.78209083, 1893.813564)
(-7421.00506123, 9976.78453288, 1893.81356398)
(-7420.92953454, 9976.78752078, 1893.81356398)
(-7420.86807758, 9976.79037356, 1893.81356398)
(-7420.80043659, 9976.79360783, 1893.81356397)
(-7420.73978078, 9976.79630718, 1893.81356398)
(-7420.68118349, 9976.79884166, 1893.81356398)
(-7420.60772515, 9976.80195573, 1893.81356397)
(-7420.54579509, 9976.80425355, 1893.81356397)
(-7420.4925441, 9976.80626621, 1893.81356398)
(-7420.42364448, 9976.80921841, 1893.81356398)
(-7420.36466201, 9976.81196559, 1893.81356397)
(-7420.28752127, 9976.81554968, 1893.81356399)
(-7420.22768936, 9976.81819502, 1893.81356398)
(-7420.15794771, 9976.8211893, 1893.81356398)
(-7420.0993232, 9976.82339038, 1893.81356399)
(-7420.0402931, 9976.8256368, 1893.81356397)
(-7419.96228049, 9976.82861016, 1893.81356399)
(-7419.89918154, 9976.83167615, 1893.81356398)
(-7419.83814109, 9976.83461659, 1893.81356397)
(-7419.78326236, 9976.83707102, 1893.81356398)
(-7419.7122869, 9976.84016415, 1893.81356398)
(-7419.6392431, 9976.8432847, 1893.81356398)
(-7419.56822902, 9976.84589276, 1893.81356398)
(-7419.46544513, 9976.84976389, 1893.81356397)
(-7419.39451711, 9976.85332939, 1893.81356397)
(-7419.29181986, 9976.85836374, 1893.81356397)
(-7419.20476729, 9976.86244392, 1893.81356398)
(-7419.10781179, 9976.86697191, 1893.81356399)
(-7419.03512636, 9976.86939166, 1893.81356398)
(-7418.97402898, 9976.87166581, 1893.81356398)
(-7418.91172875, 9976.87430953, 1893.81356399)
(-7418.81271153, 9976.87864708, 1893.81356399)
(-7418.72857977, 9976.88277059, 1893.81356398)
(-7418.64194042, 9976.88679501, 1893.81356398)
(-7418.57132925, 9976.88926109, 1893.81356398)
(-7418.47926488, 9976.89261841, 1893.81356398)
(-7418.41697935, 9976.89537837, 1893.81356397)
(-7418.33076253, 9976.89926866, 1893.81356398)
(-7418.26270947, 9976.90254581, 1893.81356397)
(-7418.18473943, 9976.90623052, 1893.81356398)
(-7418.12198009, 9976.90851037, 1893.81356399)
(-7418.063765, 9976.91065566, 1893.81356399)
(-7418.00888135, 9976.91290198, 1893.81356398)
(-7417.93460882, 9976.91605864, 1893.81356398)
(-7417.86695783, 9976.91915323, 1893.81356397)
(-7417.78568453, 9976.92286612, 1893.81356398)
(-7417.73039167, 9976.92530634, 1893.81356398)
(-7417.66642792, 9976.92805021, 1893.81356399)
(-7417.6144071, 9976.92999561, 1893.81356398)
(-7417.55165651, 9976.93232986, 1893.81356398)
(-7417.47818436, 9976.93511813, 1893.81356399)
(-7417.41508675, 9976.93820484, 1893.81356398)
(-7417.34539157, 9976.94162891, 1893.81356399)
(-7417.28761984, 9976.94418564, 1893.81356398)
(-7417.22860305, 9976.94668496, 1893.81356399)
(-7417.16503478, 9976.94922723, 1893.81356398)
(-7417.08743896, 9976.95232403, 1893.81356399)
(-7417.02223864, 9976.95502197, 1893.81356398)
(-7416.94094417, 9976.95840386, 1893.81356398)
(-7416.87949352, 9976.9613755, 1893.81356398)
(-7416.82339864, 9976.96407595, 1893.81356397)
(-7416.76396809, 9976.96662111, 1893.81356396)
(-7416.68719889, 9976.96978117, 1893.81356398)
(-7416.62361913, 9976.97216933, 1893.81356399)
(-7416.54436192, 9976.97514655, 1893.81356397)
(-7416.47754541, 9976.97830108, 1893.81356397)
(-7416.41897334, 9976.98105828, 1893.81356398)
(-7416.36368947, 9976.98359769, 1893.81356398)
(-7416.31458279, 9976.98574672, 1893.81356398)
(-7416.2369979, 9976.98903933, 1893.81356398)
(-7416.16434626, 9976.99189726, 1893.81356398)
(-7416.08385231, 9976.99497865, 1893.81356398)
(-7416.00171884, 9976.99815414, 1893.81356398)
(-7415.95470515, 9977.00046914, 1893.81356398)
(-7415.87800104, 9977.00434939, 1893.81356397)
(-7415.81237902, 9977.00716461, 1893.81356398)
(-7415.69764229, 9977.0119313, 1893.81356398)
(-7415.61011527, 9977.01518663, 1893.81356398)
(-7415.53128286, 9977.01824187, 1893.81356398)
(-7415.46200021, 9977.02165687, 1893.81356397)
(-7415.33827613, 9977.02780176, 1893.81356399)
(-7415.23753696, 9977.03157357, 1893.81356398)
(-7415.15415121, 9977.03474559, 1893.81356398)
(-7415.07284582, 9977.03793145, 1893.81356398)
(-7415.00520735, 9977.04116409, 1893.81356397)
(-7414.92064855, 9977.04517755, 1893.81356398)
(-7414.85255768, 9977.0481349, 1893.81356398)
(-7414.7910669, 9977.05074746, 1893.81356399)
(-7414.73863365, 9977.05272944, 1893.81356397)
(-7414.67753646, 9977.05503079, 1893.81356398)
(-7414.60984281, 9977.05760833, 1893.81356398)
(-7414.55045387, 9977.06046318, 1893.81356397)
(-7414.48859025, 9977.06345415, 1893.81356398)
(-7414.43165171, 9977.06602568, 1893.81356398)
(-7414.36233978, 9977.06922483, 1893.81356398)
(-7414.30495445, 9977.0714459, 1893.81356398)
(-7414.2426174, 9977.07382403, 1893.81356398)
(-7414.15883306, 9977.07712997, 1893.81356398)
(-7414.08539196, 9977.0802615, 1893.81356397)
(-7414.01320925, 9977.08362737, 1893.81356397)
(-7413.93275972, 9977.08731557, 1893.81356398)
(-7413.85972148, 9977.0905194, 1893.81356398)
(-7413.75118586, 9977.09511823, 1893.81356399)
(-7413.67232287, 9977.09787616, 1893.81356398)
(-7413.62197051, 9977.09982598, 1893.81356398)
(-7413.55062166, 9977.10327026, 1893.81356397)
(-7413.47514455, 9977.10690983, 1893.81356397)
(-7413.39879508, 9977.11018692, 1893.81356398)
(-7413.28654162, 9977.11489573, 1893.81356398)
(-7413.20112535, 9977.11856111, 1893.81356398)
(-7413.11447116, 9977.12228264, 1893.81356398)
(-7412.99981654, 9977.12795834, 1893.81356398)
(-7412.8998904, 9977.13145638, 1893.81356397)
(-7412.80291057, 9977.13537111, 1893.81356398)
(-7412.73896486, 9977.13817988, 1893.81356397)
(-7412.66594202, 9977.14143309, 1893.81356396)
(-7412.61356315, 9977.14395944, 1893.81356398)
(-7412.53601781, 9977.14770356, 1893.81356399)
(-7412.4596408, 9977.15061027, 1893.81356398)
(-7412.36924039, 9977.15411035, 1893.81356398)
(-7412.3011537, 9977.15693839, 1893.81356397)
(-7412.19016507, 9977.16177287, 1893.81356397)
(-7412.12459251, 9977.16494674, 1893.81356396)
(-7412.04167575, 9977.16887895, 1893.81356398)
(-7411.98800365, 9977.17091695, 1893.81356398)
(-7411.93102784, 9977.17302137, 1893.81356398)
(-7411.86086395, 9977.17578706, 1893.81356398)
(-7411.78038334, 9977.1789458, 1893.81356398)
(-7411.71356891, 9977.18214993, 1893.81356398)
(-7411.60714682, 9977.18718773, 1893.81356398)
(-7411.5464792, 9977.18979764, 1893.81356398)
(-7411.4680569, 9977.19301475, 1893.81356398)
(-7411.41562282, 9977.19495493, 1893.81356397)
(-7411.34544609, 9977.1975894, 1893.81356397)
(-7411.27779979, 9977.20070102, 1893.81356398)
(-7411.20479418, 9977.20415788, 1893.81356397)
(-7411.11361222, 9977.20830302, 1893.81356398)
(-7411.03890951, 9977.21144924, 1893.81356398)
(-7410.95884644, 9977.21479267, 1893.81356398)
(-7410.90063064, 9977.21690052, 1893.81356398)
(-7410.83292308, 9977.21933969, 1893.81356399)
(-7410.76734601, 9977.22247427, 1893.81356398)
(-7410.69435094, 9977.22602841, 1893.81356399)
(-7410.62749884, 9977.2289474, 1893.81356398)
(-7410.55073876, 9977.23221013, 1893.81356397)
(-7410.46818025, 9977.23544652, 1893.81356398)
(-7410.40585071, 9977.23785142, 1893.81356398)
(-7410.33940113, 9977.24042984, 1893.81356399)
(-7410.28372341, 9977.24312626, 1893.81356397)
(-7410.21566871, 9977.24638756, 1893.81356398)
(-7410.14717087, 9977.24941758, 1893.81356398)
(-7410.06339933, 9977.25301637, 1893.81356399)
(-7409.98372692, 9977.25612584, 1893.81356398)
(-7409.91686368, 9977.25877738, 1893.81356398)
(-7409.86156843, 9977.26106764, 1893.81356398)
(-7409.80050058, 9977.26369124, 1893.81356398)
(-7409.73575096, 9977.2668234, 1893.81356398)
(-7409.65325584, 9977.27079239, 1893.81356398)
(-7409.58719882, 9977.27328611, 1893.81356398)
(-7409.50835113, 9977.27629913, 1893.81356398)
(-7409.43613202, 9977.27922222, 1893.81356398)
(-7409.3725893, 9977.28191362, 1893.81356398)
(-7409.30781163, 9977.28473578, 1893.81356397)
(-7409.25667266, 9977.28720873, 1893.81356399)
(-7409.19645577, 9977.2901409, 1893.81356397)
(-7409.1312283, 9977.29271262, 1893.81356399)
(-7409.06105518, 9977.2954696, 1893.81356398)
(-7408.9764462, 9977.29883699, 1893.81356398)
(-7408.928994, 9977.3008306, 1893.81356398)
(-7408.87122982, 9977.30333782, 1893.81356398)
(-7408.80936558, 9977.30628347, 1893.81356396)
(-7408.7330533, 9977.30990178, 1893.81356398)
(-7408.65301539, 9977.31364361, 1893.81356399)
(-7408.57992859, 9977.31621264, 1893.81356398)
(-7408.50108172, 9977.31917049, 1893.81356397)
(-7408.44249291, 9977.32163617, 1893.81356398)
(-7408.3727679, 9977.3246728, 1893.81356398)
(-7408.31461527, 9977.32744355, 1893.81356398)
(-7408.25150832, 9977.33047147, 1893.81356398)
(-7408.17432695, 9977.33371707, 1893.81356398)
(-7408.09137051, 9977.337141, 1893.81356399)
(-7408.03067913, 9977.33940373, 1893.813564)
(-7407.94852977, 9977.34244445, 1893.81356397)
(-7407.88213174, 9977.34567926, 1893.81356397)
(-7407.81242717, 9977.34901366, 1893.81356398)
(-7407.76167239, 9977.35126054, 1893.81356398)
(-7407.68450008, 9977.35455326, 1893.81356398)
(-7407.6229955, 9977.35699598, 1893.81356398)
(-7407.55158782, 9977.35980998, 1893.81356398)
(-7407.49959229, 9977.36194503, 1893.81356398)
(-7407.44264662, 9977.36433328, 1893.81356397)
(-7407.38943464, 9977.36677343, 1893.81356398)
(-7407.32301794, 9977.36983391, 1893.81356398)
(-7407.26896298, 9977.37221421, 1893.81356398)
(-7407.20789424, 9977.37489567, 1893.81356399)
(-7407.15175515, 9977.37713744, 1893.81356399)
(-7407.08571243, 9977.37974265, 1893.81356398)
(-7407.03085541, 9977.38227377, 1893.81356396)
(-7406.96197633, 9977.38558333, 1893.81356397)
(-7406.90421506, 9977.38823275, 1893.81356398)
(-7406.83861808, 9977.39129708, 1893.81356398)
(-7406.78949033, 9977.39320584, 1893.81356399)
(-7406.72013099, 9977.39582259, 1893.81356399)
(-7406.66317847, 9977.39812044, 1893.81356398)
(-7406.59466593, 9977.40082423, 1893.81356398)
(-7406.53898371, 9977.40340321, 1893.81356398)
(-7406.46433009, 9977.40696638, 1893.81356398)
(-7406.41068885, 9977.40935922, 1893.81356398)
(-7406.35580582, 9977.41173986, 1893.81356398)
(-7406.26707982, 9977.415509, 1893.81356398)
(-7406.20432494, 9977.41784771, 1893.81356398)
(-7406.13249641, 9977.42053371, 1893.81356398)
(-7406.07104015, 9977.42342204, 1893.81356398)
(-7405.99514335, 9977.42698056, 1893.81356398)
(-7405.93903206, 9977.42953532, 1893.81356398)
(-7405.88250981, 9977.4321393, 1893.81356398)
(-7405.82884083, 9977.43423739, 1893.81356398)
(-7405.76031256, 9977.43686674, 1893.81356398)
(-7405.70294252, 9977.43912977, 1893.81356398)
(-7405.64598617, 9977.44136645, 1893.81356398)
(-7405.59318958, 9977.44377704, 1893.81356397)
(-7405.52596015, 9977.44696995, 1893.81356397)
(-7405.46242319, 9977.44986683, 1893.81356398)
(-7405.38733523, 9977.45332537, 1893.81356398)
(-7405.32953698, 9977.4555431, 1893.81356398)
(-7405.25687569, 9977.45826495, 1893.81356398)
(-7405.20240499, 9977.46050535, 1893.81356398)
(-7405.15453888, 9977.46252479, 1893.81356398)
(-7405.09470855, 9977.46509167, 1893.81356398)
(-7405.03201859, 9977.4680587, 1893.81356395)
(-7404.96437049, 9977.47127679, 1893.81356399)
(-7404.90369899, 9977.4738353, 1893.81356398)
(-7404.83435955, 9977.47668978, 1893.81356399)
(-7404.78316553, 9977.4786107, 1893.81356399)
(-7404.72289454, 9977.48086796, 1893.81356398)
(-7404.66678449, 9977.48326331, 1893.81356398)
(-7404.59623602, 9977.48636831, 1893.81356398)
(-7404.53354831, 9977.48937036, 1893.81356397)
(-7404.46507419, 9977.4926297, 1893.81356398)
(-7404.40356397, 9977.49506394, 1893.81356399)
(-7404.34783368, 9977.49722185, 1893.81356399)
(-7404.28261594, 9977.49975547, 1893.81356398)
(-7404.2269092, 9977.50207079, 1893.81356398)
(-7404.16254049, 9977.50483175, 1893.81356397)
(-7404.10808899, 9977.50731576, 1893.81356398)
(-7404.03672148, 9977.51060181, 1893.81356398)
(-7403.97565271, 9977.51330951, 1893.81356397)
(-7403.90963067, 9977.51619131, 1893.81356399)
(-7403.85472686, 9977.5183502, 1893.81356398)
(-7403.80106522, 9977.52044535, 1893.81356399)
(-7403.74824409, 9977.52262152, 1893.81356398)
(-7403.68180456, 9977.52537266, 1893.81356398)
(-7403.62075277, 9977.52814481, 1893.81356398)
(-7403.54897241, 9977.53144087, 1893.81356398)
(-7403.49574258, 9977.53378624, 1893.81356398)
(-7403.44168891, 9977.53615713, 1893.81356398)
(-7403.38265892, 9977.53850138, 1893.81356399)
(-7403.31124978, 9977.54130629, 1893.81356398)
(-7403.25512794, 9977.54361901, 1893.81356398)
(-7403.17012139, 9977.54717292, 1893.81356398)
(-7403.10743419, 9977.55020493, 1893.81356397)
(-7403.01875148, 9977.55446084, 1893.81356398)
(-7402.95022505, 9977.55724824, 1893.81356397)
(-7402.86849507, 9977.56049975, 1893.81356398)
(-7402.80326586, 9977.56292, 1893.81356399)
(-7402.72690783, 9977.5658487, 1893.81356398)
(-7402.68113031, 9977.56808917, 1893.81356398)
(-7402.61555586, 9977.57127955, 1893.813564)
(-7402.54623323, 9977.57434585, 1893.81356398)
(-7402.4822705, 9977.57710126, 1893.81356398)
(-7402.40963609, 9977.58016, 1893.81356398)
(-7402.35513767, 9977.58216899, 1893.81356399)
(-7402.30146891, 9977.58415131, 1893.81356398)
(-7402.24743516, 9977.58662289, 1893.81356397)
(-7402.18515269, 9977.58954418, 1893.81356397)
(-7402.11749293, 9977.59265015, 1893.81356398)
(-7402.06095952, 9977.59512325, 1893.81356398)
(-7401.99658028, 9977.59785624, 1893.81356397)
(-7401.94044134, 9977.60007493, 1893.81356398)
(-7401.87398705, 9977.60269168, 1893.81356398)
(-7401.82405509, 9977.60474659, 1893.81356398)
(-7401.76298004, 9977.60727177, 1893.81356398)
(-7401.69986707, 9977.61014653, 1893.81356398)
(-7401.6379899, 9977.61301101, 1893.81356398)
(-7401.58641058, 9977.61528307, 1893.81356398)
(-7401.52245387, 9977.61808559, 1893.81356398)
(-7401.46012124, 9977.620556, 1893.81356398)
(-7401.38582515, 9977.62348955, 1893.81356398)
(-7401.32846534, 9977.62585556, 1893.81356398)
(-7401.2591399, 9977.62875406, 1893.81356398)
(-7401.21088446, 9977.6310547, 1893.81356398)
(-7401.15932796, 9977.63353124, 1893.81356397)
(-7401.10240331, 9977.63624831, 1893.81356398)
(-7401.04174363, 9977.63894916, 1893.81356398)
(-7400.98561958, 9977.64137382, 1893.81356398)
(-7400.92206614, 9977.64408806, 1893.81356399)
(-7400.8704592, 9977.6460461, 1893.81356397)
(-7400.81431538, 9977.64816481, 1893.81356399)
(-7400.76273778, 9977.65032914, 1893.81356397)
(-7400.69507777, 9977.6533138, 1893.81356397)
(-7400.63403635, 9977.65622599, 1893.81356397)
(-7400.58288651, 9977.65864876, 1893.81356398)
(-7400.51894304, 9977.66166846, 1893.81356398)
(-7400.46692412, 9977.66366519, 1893.81356399)
(-7400.39921407, 9977.66616112, 1893.81356398)
(-7400.34432568, 9977.66836752, 1893.81356398)
(-7400.28530758, 9977.67070073, 1893.81356398)
(-7400.2337502, 9977.67306998, 1893.81356399)
(-7400.17311495, 9977.6758955, 1893.81356397)
(-7400.11948209, 9977.67835406, 1893.81356398)
(-7400.04522023, 9977.68178098, 1893.81356398)
(-7399.98618572, 9977.68410703, 1893.81356398)
(-7399.9151803, 9977.68682172, 1893.81356398)
(-7399.86235407, 9977.68893961, 1893.81356398)
(-7399.80787359, 9977.69107857, 1893.81356398)
(-7399.75486402, 9977.69050592, 1893.81356403)
(-7399.69246935, 9977.6880178, 1893.81356397)
(-7399.62096786, 9977.68619231, 1893.81356399)
(-7399.5529771, 9977.67817547, 1893.81356397)
(-7399.47511426, 9977.6496166, 1893.81356423)
(-7399.42231549, 9977.61602841, 1893.81356379)
(-7399.36603841, 9977.57923162, 1893.81356434)
(-7399.32106094, 9977.55363357, 1893.81356396)
(-7399.27373027, 9977.52796875, 1893.81356395)
(-7399.21331622, 9977.49549817, 1893.81356399)
(-7399.15866787, 9977.47039652, 1893.81356397)
(-7399.09369382, 9977.44477627, 1893.81356385)
(-7399.03507352, 9977.42315453, 1893.81356397)
(-7398.96944655, 9977.39886549, 1893.81356404)
(-7398.9188638, 9977.3781725, 1893.81356396)
(-7398.86613617, 9977.35624614, 1893.81356397)
(-7398.82212324, 9977.33839255, 1893.81356397)
(-7398.76546118, 9977.31544226, 1893.81356398)
(-7398.6884773, 9977.284346, 1893.81356398)
(-7398.62642906, 9977.25928126, 1893.81356397)
(-7398.5601455, 9977.23257866, 1893.81356397)
(-7398.50269175, 9977.20939317, 1893.81356398)
(-7398.44483394, 9977.18608465, 1893.81356398)
(-7398.39653947, 9977.16668833, 1893.81356398)
(-7398.35171446, 9977.14863363, 1893.81356398)
(-7398.29080023, 9977.12409647, 1893.81356398)
(-7398.23177779, 9977.0976744, 1893.81356395)
(-7398.16207672, 9977.0657048, 1893.81356403)
(-7398.09941686, 9977.04047596, 1893.81356398)
(-7398.02051359, 9977.00946802, 1893.81356398)
(-7397.96277154, 9976.98591221, 1893.81356399)
(-7397.89704712, 9976.95895458, 1893.81356398)
(-7397.84693383, 9976.93855512, 1893.81356398)
(-7397.78798985, 9976.91465429, 1893.81356398)
(-7397.72558685, 9976.88938427, 1893.81356398)
(-7397.68319429, 9976.87492851, 1893.81356403)
(-7397.61138268, 9976.86245969, 1893.813564)
(-7397.53920086, 9976.84431199, 1893.81356397)
(-7397.46547777, 9976.82662037, 1893.81356399)
(-7397.38368604, 9976.80705403, 1893.81356397)
(-7397.30917788, 9976.79847846, 1893.81356374)
(-7397.22942374, 9976.80354042, 1893.81356393)
(-7397.15843253, 9976.80916849, 1893.81356395)
(-7397.10224934, 9976.81099881, 1893.81356392)
(-7397.05232502, 9976.81312453, 1893.81356396)
(-7396.99127475, 9976.81566587, 1893.81356399)
(-7396.92689898, 9976.8213989, 1893.81356399)
(-7396.85687808, 9976.82768074, 1893.81356395)
(-7396.79326632, 9976.83650891, 1893.81356396)
(-7396.71864092, 9976.84670072, 1893.81356397)
(-7396.65881991, 9976.85467916, 1893.81356398)
(-7396.60435087, 9976.86173335, 1893.81356397)
(-7396.55604906, 9976.86825753, 1893.81356398)
(-7396.49138783, 9976.8769665, 1893.81356397)
(-7396.43128592, 9976.8856972, 1893.81356397)
(-7396.37487939, 9976.8938063, 1893.81356397)
(-7396.31109291, 9976.90288625, 1893.81356398)
(-7396.26204535, 9976.90997151, 1893.81356398)
(-7396.20849928, 9976.9177252, 1893.81356398)
(-7396.15250258, 9976.92585657, 1893.81356398)
(-7396.08792607, 9976.93526072, 1893.81356398)
(-7396.02990056, 9976.94378987, 1893.81356398)
(-7395.96574989, 9976.95325097, 1893.81356397)
(-7395.90730994, 9976.96180873, 1893.81356398)
(-7395.84479317, 9976.97102758, 1893.81356398)
(-7395.78922033, 9976.9792116, 1893.81356398)
(-7395.73120296, 9976.9878005, 1893.81356398)
(-7395.67644954, 9976.99587306, 1893.81356398)
(-7395.60944619, 9977.00581205, 1893.81356398)
(-7395.55469556, 9977.01390403, 1893.81356398)
(-7395.5036227, 9977.02145318, 1893.81356399)
(-7395.45295795, 9977.02894069, 1893.81356398)
(-7395.38799635, 9977.0385733, 1893.81356398)
(-7395.32507555, 9977.04788417, 1893.81356398)
(-7395.26256444, 9977.0571369, 1893.81356398)
(-7395.19679301, 9977.06693539, 1893.81356398)
(-7395.14449764, 9977.0746928, 1893.81356398)
(-7395.08607467, 9977.08335857, 1893.81356398)
(-7395.03255393, 9977.09129676, 1893.81356398)
(-7394.96514281, 9977.10129587, 1893.81356398)
(-7394.90753624, 9977.10983927, 1893.81356398)
(-7394.84216755, 9977.11953379, 1893.81356398)
(-7394.77965849, 9977.12880381, 1893.81356398)
(-7394.73022321, 9977.13613466, 1893.81356398)
(-7394.67057415, 9977.14498026, 1893.81356398)
(-7394.62032162, 9977.15243188, 1893.81356398)
(-7394.56067241, 9977.16127664, 1893.81356398)
(-7394.49898042, 9977.17042431, 1893.81356398)
(-7394.44382522, 9977.17860236, 1893.81356398)
(-7394.38009034, 9977.18805226, 1893.81356398)
(-7394.32575225, 9977.19610878, 1893.81356398)
(-7394.2661028, 9977.20495241, 1893.81356398)
(-7394.21462458, 9977.21258458, 1893.81356398)
(-7394.15497506, 9977.22142791, 1893.81356398)
(-7394.09532563, 9977.23027117, 1893.81356398)
(-7394.02341925, 9977.24093082, 1893.81356398)
(-7393.96867256, 9977.24904694, 1893.81356398)
(-7393.91392558, 9977.25716266, 1893.81356398)
(-7393.86285582, 9977.26473328, 1893.81356398)
(-7393.79666909, 9977.27454408, 1893.81356398)
(-7393.74437377, 9977.28229627, 1893.81356398)
(-7393.6879925, 9977.29065376, 1893.81356398)
(-7393.62629967, 9977.29979708, 1893.81356398)
(-7393.57318729, 9977.30766975, 1893.81356398)
(-7393.51149456, 9977.31681396, 1893.81356398)
(-7393.46001613, 9977.32444427, 1893.81356398)
(-7393.39914037, 9977.33346647, 1893.81356398)
(-7393.34684504, 9977.34121772, 1893.81356398)
(-7393.28719509, 9977.35005878, 1893.81356398)
(-7393.23040537, 9977.35847598, 1893.81356398)
(-7393.15849833, 9977.36913236, 1893.81356398)
(-7393.10456868, 9977.37712544, 1893.81356398)
(-7393.04205874, 9977.38638964, 1893.81356398)
(-7392.99180595, 9977.39383745, 1893.81356398)
(-7392.92847863, 9977.40322174, 1893.81356398)
(-7392.8716891, 9977.41163836, 1893.81356398)
(-7392.81285602, 9977.42035736, 1893.81356398)
(-7392.74135919, 9977.43094384, 1893.81356398)
(-7392.66659285, 9977.44202327, 1893.81356398)
(-7392.57425707, 9977.45570223, 1893.81356398)
(-7392.48764202, 9977.46853603, 1893.81356398)
(-7392.42349731, 9977.47803509, 1893.81356398)
(-7392.37528725, 9977.48517763, 1893.81356398)
(-7392.29275704, 9977.49740368, 1893.81356398)
(-7392.2216673, 9977.50793619, 1893.81356398)
(-7392.13627704, 9977.52058586, 1893.81356398)
(-7392.07458421, 9977.52972614, 1893.81356398)
(-7391.9969567, 9977.54122622, 1893.81356398)
(-7391.90502684, 9977.55482164, 1893.813564)
(-7391.80641965, 9977.56855223, 1893.81356398)
(-7391.74585412, 9977.57690886, 1893.81356398)
(-7391.67057031, 9977.58732122, 1893.81356398)
(-7391.6084315, 9977.59624286, 1893.81356397)
(-7391.55203835, 9977.60447469, 1893.81356398)
(-7391.48787449, 9977.61384533, 1893.81356398)
(-7391.43759045, 9977.62108199, 1893.81356398)
(-7391.38444001, 9977.62869219, 1893.81356398)
(-7391.3300246, 9977.63628362, 1893.81356398)
(-7391.26415358, 9977.64543085, 1893.81356398)
(-7391.20849778, 9977.65307102, 1893.81356399)
(-7391.15038716, 9977.66103115, 1893.81356399)
(-7391.08941283, 9977.66937345, 1893.81356398)
(-7391.03832892, 9977.67683619, 1893.81356398)
(-7390.98358781, 9977.68492661, 1893.81356397)
(-7390.93208771, 9977.6924083, 1893.81356398)
(-7390.87118768, 9977.70126127, 1893.81356397)
(-7390.81430898, 9977.70915595, 1893.81356398)
(-7390.75988804, 9977.71668365, 1893.81356397)
(-7390.69524016, 9977.72561764, 1893.81356398)
(-7390.64248129, 9977.73303871, 1893.81356398)
(-7390.59095693, 9977.74035269, 1893.81356398)
(-7390.53945756, 9977.74780347, 1893.81356398)
(-7390.47610537, 9977.75701008, 1893.81356398)
(-7390.41682187, 9977.76551027, 1893.81356398)
(-7390.35794687, 9977.77394157, 1893.81356398)
(-7390.28884872, 9977.7838194, 1893.81356399)
(-7390.22990351, 9977.79182743, 1893.81356399)
(-7390.18078615, 9977.7985185, 1893.81356398)
(-7390.12765444, 9977.80618652, 1893.81356399)
(-7390.06594658, 9977.81517735, 1893.81356398)
(-7389.99441739, 9977.82556272, 1893.81356398)
(-7389.92940732, 9977.83486556, 1893.81356398)
(-7389.86356808, 9977.84421283, 1893.81356399)
(-7389.80546696, 9977.85227175, 1893.81356399)
(-7389.751868, 9977.85969453, 1893.81356399)
(-7389.70115217, 9977.86681443, 1893.81356398)
(-7389.64552807, 9977.87463296, 1893.81356398)
(-7389.59157345, 9977.88241929, 1893.81356398)
(-7389.52699118, 9977.89178221, 1893.81356398)
(-7389.47220291, 9977.89962239, 1893.81356398)
(-7389.41332596, 9977.90803905, 1893.81356398)
(-7389.35322029, 9977.91662832, 1893.81356399)
(-7389.29632572, 9977.92440048, 1893.81356397)
(-7389.23861794, 9977.93228966, 1893.81356398)
(-7389.18913558, 9977.93927947, 1893.81356399)
(-7389.12413734, 9977.94862273, 1893.81356397)
(-7389.06653138, 9977.95709696, 1893.81356397)
(-7389.00360286, 9977.96634122, 1893.81356398)
(-7388.94552848, 9977.97457754, 1893.81356399)
(-7388.88499414, 9977.98310292, 1893.81356398)
(-7388.83301447, 9977.99022803, 1893.81356398)
(-7388.78185637, 9977.99723049, 1893.81356397)
(-7388.72662033, 9978.00485169, 1893.81356398)
(-7388.66196982, 9978.01374049, 1893.81356398)
(-7388.60597611, 9978.02181949, 1893.81356398)
(-7388.55244208, 9978.02961307, 1893.81356398)
(-7388.48990767, 9978.03870651, 1893.81356398)
(-7388.44125272, 9978.04567155, 1893.81356398)
(-7388.38482211, 9978.05369347, 1893.81356399)
(-7388.33286188, 9978.06092492, 1893.81356398)
(-7388.26739982, 9978.07000198, 1893.81356398)
(-7388.21218524, 9978.07775765, 1893.81356398)
(-7388.15942449, 9978.08517624, 1893.81356398)
(-7388.10257509, 9978.09317517, 1893.81356397)
(-7388.05395785, 9978.10032072, 1893.81356398)
(-7387.99839286, 9978.10850554, 1893.81356398)
(-7387.92933711, 9978.11867538, 1893.81356399)
(-7387.87572249, 9978.12598638, 1893.81356398)
(-7387.81391109, 9978.13438463, 1893.81356399)
(-7387.76073039, 9978.14177801, 1893.81356398)
(-7387.69363852, 9978.15108932, 1893.81356398)
(-7387.63765472, 9978.1592279, 1893.81356397)
(-7387.58044686, 9978.16759486, 1893.81356398)
(-7387.52731061, 9978.17530679, 1893.81356398)
(-7387.46191624, 9978.18482651, 1893.81356397)
(-7387.40137546, 9978.19334866, 1893.81356399)
(-7387.33101044, 9978.20316879, 1893.81356397)
(-7387.26596996, 9978.21225785, 1893.81356398)
