(-7451.69971673, 9977.22999947, 1893.81356529)
(-7451.64348244, 9977.23010932, 1893.81394368)
(-7451.57657651, 9977.2301974, 1893.81356362)
(-7451.51916845, 9977.23027761, 1893.81356484)
(-7451.44854177, 9977.2303803, 1893.81356408)
(-7451.38452212, 9977.2304658, 1893.81356393)
(-7451.30976316, 9977.23052723, 1893.81356398)
(-7451.24579903, 9977.2315054, 1893.81356398)
(-7451.18387312, 9977.23239509, 1893.81356397)
(-7451.11036811, 9977.23323922, 1893.81356398)
(-7451.05093713, 9977.23458483, 1893.81356398)
(-7450.97786922, 9977.23614295, 1893.81356398)
(-7450.9208993, 9977.23736976, 1893.81356397)
(-7450.84740947, 9977.23897943, 1893.81356397)
(-7450.78382245, 9977.24035636, 1893.81356398)
(-7450.72519127, 9977.24166278, 1893.81356398)
(-7450.65871977, 9977.24323388, 1893.81356398)
(-7450.59224749, 9977.24483996, 1893.81356398)
(-7450.53072382, 9977.24626344, 1893.81356398)
(-7450.47374457, 9977.24762321, 1893.81356398)
(-7450.40149179, 9977.24941605, 1893.81356398)
(-7450.33914275, 9977.25090892, 1893.81356398)
(-7450.26894921, 9977.25259005, 1893.81356398)
(-7450.21238111, 9977.25394474, 1893.81356398)
(-7450.15085881, 9977.25542217, 1893.81356397)
(-7450.07695366, 9977.25727285, 1893.81356398)
(-7450.01997283, 9977.25866473, 1893.81356398)
(-7449.93161231, 9977.26082113, 1893.81356398)
(-7449.8568771, 9977.26264383, 1893.81356398)
(-7449.78916157, 9977.26429636, 1893.81356398)
(-7449.73094237, 9977.26571619, 1893.81356398)
(-7449.64877541, 9977.26772078, 1893.81356398)
(-7449.5550474, 9977.27001098, 1893.81356398)
(-7449.48402812, 9977.27174401, 1893.81356398)
(-7449.39484201, 9977.27392249, 1893.81356398)
(-7449.28872616, 9977.27651138, 1893.81356398)
(-7449.21853302, 9977.27822306, 1893.81356398)
(-7449.14297233, 9977.28006683, 1893.81356398)
(-7449.07979837, 9977.28160738, 1893.81356398)
(-7449.01992797, 9977.28306794, 1893.81356398)
(-7448.94808321, 9977.28482035, 1893.81356398)
(-7448.87376108, 9977.28663433, 1893.81356398)
(-7448.80971512, 9977.28746173, 1893.81356399)
(-7448.72833166, 9977.28853575, 1893.81356397)
(-7448.6577218, 9977.28981367, 1893.81356398)
(-7448.5875302, 9977.29121391, 1893.81356398)
(-7448.53015205, 9977.29254497, 1893.81356397)
(-7448.47359265, 9977.2938489, 1893.81356397)
(-7448.39638541, 9977.29565944, 1893.81356398)
(-7448.33647589, 9977.29642279, 1893.81356398)
(-7448.25715822, 9977.2973934, 1893.81356397)
(-7448.19522073, 9977.29848234, 1893.81356398)
(-7448.11841832, 9977.29990564, 1893.81356397)
(-7448.04245659, 9977.30152485, 1893.81356399)
(-7447.98218087, 9977.30286931, 1893.81356399)
(-7447.90992765, 9977.30450742, 1893.81356397)
(-7447.84630396, 9977.30535663, 1893.81356398)
(-7447.77731107, 9977.3062198, 1893.81356399)
(-7447.71289206, 9977.3072937, 1893.81356398)
(-7447.64847767, 9977.30848438, 1893.81356397)
(-7447.59646164, 9977.30958089, 1893.81356398)
(-7447.51678202, 9977.31131327, 1893.81356397)
(-7447.43873424, 9977.31285746, 1893.81356398)
(-7447.3685282, 9977.31415865, 1893.81356398)
(-7447.30366847, 9977.31498316, 1893.81356398)
(-7447.23757496, 9977.31584386, 1893.81356398)
(-7447.17399842, 9977.3170612, 1893.81356397)
(-7447.11125476, 9977.31846223, 1893.81356397)
(-7447.03982885, 9977.32001795, 1893.81356398)
(-7446.98118906, 9977.32118035, 1893.81356398)
(-7446.90272407, 9977.32265258, 1893.81356399)
(-7446.84654135, 9977.3233883, 1893.81356397)
(-7446.7887079, 9977.32415422, 1893.81356398)
(-7446.71807806, 9977.32511002, 1893.81356398)
(-7446.65616676, 9977.3266105, 1893.81356398)
(-7446.57939004, 9977.32846908, 1893.81356398)
(-7446.51578879, 9977.32969668, 1893.81356398)
(-7446.45218633, 9977.33085904, 1893.81356398)
(-7446.39352873, 9977.33177314, 1893.81356398)
(-7446.31918049, 9977.33290851, 1893.81356398)
(-7446.25352084, 9977.33402086, 1893.81356398)
(-7446.18579595, 9977.3351904, 1893.81356398)
(-7446.1214, 9977.33670879, 1893.81356398)
(-7446.06690856, 9977.33797922, 1893.81356397)
(-7445.99836978, 9977.33955004, 1893.81356398)
(-7445.93556812, 9977.34031836, 1893.81356399)
(-7445.8578992, 9977.34128524, 1893.81356399)
(-7445.79843743, 9977.34228884, 1893.81356398)
(-7445.73939464, 9977.34340286, 1893.81356397)
(-7445.67251626, 9977.34481673, 1893.81356398)
(-7445.59241516, 9977.34650624, 1893.81356398)
(-7445.52882007, 9977.34775852, 1893.81356398)
(-7445.44953188, 9977.34926414, 1893.81356398)
(-7445.38756537, 9977.35004617, 1893.81356398)
(-7445.31857668, 9977.35091078, 1893.81356398)
(-7445.25995631, 9977.35205193, 1893.81356397)
(-7445.17532434, 9977.35380912, 1893.81356398)
(-7445.11175482, 9977.35529722, 1893.81356398)
(-7445.03248661, 9977.35714797, 1893.81356398)
(-7444.97588426, 9977.35788788, 1893.81356398)
(-7444.91061099, 9977.35869901, 1893.81356397)
(-7444.85197206, 9977.35966594, 1893.81356398)
(-7444.78342534, 9977.36089149, 1893.81356398)
(-7444.7086859, 9977.36227989, 1893.81356398)
(-7444.64346534, 9977.36383646, 1893.81356401)
(-7444.57493489, 9977.36544114, 1893.81356398)
(-7444.51668459, 9977.36627823, 1893.81356398)
(-7444.45306276, 9977.36713954, 1893.81356399)
(-7444.38450372, 9977.36819323, 1893.81356398)
(-7444.30314228, 9977.3694121, 1893.81356398)
(-7444.23792329, 9977.3709127, 1893.81356398)
(-7444.16362033, 9977.37265382, 1893.81356398)
(-7444.10745632, 9977.37376221, 1893.81356398)
(-7444.01122619, 9977.37550637, 1893.81356399)
(-7443.93728495, 9977.37661558, 1893.81356398)
(-7443.88236167, 9977.3775724, 1893.81356398)
(-7443.78779372, 9977.37922134, 1893.81356398)
(-7443.7105866, 9977.38078603, 1893.81356399)
(-7443.61398651, 9977.38299534, 1893.81356398)
(-7443.49423942, 9977.38556771, 1893.81356398)
(-7443.4119963, 9977.38612778, 1893.81356398)
(-7443.33432975, 9977.38690539, 1893.81356398)
(-7443.24479035, 9977.38932273, 1893.81356397)
(-7443.18204237, 9977.39080197, 1893.81356398)
(-7443.10934535, 9977.39211091, 1893.81356398)
(-7443.02467383, 9977.39354355, 1893.81356399)
(-7442.95692118, 9977.39441462, 1893.81356399)
(-7442.88587361, 9977.39534179, 1893.81356397)
(-7442.83097483, 9977.39658545, 1893.81356398)
(-7442.7521334, 9977.39846865, 1893.81356398)
(-7442.68069508, 9977.39993651, 1893.81356398)
(-7442.61626512, 9977.4011175, 1893.81356399)
(-7442.55100927, 9977.40225938, 1893.81356399)
(-7442.48862872, 9977.40304384, 1893.81356398)
(-7442.41509988, 9977.40398221, 1893.81356397)
(-7442.34781766, 9977.40551675, 1893.81356397)
(-7442.273098, 9977.40719961, 1893.81356398)
(-7442.21652788, 9977.40837892, 1893.81356398)
(-7442.13972658, 9977.41002795, 1893.81356398)
(-7442.07858323, 9977.41085672, 1893.81356399)
(-7442.00422068, 9977.41180452, 1893.81356399)
(-7441.93567398, 9977.4129735, 1893.81356397)
(-7441.85763432, 9977.41443692, 1893.81356397)
(-7441.7940653, 9977.4159095, 1893.81356398)
(-7441.73255325, 9977.41732403, 1893.81356398)
(-7441.65699355, 9977.41901813, 1893.81356398)
(-7441.58757862, 9977.4198275, 1893.81356399)
(-7441.50247922, 9977.42089108, 1893.81356398)
(-7441.43105313, 9977.42220748, 1893.81356398)
(-7441.36664106, 9977.42343613, 1893.81356397)
(-7441.30513618, 9977.42487075, 1893.81356395)
(-7441.23330022, 9977.4265104, 1893.81356399)
(-7441.17051464, 9977.42760463, 1893.81356399)
(-7441.09905806, 9977.42878465, 1893.81356399)
(-7441.04328561, 9977.4294988, 1893.81356399)
(-7440.96893135, 9977.4304468, 1893.81356397)
(-7440.90784025, 9977.43183449, 1893.81356398)
(-7440.83684003, 9977.43345511, 1893.81356397)
(-7440.78192169, 9977.43459452, 1893.81356398)
(-7440.7088369, 9977.43616973, 1893.81356398)
(-7440.64934722, 9977.43699084, 1893.81356399)
(-7440.56589851, 9977.43809275, 1893.81356398)
(-7440.4990041, 9977.43924217, 1893.81356398)
(-7440.41559629, 9977.44080667, 1893.81356398)
(-7440.35450382, 9977.44221752, 1893.81356398)
(-7440.29505653, 9977.44358678, 1893.81356398)
(-7440.22280154, 9977.44522608, 1893.81356398)
(-7440.16619671, 9977.445931, 1893.81356398)
(-7440.08687701, 9977.44686282, 1893.81356398)
(-7440.02452809, 9977.44794682, 1893.81356397)
(-7439.95516065, 9977.44924847, 1893.81356398)
(-7439.90438198, 9977.45031132, 1893.81356398)
(-7439.82098415, 9977.45211057, 1893.81356398)
(-7439.7627756, 9977.45346683, 1893.81356398)
(-7439.68226683, 9977.4553686, 1893.81356398)
(-7439.62112144, 9977.45622255, 1893.81356399)
(-7439.55006387, 9977.45718436, 1893.81356399)
(-7439.49018017, 9977.45812946, 1893.81356398)
(-7439.42245031, 9977.45918483, 1893.81356398)
(-7439.36177042, 9977.46055616, 1893.81356398)
(-7439.28292687, 9977.4624062, 1893.81356398)
(-7439.2209794, 9977.46361095, 1893.81356398)
(-7439.15613972, 9977.4648148, 1893.81356398)
(-7439.09458948, 9977.46575168, 1893.81356399)
(-7439.020242, 9977.46688539, 1893.81356398)
(-7438.96490655, 9977.46782036, 1893.81356398)
(-7438.88974966, 9977.46913831, 1893.81356398)
(-7438.82164069, 9977.47076402, 1893.81356398)
(-7438.75352328, 9977.47235296, 1893.81356398)
(-7438.69651962, 9977.47334431, 1893.81356399)
(-7438.63249598, 9977.47440113, 1893.81356398)
(-7438.56970127, 9977.47521364, 1893.81356399)
(-7438.49163119, 9977.47623896, 1893.81356398)
(-7438.42269564, 9977.4778053, 1893.81356397)
(-7438.36696753, 9977.47906723, 1893.81356398)
(-7438.3062703, 9977.48034766, 1893.81356398)
(-7438.23772794, 9977.48182632, 1893.81356398)
(-7438.16832527, 9977.48283047, 1893.81356399)
(-7438.08281547, 9977.48401286, 1893.81356398)
(-7438.0229398, 9977.48503188, 1893.81356398)
(-7437.93085997, 9977.48674363, 1893.81356399)
(-7437.86110004, 9977.48839297, 1893.81356395)
(-7437.76943616, 9977.49042362, 1893.81356399)
(-7437.71036264, 9977.49137014, 1893.81356399)
(-7437.63808286, 9977.49257463, 1893.81356399)
(-7437.55711051, 9977.4935472, 1893.81356398)
(-7437.44683419, 9977.49504713, 1893.81356398)
(-7437.36265639, 9977.49739526, 1893.81356398)
(-7437.27597806, 9977.49968103, 1893.81356397)
(-7437.18713636, 9977.50065651, 1893.81356399)
(-7437.09171492, 9977.50190697, 1893.81356398)
(-7437.02277225, 9977.50325795, 1893.81356398)
(-7436.95299495, 9977.50463825, 1893.81356397)
(-7436.89850812, 9977.50591693, 1893.81356397)
(-7436.82502408, 9977.50763605, 1893.81356399)
(-7436.75686561, 9977.50881583, 1893.81356399)
(-7436.6973764, 9977.50965974, 1893.81356399)
(-7436.6193074, 9977.51078235, 1893.81356398)
(-7436.55117197, 9977.51193541, 1893.81356398)
(-7436.46817593, 9977.51348225, 1893.81356398)
(-7436.40790831, 9977.51491984, 1893.81356398)
(-7436.34392263, 9977.51643912, 1893.81356398)
(-7436.28236998, 9977.51735056, 1893.81356398)
(-7436.21792606, 9977.51826996, 1893.81356398)
(-7436.14688655, 9977.51934621, 1893.81356398)
(-7436.08701209, 9977.52039166, 1893.81356398)
(-7436.02218478, 9977.5216096, 1893.81356397)
(-7435.95572697, 9977.52315935, 1893.81356397)
(-7435.89834061, 9977.52446366, 1893.81356398)
(-7435.81535042, 9977.52635982, 1893.81356399)
(-7435.75750599, 9977.52706081, 1893.81356398)
(-7435.68107933, 9977.52794478, 1893.81356398)
(-7435.62285852, 9977.52894475, 1893.81356398)
(-7435.54771204, 9977.53035952, 1893.81356398)
(-7435.48620063, 9977.53166731, 1893.81356398)
(-7435.41559779, 9977.53317036, 1893.81356398)
(-7435.35282851, 9977.53440175, 1893.81356398)
(-7435.27023599, 9977.53595923, 1893.81356398)
(-7435.20083189, 9977.53681834, 1893.81356399)
(-7435.13432655, 9977.53768338, 1893.81356397)
(-7435.07529751, 9977.53899001, 1893.81356397)
(-7435.0133795, 9977.54041239, 1893.81356397)
(-7434.93699385, 9977.54205961, 1893.81356398)
(-7434.87752129, 9977.54317792, 1893.81356398)
(-7434.79698163, 9977.5445703, 1893.81356397)
(-7434.74079672, 9977.54530178, 1893.813564)
(-7434.67676904, 9977.54614316, 1893.81356397)
(-7434.61649213, 9977.54726213, 1893.81356398)
(-7434.53639702, 9977.54886537, 1893.81356398)
(-7434.47448074, 9977.55033316, 1893.81356397)
(-7434.39149874, 9977.55227702, 1893.81356398)
(-7434.33324519, 9977.55305628, 1893.81356398)
(-7434.26838623, 9977.55388804, 1893.81356399)
(-7434.20230851, 9977.554916, 1893.81356398)
(-7434.13913219, 9977.55603593, 1893.81356398)
(-7434.0643957, 9977.55745437, 1893.81356397)
(-7434.0078447, 9977.5588031, 1893.81356398)
(-7433.93188728, 9977.56061687, 1893.81356399)
(-7433.87115748, 9977.5614735, 1893.81356398)
(-7433.81414822, 9977.5622754, 1893.81356398)
(-7433.73030116, 9977.56349484, 1893.81356398)
(-7433.67208264, 9977.56454955, 1893.81356398)
(-7433.59776163, 9977.56599128, 1893.81356397)
(-7433.54409952, 9977.56724215, 1893.81356398)
(-7433.4739197, 9977.56888494, 1893.81356398)
(-7433.4148527, 9977.56994055, 1893.81356397)
(-7433.33802502, 9977.57121524, 1893.81356399)
(-7433.27027258, 9977.57208934, 1893.81356398)
(-7433.19592418, 9977.57309494, 1893.81356398)
(-7433.13359514, 9977.57453392, 1893.81356397)
(-7433.06672061, 9977.57605363, 1893.81356398)
(-7433.00106795, 9977.57744476, 1893.81356398)
(-7432.94035736, 9977.57859558, 1893.81356398)
(-7432.85899393, 9977.58002516, 1893.81356398)
(-7432.79702698, 9977.58080296, 1893.81356398)
(-7432.71358504, 9977.58186311, 1893.81356397)
(-7432.65084561, 9977.58333332, 1893.81356397)
(-7432.59016714, 9977.58476187, 1893.81356397)
(-7432.52368831, 9977.58617212, 1893.81356398)
(-7432.45678208, 9977.58742838, 1893.81356398)
(-7432.3770706, 9977.588829, 1893.81356398)
(-7432.31469003, 9977.58960449, 1893.81356398)
(-7432.23909795, 9977.59058498, 1893.81356397)
(-7432.18213412, 9977.59188146, 1893.81356398)
(-7432.11402484, 9977.59346947, 1893.81356397)
(-7432.04672054, 9977.59489472, 1893.81356398)
(-7431.96785424, 9977.59659047, 1893.81356398)
(-7431.88935788, 9977.5975995, 1893.81356398)
(-7431.78403054, 9977.59908234, 1893.81356398)
(-7431.72375244, 9977.60021662, 1893.81356398)
(-7431.66512156, 9977.60135, 1893.81356397)
(-7431.58545374, 9977.60325562, 1893.81356398)
(-7431.49255628, 9977.6053843, 1893.81356398)
(-7431.41074749, 9977.60632608, 1893.81356398)
(-7431.32070489, 9977.60760652, 1893.81356398)
(-7431.26744229, 9977.60856984, 1893.81356397)
(-7431.20716107, 9977.609731, 1893.81356398)
(-7431.12914543, 9977.61155662, 1893.81356397)
(-7431.02840269, 9977.61383358, 1893.81356398)
(-7430.96023339, 9977.61472313, 1893.81356398)
(-7430.87430605, 9977.61584305, 1893.81356399)
(-7430.80906458, 9977.61697108, 1893.81356398)
(-7430.74919486, 9977.61810269, 1893.81356397)
(-7430.69305048, 9977.61929617, 1893.81356398)
(-7430.61419231, 9977.62099349, 1893.81356398)
(-7430.53820902, 9977.622494, 1893.81356398)
(-7430.45602655, 9977.62401618, 1893.81356399)
(-7430.38455581, 9977.62487422, 1893.81356398)
(-7430.29698801, 9977.62602401, 1893.81356398)
(-7430.22640854, 9977.62775336, 1893.81356398)
(-7430.16572908, 9977.62918715, 1893.81356399)
(-7430.10832571, 9977.63031275, 1893.81356398)
(-7430.04266073, 9977.63153224, 1893.81356398)
(-7429.95634521, 9977.63307857, 1893.81356399)
(-7429.88818082, 9977.63391283, 1893.81356399)
(-7429.81011185, 9977.6349254, 1893.81356398)
(-7429.75480523, 9977.63627706, 1893.81356398)
(-7429.68999923, 9977.63784269, 1893.81356396)
(-7429.62805745, 9977.63910449, 1893.81356398)
(-7429.56404366, 9977.64029674, 1893.81356398)
(-7429.48722476, 9977.64166191, 1893.81356398)
(-7429.42319264, 9977.64245487, 1893.81356398)
(-7429.35627514, 9977.64333704, 1893.81356399)
(-7429.30178625, 9977.64453463, 1893.81356397)
(-7429.2312001, 9977.64622269, 1893.81356397)
(-7429.17173859, 9977.64745035, 1893.81356398)
(-7429.09700118, 9977.64905338, 1893.81356398)
(-7429.03379344, 9977.64993197, 1893.81356398)
(-7428.94704474, 9977.65113263, 1893.81356398)
(-7428.88303991, 9977.65222973, 1893.81356398)
(-7428.80128255, 9977.65374418, 1893.81356399)
(-7428.75174771, 9977.65489917, 1893.81356397)
(-7428.6873499, 9977.65640748, 1893.81356398)
(-7428.61468335, 9977.65808073, 1893.81356398)
(-7428.54816428, 9977.65891983, 1893.81356398)
(-7428.47958588, 9977.65972062, 1893.81356397)
(-7428.42466615, 9977.66063646, 1893.81356398)
(-7428.35612555, 9977.66191357, 1893.81356397)
(-7428.29048499, 9977.66328537, 1893.81356397)
(-7428.21822933, 9977.66479993, 1893.81356398)
(-7428.1595896, 9977.66594334, 1893.81356398)
(-7428.09971222, 9977.66710102, 1893.81356399)
(-7428.03361457, 9977.66799372, 1893.81356399)
(-7427.972066, 9977.66882896, 1893.81356397)
(-7427.89441933, 9977.66992288, 1893.81356397)
(-7427.83374631, 9977.67141475, 1893.81356398)
(-7427.76151019, 9977.67315973, 1893.81356398)
(-7427.702866, 9977.67430558, 1893.81356398)
(-7427.64628498, 9977.67535002, 1893.81356398)
(-7427.56698948, 9977.67677116, 1893.81356398)
(-7427.50419509, 9977.67757635, 1893.81356397)
(-7427.42694791, 9977.67856559, 1893.81356398)
(-7427.37535137, 9977.67973088, 1893.81356397)
(-7427.30724229, 9977.68139457, 1893.81356397)
(-7427.24406496, 9977.68271287, 1893.81356398)
(-7427.15570189, 9977.68462746, 1893.81356399)
(-7427.09166491, 9977.68545988, 1893.81356399)
(-7427.01482484, 9977.68645149, 1893.81356398)
(-7426.96610035, 9977.68729485, 1893.81356397)
(-7426.88640886, 9977.68878444, 1893.81356398)
(-7426.82201469, 9977.69027083, 1893.81356397)
(-7426.76050144, 9977.69167456, 1893.81356399)
(-7426.69980697, 9977.69304396, 1893.81356398)
(-7426.63494351, 9977.69389211, 1893.81356399)
(-7426.56140696, 9977.69483931, 1893.81356398)
(-7426.49079423, 9977.696026, 1893.81356398)
(-7426.44083035, 9977.69692798, 1893.81356398)
(-7426.36815645, 9977.69828319, 1893.81356397)
(-7426.30623949, 9977.6997655, 1893.81356399)
(-7426.22656421, 9977.701648, 1893.81356399)
(-7426.1650051, 9977.70245785, 1893.81356398)
(-7426.07329009, 9977.70361775, 1893.81356398)
(-7426.01094169, 9977.70472192, 1893.81356398)
(-7425.94529225, 9977.7059789, 1893.81356398)
(-7425.89451319, 9977.70704587, 1893.81356398)
(-7425.79831608, 9977.70913953, 1893.81356398)
(-7425.71778677, 9977.71069881, 1893.81356398)
(-7425.60421168, 9977.71271076, 1893.81356398)
(-7425.52116989, 9977.71359634, 1893.81356398)
(-7425.44150096, 9977.715368, 1893.81356397)
(-7425.33333756, 9977.71777143, 1893.81356399)
(-7425.25279969, 9977.71924732, 1893.81356398)
(-7425.20158665, 9977.72014266, 1893.81356398)
(-7425.14209796, 9977.72093483, 1893.81356399)
(-7425.05535304, 9977.72209113, 1893.81356398)
(-7424.99464336, 9977.72296474, 1893.81356398)
(-7424.92819517, 9977.72461663, 1893.81356397)
(-7424.84770558, 9977.72661109, 1893.81356397)
(-7424.78161918, 9977.7278449, 1893.81356398)
(-7424.68991963, 9977.72935885, 1893.81356398)
(-7424.62175456, 9977.73026537, 1893.81356398)
(-7424.55360255, 9977.73120673, 1893.81356398)
(-7424.49292211, 9977.73257876, 1893.81356398)
(-7424.42274647, 9977.73418098, 1893.81356398)
(-7424.35956954, 9977.73549487, 1893.81356398)
(-7424.28235633, 9977.73717327, 1893.81356398)
(-7424.21666726, 9977.7380383, 1893.81356398)
(-7424.14643892, 9977.73896787, 1893.81356398)
(-7424.0878017, 9977.73995314, 1893.81356398)
(-7424.01388942, 9977.7413091, 1893.81356398)
(-7423.95320521, 9977.74261589, 1893.81356397)
(-7423.88797871, 9977.74408463, 1893.81356398)
(-7423.80457554, 9977.74596582, 1893.81356398)
(-7423.745496, 9977.74671316, 1893.81356398)
(-7423.68559252, 9977.74749265, 1893.81356398)
(-7423.61704109, 9977.74860869, 1893.81356398)
(-7423.55220995, 9977.7497523, 1893.81356398)
(-7423.49109716, 9977.75088125, 1893.81356398)
(-7423.43784842, 9977.75214578, 1893.81356398)
(-7423.3515763, 9977.75425571, 1893.81356398)
(-7423.2821687, 9977.75519301, 1893.81356398)
(-7423.20160791, 9977.75621894, 1893.81356399)
(-7423.15081722, 9977.75707122, 1893.81356397)
(-7423.09301087, 9977.75814943, 1893.81356398)
(-7423.01290607, 9977.75967658, 1893.81356398)
(-7422.94727396, 9977.76122064, 1893.81356397)
(-7422.86676418, 9977.7630596, 1893.81356398)
(-7422.81429623, 9977.76377465, 1893.81356399)
(-7422.73993394, 9977.7647608, 1893.81356398)
(-7422.68294269, 9977.7656616, 1893.81356398)
(-7422.6040604, 9977.7668542, 1893.81356398)
(-7422.53636366, 9977.76839609, 1893.81356398)
(-7422.45751914, 9977.77023617, 1893.81356398)
(-7422.40094053, 9977.77134501, 1893.81356398)
(-7422.3199894, 9977.77279182, 1893.81356399)
(-7422.26339246, 9977.77355043, 1893.81356399)
(-7422.19440682, 9977.77446948, 1893.81356398)
(-7422.11552224, 9977.77559632, 1893.81356398)
(-7422.05485171, 9977.77709473, 1893.81356398)
(-7421.96817014, 9977.77929639, 1893.81356398)
(-7421.90827554, 9977.78037965, 1893.81356398)
(-7421.82855607, 9977.78172661, 1893.81356398)
(-7421.76658793, 9977.78256312, 1893.81356399)
(-7421.69843149, 9977.78349338, 1893.81356399)
(-7421.63774302, 9977.78464375, 1893.81356398)
(-7421.56838322, 9977.78605461, 1893.81356399)
(-7421.50151305, 9977.78763178, 1893.81356398)
(-7421.43380688, 9977.78922219, 1893.81356398)
(-7421.37266485, 9977.79011185, 1893.81356399)
(-7421.31400111, 9977.79090156, 1893.81356398)
(-7421.24420282, 9977.79198144, 1893.81356398)
(-7421.17068871, 9977.79308185, 1893.81356398)
(-7421.11661354, 9977.79431064, 1893.81356397)
(-7421.04189861, 9977.79604509, 1893.81356397)
(-7420.97623918, 9977.79736052, 1893.81356398)
(-7420.91016244, 9977.79860152, 1893.81356398)
(-7420.82797541, 9977.80006597, 1893.81356398)
(-7420.77261703, 9977.80073364, 1893.81356399)
(-7420.7089987, 9977.80151604, 1893.81356398)
(-7420.6516216, 9977.8027839, 1893.81356398)
(-7420.5781468, 9977.80453816, 1893.81356395)
(-7420.51868611, 9977.80577887, 1893.81356397)
(-7420.45261807, 9977.80716471, 1893.81356398)
(-7420.38982587, 9977.80807607, 1893.81356399)
(-7420.31877028, 9977.80902434, 1893.81356399)
(-7420.24856915, 9977.81019765, 1893.81356398)
(-7420.18126181, 9977.81140798, 1893.81356398)
(-7420.12718246, 9977.81256117, 1893.81356397)
(-7420.05864865, 9977.81405148, 1893.81356399)
(-7419.99546681, 9977.81529886, 1893.81356398)
(-7419.92113516, 9977.81672917, 1893.81356398)
(-7419.86536411, 9977.81745616, 1893.81356398)
(-7419.78935206, 9977.81841908, 1893.81356399)
(-7419.69147674, 9977.81985773, 1893.81356398)
(-7419.63865291, 9977.82127332, 1893.81356398)
(-7419.56518188, 9977.82321982, 1893.81356397)
(-7419.49413504, 9977.82452057, 1893.81356399)
(-7419.40202371, 9977.82606193, 1893.81356397)
(-7419.3194012, 9977.82717903, 1893.81356398)
(-7419.22317074, 9977.82859878, 1893.81356397)
(-7419.17446603, 9977.82975623, 1893.81356397)
(-7419.10429572, 9977.83152158, 1893.81356398)
(-7419.01467915, 9977.83329494, 1893.81356398)
(-7418.91472795, 9977.83504732, 1893.81356398)
(-7418.83788863, 9977.83600763, 1893.81356398)
(-7418.76106567, 9977.83706693, 1893.81356398)
(-7418.70616981, 9977.83839771, 1893.81356397)
(-7418.65292165, 9977.83966659, 1893.81356397)
(-7418.58396052, 9977.84106727, 1893.81356398)
(-7418.51830052, 9977.84234239, 1893.81356398)
(-7418.43074705, 9977.84394299, 1893.81356399)
(-7418.36919187, 9977.84469657, 1893.81356398)
(-7418.30763816, 9977.84544868, 1893.81356398)
(-7418.25562732, 9977.84660425, 1893.81356397)
(-7418.17059284, 9977.84864015, 1893.81356398)
(-7418.09998115, 9977.85009814, 1893.81356398)
(-7418.03060819, 9977.85153166, 1893.81356398)
(-7417.98475055, 9977.85217218, 1893.81356399)
(-7417.90956278, 9977.85309386, 1893.81356399)
(-7417.843492, 9977.8541896, 1893.81356398)
(-7417.77494788, 9977.85544596, 1893.81356397)
(-7417.72293234, 9977.85655113, 1893.81356398)
(-7417.65398474, 9977.85803767, 1893.81356399)
(-7417.596584, 9977.85916362, 1893.81356398)
(-7417.52762207, 9977.86050303, 1893.81356398)
(-7417.46813536, 9977.86139307, 1893.81356398)
(-7417.40823681, 9977.86222179, 1893.81356398)
(-7417.33636789, 9977.86322832, 1893.81356397)
(-7417.26867144, 9977.86476891, 1893.81356397)
(-7417.20014287, 9977.86630097, 1893.81356398)
(-7417.13902591, 9977.86751856, 1893.81356398)
(-7417.08369018, 9977.86859013, 1893.81356398)
(-7417.01472182, 9977.86985532, 1893.81356399)
(-7416.9511021, 9977.87066658, 1893.81356398)
(-7416.87963915, 9977.87160805, 1893.81356397)
(-7416.81358719, 9977.87289325, 1893.81356397)
(-7416.7607499, 9977.87408677, 1893.81356397)
(-7416.69304539, 9977.87560867, 1893.81356398)
(-7416.62616202, 9977.87714668, 1893.81356397)
(-7416.55432059, 9977.87881561, 1893.81356398)
(-7416.50144236, 9977.87964364, 1893.81356399)
(-7416.44195422, 9977.88046884, 1893.81356398)
(-7416.36388901, 9977.88163606, 1893.81356398)
(-7416.30112492, 9977.88275744, 1893.81356398)
(-7416.21813085, 9977.88437054, 1893.81356398)
(-7416.16818423, 9977.88553301, 1893.81356397)
(-7416.10585012, 9977.88701195, 1893.81356398)
(-7416.04141784, 9977.88822094, 1893.81356397)
(-7415.96252505, 9977.88953904, 1893.81356398)
(-7415.90096894, 9977.89034462, 1893.81356399)
(-7415.83115969, 9977.89127144, 1893.81356398)
(-7415.77708327, 9977.89243814, 1893.81356397)
(-7415.71846805, 9977.89378791, 1893.81356397)
(-7415.63754739, 9977.89560133, 1893.81356397)
(-7415.57270352, 9977.89680983, 1893.81356398)
(-7415.50579183, 9977.89795432, 1893.81356398)
(-7415.45456556, 9977.89863569, 1893.81356399)
(-7415.39879784, 9977.89936816, 1893.81356398)
(-7415.34057784, 9977.90039011, 1893.81356398)
(-7415.26336836, 9977.90188505, 1893.81356398)
(-7415.20227716, 9977.9033122, 1893.81356397)
(-7415.13787515, 9977.90480521, 1893.81356399)
(-7415.0854177, 9977.90575937, 1893.81356398)
(-7415.00734841, 9977.9070304, 1893.81356398)
(-7414.94661799, 9977.90782323, 1893.81356399)
(-7414.87061536, 9977.90884437, 1893.81356398)
(-7414.80828383, 9977.91023649, 1893.81356398)
(-7414.75420822, 9977.91146344, 1893.81356397)
(-7414.68443159, 9977.91299828, 1893.81356398)
(-7414.62743819, 9977.91409004, 1893.81356398)
(-7414.54855095, 9977.91546557, 1893.81356398)
(-7414.49195275, 9977.91622148, 1893.81356399)
(-7414.44362142, 9977.91686449, 1893.81356397)
(-7414.3701011, 9977.91786076, 1893.81356398)
(-7414.31149094, 9977.91926696, 1893.81356397)
(-7414.23966826, 9977.9209957, 1893.81356397)
(-7414.17401223, 9977.92236377, 1893.81356398)
(-7414.12238445, 9977.92332427, 1893.81356399)
(-7414.04721305, 9977.92461615, 1893.81356399)
(-7413.98937727, 9977.92537436, 1893.81356398)
(-7413.90799866, 9977.92640995, 1893.81356397)
(-7413.84897127, 9977.92774865, 1893.81356398)
(-7413.79943781, 9977.92890588, 1893.81356396)
(-7413.72842576, 9977.93049576, 1893.81356398)
(-7413.66730007, 9977.93164193, 1893.81356398)
(-7413.59130414, 9977.93296571, 1893.81356399)
(-7413.51239727, 9977.93401791, 1893.81356398)
(-7413.40335749, 9977.93555926, 1893.81356398)
(-7413.33194955, 9977.93725024, 1893.81356398)
(-7413.23122651, 9977.93963692, 1893.81356398)
(-7413.14035315, 9977.94123184, 1893.81356398)
(-7413.03875233, 9977.9429843, 1893.81356398)
(-7412.96810935, 9977.94382494, 1893.81356398)
(-7412.8867371, 9977.94484161, 1893.81356398)
(-7412.83432665, 9977.94622422, 1893.81356398)
(-7412.73981056, 9977.94878858, 1893.81356398)
(-7412.66586595, 9977.94996738, 1893.81356398)
(-7412.58160058, 9977.9513103, 1893.81356398)
(-7412.51137234, 9977.95225015, 1893.81356399)
(-7412.43702578, 9977.95326751, 1893.81356398)
(-7412.38336737, 9977.95453479, 1893.81356398)
(-7412.32722955, 9977.95587366, 1893.81356396)
(-7412.26446287, 9977.9571528, 1893.81356398)
(-7412.19343478, 9977.95853363, 1893.81356398)
(-7412.11207623, 9977.96002181, 1893.81356398)
(-7412.04473784, 9977.96084168, 1893.81356398)
(-7411.97079923, 9977.96181573, 1893.81356398)
(-7411.92291641, 9977.96290089, 1893.81356398)
(-7411.8597597, 9977.96441526, 1893.81356398)
(-7411.79451979, 9977.96579195, 1893.81356398)
(-7411.71070074, 9977.96763605, 1893.81356398)
(-7411.64005344, 9977.96854499, 1893.81356398)
(-7411.56569731, 9977.96955381, 1893.81356398)
(-7411.50045535, 9977.97069371, 1893.81356398)
(-7411.43232502, 9977.97196323, 1893.81356401)
(-7411.37948867, 9977.9731895, 1893.81356397)
(-7411.32623586, 9977.97442521, 1893.81356398)
(-7411.25315709, 9977.97610153, 1893.81356398)
(-7411.19242588, 9977.97692482, 1893.81356398)
(-7411.11765134, 9977.97783069, 1893.81356397)
(-7411.04785929, 9977.9789159, 1893.81356398)
(-7410.9950101, 9977.97988569, 1893.81356399)
(-7410.9334892, 9977.98106902, 1893.81356397)
(-7410.87074592, 9977.9825501, 1893.81356398)
(-7410.7844656, 9977.98458444, 1893.81356399)
(-7410.72084333, 9977.98547523, 1893.81356398)
(-7410.65019865, 9977.98641151, 1893.81356398)
(-7410.59940162, 9977.98720797, 1893.81356398)
(-7410.53373659, 9977.98821113, 1893.81356398)
(-7410.47346613, 9977.98951244, 1893.81356398)
(-7410.40163735, 9977.99113026, 1893.81356398)
(-7410.32855273, 9977.99268905, 1893.81356398)
(-7410.26577556, 9977.993862, 1893.81356399)
(-7410.19349785, 9977.9951237, 1893.81356398)
(-7410.13772691, 9977.99583456, 1893.81356398)
(-7410.07906598, 9977.99657095, 1893.81356398)
(-7410.00476039, 9977.99816211, 1893.81356398)
(-7409.91641359, 9978.00009454, 1893.81356398)
(-7409.82639181, 9978.00189794, 1893.81356398)
(-7409.74296855, 9978.00343887, 1893.81356398)
(-7409.6405154, 9978.00467296, 1893.81356398)
(-7409.54759215, 9978.00600539, 1893.81356397)
(-7409.47742972, 9978.00777785, 1893.81356398)
(-7409.39858491, 9978.00965046, 1893.81356398)
(-7409.30110812, 9978.01140956, 1893.81356398)
(-7409.23544112, 9978.01257156, 1893.81356398)
(-7409.17306046, 9978.01339221, 1893.81356399)
(-7409.08135911, 9978.01460731, 1893.81356398)
(-7409.01490573, 9978.01619578, 1893.81356398)
(-7408.94142894, 9978.01791727, 1893.81356398)
(-7408.87452709, 9978.01923339, 1893.81356398)
(-7408.81918623, 9978.0202591, 1893.81356398)
(-7408.76094083, 9978.02116036, 1893.81356398)
(-7408.69402746, 9978.02218852, 1893.81356398)
(-7408.63249742, 9978.023241, 1893.81356398)
(-7408.57303096, 9978.024263, 1893.81356398)
(-7408.51688463, 9978.02542269, 1893.81356398)
(-7408.4438106, 9978.02701309, 1893.81356398)
(-7408.38641009, 9978.02814504, 1893.81356398)
(-7408.3190994, 9978.02944592, 1893.81356398)
(-7408.25217584, 9978.03043245, 1893.81356399)
(-7408.19145169, 9978.03126774, 1893.81356398)
(-7408.09604207, 9978.03259493, 1893.81356398)
(-7408.02670222, 9978.03433088, 1893.81356398)
(-7407.94001219, 9978.03637208, 1893.81356398)
(-7407.87144807, 9978.03762903, 1893.81356398)
(-7407.79049484, 9978.03902828, 1893.81356399)
(-7407.71324351, 9978.04003269, 1893.81356397)
(-7407.65128081, 9978.04081985, 1893.81356397)
(-7407.58110935, 9978.04243275, 1893.81356397)
(-7407.48410505, 9978.04473248, 1893.81356397)
(-7407.41306348, 9978.04604625, 1893.81356398)
(-7407.31765152, 9978.0476571, 1893.81356399)
(-7407.22056537, 9978.04887218, 1893.81356398)
(-7407.1231066, 9978.05037871, 1893.81356398)
(-7407.04551317, 9978.05239075, 1893.81356397)
(-7406.94642156, 9978.05463939, 1893.81356398)
(-7406.83282559, 9978.05653576, 1893.81356398)
(-7406.73082658, 9978.05843217, 1893.81356398)
(-7406.65895917, 9978.05959421, 1893.81356398)
(-7406.57718179, 9978.06086345, 1893.81356398)
(-7406.48059556, 9978.06328756, 1893.81356397)
(-7406.39346743, 9978.06514593, 1893.81356398)
(-7406.3066925, 9978.0659549, 1893.81356398)
(-7406.22616055, 9978.06715098, 1893.81356398)
(-7406.12584816, 9978.06932672, 1893.81356398)
(-7406.05936611, 9978.07062676, 1893.81356398)
(-7405.98132142, 9978.07220178, 1893.81356399)
(-7405.93381905, 9978.07296105, 1893.81356398)
(-7405.87723239, 9978.07385063, 1893.81356399)
(-7405.79132428, 9978.07517605, 1893.81356398)
(-7405.72029838, 9978.07639516, 1893.81356398)
(-7405.63647468, 9978.07794076, 1893.81356398)
(-7405.54731322, 9978.08012887, 1893.81356398)
(-7405.47794474, 9978.08165566, 1893.81356398)
(-7405.41845289, 9978.0824716, 1893.81356398)
(-7405.35772372, 9978.08324854, 1893.81356399)
(-7405.28628357, 9978.08445265, 1893.81356397)
(-7405.22062409, 9978.08558624, 1893.81356398)
(-7405.14505839, 9978.08697175, 1893.81356398)
(-7405.08190272, 9978.08850052, 1893.81356398)
(-7405.01255092, 9978.09016857, 1893.81356399)
(-7404.95636582, 9978.09095614, 1893.81356398)
(-7404.87456839, 9978.09200565, 1893.81356399)
(-7404.78866995, 9978.09337296, 1893.81356398)
(-7404.7126799, 9978.09452321, 1893.81356398)
(-7404.65902402, 9978.09583604, 1893.81356398)
(-7404.61114224, 9978.09699513, 1893.81356396)
(-7404.54426592, 9978.09860109, 1893.81356398)
(-7404.47816669, 9978.09956805, 1893.81356399)
(-7404.40794101, 9978.100584, 1893.81356398)
(-7404.34310358, 9978.10164089, 1893.81356398)
(-7404.2956153, 9978.10245573, 1893.81356398)
(-7404.21881182, 9978.10387971, 1893.81356398)
(-7404.15111528, 9978.10549114, 1893.81356395)
(-7404.07225664, 9978.107282, 1893.81356398)
(-7403.98468102, 9978.10873462, 1893.81356399)
(-7403.90907954, 9978.10971583, 1893.81356399)
(-7403.85125467, 9978.1105357, 1893.81356398)
(-7403.79921487, 9978.11127419, 1893.81356398)
(-7403.73853718, 9978.11265647, 1893.81356398)
(-7403.66217344, 9978.11448443, 1893.81356397)
(-7403.59362054, 9978.11584587, 1893.81356398)
(-7403.52588858, 9978.11708272, 1893.81356398)
(-7403.45485255, 9978.11834364, 1893.81356398)
(-7403.4044524, 9978.1189748, 1893.81356398)
(-7403.34785707, 9978.11968881, 1893.81356399)
(-7403.28634882, 9978.12100036, 1893.81356398)
(-7403.22525381, 9978.12235813, 1893.81356397)
(-7403.14061095, 9978.12419253, 1893.81356398)
(-7403.0720517, 9978.12545811, 1893.81356398)
(-7403.00101543, 9978.1267146, 1893.81356398)
(-7402.94731081, 9978.12741821, 1893.81356398)
(-7402.8836926, 9978.12822048, 1893.81356399)
(-7402.80772936, 9978.12966628, 1893.81356397)
(-7402.74167957, 9978.13109185, 1893.81356398)
(-7402.66034385, 9978.13285229, 1893.81356397)
(-7402.59096651, 9978.13421253, 1893.81356398)
(-7402.51332424, 9978.13563132, 1893.81356398)
(-7402.46209734, 9978.13627009, 1893.81356399)
(-7402.39393354, 9978.13711623, 1893.81356398)
(-7402.31921124, 9978.13855765, 1893.81356398)
(-7402.25770564, 9978.13993552, 1893.81356397)
(-7402.19289152, 9978.14140538, 1893.81356397)
(-7402.1032934, 9978.1434183, 1893.81356398)
(-7402.03966861, 9978.14421444, 1893.81356398)
(-7401.96861344, 9978.1451524, 1893.81356398)
(-7401.89345885, 9978.14643548, 1893.81356398)
(-7401.8319341, 9978.14756409, 1893.81356399)
(-7401.77042877, 9978.1489994, 1893.81356398)
(-7401.7002463, 9978.15060559, 1893.81356399)
(-7401.61601434, 9978.15247121, 1893.81356398)
(-7401.55238468, 9978.15321406, 1893.81356398)
(-7401.48628564, 9978.15400342, 1893.81356398)
(-7401.43425669, 9978.1548733, 1893.81356398)
(-7401.37603711, 9978.15594118, 1893.81356397)
(-7401.31989303, 9978.15711702, 1893.81356397)
(-7401.25176993, 9978.1585587, 1893.81356398)
(-7401.19767277, 9978.15960561, 1893.81356398)
(-7401.13036226, 9978.16090232, 1893.81356398)
(-7401.07542469, 9978.16177997, 1893.81356398)
(-7401.01181389, 9978.16273836, 1893.81356398)
(-7400.95689042, 9978.16366294, 1893.81356398)
(-7400.88751334, 9978.16484816, 1893.81356398)
(-7400.82476336, 9978.16617204, 1893.81356397)
(-7400.75457408, 9978.16766114, 1893.81356398)
(-7400.69799928, 9978.16876805, 1893.81356398)
(-7400.64431622, 9978.16981017, 1893.81356398)
(-7400.58400614, 9978.17074799, 1893.81356398)
(-7400.5282387, 9978.17153229, 1893.81356398)
(-7400.45678088, 9978.17253214, 1893.81356398)
(-7400.39857585, 9978.17378736, 1893.81356397)
(-7400.35069204, 9978.17487167, 1893.81356397)
(-7400.28752617, 9978.17628868, 1893.81356398)
(-7400.21814524, 9978.17763039, 1893.81356398)
(-7400.14132766, 9978.17901758, 1893.81356399)
(-7400.08183944, 9978.17980971, 1893.813564)
(-7400.02813916, 9978.18053443, 1893.81356399)
(-7399.95544454, 9978.18152663, 1893.81356398)
(-7399.90054865, 9978.18281691, 1893.81356398)
(-7399.82790095, 9978.18460732, 1893.81356399)
(-7399.76018004, 9978.18602666, 1893.81356398)
(-7399.69698683, 9978.18718343, 1893.81356399)
(-7399.63007651, 9978.1883401, 1893.81356398)
(-7399.57843684, 9978.18899973, 1893.81356397)
(-7399.52225581, 9978.18972373, 1893.81356398)
(-7399.46156383, 9978.19083635, 1893.81356398)
(-7399.3901363, 9978.19224302, 1893.81356398)
(-7399.33193398, 9978.19361402, 1893.81356397)
(-7399.26835993, 9978.1951135, 1893.81356398)
(-7399.2163098, 9978.19593558, 1893.81356399)
(-7399.16136449, 9978.19670326, 1893.81356399)
(-7399.09486028, 9978.19764658, 1893.81356398)
(-7399.03126835, 9978.1987419, 1893.81356398)
(-7398.97263354, 9978.19982729, 1893.81356398)
(-7398.91854177, 9978.20085987, 1893.81356397)
(-7398.86694443, 9978.20206615, 1893.81356397)
(-7398.80584815, 9978.20350455, 1893.81356398)
(-7398.74719789, 9978.20459714, 1893.81356397)
(-7398.66995751, 9978.2058931, 1893.81356398)
(-7398.61129471, 9978.20665485, 1893.81356399)
(-7398.54065892, 9978.20758721, 1893.81356398)
(-7398.4874077, 9978.20872507, 1893.81356397)
(-7398.43126897, 9978.21002148, 1893.81356396)
(-7398.37057892, 9978.21137053, 1893.81356397)
(-7398.30863124, 9978.21256317, 1893.81356398)
(-7398.24296492, 9978.21375462, 1893.81356398)
(-7398.18058991, 9978.21471103, 1893.81356398)
(-7398.11161215, 9978.21575606, 1893.81356399)
(-7398.05255959, 9978.21674274, 1893.81356398)
(-7397.99309394, 9978.21776417, 1893.81356398)
(-7397.93736403, 9978.21895389, 1893.81356398)
(-7397.88122279, 9978.22023282, 1893.81356397)
(-7397.81186374, 9978.22182599, 1893.81356397)
(-7397.75237424, 9978.2226819, 1893.81356399)
(-7397.68503777, 9978.22361429, 1893.81356398)
(-7397.62845814, 9978.22450797, 1893.81356398)
(-7397.57146297, 9978.22536049, 1893.81356398)
(-7397.51986279, 9978.22646652, 1893.81356399)
(-7397.46000657, 9978.22780823, 1893.81356398)
(-7397.38651237, 9978.22940113, 1893.81356398)
(-7397.32704007, 9978.23051608, 1893.81356398)
(-7397.27128374, 9978.23149975, 1893.81356398)
