(-7445.69997778, 9977.22999947, 1893.81356566)
(-7445.64637319, 9977.23010284, 1893.8140049)
(-7445.58731629, 9977.23019197, 1893.81360736)
(-7445.51050178, 9977.23038471, 1893.81356355)
(-7445.45308781, 9977.23044661, 1893.81356383)
(-7445.37460925, 9977.2304953, 1893.81356397)
(-7445.3122534, 9977.23072259, 1893.81356399)
(-7445.25319846, 9977.2309874, 1893.81356396)
(-7445.19212899, 9977.2323688, 1893.81356398)
(-7445.12609348, 9977.23378268, 1893.813564)
(-7445.05967342, 9977.23610263, 1893.81356398)
(-7444.98291294, 9977.23850284, 1893.81356397)
(-7444.92059703, 9977.24051952, 1893.81356397)
(-7444.85827116, 9977.24249338, 1893.81356397)
(-7444.79842399, 9977.24445526, 1893.81356397)
(-7444.72041154, 9977.24703853, 1893.81356397)
(-7444.66965245, 9977.24884536, 1893.81356397)
(-7444.60073289, 9977.25133177, 1893.81356398)
(-7444.53592801, 9977.25358035, 1893.81356398)
(-7444.4686501, 9977.25597388, 1893.81356398)
(-7444.38940669, 9977.25887055, 1893.81356398)
(-7444.32873089, 9977.26103535, 1893.81356398)
(-7444.2536115, 9977.26376112, 1893.81356398)
(-7444.19582553, 9977.26583876, 1893.81356398)
(-7444.13185082, 9977.26817764, 1893.81356399)
(-7444.07117627, 9977.27037559, 1893.81356398)
(-7443.97294762, 9977.27403329, 1893.81356398)
(-7443.88379396, 9977.27730536, 1893.81356398)
(-7443.79505397, 9977.28056366, 1893.81356398)
(-7443.70177305, 9977.2839857, 1893.81356398)
(-7443.6059645, 9977.28678981, 1893.81356399)
(-7443.53244539, 9977.28859123, 1893.81356399)
(-7443.44698107, 9977.29099804, 1893.81356398)
(-7443.36403961, 9977.29393832, 1893.81356398)
(-7443.26621688, 9977.29728646, 1893.81356398)
(-7443.20305016, 9977.29928212, 1893.81356398)
(-7443.13492555, 9977.30135597, 1893.81356399)
(-7443.07875439, 9977.30277139, 1893.81356397)
(-7443.00317801, 9977.30467374, 1893.81356398)
(-7442.94622418, 9977.30648274, 1893.81356398)
(-7442.87358359, 9977.3088417, 1893.81356397)
(-7442.81210085, 9977.31105135, 1893.81356398)
(-7442.74400522, 9977.3134744, 1893.81356397)
(-7442.68081511, 9977.31517107, 1893.81356398)
(-7442.60730051, 9977.31708085, 1893.81356399)
(-7442.5424792, 9977.31889779, 1893.81356398)
(-7442.46609379, 9977.32097681, 1893.81356398)
(-7442.40048357, 9977.32328394, 1893.81356398)
(-7442.32950641, 9977.32580736, 1893.81356397)
(-7442.27212227, 9977.32764753, 1893.81356398)
(-7442.18211569, 9977.33039018, 1893.81356397)
(-7442.1226428, 9977.33189912, 1893.81356398)
(-7442.0557412, 9977.33361418, 1893.81356398)
(-7441.98596352, 9977.33548809, 1893.81356397)
(-7441.92984931, 9977.33754026, 1893.81356398)
(-7441.85722935, 9977.34023217, 1893.813564)
(-7441.79942959, 9977.34208127, 1893.81356398)
(-7441.7308882, 9977.34414188, 1893.81356399)
(-7441.66481454, 9977.3459677, 1893.81356398)
(-7441.58058, 9977.34830036, 1893.81356398)
(-7441.51370046, 9977.35025002, 1893.81356398)
(-7441.44558597, 9977.35231076, 1893.81356397)
(-7441.39318117, 9977.35420716, 1893.81356398)
(-7441.32138074, 9977.35682586, 1893.81356398)
(-7441.25571939, 9977.35874448, 1893.81356398)
(-7441.18139281, 9977.36088273, 1893.81356398)
(-7441.11737438, 9977.36248075, 1893.81356399)
(-7441.04882297, 9977.36421609, 1893.81356397)
(-7440.99146559, 9977.36621908, 1893.81356398)
(-7440.91512845, 9977.36895473, 1893.81356397)
(-7440.8581629, 9977.37082666, 1893.81356398)
(-7440.78303467, 9977.3733142, 1893.81356398)
(-7440.72149612, 9977.37491989, 1893.81356399)
(-7440.64260919, 9977.37688453, 1893.81356399)
(-7440.5802743, 9977.37871047, 1893.81356398)
(-7440.5092779, 9977.38092177, 1893.81356397)
(-7440.45315892, 9977.38289585, 1893.81356398)
(-7440.38382933, 9977.38535244, 1893.81356397)
(-7440.30664093, 9977.3880048, 1893.81356397)
(-7440.24922507, 9977.38937299, 1893.81356398)
(-7440.17818442, 9977.39110762, 1893.81356398)
(-7440.11956316, 9977.3927928, 1893.81356398)
(-7440.05723269, 9977.39470348, 1893.81356398)
(-7439.99161366, 9977.39688679, 1893.81356397)
(-7439.91484135, 9977.39943704, 1893.81356398)
(-7439.85663284, 9977.40128624, 1893.81356398)
(-7439.79553574, 9977.40321374, 1893.81356399)
(-7439.73027913, 9977.40487288, 1893.81356398)
(-7439.66874734, 9977.4064622, 1893.81356397)
(-7439.59359793, 9977.40842892, 1893.81356398)
(-7439.53335699, 9977.41064837, 1893.81356397)
(-7439.46486065, 9977.41313022, 1893.81356397)
(-7439.39632825, 9977.41531218, 1893.81356398)
(-7439.33439883, 9977.4172161, 1893.81356398)
(-7439.25966842, 9977.41946461, 1893.81356397)
(-7439.2018447, 9977.42088571, 1893.81356397)
(-7439.12957342, 9977.4226933, 1893.81356397)
(-7439.06685183, 9977.42489103, 1893.81356398)
(-7438.99587612, 9977.42740325, 1893.81356398)
(-7438.93725988, 9977.42933765, 1893.81356398)
(-7438.86667684, 9977.43173712, 1893.81356398)
(-7438.80968032, 9977.43322199, 1893.81356398)
(-7438.73740162, 9977.43504024, 1893.81356397)
(-7438.67795436, 9977.43676553, 1893.81356398)
(-7438.6057122, 9977.43894186, 1893.81356398)
(-7438.54669676, 9977.44091613, 1893.81356398)
(-7438.47157836, 9977.44343767, 1893.81356397)
(-7438.41337018, 9977.44529745, 1893.81356398)
(-7438.33286865, 9977.44781914, 1893.81356399)
(-7438.26761054, 9977.4494339, 1893.81356398)
(-7438.19410159, 9977.45129039, 1893.81356398)
(-7438.12807121, 9977.45341941, 1893.81356397)
(-7438.05296521, 9977.45599497, 1893.81356398)
(-7437.94853693, 9977.4595211, 1893.81356398)
(-7437.85398746, 9977.46241179, 1893.81356398)
(-7437.76398084, 9977.4650902, 1893.81356398)
(-7437.66777799, 9977.46786111, 1893.81356398)
(-7437.55588848, 9977.47103441, 1893.81356398)
(-7437.46222531, 9977.47453538, 1893.81356398)
(-7437.37100103, 9977.47763398, 1893.81356398)
(-7437.28052327, 9977.47947748, 1893.81356399)
(-7437.18884398, 9977.48165879, 1893.81356397)
(-7437.12737267, 9977.48396746, 1893.81356398)
(-7437.06011791, 9977.48649776, 1893.81356399)
(-7436.98910594, 9977.48872914, 1893.81356398)
(-7436.90983486, 9977.49114339, 1893.81356399)
(-7436.82352455, 9977.49348587, 1893.81356398)
(-7436.75621544, 9977.49527981, 1893.81356398)
(-7436.69429591, 9977.49714403, 1893.81356398)
(-7436.62783852, 9977.49923065, 1893.81356398)
(-7436.56511763, 9977.50150399, 1893.81356398)
(-7436.48959633, 9977.50421031, 1893.81356399)
(-7436.42723054, 9977.50585287, 1893.81356398)
(-7436.36734261, 9977.50735797, 1893.81356399)
(-7436.30458421, 9977.50909539, 1893.81356398)
(-7436.2360462, 9977.51098153, 1893.81356398)
(-7436.175799, 9977.51305604, 1893.81356397)
(-7436.10316902, 9977.51560426, 1893.81356398)
(-7436.04537417, 9977.51746606, 1893.81356398)
(-7435.97642991, 9977.51961503, 1893.81356398)
(-7435.89922488, 9977.52195704, 1893.81356398)
(-7435.83231585, 9977.52360752, 1893.81356399)
(-7435.77078225, 9977.52515272, 1893.81356397)
(-7435.71136046, 9977.52720138, 1893.81356398)
(-7435.63749518, 9977.52979492, 1893.81356397)
(-7435.57310058, 9977.5319226, 1893.81356398)
(-7435.50375507, 9977.5342709, 1893.81356398)
(-7435.44802448, 9977.53609038, 1893.81356398)
(-7435.3642174, 9977.53873271, 1893.81356399)
(-7435.29648225, 9977.5404111, 1893.81356398)
(-7435.22173107, 9977.54229078, 1893.81356398)
(-7435.16395868, 9977.54427909, 1893.81356398)
(-7435.10536413, 9977.54637142, 1893.81356397)
(-7435.02529566, 9977.54916015, 1893.81356397)
(-7434.9584057, 9977.55121107, 1893.81356399)
(-7434.88408208, 9977.55339064, 1893.81356398)
(-7434.82543293, 9977.55488563, 1893.81356399)
(-7434.7548142, 9977.55667642, 1893.81356397)
(-7434.69662061, 9977.55848959, 1893.81356398)
(-7434.61572691, 9977.5611285, 1893.81356397)
(-7434.54970447, 9977.56349065, 1893.81356397)
(-7434.47459227, 9977.5661616, 1893.81356397)
(-7434.40933452, 9977.56785238, 1893.81356399)
(-7434.33829345, 9977.56961561, 1893.81356399)
(-7434.27265371, 9977.57152049, 1893.81356398)
(-7434.21609952, 9977.5732425, 1893.81356398)
(-7434.13973243, 9977.5756207, 1893.81356397)
(-7434.07742542, 9977.57785728, 1893.81356398)
(-7434.00108103, 9977.58061136, 1893.81356397)
(-7433.94408481, 9977.5821079, 1893.81356398)
(-7433.87139302, 9977.58387963, 1893.81356398)
(-7433.80822503, 9977.5856472, 1893.81356398)
(-7433.74052779, 9977.58769482, 1893.81356398)
(-7433.6649876, 9977.59006044, 1893.81356397)
(-7433.59896819, 9977.59245334, 1893.81356397)
(-7433.5259209, 9977.59506511, 1893.81356398)
(-7433.47264055, 9977.59645194, 1893.81356398)
(-7433.40655762, 9977.59812172, 1893.81356399)
(-7433.34256108, 9977.59990264, 1893.81356398)
(-7433.26700301, 9977.60196625, 1893.81356398)
(-7433.1989156, 9977.60435613, 1893.81356397)
(-7433.1258698, 9977.60689889, 1893.81356398)
(-7433.06559692, 9977.60883063, 1893.81356398)
(-7433.00408137, 9977.61073016, 1893.81356399)
(-7432.94626514, 9977.61231678, 1893.81356398)
(-7432.87152474, 9977.61436917, 1893.81356398)
(-7432.80877349, 9977.61619795, 1893.81356398)
(-7432.74519552, 9977.61806381, 1893.81356398)
(-7432.69031456, 9977.62000442, 1893.813564)
(-7432.62470171, 9977.62235147, 1893.81356398)
(-7432.54380337, 9977.62518848, 1893.81356399)
(-7432.47316832, 9977.62685556, 1893.81356398)
(-7432.40915417, 9977.6284792, 1893.81356398)
(-7432.34929426, 9977.63020684, 1893.81356398)
(-7432.28118169, 9977.63227074, 1893.81356398)
(-7432.21638873, 9977.63444017, 1893.81356397)
(-7432.13466335, 9977.63715981, 1893.81356397)
(-7432.06943706, 9977.63923723, 1893.81356398)
(-7431.98893065, 9977.64170605, 1893.81356398)
(-7431.9183025, 9977.64341077, 1893.81356398)
(-7431.82084737, 9977.64588658, 1893.81356398)
(-7431.76225719, 9977.64803412, 1893.81356398)
(-7431.68262033, 9977.65095518, 1893.81356395)
(-7431.60376571, 9977.65347438, 1893.81356399)
(-7431.50549274, 9977.65636293, 1893.81356399)
(-7431.42536757, 9977.65837785, 1893.81356398)
(-7431.34443714, 9977.66050927, 1893.81356398)
(-7431.2648, 9977.66340036, 1893.81356398)
(-7431.17358874, 9977.66655505, 1893.81356398)
(-7431.10422436, 9977.66868259, 1893.81356398)
(-7431.03362132, 9977.67080054, 1893.81356399)
(-7430.97043049, 9977.67237452, 1893.81356398)
(-7430.89031474, 9977.67440423, 1893.81356398)
(-7430.83048131, 9977.67647647, 1893.81356397)
(-7430.77518753, 9977.67843836, 1893.81356397)
(-7430.70171837, 9977.68094838, 1893.81356398)
(-7430.63772241, 9977.6829234, 1893.81356398)
(-7430.57166024, 9977.68489615, 1893.81356399)
(-7430.50970772, 9977.68646816, 1893.81356399)
(-7430.44239534, 9977.68820797, 1893.81356398)
(-7430.38004406, 9977.68982732, 1893.81356398)
(-7430.31567627, 9977.69216427, 1893.81356398)
(-7430.24470535, 9977.69478506, 1893.81356398)
(-7430.1807094, 9977.69678395, 1893.81356398)
(-7430.11506159, 9977.69877599, 1893.81356399)
(-7430.05765957, 9977.70036384, 1893.81356398)
(-7429.98704842, 9977.70230361, 1893.81356398)
(-7429.92553568, 9977.70409696, 1893.81356398)
(-7429.84338153, 9977.70652289, 1893.81356398)
(-7429.77859837, 9977.70887854, 1893.81356398)
(-7429.70761866, 9977.71143052, 1893.81356398)
(-7429.63989017, 9977.71337705, 1893.81356399)
(-7429.57752819, 9977.71504592, 1893.81356398)
(-7429.50402622, 9977.71703528, 1893.81356398)
(-7429.43921062, 9977.71890503, 1893.81356398)
(-7429.36862003, 9977.72103384, 1893.81356398)
(-7429.30383638, 9977.72336534, 1893.81356398)
(-7429.23450476, 9977.72582134, 1893.81356398)
(-7429.16471616, 9977.72786721, 1893.81356399)
(-7429.08584939, 9977.73013856, 1893.81356399)
(-7429.02265686, 9977.73170842, 1893.81356398)
(-7428.94419511, 9977.73368622, 1893.81356397)
(-7428.88642725, 9977.73575296, 1893.81356398)
(-7428.82247017, 9977.73805519, 1893.81356397)
(-7428.76137339, 9977.74002937, 1893.81356398)
(-7428.68912641, 9977.74228457, 1893.81356398)
(-7428.61604952, 9977.74450025, 1893.81356398)
(-7428.55203046, 9977.74608019, 1893.81356398)
(-7428.48347571, 9977.74779629, 1893.81356397)
(-7428.42653043, 9977.74976551, 1893.81356398)
(-7428.35803269, 9977.75221397, 1893.81356398)
(-7428.29322344, 9977.75432982, 1893.81356398)
(-7428.21975098, 9977.75681891, 1893.81356398)
(-7428.15862496, 9977.75841463, 1893.81356399)
(-7428.08469807, 9977.76030318, 1893.81356399)
(-7428.02359817, 9977.76205784, 1893.81356398)
(-7427.94516601, 9977.76444992, 1893.81356398)
(-7427.88615045, 9977.76643127, 1893.81356397)
(-7427.81268481, 9977.76891549, 1893.81356398)
(-7427.75612788, 9977.77072219, 1893.81356398)
(-7427.6855312, 9977.77290635, 1893.81356398)
(-7427.62647041, 9977.77438853, 1893.81356398)
(-7427.55295871, 9977.77624002, 1893.81356398)
(-7427.49270231, 9977.77813682, 1893.81356397)
(-7427.42212349, 9977.78040384, 1893.81356397)
(-7427.3684814, 9977.78232896, 1893.81356397)
(-7427.29791285, 9977.78485778, 1893.81356398)
(-7427.2355485, 9977.78652517, 1893.81356399)
(-7427.17773044, 9977.7880612, 1893.81356398)
(-7427.10010152, 9977.79016751, 1893.81356398)
(-7427.04148312, 9977.7919166, 1893.81356398)
(-7426.97419828, 9977.79401496, 1893.81356398)
(-7426.91023864, 9977.79627708, 1893.81356398)
(-7426.84998516, 9977.79839993, 1893.81356399)
(-7426.76495942, 9977.80138126, 1893.81356399)
(-7426.70093091, 9977.80288168, 1893.81356398)
(-7426.63278115, 9977.80450926, 1893.81356397)
(-7426.57664018, 9977.80615497, 1893.81356398)
(-7426.50234266, 9977.80846825, 1893.81356397)
(-7426.4247551, 9977.81107412, 1893.81356399)
(-7426.36326066, 9977.81318688, 1893.81356397)
(-7426.27906193, 9977.81611675, 1893.81356398)
(-7426.22577856, 9977.8174426, 1893.81356398)
(-7426.15721551, 9977.81905239, 1893.81356399)
(-7426.09198888, 9977.82092771, 1893.81356398)
(-7426.0057207, 9977.82361539, 1893.81356397)
(-7425.93433467, 9977.82614786, 1893.81356397)
(-7425.82867647, 9977.82982966, 1893.81356398)
(-7425.74524291, 9977.83190826, 1893.81356398)
(-7425.64778752, 9977.83446466, 1893.81356398)
(-7425.56069071, 9977.83711027, 1893.81356398)
(-7425.45831933, 9977.84031092, 1893.81356398)
(-7425.36176896, 9977.84398831, 1893.81356397)
(-7425.28122864, 9977.84607038, 1893.81356398)
(-7425.17550564, 9977.84878014, 1893.81356398)
(-7425.08882907, 9977.85149643, 1893.81356398)
(-7425.00915828, 9977.85397384, 1893.81356398)
(-7424.9460269, 9977.85624933, 1893.81356395)
(-7424.89155191, 9977.8581939, 1893.81356399)
(-7424.83249351, 9977.85980289, 1893.81356399)
(-7424.76434847, 9977.86158484, 1893.81356399)
(-7424.69085474, 9977.86362949, 1893.81356398)
(-7424.62769457, 9977.86551559, 1893.81356398)
(-7424.57320487, 9977.86719811, 1893.81356398)
(-7424.50677091, 9977.86955411, 1893.81356397)
(-7424.43785238, 9977.87200227, 1893.81356398)
(-7424.34621746, 9977.87514952, 1893.81356398)
(-7424.27643528, 9977.87728719, 1893.81356397)
(-7424.19839559, 9977.8795945, 1893.81356398)
(-7424.13726948, 9977.88109884, 1893.81356398)
(-7424.07077983, 9977.88277079, 1893.81356398)
(-7424.00434424, 9977.88510843, 1893.81356398)
(-7423.92511434, 9977.88792233, 1893.81356398)
(-7423.85410444, 9977.8901679, 1893.81356398)
(-7423.78061405, 9977.89241322, 1893.81356398)
(-7423.72940602, 9977.89381827, 1893.81356398)
(-7423.66085731, 9977.89567555, 1893.81356398)
(-7423.59645444, 9977.89754647, 1893.81356398)
(-7423.51512659, 9977.89995191, 1893.81356398)
(-7423.45570712, 9977.90210789, 1893.81356397)
(-7423.38679191, 9977.90458339, 1893.81356398)
(-7423.33104623, 9977.90626161, 1893.81356398)
(-7423.25010798, 9977.90854026, 1893.81356397)
(-7423.1881551, 9977.9101035, 1893.81356399)
(-7423.116302, 9977.91194982, 1893.81356398)
(-7423.0643082, 9977.91373484, 1893.81356397)
(-7422.99498529, 9977.91619759, 1893.81356398)
(-7422.93471773, 9977.9181733, 1893.81356398)
(-7422.85051305, 9977.92102933, 1893.81356398)
(-7422.7922773, 9977.92253024, 1893.81356398)
(-7422.72743388, 9977.92417359, 1893.81356399)
(-7422.66839634, 9977.92584822, 1893.81356398)
(-7422.60482252, 9977.92775249, 1893.81356398)
(-7422.53010562, 9977.93005183, 1893.81356398)
(-7422.46862441, 9977.93227927, 1893.813564)
(-7422.39310281, 9977.9349782, 1893.81356399)
(-7422.33156161, 9977.93656439, 1893.81356398)
(-7422.25639443, 9977.93849174, 1893.81356398)
(-7422.19033699, 9977.9403527, 1893.81356398)
(-7422.12924228, 9977.94217895, 1893.81356398)
(-7422.05783151, 9977.9444215, 1893.81356398)
(-7421.99964957, 9977.94652526, 1893.813564)
(-7421.92247805, 9977.94929098, 1893.81356398)
(-7421.86259322, 9977.95090552, 1893.81356398)
(-7421.79816274, 9977.95254378, 1893.81356398)
(-7421.72053288, 9977.95461543, 1893.81356398)
(-7421.65779366, 9977.95653674, 1893.81356397)
(-7421.59051249, 9977.95866514, 1893.81356398)
(-7421.52944253, 9977.96083989, 1893.81356398)
(-7421.45556966, 9977.96345661, 1893.81356398)
(-7421.3841281, 9977.96554422, 1893.81356399)
(-7421.32011273, 9977.96724173, 1893.81356399)
(-7421.2391808, 9977.96945048, 1893.81356398)
(-7421.18551315, 9977.97101758, 1893.81356398)
(-7421.11162093, 9977.97326315, 1893.81356399)
(-7421.04972689, 9977.97550094, 1893.81356399)
(-7420.96801354, 9977.97840289, 1893.81356399)
(-7420.89863197, 9977.98038128, 1893.81356399)
(-7420.84370131, 9977.98182151, 1893.81356399)
(-7420.77060976, 9977.98376422, 1893.81356398)
(-7420.70084195, 9977.98579876, 1893.81356398)
(-7420.62240871, 9977.98818124, 1893.81356398)
(-7420.55803632, 9977.99050658, 1893.81356396)
(-7420.487469, 9977.99303433, 1893.81356398)
(-7420.42964828, 9977.99459, 1893.81356398)
(-7420.36232738, 9977.99633158, 1893.81356399)
(-7420.28428592, 9977.99843126, 1893.81356398)
(-7420.22525819, 9978.0002145, 1893.81356398)
(-7420.1422925, 9978.00284121, 1893.81356397)
(-7420.08287299, 9978.00496424, 1893.81356398)
(-7420.01725499, 9978.00729145, 1893.81356397)
(-7419.95572743, 9978.00913481, 1893.81356398)
(-7419.86899648, 9978.01140667, 1893.81356398)
(-7419.77279264, 9978.0140722, 1893.81356398)
(-7419.66340105, 9978.01738908, 1893.81356399)
(-7419.58830394, 9978.02014623, 1893.81356397)
(-7419.48635914, 9978.02373953, 1893.81356399)
(-7419.39961137, 9978.02573771, 1893.81356398)
(-7419.30175515, 9978.02838918, 1893.81356398)
(-7419.25222257, 9978.02989377, 1893.81356398)
(-7419.19649982, 9978.03164843, 1893.81356397)
(-7419.10158973, 9978.03503968, 1893.81356398)
(-7419.00087523, 9978.03852347, 1893.81356399)
(-7418.92569538, 9978.04025836, 1893.81356398)
(-7418.84393334, 9978.04240926, 1893.81356398)
(-7418.77582474, 9978.04445684, 1893.81356398)
(-7418.71473205, 9978.04635122, 1893.81356398)
(-7418.65448716, 9978.04848764, 1893.81356396)
(-7418.58474365, 9978.05095856, 1893.81356398)
(-7418.51372012, 9978.05308182, 1893.81356398)
(-7418.43237652, 9978.05544019, 1893.81356399)
(-7418.36712012, 9978.05704538, 1893.81356399)
(-7418.30352255, 9978.05863601, 1893.81356398)
(-7418.24451519, 9978.06069418, 1893.81356398)
(-7418.16694187, 9978.06348189, 1893.81356396)
(-7418.1029527, 9978.0655285, 1893.81356398)
(-7418.04102276, 9978.0674204, 1893.81356398)
(-7417.96175134, 9978.069793, 1893.81356398)
(-7417.89690762, 9978.07140682, 1893.81356399)
(-7417.82917856, 9978.07309515, 1893.81356398)
(-7417.7709949, 9978.07511587, 1893.81356398)
(-7417.69300639, 9978.07791726, 1893.81356398)
(-7417.63562708, 9978.07979351, 1893.81356398)
(-7417.56586496, 9978.08211316, 1893.81356398)
(-7417.50721573, 9978.08362652, 1893.81356398)
(-7417.41718418, 9978.08593643, 1893.81356398)
(-7417.35980385, 9978.08763489, 1893.81356398)
(-7417.28137476, 9978.09006816, 1893.81356398)
(-7417.2273188, 9978.09197929, 1893.81356396)
(-7417.15798775, 9978.09442681, 1893.81356398)
(-7417.07130821, 9978.09742432, 1893.81356399)
(-7417.00480051, 9978.0989523, 1893.81356399)
(-7416.91848037, 9978.10104519, 1893.81356398)
(-7416.85987299, 9978.1028443, 1893.81356397)
(-7416.78599534, 9978.10521453, 1893.81356398)
(-7416.72781333, 9978.10727695, 1893.81356397)
(-7416.65600318, 9978.10979998, 1893.81356399)
(-7416.59117127, 9978.11171677, 1893.81356399)
(-7416.51519264, 9978.11388917, 1893.81356399)
(-7416.45736968, 9978.11532588, 1893.81356399)
(-7416.38014374, 9978.11725536, 1893.81356397)
(-7416.32072404, 9978.11934431, 1893.81356398)
(-7416.24026117, 9978.1222643, 1893.81356398)
(-7416.17544215, 9978.12429577, 1893.81356398)
(-7416.11309892, 9978.12619371, 1893.81356398)
(-7416.03300105, 9978.12858085, 1893.81356398)
(-7415.97517749, 9978.13001977, 1893.81356399)
(-7415.90207901, 9978.13183482, 1893.81356398)
(-7415.83894378, 9978.13402389, 1893.81356398)
(-7415.77044679, 9978.13649534, 1893.81356398)
(-7415.70109796, 9978.13879001, 1893.81356398)
(-7415.63916564, 9978.14069368, 1893.81356399)
(-7415.55204502, 9978.14326901, 1893.81356397)
(-7415.4896786, 9978.14479204, 1893.81356399)
(-7415.41368903, 9978.14666424, 1893.81356398)
(-7415.36252411, 9978.14847102, 1893.81356397)
(-7415.28866527, 9978.15120834, 1893.81356398)
(-7415.2122975, 9978.15372228, 1893.81356398)
(-7415.13591038, 9978.15603431, 1893.81356398)
(-7415.07024461, 9978.15778865, 1893.81356399)
(-7415.0074782, 9978.15948125, 1893.81356398)
(-7414.95339655, 9978.1610422, 1893.81356398)
(-7414.87661155, 9978.16333878, 1893.81356398)
(-7414.81224057, 9978.16564482, 1893.81356398)
(-7414.75322791, 9978.16774321, 1893.81356398)
(-7414.69503049, 9978.16977076, 1893.81356398)
(-7414.63101145, 9978.1714194, 1893.81356398)
(-7414.55873153, 9978.17319093, 1893.81356399)
(-7414.5009354, 9978.17485149, 1893.81356398)
(-7414.44066607, 9978.17667834, 1893.81356398)
(-7414.37255426, 9978.17877452, 1893.81356397)
(-7414.30859493, 9978.18107115, 1893.813564)
(-7414.23678545, 9978.18360657, 1893.81356398)
(-7414.17731239, 9978.18520088, 1893.81356399)
(-7414.11370846, 9978.18683353, 1893.81356399)
(-7414.04103831, 9978.18882224, 1893.81356398)
(-7413.98283329, 9978.19056546, 1893.81356398)
(-7413.9171985, 9978.19259463, 1893.81356398)
(-7413.84044956, 9978.1953342, 1893.81356396)
(-7413.72818841, 9978.19928558, 1893.81356398)
(-7413.65507687, 9978.20105233, 1893.81356398)
(-7413.57950343, 9978.20301047, 1893.81356398)
(-7413.52955201, 9978.20446972, 1893.81356398)
(-7413.45442055, 9978.2067413, 1893.81356398)
(-7413.37023055, 9978.20956886, 1893.81356397)
(-7413.25010919, 9978.21348768, 1893.81356398)
(-7413.17786667, 9978.21580644, 1893.81356398)
(-7413.06393089, 9978.21946409, 1893.81356398)
(-7412.98339168, 9978.22146226, 1893.81356399)
(-7412.90121709, 9978.22359526, 1893.81356397)
(-7412.8521185, 9978.2254297, 1893.81356397)
(-7412.79187938, 9978.22773327, 1893.81356397)
(-7412.72747586, 9978.2298094, 1893.81356398)
(-7412.64283742, 9978.23241792, 1893.81356399)
(-7412.5565251, 9978.23476096, 1893.81356398)
(-7412.48427842, 9978.23689942, 1893.81356398)
(-7412.40294897, 9978.23931208, 1893.81356398)
(-7412.32535899, 9978.24189534, 1893.81356398)
(-7412.23662887, 9978.24499165, 1893.81356398)
(-7412.14619694, 9978.24765771, 1893.81356398)
(-7412.0776361, 9978.24937977, 1893.81356399)
(-7412.00825889, 9978.25114374, 1893.81356398)
(-7411.94635206, 9978.25309629, 1893.81356397)
(-7411.88775525, 9978.25510918, 1893.81356397)
(-7411.81305404, 9978.25765836, 1893.81356397)
(-7411.75071778, 9978.25965643, 1893.81356398)
(-7411.67929585, 9978.26186964, 1893.81356398)
(-7411.61899603, 9978.26340813, 1893.81356397)
(-7411.56076464, 9978.26488763, 1893.81356398)
(-7411.48024537, 9978.26697474, 1893.81356398)
(-7411.41464233, 9978.26942275, 1893.81356398)
(-7411.3428402, 9978.27199898, 1893.81356398)
(-7411.28462774, 9978.27384092, 1893.81356398)
(-7411.22641317, 9978.2756258, 1893.81356398)
(-7411.16653344, 9978.2772939, 1893.81356399)
(-7411.09179341, 9978.27935421, 1893.81356398)
(-7411.02904217, 9978.28119246, 1893.81356398)
(-7410.96257498, 9978.28314732, 1893.81356398)
(-7410.91099463, 9978.28497379, 1893.813564)
(-7410.84455703, 9978.28735643, 1893.81356398)
(-7410.76696108, 9978.29007207, 1893.81356398)
(-7410.70252467, 9978.29166397, 1893.81356398)
(-7410.63354883, 9978.29332965, 1893.81356399)
(-7410.57492915, 9978.29503576, 1893.81356398)
(-7410.50805601, 9978.29707584, 1893.81356398)
(-7410.43375148, 9978.29935884, 1893.81356397)
(-7410.3710319, 9978.30162729, 1893.81356398)
(-7410.29261811, 9978.30441292, 1893.81356398)
(-7410.23809787, 9978.30577974, 1893.81356399)
(-7410.17036231, 9978.30749817, 1893.81356399)
(-7410.1001752, 9978.30946379, 1893.81356398)
(-7410.0312369, 9978.31152665, 1893.81356398)
(-7409.95528326, 9978.31389017, 1893.81356397)
(-7409.8991666, 9978.31592999, 1893.813564)
(-7409.83809273, 9978.31814316, 1893.81356397)
(-7409.77862177, 9978.31977016, 1893.81356398)
(-7409.70923528, 9978.32156426, 1893.81356399)
(-7409.62582911, 9978.32384526, 1893.81356398)
(-7409.56019718, 9978.32584288, 1893.81356398)
(-7409.48919936, 9978.32808389, 1893.81356397)
(-7409.43514381, 9978.3300218, 1893.81356397)
(-7409.37406889, 9978.33222033, 1893.81356398)
(-7409.30593611, 9978.33427155, 1893.81356398)
(-7409.24563787, 9978.33589416, 1893.81356399)
(-7409.17915293, 9978.33768359, 1893.81356398)
(-7409.12259413, 9978.33932179, 1893.81356398)
(-7409.06231961, 9978.34109599, 1893.81356398)
(-7409.00330462, 9978.3430664, 1893.81356397)
(-7408.92818973, 9978.34561456, 1893.81356399)
(-7408.86378938, 9978.34767377, 1893.81356398)
(-7408.79814935, 9978.34972129, 1893.81356398)
(-7408.74115458, 9978.35118421, 1893.81356397)
(-7408.67755261, 9978.3527856, 1893.81356398)
(-7408.60363798, 9978.35469191, 1893.81356398)
(-7408.54339697, 9978.35687177, 1893.81356398)
(-7408.48274317, 9978.3591106, 1893.81356399)
(-7408.42205808, 9978.36108155, 1893.81356398)
(-7408.36425836, 9978.36287829, 1893.81356398)
(-7408.29241968, 9978.3650652, 1893.81356399)
(-7408.23459689, 9978.36653066, 1893.81356397)
(-7408.17801792, 9978.36796673, 1893.81356398)
(-7408.11569093, 9978.36986962, 1893.81356399)
(-7408.04511028, 9978.37212876, 1893.81356397)
(-7407.97991368, 9978.37446816, 1893.81356398)
(-7407.92048481, 9978.37657198, 1893.81356398)
(-7407.866382, 9978.37805842, 1893.81356398)
(-7407.80071433, 9978.37978456, 1893.81356399)
(-7407.72721581, 9978.38179344, 1893.81356398)
(-7407.66405567, 9978.38367164, 1893.81356398)
(-7407.57241616, 9978.38653026, 1893.81356397)
(-7407.48122407, 9978.38982613, 1893.81356397)
(-7407.39866848, 9978.39262804, 1893.81356398)
(-7407.31977966, 9978.39459554, 1893.81356398)
(-7407.26568014, 9978.39599807, 1893.81356398)
(-7407.19549884, 9978.39803316, 1893.81356398)
(-7407.08940826, 9978.40127274, 1893.81356397)
(-7407.02091198, 9978.40374887, 1893.813564)
(-7406.91856147, 9978.40738336, 1893.81356398)
(-7406.83140393, 9978.40945869, 1893.81356399)
(-7406.73353745, 9978.41201115, 1893.81356398)
(-7406.66461098, 9978.41415008, 1893.81356397)
(-7406.59981032, 9978.41622265, 1893.81356397)
(-7406.54946909, 9978.41802346, 1893.81356397)
(-7406.47147551, 9978.42084, 1893.81356398)
(-7406.40828311, 9978.42250081, 1893.81356399)
(-7406.33683656, 9978.42437354, 1893.81356398)
(-7406.25260606, 9978.42668735, 1893.81356398)
(-7406.17913212, 9978.42893435, 1893.81356398)
(-7406.09616331, 9978.43156563, 1893.81356398)
(-7406.02477944, 9978.43418397, 1893.81356398)
(-7405.94512597, 9978.43703677, 1893.81356399)
(-7405.88109959, 9978.43856037, 1893.81356398)
(-7405.8187326, 9978.44008055, 1893.81356398)
(-7405.76258904, 9978.44171106, 1893.81356398)
(-7405.68952434, 9978.44395402, 1893.81356398)
(-7405.62927053, 9978.44596801, 1893.81356398)
(-7405.55539114, 9978.44845609, 1893.81356397)
(-7405.49016499, 9978.45053837, 1893.81356398)
(-7405.41833084, 9978.45276748, 1893.81356398)
(-7405.36133397, 9978.45419011, 1893.81356399)
(-7405.29608034, 9978.45582102, 1893.81356399)
(-7405.2387074, 9978.45756106, 1893.81356398)
(-7405.16111638, 9978.4600814, 1893.81356397)
(-7405.09592016, 9978.46242137, 1893.81356397)
(-7405.02122007, 9978.46507125, 1893.81356398)
(-7404.95885434, 9978.46670921, 1893.81356398)
(-7404.91053174, 9978.46796153, 1893.81356399)
(-7404.84735475, 9978.46967479, 1893.81356398)
(-7404.77179362, 9978.47171573, 1893.81356398)
(-7404.70411834, 9978.47405066, 1893.81356397)
(-7404.63437579, 9978.47648303, 1893.81356398)
(-7404.57781967, 9978.47830916, 1893.81356398)
(-7404.53158207, 9978.47975834, 1893.81356398)
(-7404.45478955, 9978.48209366, 1893.81356398)
(-7404.3928371, 9978.48366751, 1893.81356399)
(-7404.3267602, 9978.485333, 1893.81356398)
(-7404.26155035, 9978.48738556, 1893.81356398)
(-7404.19262361, 9978.48961784, 1893.81356398)
(-7404.13980628, 9978.49150669, 1893.81356397)
(-7404.05685904, 9978.49449975, 1893.81356398)
(-7403.97714325, 9978.49651503, 1893.81356398)
(-7403.88711973, 9978.49890562, 1893.81356398)
(-7403.81818031, 9978.50095011, 1893.81356398)
(-7403.71044095, 9978.50430192, 1893.81356398)
(-7403.62956763, 9978.50726428, 1893.81356398)
(-7403.5631103, 9978.50951855, 1893.81356398)
(-7403.50859078, 9978.51093121, 1893.81356399)
(-7403.44374738, 9978.51258702, 1893.81356399)
(-7403.32731307, 9978.51578461, 1893.81356398)
(-7403.25014593, 9978.5184471, 1893.81356398)
(-7403.15439743, 9978.52175254, 1893.81356398)
(-7403.09122853, 9978.52371825, 1893.81356398)
(-7403.03012218, 9978.52555472, 1893.81356398)
(-7402.97890855, 9978.52687612, 1893.81356399)
(-7402.91613357, 9978.52846831, 1893.81356398)
(-7402.8327214, 9978.53060933, 1893.81356397)
(-7402.77083288, 9978.53291364, 1893.81356397)
(-7402.69903705, 9978.535539, 1893.81356397)
(-7402.64660512, 9978.53722296, 1893.81356398)
(-7402.58467061, 9978.53909465, 1893.81356397)
(-7402.52272636, 9978.54081286, 1893.81356398)
(-7402.45583339, 9978.54267248, 1893.81356399)
(-7402.39762343, 9978.5443803, 1893.81356398)
(-7402.33363333, 9978.54626533, 1893.81356398)
(-7402.26058445, 9978.54870461, 1893.81356398)
(-7402.16977589, 9978.55171727, 1893.81356397)
(-7402.10168581, 9978.55417655, 1893.81356398)
(-7402.01872979, 9978.55718281, 1893.81356399)
(-7401.9580065, 9978.55862842, 1893.81356399)
(-7401.90059674, 9978.56005045, 1893.81356397)
(-7401.84527653, 9978.56164543, 1893.81356398)
(-7401.749503, 9978.56453329, 1893.81356397)
(-7401.66325358, 9978.56749247, 1893.81356397)
(-7401.57740736, 9978.57047303, 1893.81356398)
(-7401.52581312, 9978.57226224, 1893.81356398)
(-7401.47252709, 9978.57356127, 1893.81356399)
(-7401.39735, 9978.57521152, 1893.81356399)
(-7401.28379867, 9978.57806978, 1893.81356398)
(-7401.2013133, 9978.58155768, 1893.81356398)
(-7401.1158698, 9978.58447954, 1893.81356398)
(-7401.03410603, 9978.58689354, 1893.81356398)
(-7400.9779532, 9978.5885592, 1893.81356399)
(-7400.89287035, 9978.59062972, 1893.81356398)
(-7400.79294579, 9978.59325095, 1893.81356398)
(-7400.71703781, 9978.59620204, 1893.81356397)
(-7400.64563704, 9978.59870521, 1893.81356398)
(-7400.55108222, 9978.60158339, 1893.81356399)
(-7400.461496, 9978.60434837, 1893.81356398)
(-7400.37103611, 9978.60634592, 1893.81356398)
(-7400.29923578, 9978.60887441, 1893.81356398)
(-7400.18863666, 9978.61276008, 1893.81356399)
(-7400.12091802, 9978.61476159, 1893.81356398)
(-7400.03834368, 9978.61723893, 1893.81356398)
(-7399.98836835, 9978.61850428, 1893.81356399)
(-7399.92683143, 9978.62003444, 1893.81356399)
(-7399.85955343, 9978.62208883, 1893.81356398)
(-7399.78113079, 9978.62459987, 1893.81356398)
(-7399.71222157, 9978.62709779, 1893.81356396)
(-7399.60863285, 9978.63081727, 1893.81356398)
(-7399.54955632, 9978.63211398, 1893.81356399)
(-7399.49297177, 9978.63347661, 1893.81356398)
(-7399.44095676, 9978.63498894, 1893.81356398)
(-7399.34270972, 9978.63798066, 1893.81356397)
(-7399.27173719, 9978.64049593, 1893.81356395)
(-7399.19538553, 9978.6431637, 1893.81356398)
(-7399.1111411, 9978.6455913, 1893.81356398)
(-7399.02895925, 9978.6477865, 1893.81356398)
(-7398.94347914, 9978.65001139, 1893.81356398)
(-7398.84112211, 9978.65324172, 1893.81356398)
(-7398.77798998, 9978.65549752, 1893.81356398)
(-7398.70989653, 9978.65791859, 1893.81356399)
(-7398.65909704, 9978.65930327, 1893.81356399)
(-7398.60747129, 9978.66066141, 1893.81356399)
(-7398.53602973, 9978.66254757, 1893.81356398)
(-7398.46502461, 9978.6646359, 1893.81356398)
(-7398.39196038, 9978.6669001, 1893.81356398)
(-7398.29992995, 9978.67003956, 1893.81356398)
(-7398.22190699, 9978.67252826, 1893.81356398)
(-7398.13727952, 9978.67521802, 1893.81356399)
(-7398.06210884, 9978.67708674, 1893.81356398)
(-7397.96423559, 9978.67956314, 1893.81356398)
(-7397.89326648, 9978.68213564, 1893.81356398)
(-7397.81032549, 9978.68513902, 1893.81356398)
(-7397.74261262, 9978.68725103, 1893.81356399)
(-7397.66540066, 9978.68955332, 1893.81356399)
(-7397.59065558, 9978.69160185, 1893.81356398)
(-7397.51673488, 9978.69352812, 1893.81356397)
(-7397.46926445, 9978.69495104, 1893.81356397)
(-7397.41230476, 9978.69675917, 1893.81356399)
(-7397.35041076, 9978.69897424, 1893.81356397)
(-7397.28231784, 9978.70140026, 1893.81356399)
(-7397.21170475, 9978.7034941, 1893.81356398)
(-7397.13490214, 9978.70571701, 1893.81356398)
(-7397.07501357, 9978.70719993, 1893.81356399)
(-7397.02050039, 9978.70856233, 1893.81356397)
(-7396.95488522, 9978.71077793, 1893.81356398)
(-7396.88844598, 9978.71308322, 1893.81356398)
(-7396.80589363, 9978.7158733, 1893.81356398)
(-7396.72909535, 9978.71820135, 1893.81356399)
(-7396.64569272, 9978.72066946, 1893.81356399)
(-7396.56597757, 9978.72257459, 1893.81356398)
(-7396.47678503, 9978.72486051, 1893.81356398)
(-7396.41077811, 9978.72740856, 1893.81356398)
(-7396.34268957, 9978.72985837, 1893.81356398)
(-7396.2675464, 9978.73219976, 1893.81356398)
(-7396.17836172, 9978.73485561, 1893.81356399)
(-7396.11847466, 9978.73632904, 1893.81356399)
(-7396.05198824, 9978.73801375, 1893.81356398)
(-7395.97936361, 9978.74059243, 1893.81356397)
(-7395.92694267, 9978.74232214, 1893.81356397)
(-7395.860492, 9978.74458774, 1893.81356397)
(-7395.77752913, 9978.74745343, 1893.81356397)
(-7395.699878, 9978.7493903, 1893.81356398)
(-7395.64205307, 9978.75078659, 1893.81356398)
(-7395.58797852, 9978.75239785, 1893.81356398)
(-7395.52152148, 9978.75445857, 1893.81356397)
(-7395.46539325, 9978.7563194, 1893.81356398)
(-7395.4014196, 9978.7584659, 1893.81356398)
(-7395.34527566, 9978.76025458, 1893.81356398)
(-7395.28459126, 9978.76217421, 1893.81356398)
(-7395.22801479, 9978.76374063, 1893.81356399)
(-7395.15864012, 9978.76562347, 1893.81356398)
(-7395.1037328, 9978.76722149, 1893.81356398)
(-7395.04098047, 9978.76905878, 1893.81356398)
(-7394.98361737, 9978.77098916, 1893.81356398)
(-7394.91840813, 9978.7732015, 1893.81356398)
(-7394.86350249, 9978.77495218, 1893.81356398)
(-7394.80034134, 9978.77695266, 1893.81356399)
(-7394.73922018, 9978.77861805, 1893.81356399)
(-7394.67397653, 9978.78039893, 1893.81356399)
(-7394.61246349, 9978.78218571, 1893.81356398)
(-7394.54888614, 9978.78405226, 1893.81356397)
(-7394.49895713, 9978.78581934, 1893.81356399)
(-7394.44118524, 9978.78788384, 1893.81356398)
(-7394.36689536, 9978.79050611, 1893.81356398)
(-7394.29130776, 9978.79238043, 1893.81356398)
(-7394.21325729, 9978.79441897, 1893.81356397)
(-7394.15958896, 9978.79595758, 1893.81356398)
(-7394.10592505, 9978.7975931, 1893.81356398)
(-7394.0336857, 9978.79983347, 1893.81356397)
(-7393.97426661, 9978.80195351, 1893.81356397)
(-7393.89461941, 9978.80480081, 1893.81356398)
(-7393.83390716, 9978.80641638, 1893.81356398)
(-7393.76617137, 9978.80813147, 1893.81356399)
(-7393.71167093, 9978.80964248, 1893.81356398)
(-7393.66088673, 9978.81104238, 1893.81356398)
(-7393.60228689, 9978.81297768, 1893.81356396)
(-7393.53914618, 9978.81514268, 1893.81356398)
(-7393.46526173, 9978.81763034, 1893.81356398)
(-7393.40787558, 9978.81943339, 1893.81356398)
(-7393.35007395, 9978.82118564, 1893.81356398)
(-7393.29720884, 9978.82255554, 1893.81356399)
(-7393.2352594, 9978.82411934, 1893.81356398)
(-7393.16423433, 9978.82594807, 1893.81356398)
(-7393.10069008, 9978.82820671, 1893.81356398)
(-7393.03012914, 9978.83074008, 1893.81356397)
(-7392.96986218, 9978.8327432, 1893.81356398)
(-7392.90877062, 9978.83480523, 1893.81356398)
(-7392.85755662, 9978.83615936, 1893.81356399)
(-7392.8051034, 9978.83749779, 1893.81356399)
(-7392.73862398, 9978.8392988, 1893.81356398)
(-7392.67297219, 9978.84106223, 1893.81356398)
(-7392.61189798, 9978.84315517, 1893.81356398)
(-7392.5458749, 9978.84550167, 1893.81356397)
(-7392.49179555, 9978.84724858, 1893.81356398)
(-7392.43771512, 9978.84895543, 1893.81356398)
(-7392.37124501, 9978.85099022, 1893.81356398)
(-7392.31300998, 9978.85247797, 1893.81356398)
(-7392.24486761, 9978.8542058, 1893.81356397)
(-7392.18419585, 9978.8560909, 1893.81356397)
(-7392.11815493, 9978.85820012, 1893.81356398)
(-7392.06451194, 9978.86010976, 1893.81356396)
(-7392.00879962, 9978.86208717, 1893.81356399)
(-7391.95223272, 9978.86382362, 1893.81356398)
(-7391.87914939, 9978.8659854, 1893.81356399)
(-7391.81637038, 9978.86756783, 1893.81356399)
(-7391.74946961, 9978.8692755, 1893.81356397)
(-7391.69251285, 9978.87103407, 1893.81356397)
(-7391.62524205, 9978.87324638, 1893.81356397)
(-7391.56582225, 9978.87537352, 1893.81356397)
(-7391.50969515, 9978.87736152, 1893.81356399)
(-7391.44981059, 9978.87900685, 1893.81356397)
(-7391.38497415, 9978.88075625, 1893.81356398)
(-7391.31519401, 9978.88269368, 1893.81356398)
(-7391.25863685, 9978.88435361, 1893.81356398)
(-7391.17442453, 9978.88693107, 1893.81356398)
(-7391.11046731, 9978.88922053, 1893.81356397)
(-7391.02545211, 9978.89223867, 1893.81356398)
(-7390.97921985, 9978.89380003, 1893.81356398)
(-7390.91977941, 9978.8958223, 1893.81356398)
(-7390.8553513, 9978.89757761, 1893.81356399)
(-7390.77440695, 9978.89972425, 1893.81356399)
(-7390.69596656, 9978.90199546, 1893.81356398)
(-7390.61051446, 9978.90459585, 1893.81356398)
(-7390.53954088, 9978.90715115, 1893.81356398)
(-7390.46566306, 9978.90974168, 1893.81356398)
(-7390.38926557, 9978.91194942, 1893.81356399)
(-7390.32442725, 9978.91369158, 1893.81356398)
(-7390.24927676, 9978.91575267, 1893.81356398)
(-7390.18404879, 9978.91764767, 1893.81356398)
(-7390.11510843, 9978.91972693, 1893.81356398)
(-7390.05857811, 9978.92176998, 1893.81356397)
(-7389.99667935, 9978.92400211, 1893.81356398)
(-7389.94300073, 9978.92563978, 1893.81356398)
(-7389.87816881, 9978.92749111, 1893.81356398)
(-7389.82488939, 9978.92885183, 1893.81356398)
(-7389.76376735, 9978.9303928, 1893.81356398)
(-7389.71217291, 9978.93196028, 1893.81356399)
(-7389.64572186, 9978.93408058, 1893.81356397)
(-7389.58877893, 9978.9361107, 1893.81356396)
(-7389.52274812, 9978.9384433, 1893.81356399)
(-7389.4670051, 9978.94014331, 1893.81356398)
(-7389.41043374, 9978.94177508, 1893.81356397)
(-7389.36169764, 9978.94301863, 1893.81356399)
(-7389.3080091, 9978.94438022, 1893.81356398)
(-7389.2369816, 9978.9461823, 1893.81356399)
(-7389.17880125, 9978.94824988, 1893.81356398)
(-7389.10824201, 9978.95081782, 1893.81356397)
(-7389.05416696, 9978.95261634, 1893.81356398)
(-7389.00174259, 9978.95436296, 1893.81356398)
(-7388.9517696, 9978.95573332, 1893.81356399)
(-7388.88568788, 9978.95744689, 1893.81356399)
(-7388.83077217, 9978.9589603, 1893.81356398)
(-7388.76305654, 9978.96079816, 1893.81356398)
(-7388.70322012, 9978.96281774, 1893.81356399)
(-7388.63925541, 9978.96503333, 1893.81356398)
(-7388.58559605, 9978.9668366, 1893.81356398)
(-7388.52161841, 9978.96902145, 1893.81356398)
(-7388.46834181, 9978.97046471, 1893.81356398)
(-7388.40184745, 9978.97218496, 1893.81356398)
(-7388.35230141, 9978.97356801, 1893.81356398)
(-7388.28912694, 9978.97527716, 1893.81356398)
(-7388.23671698, 9978.97701342, 1893.813564)
(-7388.17976994, 9978.97899038, 1893.81356398)
(-7388.11208258, 9978.9813103, 1893.81356398)
(-7388.05015405, 9978.98325172, 1893.81356398)
(-7387.9729474, 9978.98558991, 1893.81356399)
(-7387.90851755, 9978.98723209, 1893.81356399)
(-7387.85772323, 9978.98854895, 1893.81356397)
(-7387.80362857, 9978.98994899, 1893.81356399)
(-7387.75163526, 9978.9917527, 1893.81356397)
(-7387.68231294, 9978.99424222, 1893.81356398)
(-7387.62080712, 9978.99626754, 1893.81356398)
(-7387.54650836, 9978.99878348, 1893.81356398)
(-7387.48331651, 9979.00043269, 1893.81356399)
(-7387.42715027, 9979.00189327, 1893.81356398)
(-7387.3776095, 9979.00332304, 1893.81356398)
(-7387.32187517, 9979.00494167, 1893.81356399)
(-7387.25004423, 9979.00709711, 1893.81356397)
(-7387.18484725, 9979.00942752, 1893.813564)
(-7387.12170582, 9979.01165845, 1893.81356398)
(-7387.04947322, 9979.01415612, 1893.81356398)
(-7386.9945361, 9979.01550631, 1893.81356398)
(-7386.94084094, 9979.01678067, 1893.81356399)
(-7386.89171261, 9979.0181669, 1893.81356399)
(-7386.83185167, 9979.01991741, 1893.81356398)
(-7386.75919626, 9979.02210376, 1893.81356398)
(-7386.69688851, 9979.02432873, 1893.81356399)
(-7386.62136807, 9979.02701442, 1893.81356399)
(-7386.56644429, 9979.02861986, 1893.81356399)
(-7386.5094559, 9979.03020882, 1893.81356398)
(-7386.46071955, 9979.03145111, 1893.81356399)
(-7386.39588033, 9979.03307625, 1893.81356398)
(-7386.32942828, 9979.03510812, 1893.81356398)
(-7386.25637078, 9979.03743111, 1893.81356398)
(-7386.19158911, 9979.03976298, 1893.81356397)
(-7386.1173039, 9979.04240992, 1893.81356399)
(-7386.05080539, 9979.04410409, 1893.81356399)
(-7385.98885772, 9979.04571639, 1893.81356398)
(-7385.93518343, 9979.04721159, 1893.81356398)
(-7385.85962326, 9979.04925936, 1893.81356398)
(-7385.79029678, 9979.05165422, 1893.81356397)
(-7385.72798794, 9979.05388436, 1893.81356397)
(-7385.66234905, 9979.055998, 1893.81356398)
(-7385.60909059, 9979.05764315, 1893.81356398)
(-7385.53312239, 9979.05993397, 1893.81356398)
(-7385.46208162, 9979.06168195, 1893.81356397)
(-7385.39105613, 9979.06351919, 1893.81356397)
(-7385.31925692, 9979.06605926, 1893.81356397)
(-7385.26766814, 9979.06781512, 1893.81356399)
(-7385.21193802, 9979.06960215, 1893.81356398)
(-7385.13721835, 9979.07197921, 1893.81356398)
(-7385.05465539, 9979.07459288, 1893.81356398)
(-7384.98154894, 9979.07634708, 1893.81356398)
(-7384.90101834, 9979.07835035, 1893.81356397)
(-7384.83417622, 9979.08078127, 1893.81356398)
(-7384.75742366, 9979.08352521, 1893.81356397)
(-7384.69136881, 9979.0856354, 1893.81356398)
(-7384.6236554, 9979.08768214, 1893.81356398)
(-7384.56212292, 9979.08936377, 1893.81356399)
(-7384.50390096, 9979.09096901, 1893.81356398)
(-7384.45518646, 9979.0923919, 1893.81356398)
(-7384.39532397, 9979.09414534, 1893.81356398)
(-7384.33011699, 9979.09631018, 1893.81356398)
(-7384.26283979, 9979.09855927, 1893.81356398)
(-7384.20669575, 9979.10034875, 1893.81356398)
(-7384.14601147, 9979.10226804, 1893.81356399)
(-7384.08984619, 9979.1038059, 1893.81356398)
(-7384.03904896, 9979.10513399, 1893.81356399)
(-7383.9771062, 9979.10674849, 1893.81356399)
(-7383.91850737, 9979.10870529, 1893.81356401)
(-7383.86073202, 9979.11068544, 1893.81356398)
(-7383.79510533, 9979.11290883, 1893.81356398)
(-7383.73730802, 9979.11474451, 1893.81356398)
(-7383.67661727, 9979.11659602, 1893.81356398)
(-7383.62086694, 9979.11813302, 1893.81356398)
(-7383.55975158, 9979.11979388, 1893.81356399)
(-7383.50195412, 9979.12147577, 1893.81356398)
(-7383.43342261, 9979.12348019, 1893.81356398)
(-7383.38100979, 9979.12522356, 1893.81356398)
(-7383.32818113, 9979.12699518, 1893.81356398)
(-7383.27451475, 9979.12869897, 1893.81356398)
(-7383.21506869, 9979.13057048, 1893.81356398)
(-7383.1490174, 9979.1326482, 1893.81356398)
(-7383.09532569, 9979.13402341, 1893.81356398)
(-7383.04452411, 9979.13527911, 1893.81356398)
(-7382.99003599, 9979.13690618, 1893.81356397)
(-7382.92564474, 9979.13893251, 1893.81356398)
(-7382.86787508, 9979.14098052, 1893.81356395)
(-7382.80432158, 9979.14323138, 1893.81356398)
(-7382.73621777, 9979.14561325, 1893.81356399)
(-7382.67962813, 9979.14699245, 1893.81356398)
(-7382.61726137, 9979.14855368, 1893.81356398)
(-7382.56359163, 9979.15008207, 1893.81356398)
(-7382.50414348, 9979.15182688, 1893.81356398)
(-7382.44222133, 9979.15369877, 1893.81356398)
(-7382.38362671, 9979.15577601, 1893.813564)
(-7382.32007562, 9979.15804154, 1893.81356399)
(-7382.26433254, 9979.15972938, 1893.81356397)
(-7382.21024039, 9979.16130596, 1893.81356399)
(-7382.15820031, 9979.16263872, 1893.81356399)
(-7382.10451265, 9979.16400726, 1893.81356398)
(-7382.03348596, 9979.16581873, 1893.81356399)
(-7381.97695513, 9979.16780293, 1893.81356398)
(-7381.91341115, 9979.17010559, 1893.81356401)
(-7381.85314506, 9979.17211033, 1893.81356397)
(-7381.79535732, 9979.17407023, 1893.81356398)
(-7381.74249428, 9979.17553203, 1893.81356398)
(-7381.68012857, 9979.17713516, 1893.81356399)
(-7381.62479927, 9979.17865091, 1893.81356398)
(-7381.55997487, 9979.18041704, 1893.81356398)
(-7381.5046756, 9979.18226021, 1893.81356399)
(-7381.45144294, 9979.18411894, 1893.81356398)
(-7381.39861012, 9979.18589786, 1893.81356398)
(-7381.33504551, 9979.18806617, 1893.81356398)
(-7381.28218278, 9979.18953989, 1893.813564)
(-7381.22973412, 9979.19094764, 1893.81356398)
(-7381.15870737, 9979.19284216, 1893.81356398)
(-7381.10132535, 9979.19453167, 1893.81356398)
(-7381.04311926, 9979.19630477, 1893.81356398)
(-7380.98699078, 9979.19816759, 1893.81356398)
(-7380.92673203, 9979.20019405, 1893.81356398)
(-7380.8759548, 9979.20181029, 1893.81356398)
(-7380.81650917, 9979.20369442, 1893.81356398)
(-7380.7442657, 9979.2059778, 1893.81356398)
(-7380.68437666, 9979.20746417, 1893.81356399)
(-7380.62366676, 9979.20898215, 1893.81356398)
(-7380.56299556, 9979.21086825, 1893.81356397)
(-7380.51182624, 9979.21262001, 1893.81356398)
(-7380.43506455, 9979.2152624, 1893.81356398)
(-7380.359519, 9979.21769593, 1893.81356398)
(-7380.26249879, 9979.22067917, 1893.81356398)
(-7380.19273229, 9979.22286212, 1893.81356398)
(-7380.09447613, 9979.2258614, 1893.81356398)
(-7380.02512175, 9979.22800842, 1893.81356398)
(-7379.9755824, 9979.22953652, 1893.81356398)
