(-7435.40985081, 9981.22999947, 1893.81356594)
(-7435.35389547, 9981.23010822, 1893.81395264)
(-7435.28120741, 9981.23020209, 1893.81356375)
(-7435.21925676, 9981.23030386, 1893.81356348)
(-7435.14739045, 9981.23041266, 1893.81356397)
(-7435.08708781, 9981.23048559, 1893.81356392)
(-7435.01397959, 9981.23052468, 1893.81356395)
(-7434.95655075, 9981.23023264, 1893.81356396)
(-7434.88838059, 9981.22984766, 1893.81356398)
(-7434.83631058, 9981.22909254, 1893.81356398)
(-7434.74624635, 9981.22776662, 1893.81356398)
(-7434.69087637, 9981.22651945, 1893.81356399)
(-7434.61528281, 9981.22492621, 1893.81356399)
(-7434.55456271, 9981.22362328, 1893.81356399)
(-7434.49715445, 9981.22238875, 1893.81356398)
(-7434.41868956, 9981.22069213, 1893.81356398)
(-7434.35508953, 9981.21923375, 1893.81356398)
(-7434.28571081, 9981.21760693, 1893.81356398)
(-7434.22624743, 9981.21622559, 1893.81356398)
(-7434.1589379, 9981.21461408, 1893.81356398)
(-7434.09782572, 9981.21318436, 1893.81356398)
(-7434.02101997, 9981.21130414, 1893.81356398)
(-7433.95165163, 9981.20965114, 1893.81356398)
(-7433.87897805, 9981.2078876, 1893.81356398)
(-7433.81662966, 9981.20639236, 1893.81356398)
(-7433.75138922, 9981.20480787, 1893.81356398)
(-7433.67789204, 9981.20303203, 1893.81356399)
(-7433.60150414, 9981.2011812, 1893.81356398)
(-7433.51107364, 9981.1988782, 1893.81356398)
(-7433.43716606, 9981.19705002, 1893.81356398)
(-7433.35293501, 9981.19496678, 1893.81356398)
(-7433.28687173, 9981.19333459, 1893.81356398)
(-7433.19727313, 9981.19112231, 1893.81356398)
(-7433.13740305, 9981.18964472, 1893.81356398)
(-7433.03665616, 9981.18716064, 1893.81356398)
(-7432.96605054, 9981.18541975, 1893.81356398)
(-7432.8838842, 9981.1833971, 1893.81356398)
(-7432.81616862, 9981.18172905, 1893.81356398)
(-7432.7364801, 9981.17977706, 1893.81356398)
(-7432.6778481, 9981.17833593, 1893.81356398)
(-7432.60641719, 9981.17658648, 1893.81356399)
(-7432.54819805, 9981.17515702, 1893.81356398)
(-7432.48172169, 9981.17352806, 1893.81356398)
(-7432.41318033, 9981.17184719, 1893.81356398)
(-7432.33886062, 9981.17007595, 1893.81356398)
(-7432.27568607, 9981.16854314, 1893.81356398)
(-7432.21333811, 9981.16703094, 1893.81356398)
(-7432.14892505, 9981.16546699, 1893.81356398)
(-7432.08079645, 9981.16381323, 1893.81356398)
(-7432.01679658, 9981.16225929, 1893.81356398)
(-7431.94742919, 9981.16057621, 1893.81356398)
(-7431.88755821, 9981.15912188, 1893.81356398)
(-7431.81323611, 9981.15731703, 1893.81356398)
(-7431.75419098, 9981.15588238, 1893.81356398)
(-7431.68936557, 9981.15430735, 1893.81356398)
(-7431.61752077, 9981.152563, 1893.81356398)
(-7431.55434655, 9981.1510278, 1893.81356398)
(-7431.48085017, 9981.14924183, 1893.81356398)
(-7431.42841155, 9981.14796707, 1893.81356398)
(-7431.36688931, 9981.14647142, 1893.81356398)
(-7431.29999927, 9981.14484507, 1893.81356398)
(-7431.21700616, 9981.14282742, 1893.81356398)
(-7431.15919991, 9981.14142168, 1893.81356398)
(-7431.09354865, 9981.13982504, 1893.81356398)
(-7431.03243923, 9981.13833864, 1893.81356398)
(-7430.96348472, 9981.13666126, 1893.81356398)
(-7430.88462057, 9981.13474261, 1893.81356398)
(-7430.82433698, 9981.13327592, 1893.81356398)
(-7430.74960184, 9981.13145731, 1893.81356398)
(-7430.69220861, 9981.13006073, 1893.81356398)
(-7430.61334449, 9981.12814135, 1893.81356398)
(-7430.55223518, 9981.12665419, 1893.81356398)
(-7430.48864839, 9981.12510644, 1893.81356398)
(-7430.40895847, 9981.12316582, 1893.81356398)
(-7430.34826213, 9981.12168827, 1893.81356398)
(-7430.27228827, 9981.11983826, 1893.81356398)
(-7430.2103532, 9981.11833047, 1893.81356398)
(-7430.13314066, 9981.11645023, 1893.81356398)
(-7430.08028941, 9981.11516352, 1893.81356398)
(-7430.01463807, 9981.11356485, 1893.81356398)
(-7429.94774802, 9981.11193487, 1893.81356398)
(-7429.87961961, 9981.1102757, 1893.81356398)
(-7429.80942639, 9981.10856575, 1893.81356398)
(-7429.74996882, 9981.10711782, 1893.81356398)
(-7429.6888594, 9981.10562927, 1893.81356398)
(-7429.62073084, 9981.10396987, 1893.81356398)
(-7429.55053754, 9981.10225918, 1893.81356398)
(-7429.48901551, 9981.10076053, 1893.81356398)
(-7429.42212545, 9981.0991306, 1893.81356398)
(-7429.35936469, 9981.0976019, 1893.81356398)
(-7429.29247463, 9981.09597216, 1893.81356398)
(-7429.2169137, 9981.09412936, 1893.81356398)
(-7429.15869499, 9981.09271077, 1893.81356398)
(-7429.08726305, 9981.09096962, 1893.81356398)
(-7429.02780555, 9981.08952103, 1893.81356398)
(-7428.95926385, 9981.08785058, 1893.81356398)
(-7428.88700613, 9981.08608749, 1893.81356398)
(-7428.830852, 9981.08471881, 1893.81356398)
(-7428.76685222, 9981.08315849, 1893.81356398)
(-7428.70285281, 9981.08159908, 1893.81356398)
(-7428.63802725, 9981.08001898, 1893.81356398)
(-7428.57898254, 9981.07857992, 1893.81356398)
(-7428.51374407, 9981.07698878, 1893.81356398)
(-7428.45263508, 9981.07549939, 1893.81356398)
(-7428.38079025, 9981.07374776, 1893.81356398)
(-7428.30688125, 9981.07194678, 1893.81356398)
(-7428.24412018, 9981.07041678, 1893.81356398)
(-7428.16153997, 9981.06840076, 1893.81356398)
(-7428.10703738, 9981.06707193, 1893.81356398)
(-7428.03560541, 9981.06532954, 1893.81356398)
(-7427.97408345, 9981.06382991, 1893.81356398)
(-7427.89232897, 9981.06183621, 1893.81356398)
(-7427.82750379, 9981.06025615, 1893.81356398)
(-7427.76598147, 9981.05875606, 1893.81356398)
(-7427.67018839, 9981.05641716, 1893.81356398)
(-7427.58224085, 9981.05427244, 1893.81356398)
(-7427.52691195, 9981.05292136, 1893.81356398)
(-7427.47323533, 9981.05161207, 1893.81356398)
(-7427.36711971, 9981.04902306, 1893.81356398)
(-7427.27669459, 9981.04681811, 1893.81356398)
(-7427.18626933, 9981.04461065, 1893.81356398)
(-7427.13341831, 9981.04332168, 1893.81356398)
(-7427.07107016, 9981.04180031, 1893.81356398)
(-7426.98931618, 9981.03980684, 1893.81356398)
(-7426.88402639, 9981.03723791, 1893.81356398)
(-7426.81300766, 9981.03550611, 1893.81356398)
(-7426.75767881, 9981.034156, 1893.81356398)
(-7426.70028592, 9981.03275636, 1893.81356398)
(-7426.62596367, 9981.03094359, 1893.81356398)
(-7426.54008044, 9981.02884903, 1893.81356398)
(-7426.47979695, 9981.02737883, 1893.81356398)
(-7426.41125532, 9981.0257057, 1893.81356398)
(-7426.35427541, 9981.02431593, 1893.81356398)
(-7426.2762371, 9981.02241198, 1893.81356398)
(-7426.20976029, 9981.02079108, 1893.81356398)
(-7426.1284188, 9981.0188068, 1893.81356398)
(-7426.07639349, 9981.01753827, 1893.81356398)
(-7426.00991637, 9981.01591694, 1893.81356398)
(-7425.93022643, 9981.01397131, 1893.81356398)
(-7425.86953036, 9981.01249088, 1893.81356398)
(-7425.79892422, 9981.0107681, 1893.81356398)
(-7425.74359579, 9981.00941884, 1893.81356398)
(-7425.67051231, 9981.0076362, 1893.81356398)
(-7425.60940312, 9981.00614576, 1893.81356398)
(-7425.52393263, 9981.00405959, 1893.81356398)
(-7425.46323646, 9981.00257923, 1893.81356398)
(-7425.39593354, 9981.00093694, 1893.81356398)
(-7425.34308251, 9980.99964801, 1893.81356398)
(-7425.26917318, 9980.99784521, 1893.81356398)
(-7425.20682524, 9980.99632451, 1893.81356398)
(-7425.14571581, 9980.99483299, 1893.81356398)
(-7425.07634882, 9980.99314114, 1893.81356398)
(-7425.00078791, 9980.99129757, 1893.81356398)
(-7424.93183375, 9980.98961604, 1893.81356398)
(-7424.86535666, 9980.98799439, 1893.81356398)
(-7424.80713776, 9980.98657431, 1893.81356398)
(-7424.73529294, 9980.98482068, 1893.81356398)
(-7424.66757753, 9980.98316906, 1893.81356398)
(-7424.58706181, 9980.98120444, 1893.81356398)
(-7424.52388819, 9980.97966384, 1893.81356398)
(-7424.44708858, 9980.97779019, 1893.81356398)
(-7424.39176007, 9980.97644095, 1893.81356398)
(-7424.329412, 9980.97492018, 1893.81356398)
(-7424.25385113, 9980.97307551, 1893.81356398)
(-7424.18902606, 9980.97149434, 1893.81356398)
(-7424.10685878, 9980.96948939, 1893.81356398)
(-7424.04946576, 9980.9680897, 1893.81356398)
(-7423.97679515, 9980.96631682, 1893.81356398)
(-7423.90453764, 9980.96455418, 1893.81356398)
(-7423.84631866, 9980.96313412, 1893.81356398)
(-7423.77158354, 9980.96130997, 1893.81356398)
(-7423.71047452, 9980.95981938, 1893.81356398)
(-7423.62954594, 9980.95784471, 1893.81356398)
(-7423.56637235, 9980.95630405, 1893.81356398)
(-7423.49741788, 9980.95462185, 1893.81356398)
(-7423.42970229, 9980.95297006, 1893.81356398)
(-7423.37272204, 9980.95158025, 1893.81356398)
(-7423.29509663, 9980.94968577, 1893.81356398)
(-7423.22779407, 9980.94804416, 1893.81356398)
(-7423.15099442, 9980.94617028, 1893.81356398)
(-7423.09112402, 9980.94471003, 1893.81356398)
(-7423.01969214, 9980.94296741, 1893.81356398)
(-7422.95693136, 9980.94143645, 1893.81356398)
(-7422.88921569, 9980.93978486, 1893.81356398)
(-7422.81448064, 9980.93796094, 1893.81356398)
(-7422.75171998, 9980.93643011, 1893.81356398)
(-7422.6773978, 9980.93461673, 1893.81356398)
(-7422.60968228, 9980.93296527, 1893.81356398)
(-7422.54898579, 9980.93148462, 1893.81356398)
(-7422.48994108, 9980.9300444, 1893.81356398)
(-7422.41561885, 9980.92823063, 1893.81356398)
(-7422.35368397, 9980.9267199, 1893.81356398)
(-7422.28596821, 9980.92506774, 1893.81356398)
(-7422.22816232, 9980.92365794, 1893.81356398)
(-7422.16333688, 9980.9220767, 1893.81356398)
(-7422.08942758, 9980.92027257, 1893.81356398)
(-7422.0303831, 9980.91883221, 1893.81356398)
(-7421.95110611, 9980.91689799, 1893.81356398)
(-7421.89082278, 9980.91542774, 1893.81356398)
(-7421.82517149, 9980.91382624, 1893.81356398)
(-7421.74589458, 9980.9118925, 1893.81356398)
(-7421.65753387, 9980.90973563, 1893.81356398)
(-7421.60509567, 9980.90845646, 1893.81356398)
(-7421.50723818, 9980.90606834, 1893.81356398)
(-7421.44571621, 9980.90456759, 1893.81356398)
(-7421.33134274, 9980.90177653, 1893.81356398)
(-7421.23967893, 9980.8995407, 1893.81356398)
(-7421.13562787, 9980.89699959, 1893.81356398)
(-7421.06295764, 9980.89522698, 1893.81356398)
(-7420.96799045, 9980.89290988, 1893.81356398)
(-7420.89077816, 9980.89102659, 1893.81356398)
(-7420.80572063, 9980.88895113, 1893.81356398)
(-7420.7450244, 9980.88747065, 1893.81356398)
(-7420.67937316, 9980.88586891, 1893.81356398)
(-7420.61041892, 9980.88418709, 1893.81356398)
(-7420.53609676, 9980.88237406, 1893.81356398)
(-7420.47085852, 9980.88078269, 1893.81356398)
(-7420.40892345, 9980.87927201, 1893.81356398)
(-7420.33996896, 9980.87758948, 1893.81356398)
(-7420.27555664, 9980.87601831, 1893.81356398)
(-7420.2082538, 9980.87437641, 1893.81356398)
(-7420.14136403, 9980.87274504, 1893.81356398)
(-7420.08025471, 9980.87125441, 1893.81356398)
(-7420.00139069, 9980.86932974, 1893.81356398)
(-7419.93821708, 9980.86778876, 1893.81356398)
(-7419.87132714, 9980.86615678, 1893.81356398)
(-7419.81393409, 9980.86475693, 1893.81356398)
(-7419.73548293, 9980.86284325, 1893.81356398)
(-7419.67974138, 9980.86148359, 1893.81356398)
(-7419.6070708, 9980.85971034, 1893.81356398)
(-7419.54802618, 9980.85827008, 1893.81356398)
(-7419.46503314, 9980.85624535, 1893.81356398)
(-7419.40351108, 9980.85474483, 1893.81356398)
(-7419.33538247, 9980.85308291, 1893.81356398)
(-7419.26807975, 9980.85144125, 1893.81356398)
(-7419.2065576, 9980.84994067, 1893.81356398)
(-7419.12480323, 9980.84794589, 1893.81356398)
(-7419.05997796, 9980.84636467, 1893.81356398)
(-7418.98895901, 9980.84463207, 1893.81356398)
(-7418.93569493, 9980.84333296, 1893.81356398)
(-7418.86550179, 9980.84162075, 1893.81356398)
(-7418.79985065, 9980.84001939, 1893.81356398)
(-7418.72511564, 9980.83819588, 1893.81356398)
(-7418.66235489, 9980.83666506, 1893.81356398)
(-7418.58803278, 9980.83485189, 1893.81356398)
(-7418.53765902, 9980.83362327, 1893.81356398)
(-7418.46953039, 9980.83196143, 1893.81356398)
(-7418.39975023, 9980.83025942, 1893.81356398)
(-7418.31634426, 9980.82822439, 1893.81356398)
(-7418.25606088, 9980.82675396, 1893.81356398)
(-7418.17513233, 9980.82477957, 1893.81356398)
(-7418.12269406, 9980.82350056, 1893.81356398)
(-7418.05786864, 9980.82191926, 1893.81356398)
(-7417.99015303, 9980.82026755, 1893.81356398)
(-7417.92574059, 9980.8186965, 1893.81356398)
(-7417.85719907, 9980.81702426, 1893.81356398)
(-7417.80187051, 9980.81567475, 1893.81356398)
(-7417.72011616, 9980.81368047, 1893.81356398)
(-7417.65405214, 9980.81206923, 1893.81356398)
(-7417.5933557, 9980.81058872, 1893.81356398)
(-7417.51655617, 9980.80871467, 1893.81356398)
(-7417.45296961, 9980.80716372, 1893.81356398)
(-7417.37782168, 9980.80533043, 1893.81356398)
(-7417.31712541, 9980.80385005, 1893.81356398)
(-7417.23950009, 9980.80195653, 1893.81356398)
(-7417.18210701, 9980.80055673, 1893.81356398)
(-7417.11604289, 9980.79894533, 1893.81356398)
(-7417.03676595, 9980.79701089, 1893.81356398)
(-7416.9781342, 9980.79558075, 1893.81356398)
(-7416.91000554, 9980.79391879, 1893.81356398)
(-7416.84724474, 9980.79238806, 1893.81356398)
(-7416.77663871, 9980.7906658, 1893.81356398)
(-7416.71305206, 9980.78911482, 1893.81356398)
(-7416.63294935, 9980.78716042, 1893.81356398)
(-7416.57018859, 9980.78562958, 1893.81356398)
(-7416.49421489, 9980.78377616, 1893.81356398)
(-7416.43351859, 9980.78229578, 1893.81356398)
(-7416.36993187, 9980.78074469, 1893.81356398)
(-7416.30675816, 9980.77920394, 1893.81356398)
(-7416.23780371, 9980.77752207, 1893.81356398)
(-7416.16802349, 9980.77581951, 1893.81356398)
(-7416.10815301, 9980.77435921, 1893.81356398)
(-7416.04043729, 9980.77270739, 1893.81356398)
(-7415.97437328, 9980.77109616, 1893.81356398)
(-7415.90954788, 9980.76951496, 1893.81356398)
(-7415.82820647, 9980.76753024, 1893.81356398)
(-7415.76833602, 9980.76606987, 1893.81356398)
(-7415.67460758, 9980.76378333, 1893.81356398)
(-7415.62588539, 9980.76259494, 1893.81356398)
(-7415.53711172, 9980.76042945, 1893.81356398)
(-7415.45783487, 9980.75849592, 1893.81356398)
(-7415.36782254, 9980.75630017, 1893.81356398)
(-7415.28771989, 9980.75434652, 1893.81356398)
(-7415.22372029, 9980.75278529, 1893.81356398)
(-7415.16219821, 9980.75128475, 1893.81356398)
(-7415.07053429, 9980.74904885, 1893.81356398)
(-7414.99497356, 9980.74720598, 1893.81356398)
(-7414.8888581, 9980.74461753, 1893.81356398)
(-7414.8033877, 9980.74253298, 1893.81356398)
(-7414.71874305, 9980.74046807, 1893.81356398)
(-7414.65061452, 9980.73880638, 1893.81356398)
(-7414.56720862, 9980.73677173, 1893.81356398)
(-7414.51022842, 9980.73538196, 1893.81356398)
(-7414.45242234, 9980.73397193, 1893.81356398)
(-7414.38966154, 9980.73244126, 1893.81356398)
(-7414.31781682, 9980.73068892, 1893.81356398)
(-7414.23275929, 9980.72861372, 1893.81356398)
(-7414.16297916, 9980.72691173, 1893.81356398)
(-7414.08370224, 9980.72497779, 1893.81356398)
(-7414.03332842, 9980.72374917, 1893.81356398)
(-7413.96685141, 9980.72212763, 1893.81356398)
(-7413.89707129, 9980.72042574, 1893.81356398)
(-7413.83224589, 9980.71884458, 1893.81356398)
(-7413.76535601, 9980.71721267, 1893.81356398)
(-7413.70465974, 9980.71573224, 1893.81356398)
(-7413.62827312, 9980.71386896, 1893.81356398)
(-7413.56014459, 9980.71220733, 1893.81356398)
(-7413.48375795, 9980.71034411, 1893.81356398)
(-7413.41108747, 9980.70857158, 1893.81356398)
(-7413.34378468, 9980.70693, 1893.81356398)
(-7413.27606896, 9980.70527799, 1893.81356398)
(-7413.21289527, 9980.70373711, 1893.81356398)
(-7413.14724408, 9980.70213566, 1893.81356398)
(-7413.08572198, 9980.70063514, 1893.81356398)
(-7413.02048369, 9980.69904389, 1893.81356398)
(-7412.95730995, 9980.69750302, 1893.81356398)
(-7412.88546523, 9980.69575039, 1893.81356398)
(-7412.82063991, 9980.69416925, 1893.81356398)
(-7412.74507908, 9980.69232612, 1893.81356398)
(-7412.69387945, 9980.69107737, 1893.81356398)
(-7412.62781534, 9980.68946599, 1893.81356398)
(-7412.55803518, 9980.687764, 1893.81356398)
(-7412.48164857, 9980.68590059, 1893.81356398)
(-7412.42012647, 9980.68440004, 1893.81356398)
(-7412.34704308, 9980.68261733, 1893.81356398)
(-7412.29130158, 9980.6812578, 1893.81356398)
(-7412.22028267, 9980.67952555, 1893.81356398)
(-7412.16371532, 9980.67814582, 1893.81356398)
(-7412.0885674, 9980.67631268, 1893.81356398)
(-7412.03158716, 9980.67492291, 1893.81356398)
(-7411.95272313, 9980.67299924, 1893.81356398)
(-7411.8949171, 9980.67158935, 1893.81356398)
(-7411.83298201, 9980.67007869, 1893.81356398)
(-7411.76196311, 9980.66834612, 1893.81356398)
(-7411.70291844, 9980.66690594, 1893.81356398)
(-7411.62942214, 9980.66511319, 1893.81356398)
(-7411.56666133, 9980.66358245, 1893.81356398)
(-7411.49481662, 9980.66183006, 1893.81356398)
(-7411.43122995, 9980.66027911, 1893.81356398)
(-7411.35897232, 9980.65851644, 1893.81356398)
(-7411.29868889, 9980.65704609, 1893.81356398)
(-7411.23138607, 9980.65540441, 1893.81356398)
(-7411.16697365, 9980.65383338, 1893.81356398)
(-7411.09347735, 9980.6520407, 1893.81356398)
(-7411.0270004, 9980.65041927, 1893.81356398)
(-7410.94607191, 9980.64844506, 1893.81356398)
(-7410.88909171, 9980.64705525, 1893.81356398)
(-7410.81848571, 9980.64533296, 1893.81356398)
(-7410.75944097, 9980.64389285, 1893.81356398)
(-7410.68511885, 9980.64208004, 1893.81356398)
(-7410.62937728, 9980.64072045, 1893.81356398)
(-7410.56537766, 9980.63915925, 1893.81356398)
(-7410.49972654, 9980.63755796, 1893.81356398)
(-7410.42003674, 9980.63561415, 1893.81356398)
(-7410.36388231, 9980.63424455, 1893.81356398)
(-7410.29410214, 9980.63254253, 1893.81356398)
(-7410.236709, 9980.63114267, 1893.81356398)
(-7410.1582579, 9980.62922898, 1893.81356398)
(-7410.08806486, 9980.62751694, 1893.81356398)
(-7410.01539434, 9980.62574432, 1893.81356398)
(-7409.95552379, 9980.62428407, 1893.81356398)
(-7409.88945968, 9980.62267268, 1893.81356398)
(-7409.82133111, 9980.62101096, 1893.81356398)
(-7409.75691864, 9980.61943992, 1893.81356398)
(-7409.67722884, 9980.61749602, 1893.81356398)
(-7409.593823, 9980.61546171, 1893.81356398)
(-7409.49637851, 9980.61308473, 1893.81356398)
(-7409.40265012, 9980.61079866, 1893.81356398)
(-7409.336586, 9980.60918703, 1893.81356398)
(-7409.26639296, 9980.60747495, 1893.81356398)
(-7409.18959342, 9980.60560157, 1893.81356398)
(-7409.10866496, 9980.60362768, 1893.81356398)
(-7409.00213664, 9980.60102907, 1893.81356398)
(-7408.92575009, 9980.59916595, 1893.81356398)
(-7408.79444778, 9980.59596287, 1893.81356398)
(-7408.71186773, 9980.59394877, 1893.81356398)
(-7408.62268118, 9980.59177334, 1893.81356398)
(-7408.55042361, 9980.59001096, 1893.81356398)
(-7408.46164996, 9980.58784555, 1893.81356398)
(-7408.39682462, 9980.58626442, 1893.81356398)
(-7408.32952183, 9980.58462277, 1893.81356398)
(-7408.2717158, 9980.58321288, 1893.81356398)
(-7408.19409052, 9980.58131953, 1893.81356398)
(-7408.13132969, 9980.57978882, 1893.81356398)
(-7408.06650431, 9980.57820771, 1893.81356398)
(-7407.9967241, 9980.57650552, 1893.81356398)
(-7407.93726647, 9980.57505532, 1893.81356398)
(-7407.86996366, 9980.57341373, 1893.81356398)
(-7407.80555119, 9980.57184274, 1893.81356398)
(-7407.744029, 9980.57034217, 1893.81356398)
(-7407.66970689, 9980.56852919, 1893.81356398)
(-7407.60694608, 9980.56699841, 1893.81356398)
(-7407.5379917, 9980.56531651, 1893.81356398)
(-7407.47894697, 9980.56387641, 1893.81356398)
(-7407.40297329, 9980.56202336, 1893.81356398)
(-7407.34723174, 9980.5606638, 1893.81356398)
(-7407.27703863, 9980.55895162, 1893.81356398)
(-7407.21716809, 9980.55749136, 1893.81356398)
(-7407.12839445, 9980.55532606, 1893.81356398)
(-7407.05902717, 9980.55363421, 1893.81356398)
(-7406.98759537, 9980.5518919, 1893.81356398)
(-7406.93350544, 9980.55057265, 1893.81356398)
(-7406.86331236, 9980.54886061, 1893.81356398)
(-7406.79435801, 9980.5471788, 1893.81356398)
(-7406.71879723, 9980.54533571, 1893.81356398)
(-7406.65603639, 9980.54380496, 1893.81356398)
(-7406.591211, 9980.54222379, 1893.81356398)
(-7406.52679853, 9980.54065279, 1893.81356398)
(-7406.45949572, 9980.53901124, 1893.81356398)
(-7406.38847683, 9980.53727908, 1893.81356398)
(-7406.32117403, 9980.53563741, 1893.81356398)
(-7406.263368, 9980.5342275, 1893.81356398)
(-7406.19193621, 9980.5324852, 1893.81356398)
(-7406.12587218, 9980.53087391, 1893.81356398)
(-7406.06517581, 9980.5293935, 1893.81356398)
(-7405.99002792, 9980.52756041, 1893.81356398)
(-7405.92520259, 9980.52597928, 1893.81356398)
(-7405.84757727, 9980.52408588, 1893.81356398)
(-7405.78688091, 9980.5226055, 1893.81356398)
(-7405.71379749, 9980.52082293, 1893.81356398)
(-7405.65062373, 9980.51928213, 1893.81356398)
(-7405.59034024, 9980.51781179, 1893.81356398)
(-7405.51477946, 9980.51596864, 1893.81356398)
(-7405.45367024, 9980.51447816, 1893.81356398)
(-7405.37728366, 9980.512615, 1893.81356398)
(-7405.32278083, 9980.51128567, 1893.81356398)
(-7405.24804584, 9980.50946284, 1893.81356398)
(-7405.18569786, 9980.50794215, 1893.81356398)
(-7405.10848544, 9980.50605877, 1893.81356398)
(-7405.03870527, 9980.50435681, 1893.81356398)
(-7404.97924758, 9980.50290654, 1893.81356398)
(-7404.91855123, 9980.50142615, 1893.81356398)
(-7404.84051303, 9980.49952273, 1893.81356398)
(-7404.76123617, 9980.49758913, 1893.81356398)
(-7404.69558501, 9980.49598787, 1893.81356398)
(-7404.62374033, 9980.4942354, 1893.81356398)
(-7404.57088911, 9980.49294631, 1893.81356398)
(-7404.49697991, 9980.49114358, 1893.81356398)
(-7404.43669644, 9980.48967327, 1893.81356398)
(-7404.36196142, 9980.48785044, 1893.81356398)
(-7404.30869726, 9980.4865513, 1893.81356398)
(-7404.23809125, 9980.48482908, 1893.81356398)
(-7404.17904651, 9980.48338896, 1893.81356398)
(-7404.10802763, 9980.48165674, 1893.81356398)
(-7404.04444099, 9980.48010586, 1893.81356398)
(-7403.99076394, 9980.47879665, 1893.81356398)
(-7403.91479026, 9980.47694348, 1893.81356398)
(-7403.85739712, 9980.47554364, 1893.81356398)
(-7403.78968142, 9980.47389199, 1893.81356398)
(-7403.72898506, 9980.47241162, 1893.81356398)
(-7403.67076606, 9980.47099164, 1893.81356398)
(-7403.59066335, 9980.46903775, 1893.81356398)
(-7403.5303799, 9980.46756742, 1893.81356398)
(-7403.43706439, 9980.46529134, 1893.81356398)
(-7403.36356813, 9980.46349876, 1893.81356398)
(-7403.28635576, 9980.46161546, 1893.81356398)
(-7403.21574981, 9980.45989338, 1893.81356398)
(-7403.15422763, 9980.4583928, 1893.81356398)
(-7403.07660235, 9980.45649954, 1893.81356398)
(-7402.96181598, 9980.45369983, 1893.81356398)
(-7402.88666808, 9980.45186697, 1893.81356398)
(-7402.77766235, 9980.44920817, 1893.81356398)
(-7402.69384358, 9980.4471638, 1893.81356398)
(-7402.60424419, 9980.44497829, 1893.81356398)
(-7402.53198664, 9980.44321588, 1893.81356398)
(-7402.45560005, 9980.44135266, 1893.81356398)
(-7402.38416828, 9980.43961042, 1893.81356398)
(-7402.32718799, 9980.43822059, 1893.81356398)
(-7402.26690452, 9980.43675027, 1893.81356398)
(-7402.1863889, 9980.43478644, 1893.81356398)
(-7402.11660873, 9980.43308451, 1893.81356398)
(-7402.04641565, 9980.43137246, 1893.81356398)
(-7401.97291938, 9980.42957969, 1893.81356398)
(-7401.92295846, 9980.42836111, 1893.81356398)
(-7401.85028798, 9980.4265886, 1893.81356398)
(-7401.78092073, 9980.42489673, 1893.81356398)
(-7401.69751482, 9980.4228624, 1893.81356398)
(-7401.63723134, 9980.42139209, 1893.81356398)
(-7401.57529625, 9980.41988147, 1893.81356398)
(-7401.51501277, 9980.41841114, 1893.81356398)
(-7401.44192937, 9980.41662855, 1893.81356398)
(-7401.38205882, 9980.41516829, 1893.81356398)
(-7401.30319484, 9980.41324474, 1893.81356398)
(-7401.2499307, 9980.41194563, 1893.81356398)
(-7401.18386663, 9980.4103343, 1893.81356398)
(-7401.10871876, 9980.4085013, 1893.81356398)
(-7401.04719661, 9980.40700075, 1893.81356398)
(-7400.97659061, 9980.40527861, 1893.81356398)
(-7400.91754583, 9980.40383852, 1893.81356398)
(-7400.85602364, 9980.40233797, 1893.81356398)
(-7400.79615307, 9980.40087771, 1893.81356398)
(-7400.71976646, 9980.39901455, 1893.81356398)
(-7400.64916051, 9980.39729245, 1893.81356398)
(-7400.57525133, 9980.39548974, 1893.81356398)
(-7400.518684, 9980.39411006, 1893.81356398)
(-7400.46005214, 9980.39268, 1893.81356398)
(-7400.39398808, 9980.39106868, 1893.81356398)
(-7400.31760148, 9980.38920552, 1893.81356398)
(-7400.25979541, 9980.38779562, 1893.81356398)
(-7400.19579581, 9980.38623463, 1893.81356398)
(-7400.13509944, 9980.38475426, 1893.81356398)
(-7400.07151275, 9980.38320336, 1893.81356398)
(-7399.98521654, 9980.38109844, 1893.81356398)
(-7399.9245202, 9980.37961803, 1893.81356398)
(-7399.86341094, 9980.37812752, 1893.81356398)
(-7399.80766941, 9980.37676798, 1893.81356398)
(-7399.73954084, 9980.3751063, 1893.81356398)
(-7399.66150264, 9980.37320281, 1893.81356398)
(-7399.59832888, 9980.37166198, 1893.81356398)
(-7399.53515508, 9980.37012111, 1893.81356398)
(-7399.48147802, 9980.36881192, 1893.81356398)
(-7399.40922041, 9980.36704953, 1893.81356398)
(-7399.33820153, 9980.36531735, 1893.81356398)
(-7399.26676975, 9980.36357503, 1893.81356398)
(-7399.20731211, 9980.36212483, 1893.81356398)
(-7399.14331245, 9980.36056369, 1893.81356398)
(-7399.08879133, 9980.35869542, 1893.81356398)
(-7399.02602313, 9980.35652894, 1893.81356398)
(-7398.94963801, 9980.35398039, 1893.81356398)
(-7398.88689479, 9980.35207837, 1893.81356398)
(-7398.80846421, 9980.34981917, 1893.81356398)
(-7398.75109302, 9980.34836793, 1893.81356397)
(-7398.68504432, 9980.34669722, 1893.81356397)
(-7398.62598999, 9980.34489926, 1893.81356398)
(-7398.54794729, 9980.34241663, 1893.81356398)
(-7398.48518445, 9980.340172, 1893.81356399)
(-7398.41334237, 9980.33761112, 1893.81356397)
(-7398.35226313, 9980.3359847, 1893.81356398)
(-7398.29159083, 9980.33443003, 1893.81356398)
(-7398.22884081, 9980.33269421, 1893.81356398)
(-7398.15453044, 9980.33070714, 1893.81356398)
(-7398.09506404, 9980.32862215, 1893.81356399)
(-7398.02362569, 9980.32610423, 1893.81356398)
(-7397.97037596, 9980.32439157, 1893.81356398)
(-7397.91258533, 9980.32259431, 1893.81356398)
(-7397.83663156, 9980.32029798, 1893.81356397)
(-7397.7800858, 9980.31887729, 1893.81356398)
(-7397.70413562, 9980.31697411, 1893.81356398)
(-7397.65581836, 9980.31531012, 1893.81356399)
(-7397.59098893, 9980.31300812, 1893.81356399)
(-7397.515851, 9980.31045919, 1893.81356398)
(-7397.45723855, 9980.30863969, 1893.81356397)
(-7397.3709676, 9980.30608097, 1893.81356397)
(-7397.2946106, 9980.30414618, 1893.81356398)
(-7397.19305343, 9980.301508, 1893.81356399)
(-7397.12615135, 9980.29906177, 1893.81356399)
(-7397.05636809, 9980.29660072, 1893.81356398)
(-7396.99940322, 9980.29476768, 1893.81356398)
(-7396.90528826, 9980.29187854, 1893.81356398)
(-7396.80499379, 9980.2892141, 1893.81356397)
(-7396.73563364, 9980.28722012, 1893.81356398)
(-7396.63778332, 9980.28427013, 1893.81356399)
(-7396.57584466, 9980.28200321, 1893.81356399)
(-7396.50772208, 9980.27961696, 1893.81356399)
(-7396.43383458, 9980.27718245, 1893.81356398)
(-7396.36118563, 9980.27488049, 1893.81356398)
(-7396.28316943, 9980.27247983, 1893.81356397)
(-7396.21754544, 9980.27091974, 1893.81356398)
(-7396.15315218, 9980.2693234, 1893.81356399)
(-7396.10235413, 9980.26750403, 1893.81356399)
(-7396.02885548, 9980.2648092, 1893.81356398)
(-7395.96322339, 9980.26267818, 1893.81356398)
(-7395.89098777, 9980.26047157, 1893.81356398)
(-7395.80966745, 9980.25803169, 1893.81356398)
(-7395.74280244, 9980.25639669, 1893.81356397)
(-7395.67345179, 9980.2546574, 1893.81356398)
(-7395.62306747, 9980.25286011, 1893.81356399)
(-7395.55906517, 9980.25053804, 1893.81356398)
(-7395.48104135, 9980.24794415, 1893.81356398)
(-7395.41045849, 9980.24576558, 1893.81356397)
(-7395.33656995, 9980.2435688, 1893.81356398)
(-7395.27548426, 9980.24207061, 1893.813564)
(-7395.20654903, 9980.2403603, 1893.81356398)
(-7395.15079757, 9980.23840964, 1893.81356398)
(-7395.09629109, 9980.23648661, 1893.81356398)
(-7395.03106096, 9980.23429115, 1893.81356398)
(-7394.95922919, 9980.23184411, 1893.81356398)
(-7394.89360777, 9980.23013032, 1893.81356398)
(-7394.82674076, 9980.2283585, 1893.81356398)
(-7394.7734814, 9980.22682042, 1893.81356398)
(-7394.71650665, 9980.22515693, 1893.81356398)
(-7394.63806132, 9980.22278367, 1893.81356398)
(-7394.57034179, 9980.22033095, 1893.81356398)
(-7394.49891753, 9980.21780669, 1893.81356398)
(-7394.44031293, 9980.2162649, 1893.81356398)
(-7394.38872091, 9980.21489726, 1893.81356397)
(-7394.32102166, 9980.21309762, 1893.81356398)
(-7394.25495916, 9980.21114109, 1893.81356398)
(-7394.18311775, 9980.20892794, 1893.81356398)
(-7394.12117944, 9980.20675064, 1893.81356399)
(-7394.06626355, 9980.2048121, 1893.81356398)
(-7394.00887849, 9980.20279393, 1893.81356398)
(-7393.9490386, 9980.20123125, 1893.81356398)
(-7393.87639728, 9980.19938305, 1893.81356397)
(-7393.79217755, 9980.19705676, 1893.81356398)
(-7393.72281492, 9980.19512095, 1893.81356399)
(-7393.6736732, 9980.19333524, 1893.81356399)
(-7393.59026251, 9980.19034176, 1893.81356399)
(-7393.52339593, 9980.18825566, 1893.81356397)
(-7393.413184, 9980.18498311, 1893.81356398)
(-7393.3310469, 9980.18295279, 1893.81356398)
(-7393.24806634, 9980.18076986, 1893.81356398)
(-7393.18198629, 9980.17834784, 1893.81356398)
(-7393.075871, 9980.17441461, 1893.81356398)
(-7393.01685563, 9980.1726825, 1893.81356397)
(-7392.94545542, 9980.17071656, 1893.81356398)
(-7392.87363825, 9980.16889143, 1893.81356397)
(-7392.80387093, 9980.16709731, 1893.81356398)
(-7392.75101097, 9980.16525965, 1893.81356399)
(-7392.69278755, 9980.16319918, 1893.81356399)
(-7392.62962186, 9980.16106549, 1893.81356398)
(-7392.54747109, 9980.15829261, 1893.81356398)
(-7392.48473903, 9980.15667266, 1893.81356398)
(-7392.40838109, 9980.15470215, 1893.81356398)
(-7392.34975188, 9980.15300343, 1893.81356398)
(-7392.28699376, 9980.15110732, 1893.81356398)
(-7392.22959422, 9980.14919565, 1893.81356398)
(-7392.1594024, 9980.14682198, 1893.81356398)
(-7392.10160994, 9980.14497452, 1893.81356398)
(-7392.0405143, 9980.14304294, 1893.81356398)
(-7391.97654085, 9980.14129134, 1893.81356398)
(-7391.88036144, 9980.1387256, 1893.81356399)
(-7391.81058249, 9980.13664537, 1893.81356398)
(-7391.72511352, 9980.13395122, 1893.81356399)
(-7391.66028658, 9980.13158293, 1893.81356399)
(-7391.59009896, 9980.1290513, 1893.81356398)
(-7391.54181507, 9980.12781026, 1893.81356397)
(-7391.45472588, 9980.12570605, 1893.81356398)
(-7391.37338283, 9980.12326814, 1893.81356398)
(-7391.26686027, 9980.11997126, 1893.81356398)
(-7391.20244495, 9980.11767127, 1893.81356399)
(-7391.10707001, 9980.11423445, 1893.81356398)
(-7391.00926504, 9980.11194908, 1893.81356397)
(-7390.9052248, 9980.10900243, 1893.81356398)
(-7390.81851717, 9980.10637685, 1893.81356398)
(-7390.70867629, 9980.10252835, 1893.81356399)
(-7390.60300302, 9980.09917888, 1893.81356398)
(-7390.50393571, 9980.09625511, 1893.81356397)
(-7390.42922833, 9980.09449347, 1893.81356397)
(-7390.36150587, 9980.092447, 1893.81356398)
(-7390.26529095, 9980.08912582, 1893.81356398)
(-7390.17529771, 9980.08626149, 1893.81356398)
(-7390.11131276, 9980.08423476, 1893.81356398)
(-7390.05558405, 9980.08250741, 1893.81356398)
(-7389.99862579, 9980.08111014, 1893.81356398)
(-7389.88924444, 9980.07855908, 1893.81356397)
(-7389.81530464, 9980.07568667, 1893.81356399)
(-7389.727766, 9980.07248043, 1893.81356399)
(-7389.6654487, 9980.07059614, 1893.81356398)
(-7389.58537754, 9980.06830007, 1893.81356397)
(-7389.5119098, 9980.06644332, 1893.81356397)
(-7389.44792152, 9980.06476408, 1893.81356398)
(-7389.39588844, 9980.06297381, 1893.81356398)
(-7389.31041313, 9980.0599499, 1893.81356398)
(-7389.24395148, 9980.05778164, 1893.81356398)
(-7389.15973668, 9980.05495793, 1893.81356398)
(-7389.07182934, 9980.05284066, 1893.81356398)
(-7388.985958, 9980.05046973, 1893.81356398)
(-7388.90709243, 9980.04809112, 1893.81356399)
(-7388.82739416, 9980.04538178, 1893.81356399)
(-7388.7402824, 9980.0424671, 1893.81356398)
(-7388.65483565, 9980.0397857, 1893.81356398)
(-7388.56155671, 9980.03736974, 1893.81356398)
(-7388.48311855, 9980.03527545, 1893.81356398)
(-7388.41787315, 9980.03303596, 1893.81356399)
(-7388.36047751, 9980.03108876, 1893.81356398)
(-7388.31258614, 9980.02947927, 1893.81356398)
(-7388.24570611, 9980.02719936, 1893.81356398)
(-7388.1751317, 9980.02530715, 1893.81356399)
(-7388.10124542, 9980.02332887, 1893.81356398)
(-7388.01083456, 9980.02084044, 1893.81356398)
(-7387.93402732, 9980.01826606, 1893.81356399)
(-7387.85640496, 9980.01565877, 1893.81356399)
(-7387.76847085, 9980.01270513, 1893.81356398)
(-7387.67807756, 9980.010015, 1893.81356398)
(-7387.60914973, 9980.00830441, 1893.81356399)
(-7387.52493902, 9980.00618592, 1893.81356398)
(-7387.45803741, 9980.00386992, 1893.81356398)
(-7387.38701552, 9980.00133267, 1893.81356398)
(-7387.33830298, 9979.99972929, 1893.81356398)
(-7387.27968234, 9979.99776524, 1893.81356398)
(-7387.21364788, 9979.99598093, 1893.81356399)
(-7387.13852688, 9979.99399959, 1893.81356398)
(-7387.07288088, 9979.99210481, 1893.81356398)
(-7387.01260176, 9979.99030823, 1893.81356398)
(-7386.95108364, 9979.98841891, 1893.81356399)
(-7386.90111984, 9979.98663308, 1893.81356397)
(-7386.83298925, 9979.9841809, 1893.81356398)
(-7386.7615899, 9979.98204936, 1893.81356398)
(-7386.67243066, 9979.97948791, 1893.81356398)
(-7386.60762868, 9979.97787521, 1893.81356397)
(-7386.52011403, 9979.97571182, 1893.81356398)
(-7386.45981056, 9979.97341546, 1893.81356398)
(-7386.40902197, 9979.97157073, 1893.81356398)
(-7386.35081821, 9979.96967087, 1893.81356398)
(-7386.27692945, 9979.96736798, 1893.81356398)
(-7386.19065603, 9979.9647598, 1893.81356397)
(-7386.12585611, 9979.96321463, 1893.81356397)
(-7386.04907921, 9979.96134775, 1893.81356398)
(-7385.97803866, 9979.95868701, 1893.81356399)
(-7385.89009101, 9979.95552959, 1893.81356398)
(-7385.82487875, 9979.9535655, 1893.81356399)
(-7385.75264244, 9979.9514111, 1893.81356397)
(-7385.6894935, 9979.94981139, 1893.81356397)
(-7385.63830555, 9979.94846394, 1893.81356397)
(-7385.57017441, 9979.94641251, 1893.81356398)
(-7385.48635462, 9979.94373889, 1893.81356399)
(-7385.40707512, 9979.94086459, 1893.81356399)
(-7385.34514764, 9979.93865267, 1893.81356398)
(-7385.29561894, 9979.93706706, 1893.81356397)
(-7385.23040343, 9979.93506039, 1893.81356397)
(-7385.17303499, 9979.93345755, 1893.81356397)
(-7385.10864084, 9979.93166161, 1893.81356397)
(-7385.05166772, 9979.92997576, 1893.81356398)
(-7384.99221851, 9979.92820728, 1893.81356398)
(-7384.93482208, 9979.92631629, 1893.81356397)
(-7384.86834771, 9979.92407829, 1893.81356398)
(-7384.81344497, 9979.92232327, 1893.81356398)
(-7384.75069756, 9979.92032783, 1893.81356398)
(-7384.69539151, 9979.9187955, 1893.81356397)
(-7384.63141357, 9979.91708187, 1893.81356398)
(-7384.5785675, 9979.91554477, 1893.81356398)
(-7384.51457498, 9979.91366494, 1893.81356399)
(-7384.44850321, 9979.91144007, 1893.81356398)
(-7384.38285654, 9979.90924706, 1893.81356398)
(-7384.32547697, 9979.90742085, 1893.81356398)
(-7384.26933437, 9979.90564184, 1893.81356397)
(-7384.21444154, 9979.90413607, 1893.81356398)
(-7384.15459429, 9979.90257144, 1893.81356397)
(-7384.08028838, 9979.90063438, 1893.81356397)
(-7384.0038918, 9979.8979872, 1893.81356398)
(-7383.92296223, 9979.89518776, 1893.81356397)
(-7383.86434768, 9979.89333226, 1893.81356398)
(-7383.79953949, 9979.89134126, 1893.81356397)
(-7383.7363911, 9979.88959788, 1893.81356398)
(-7383.67653526, 9979.8879368, 1893.81356397)
(-7383.61047856, 9979.88600735, 1893.81356398)
(-7383.54029418, 9979.88394433, 1893.81356399)
(-7383.46555073, 9979.88141395, 1893.81356398)
(-7383.40774469, 9979.87941432, 1893.81356398)
(-7383.34911996, 9979.87738111, 1893.81356398)
(-7383.29423061, 9979.87590727, 1893.81356397)
(-7383.22943106, 9979.8742426, 1893.81356397)
(-7383.16998479, 9979.87263026, 1893.81356398)
(-7383.09484741, 9979.87060357, 1893.81356398)
(-7383.03951041, 9979.86866119, 1893.81356399)
(-7382.96146991, 9979.86585074, 1893.81356398)
(-7382.90698404, 9979.86412451, 1893.81356398)
(-7382.8529101, 9979.86247192, 1893.81356398)
(-7382.7980096, 9979.8608273, 1893.81356398)
(-7382.73362201, 9979.85917227, 1893.81356397)
(-7382.66468657, 9979.85740993, 1893.81356398)
(-7382.60067636, 9979.85538794, 1893.81356398)
(-7382.53006994, 9979.85312372, 1893.81356398)
(-7382.46772025, 9979.85087932, 1893.81356398)
(-7382.40661469, 9979.84869139, 1893.81356396)
(-7382.35626557, 9979.84731931, 1893.81356397)
(-7382.29930849, 9979.84584965, 1893.81356397)
(-7382.23037097, 9979.84401122, 1893.81356397)
(-7382.1700889, 9979.84222938, 1893.81356398)
(-7382.09907245, 9979.84003261, 1893.81356398)
(-7382.037958, 9979.83797658, 1893.81356398)
(-7381.97684737, 9979.83584738, 1893.81356398)
(-7381.91698329, 9979.83374995, 1893.81356399)
(-7381.86291974, 9979.83228963, 1893.81356397)
(-7381.80265998, 9979.83073869, 1893.81356397)
(-7381.7444521, 9979.82912967, 1893.81356397)
(-7381.67055506, 9979.82713882, 1893.81356398)
(-7381.60819956, 9979.82499197, 1893.81356399)
(-7381.54171814, 9979.82268946, 1893.81356398)
(-7381.4917649, 9979.82101785, 1893.81356398)
(-7381.43231752, 9979.81899224, 1893.81356398)
(-7381.37742722, 9979.81750834, 1893.81356398)
(-7381.31015209, 9979.81576198, 1893.81356398)
(-7381.24822799, 9979.81405675, 1893.81356398)
(-7381.17722004, 9979.81213542, 1893.81356398)
(-7381.1198189, 9979.81015361, 1893.81356398)
(-7381.05912019, 9979.80798789, 1893.81356398)
(-7381.00380526, 9979.80620579, 1893.81356398)
(-7380.95179203, 9979.80454887, 1893.81356398)
(-7380.87294839, 9979.80211649, 1893.81356398)
(-7380.80732222, 9979.80045507, 1893.81356397)
(-7380.71733559, 9979.79817056, 1893.81356399)
(-7380.65126066, 9979.79588077, 1893.81356398)
(-7380.57197738, 9979.79306697, 1893.81356399)
(-7380.49478154, 9979.7905216, 1893.81356398)
(-7380.40108456, 9979.78769075, 1893.81356398)
(-7380.33091799, 9979.78592367, 1893.81356397)
(-7380.24505535, 9979.78373263, 1893.81356397)
(-7380.17980648, 9979.78147284, 1893.81356398)
(-7380.11703935, 9979.77929043, 1893.81356398)
(-7380.05676287, 9979.7772334, 1893.81356398)
(-7380.00723077, 9979.77567689, 1893.81356398)
(-7379.94696536, 9979.77385914, 1893.81356398)
(-7379.88299181, 9979.77210792, 1893.81356398)
(-7379.81942541, 9979.77043183, 1893.81356399)
(-7379.75708967, 9979.76879212, 1893.81356398)
(-7379.69968863, 9979.76684902, 1893.81356399)
(-7379.63609698, 9979.76461785, 1893.81356398)
(-7379.57458377, 9979.7625593, 1893.81356398)
(-7379.51843889, 9979.76065805, 1893.81356398)
(-7379.46354812, 9979.75914574, 1893.81356398)
(-7379.39090681, 9979.7572474, 1893.81356398)
(-7379.33889004, 9979.75579858, 1893.81356398)
(-7379.28769909, 9979.75440964, 1893.81356398)
(-7379.22906027, 9979.75246864, 1893.81356399)
(-7379.16588139, 9979.75030901, 1893.81356398)
(-7379.09404449, 9979.74788245, 1893.81356398)
(-7379.04203457, 9979.74623509, 1893.81356397)
(-7378.98465836, 9979.74450827, 1893.81356398)
(-7378.92935179, 9979.74299451, 1893.81356398)
(-7378.87651935, 9979.74160532, 1893.81356398)
(-7378.81212167, 9979.73993438, 1893.81356397)
(-7378.75265591, 9979.73794243, 1893.81356397)
(-7378.69443102, 9979.7359495, 1893.81356398)
(-7378.63208726, 9979.73382581, 1893.81356399)
(-7378.5821403, 9979.73222857, 1893.81356397)
(-7378.52269971, 9979.73042214, 1893.81356398)
(-7378.46780584, 9979.72890209, 1893.81356398)
(-7378.40134623, 9979.72707863, 1893.81356398)
(-7378.34478487, 9979.72542775, 1893.81356398)
(-7378.29111467, 9979.72385706, 1893.81356398)
(-7378.22547132, 9979.72192802, 1893.81356398)
(-7378.17137794, 9979.71999008, 1893.81356399)
(-7378.10572335, 9979.71760203, 1893.81356399)
(-7378.05495981, 9979.71606465, 1893.81356398)
(-7377.99222521, 9979.71428236, 1893.81356398)
(-7377.94310985, 9979.7130211, 1893.81356397)
(-7377.87624327, 9979.711345, 1893.81356398)
(-7377.82008252, 9979.70965435, 1893.81356397)
(-7377.74823136, 9979.70734314, 1893.81356397)
(-7377.68464071, 9979.70509536, 1893.81356398)
(-7377.61114896, 9979.7024908, 1893.81356398)
(-7377.5426396, 9979.70049537, 1893.81356398)
(-7377.48320694, 9979.69890953, 1893.81356398)
(-7377.41674725, 9979.69713006, 1893.81356398)
(-7377.35935855, 9979.69547322, 1893.81356398)
(-7377.30733674, 9979.6939247, 1893.81356399)
(-7377.24993561, 9979.69199471, 1893.81356398)
(-7377.17933183, 9979.68962499, 1893.81356398)
(-7377.11534712, 9979.68759101, 1893.81356398)
(-7377.04393008, 9979.68533229, 1893.81356399)
(-7376.97871736, 9979.68368588, 1893.81356398)
(-7376.91721486, 9979.68211895, 1893.81356398)
(-7376.86272091, 9979.68070597, 1893.81356398)
(-7376.81481474, 9979.67902255, 1893.81356399)
(-7376.74833425, 9979.67658471, 1893.81356399)
(-7376.68517231, 9979.67447424, 1893.81356398)
(-7376.61499322, 9979.67209793, 1893.81356398)
(-7376.55721487, 9979.6705651, 1893.81356397)
(-7376.48292236, 9979.66867883, 1893.81356398)
(-7376.43131304, 9979.66720102, 1893.81356398)
(-7376.38176704, 9979.66571046, 1893.81356398)
(-7376.31570608, 9979.66367072, 1893.81356398)
(-7376.25335513, 9979.66147162, 1893.81356399)
(-7376.18522849, 9979.65906274, 1893.81356397)
(-7376.12249525, 9979.65718142, 1893.81356397)
(-7376.04572027, 9979.65497314, 1893.81356397)
(-7375.98504699, 9979.65345001, 1893.81356398)
(-7375.91734835, 9979.65174162, 1893.81356399)
(-7375.86944334, 9979.65011386, 1893.81356399)
(-7375.81617567, 9979.64822983, 1893.81356399)
(-7375.74185385, 9979.64562463, 1893.81356397)
(-7375.67911437, 9979.64368145, 1893.81356398)
(-7375.58912907, 9979.6410369, 1893.81356397)
(-7375.52886895, 9979.63950652, 1893.81356398)
(-7375.45910439, 9979.63769916, 1893.81356398)
(-7375.4041804, 9979.63600542, 1893.81356398)
(-7375.32283259, 9979.63336057, 1893.81356397)
(-7375.26048082, 9979.63112842, 1893.81356399)
(-7375.17460574, 9979.62807218, 1893.81356398)
(-7375.1217838, 9979.62670304, 1893.81356397)
(-7375.07225602, 9979.62549626, 1893.81356397)
(-7375.00992079, 9979.62381312, 1893.81356398)
(-7374.92528862, 9979.62154752, 1893.81356398)
(-7374.85013005, 9979.61885539, 1893.81356398)
(-7374.76631571, 9979.61597324, 1893.81356399)
(-7374.69119049, 9979.61360215, 1893.81356398)
(-7374.61234893, 9979.61123378, 1893.81356398)
(-7374.5446591, 9979.6095538, 1893.81356397)
(-7374.46622476, 9979.60755096, 1893.81356398)
(-7374.40386641, 9979.60535566, 1893.81356398)
(-7374.3349054, 9979.60294894, 1893.81356399)
(-7374.27339298, 9979.60088991, 1893.81356398)
(-7374.21270778, 9979.59883732, 1893.81356398)
(-7374.16317431, 9979.59721144, 1893.81356398)
(-7374.10744838, 9979.59543479, 1893.81356398)
(-7374.04306342, 9979.59363972, 1893.81356397)
(-7373.97082703, 9979.59164673, 1893.81356399)
(-7373.91344037, 9979.58996291, 1893.81356398)
(-7373.83912735, 9979.587755, 1893.81356399)
(-7373.78173082, 9979.58570215, 1893.81356397)
(-7373.72598816, 9979.58370759, 1893.81356398)
(-7373.66571428, 9979.58157187, 1893.81356398)
(-7373.61247872, 9979.58021891, 1893.81356397)
(-7373.54974226, 9979.57865208, 1893.81356397)
(-7373.49153242, 9979.57703765, 1893.81356398)
(-7373.42630343, 9979.57526763, 1893.81356398)
(-7373.37261965, 9979.57344404, 1893.81356399)
(-7373.31191709, 9979.57133171, 1893.81356399)
(-7373.25577003, 9979.56945101, 1893.81356398)
(-7373.19467055, 9979.56737679, 1893.81356398)
(-7373.13771588, 9979.56580002, 1893.81356397)
(-7373.07374217, 9979.56411275, 1893.81356397)
(-7373.01388444, 9979.56249889, 1893.81356398)
(-7372.96722787, 9979.56112874, 1893.81356398)
(-7372.91231421, 9979.55945485, 1893.81356398)
(-7372.84996006, 9979.55737085, 1893.81356398)
(-7372.78101026, 9979.5550722, 1893.81356398)
(-7372.72528177, 9979.5532969, 1893.81356398)
(-7372.66418517, 9979.55135813, 1893.81356398)
(-7372.60929137, 9979.54983205, 1893.81356398)
(-7372.54861319, 9979.54817603, 1893.81356398)
(-7372.48751072, 9979.54638584, 1893.81356398)
(-7372.42558387, 9979.54456585, 1893.81356398)
(-7372.36488286, 9979.54256867, 1893.81356399)
(-7372.29386621, 9979.54018791, 1893.81356399)
(-7372.23855044, 9979.53842481, 1893.81356398)
(-7372.17993091, 9979.53657114, 1893.81356398)
(-7372.1238, 9979.53503699, 1893.81356398)
(-7372.06229481, 9979.53336532, 1893.81356398)
(-7372.01110027, 9979.53187681, 1893.81356398)
(-7371.94834717, 9979.53003985, 1893.81356397)
(-7371.89012261, 9979.52811737, 1893.81356398)
(-7371.82653669, 9979.52597352, 1893.81356398)
(-7371.76956943, 9979.52416472, 1893.81356398)
(-7371.71301371, 9979.52237517, 1893.81356398)
(-7371.65811888, 9979.52082277, 1893.81356398)
(-7371.59620315, 9979.51913043, 1893.81356398)
(-7371.535101, 9979.5173421, 1893.81356398)
(-7371.47028417, 9979.51543579, 1893.81356398)
(-7371.40670549, 9979.51355948, 1893.81356398)
(-7371.35467713, 9979.51168892, 1893.81356399)
(-7371.28737305, 9979.50920791, 1893.81356398)
(-7371.23454715, 9979.50774161, 1893.81356398)
(-7371.17759006, 9979.50626448, 1893.81356396)
(-7371.10947953, 9979.50446389, 1893.81356399)
(-7371.05043631, 9979.50272917, 1893.81356398)
(-7370.98974061, 9979.50085179, 1893.81356398)
(-7370.93564581, 9979.49904533, 1893.81356398)
(-7370.86669454, 9979.4967303, 1893.81356398)
(-7370.8064252, 9979.49480944, 1893.81356398)
(-7370.74202635, 9979.49276182, 1893.81356398)
(-7370.68465595, 9979.49116397, 1893.81356398)
(-7370.6243917, 9979.48952984, 1893.81356398)
(-7370.577326, 9979.48815442, 1893.81356398)
(-7370.51994024, 9979.48647061, 1893.81356398)
(-7370.46171796, 9979.48457341, 1893.81356398)
(-7370.38946194, 9979.48215123, 1893.81356398)
(-7370.33332035, 9979.48037015, 1893.81356398)
(-7370.26892108, 9979.4783336, 1893.81356398)
(-7370.21815454, 9979.47691408, 1893.81356397)
(-7370.14385402, 9979.47488496, 1893.81356399)
(-7370.07119152, 9979.47277294, 1893.81356398)
(-7369.97086824, 9979.46982254, 1893.81356399)
(-7369.90232225, 9979.46729358, 1893.81356399)
(-7369.7999325, 9979.46361567, 1893.81356399)
(-7369.73679651, 9979.46212106, 1893.81356397)
(-7369.68313959, 9979.46079713, 1893.81356397)
(-7369.63152992, 9979.45932031, 1893.81356398)
(-7369.56877284, 9979.45746389, 1893.81356398)
(-7369.47917879, 9979.45472852, 1893.81356398)
(-7369.40196356, 9979.45192648, 1893.81356398)
(-7369.30453267, 9979.44850536, 1893.81356398)
(-7369.24511133, 9979.44707713, 1893.81356398)
(-7369.18072119, 9979.44555243, 1893.81356398)
(-7369.13158654, 9979.44413546, 1893.81356398)
(-7369.08038597, 9979.44257999, 1893.81356398)
(-7369.02381155, 9979.44071649, 1893.81356398)
(-7368.95361873, 9979.43837039, 1893.81356398)
(-7368.89169712, 9979.43641502, 1893.81356398)
(-7368.83514106, 9979.43463553, 1893.81356398)
(-7368.7765211, 9979.43279498, 1893.81356397)
(-7368.72451573, 9979.43147733, 1893.81356399)
(-7368.67003227, 9979.43013451, 1893.81356398)
(-7368.61676483, 9979.42852928, 1893.81356399)
(-7368.55441578, 9979.42657568, 1893.81356399)
(-7368.50073656, 9979.42469014, 1893.81356398)
(-7368.44581861, 9979.42274003, 1893.81356398)
(-7368.3843038, 9979.4205602, 1893.81356399)
(-7368.32446412, 9979.41900502, 1893.81356398)
(-7368.27039538, 9979.4176321, 1893.81356397)
(-7368.21837988, 9979.41620898, 1893.81356398)
(-7368.16223525, 9979.41470634, 1893.81356398)
(-7368.10772572, 9979.41291799, 1893.81356399)
(-7368.04743555, 9979.41086093, 1893.81356399)
(-7367.97683421, 9979.40846128, 1893.81356398)
(-7367.91698096, 9979.40658086, 1893.81356398)
(-7367.86496968, 9979.40500017, 1893.81356398)
(-7367.80924987, 9979.40346079, 1893.81356398)
(-7367.74939543, 9979.40182935, 1893.81356398)
(-7367.68581568, 9979.39998387, 1893.81356398)
(-7367.6094387, 9979.3977539, 1893.81356398)
(-7367.54543201, 9979.39562244, 1893.81356399)
(-7367.47482726, 9979.39322985, 1893.81356398)
(-7367.41166887, 9979.39121325, 1893.81356398)
(-7367.34438252, 9979.38912662, 1893.81356398)
(-7367.28990101, 9979.38774601, 1893.81356399)
(-7367.23665662, 9979.38643359, 1893.81356398)
(-7367.18338922, 9979.38484169, 1893.81356399)
(-7367.12351685, 9979.38295878, 1893.81356398)
(-7367.06818509, 9979.38101454, 1893.81356399)
(-7367.00996578, 9979.37896132, 1893.81356399)
(-7366.94680149, 9979.3767519, 1893.81356398)
(-7366.8881992, 9979.37521885, 1893.81356398)
(-7366.83000315, 9979.37374147, 1893.81356398)
(-7366.77716122, 9979.37228481, 1893.81356398)
(-7366.72142885, 9979.37077926, 1893.81356398)
(-7366.66898372, 9979.3690681, 1893.81356399)
(-7366.6157123, 9979.3672423, 1893.81356398)
(-7366.55212827, 9979.3650766, 1893.81356398)
(-7366.49268612, 9979.36317519, 1893.81356398)
(-7366.43654664, 9979.36145129, 1893.81356398)
(-7366.37627876, 9979.35964589, 1893.81356398)
(-7366.32014577, 9979.35822104, 1893.81356397)
(-7366.25781679, 9979.35664013, 1893.81356397)
(-7366.19546154, 9979.35473613, 1893.81356397)
(-7366.12980778, 9979.35264141, 1893.81356398)
(-7366.0703472, 9979.35052451, 1893.81356399)
(-7366.01171608, 9979.34843855, 1893.81356398)
(-7365.94279134, 9979.34634783, 1893.81356398)
(-7365.88666134, 9979.34484225, 1893.81356397)
(-7365.83176269, 9979.34336608, 1893.81356398)
(-7365.7768526, 9979.34176898, 1893.81356398)
(-7365.72483371, 9979.34025005, 1893.81356398)
(-7365.65795143, 9979.33828361, 1893.81356398)
(-7365.60633521, 9979.33643676, 1893.81356399)
(-7365.54893866, 9979.33435631, 1893.81356398)
(-7365.50188479, 9979.33287911, 1893.81356397)
(-7365.44245016, 9979.33115222, 1893.81356398)
(-7365.38384189, 9979.32963543, 1893.81356397)
(-7365.32564172, 9979.32814677, 1893.81356397)
(-7365.26041494, 9979.32645898, 1893.81356398)
(-7365.20796677, 9979.32465003, 1893.81356399)
(-7365.14313794, 9979.32227695, 1893.81356399)
(-7365.08327862, 9979.3202885, 1893.81356398)
(-7365.02094344, 9979.31818971, 1893.81356398)
(-7364.96811622, 9979.31675226, 1893.81356399)
(-7364.90909518, 9979.31520088, 1893.81356398)
(-7364.85253935, 9979.31364229, 1893.81356398)
(-7364.77616614, 9979.31158104, 1893.81356398)
(-7364.71422317, 9979.309465, 1893.81356399)
(-7364.64361181, 9979.30700553, 1893.81356398)
(-7364.57260459, 9979.30462283, 1893.81356398)
(-7364.50821377, 9979.30263673, 1893.81356398)
(-7364.43432612, 9979.30044949, 1893.81356398)
(-7364.3711755, 9979.29887677, 1893.81356398)
(-7364.29439829, 9979.29697201, 1893.81356398)
(-7364.22873518, 9979.29467796, 1893.81356399)
(-7364.15854068, 9979.29212264, 1893.81356398)
(-7364.09868373, 9979.29014734, 1893.81356398)
(-7364.04543162, 9979.2883897, 1893.81356398)
(-7363.99714492, 9979.28708308, 1893.81356397)
(-7363.93482207, 9979.2854918, 1893.81356397)
(-7363.87620108, 9979.28388954, 1893.81356398)
(-7363.80560671, 9979.28200181, 1893.81356398)
(-7363.7428369, 9979.2798312, 1893.81356399)
(-7363.66768263, 9979.27717645, 1893.81356398)
(-7363.61236921, 9979.27539775, 1893.81356398)
(-7363.55210263, 9979.27353911, 1893.81356398)
(-7363.4856435, 9979.27153839, 1893.81356398)
(-7363.42538283, 9979.27000487, 1893.81356396)
(-7363.36470619, 9979.26847841, 1893.81356398)
(-7363.30358765, 9979.26659422, 1893.81356398)
(-7363.25362117, 9979.26488746, 1893.81356399)
(-7363.20035375, 9979.26305064, 1893.81356398)
(-7363.15039367, 9979.26129677, 1893.81356397)
(-7363.09754823, 9979.2594234, 1893.81356399)
(-7363.03438646, 9979.25716824, 1893.81356398)
(-7362.97826153, 9979.25563274, 1893.81356398)
(-7362.91635181, 9979.25401304, 1893.81356397)
(-7362.85608391, 9979.25239612, 1893.81356398)
(-7362.80034435, 9979.25074221, 1893.81356398)
(-7362.73552146, 9979.24872935, 1893.81356398)
(-7362.68225379, 9979.24694558, 1893.81356399)
(-7362.63064315, 9979.24520227, 1893.81356398)
(-7362.58275771, 9979.24366767, 1893.81356398)
(-7362.53404583, 9979.24211648, 1893.81356398)
(-7362.46180361, 9979.23981916, 1893.81356398)
(-7362.40773479, 9979.23842541, 1893.81356398)
(-7362.35201414, 9979.23703488, 1893.81356397)
(-7362.28761519, 9979.23540932, 1893.81356397)
(-7362.23227444, 9979.23345254, 1893.81356399)
(-7362.17776872, 9979.23145024, 1893.81356399)
(-7362.12946697, 9979.22982399, 1893.81356398)
(-7362.07538626, 9979.22796909, 1893.81356398)
(-7362.01925792, 9979.22640147, 1893.81356398)
(-7361.96271369, 9979.22488112, 1893.81356398)
(-7361.89914197, 9979.22313805, 1893.81356397)
(-7361.83886279, 9979.22137733, 1893.81356398)
(-7361.77734494, 9979.21951289, 1893.81356398)
(-7361.71953337, 9979.21757282, 1893.81356398)
(-7361.65966492, 9979.21554954, 1893.81356399)
(-7361.61260546, 9979.21404143, 1893.81356398)
(-7361.56306804, 9979.21246296, 1893.81356398)
(-7361.51271317, 9979.21102921, 1893.81356398)
(-7361.45368564, 9979.2093834, 1893.81356398)
(-7361.3946554, 9979.20778135, 1893.81356397)
(-7361.32158596, 9979.20582317, 1893.81356398)
(-7361.26129454, 9979.20374505, 1893.81356398)
(-7361.19192088, 9979.20128769, 1893.81356398)
(-7361.13578103, 9979.19946833, 1893.81356398)
(-7361.07964138, 9979.19770576, 1893.81356398)
(-7361.01978678, 9979.19588039, 1893.81356398)
(-7360.97149683, 9979.19464754, 1893.81356396)
(-7360.92279231, 9979.19341347, 1893.81356397)
(-7360.86706342, 9979.19199839, 1893.81356397)
(-7360.81172569, 9979.19009761, 1893.81356399)
(-7360.75391656, 9979.18804666, 1893.81356399)
(-7360.68579202, 9979.18565975, 1893.81356398)
(-7360.63089547, 9979.18393896, 1893.81356397)
(-7360.57393434, 9979.18225181, 1893.81356398)
(-7360.52316815, 9979.1808498, 1893.81356398)
(-7360.46785417, 9979.17932294, 1893.81356398)
(-7360.4203761, 9979.17793783, 1893.81356398)
(-7360.36711895, 9979.17637258, 1893.81356398)
(-7360.30271497, 9979.17447836, 1893.81356398)
(-7360.24738337, 9979.17255277, 1893.81356399)
(-7360.19205152, 9979.1705823, 1893.81356398)
(-7360.14250902, 9979.16882824, 1893.81356398)
(-7360.09628753, 9979.16760141, 1893.81356397)
(-7360.04263211, 9979.16624672, 1893.81356399)
(-7359.97782614, 9979.164583, 1893.81356398)
(-7359.9241474, 9979.16299049, 1893.81356398)
(-7359.8564315, 9979.16089711, 1893.81356398)
(-7359.79903385, 9979.15899281, 1893.81356398)
(-7359.73421145, 9979.1568261, 1893.81356398)
(-7359.67311614, 9979.15488599, 1893.81356398)
(-7359.62110151, 9979.15323829, 1893.81356398)
(-7359.56496835, 9979.15165145, 1893.81356398)
(-7359.48984146, 9979.14959762, 1893.81356398)
(-7359.43658265, 9979.14804289, 1893.81356398)
(-7359.37878366, 9979.1463455, 1893.81356398)
(-7359.31353977, 9979.14417828, 1893.81356398)
(-7359.25780012, 9979.14230801, 1893.81356399)
(-7359.19009932, 9979.14015427, 1893.81356398)
(-7359.13602054, 9979.13844267, 1893.81356398)
(-7359.08319008, 9979.13695754, 1893.81356398)
(-7359.0192099, 9979.13520578, 1893.81356398)
(-7358.97049293, 9979.13377712, 1893.81356398)
(-7358.89948349, 9979.13168812, 1893.81356398)
(-7358.81815256, 9979.12928731, 1893.81356398)
(-7358.75208441, 9979.12682911, 1893.81356399)
(-7358.69056456, 9979.1246095, 1893.81356398)
(-7358.64351867, 9979.12334422, 1893.81356397)
(-7358.59481671, 9979.1221225, 1893.81356398)
(-7358.53950158, 9979.1206281, 1893.81356397)
(-7358.47427539, 9979.1188849, 1893.81356398)
(-7358.41687525, 9979.11697033, 1893.813564)
(-7358.35782527, 9979.1149594, 1893.81356398)
(-7358.29052784, 9979.11268081, 1893.81356398)
(-7358.23397656, 9979.1108883, 1893.81356398)
(-7358.17577358, 9979.10911562, 1893.81356398)
(-7358.12541942, 9979.10771943, 1893.81356397)
(-7358.07093302, 9979.10623812, 1893.81356398)
(-7358.01808768, 9979.10469252, 1893.81356398)
(-7357.96441771, 9979.10311729, 1893.81356398)
(-7357.8996008, 9979.10121355, 1893.81356398)
(-7357.8463337, 9979.09935751, 1893.81356399)
(-7357.7876982, 9979.09726202, 1893.81356398)
(-7357.71379892, 9979.09464093, 1893.81356398)
(-7357.65602689, 9979.0932455, 1893.81356397)
(-7357.591639, 9979.09167601, 1893.81356397)
(-7357.53507393, 9979.09006594, 1893.81356398)
(-7357.47974683, 9979.08840861, 1893.81356398)
(-7357.42896222, 9979.08685639, 1893.81356398)
(-7357.38354074, 9979.0852825, 1893.81356399)
(-7357.32903391, 9979.08334221, 1893.81356399)
(-7357.26669165, 9979.08113818, 1893.81356399)
(-7357.20726323, 9979.07956315, 1893.81356398)
(-7357.15195675, 9979.0781372, 1893.81356397)
(-7357.08921121, 9979.07649963, 1893.81356398)
(-7357.0314048, 9979.07480045, 1893.81356398)
(-7356.97524946, 9979.07306525, 1893.81356399)
(-7356.92776097, 9979.07148675, 1893.81356398)
(-7356.87903887, 9979.06985441, 1893.81356399)
(-7356.8282627, 9979.06825218, 1893.81356398)
(-7356.7725321, 9979.06650164, 1893.81356398)
(-7356.71102201, 9979.06456994, 1893.81356398)
(-7356.65654089, 9979.06310442, 1893.81356397)
(-7356.60247049, 9979.06171342, 1893.81356397)
(-7356.54550133, 9979.06023451, 1893.81356398)
(-7356.49842332, 9979.05861532, 1893.81356399)
(-7356.45300087, 9979.05701611, 1893.813564)
(-7356.40014726, 9979.05514705, 1893.81356398)
(-7356.34978746, 9979.05352168, 1893.81356397)
(-7356.29736391, 9979.0518968, 1893.81356398)
(-7356.24411436, 9979.05027848, 1893.81356398)
(-7356.18880613, 9979.04873297, 1893.81356398)
(-7356.13721286, 9979.0473701, 1893.81356398)
(-7356.0785952, 9979.04584255, 1893.81356398)
(-7356.03027996, 9979.0442762, 1893.81356399)
(-7355.97948785, 9979.04252845, 1893.81356399)
(-7355.92539821, 9979.04066865, 1893.81356399)
(-7355.87627212, 9979.03906352, 1893.81356398)
(-7355.81847607, 9979.03713316, 1893.81356398)
(-7355.76523548, 9979.03564601, 1893.81356397)
(-7355.71323161, 9979.03427796, 1893.81356397)
(-7355.65998091, 9979.0328623, 1893.81356397)
(-7355.6120869, 9979.03147711, 1893.81356398)
(-7355.56006438, 9979.02991706, 1893.81356398)
(-7355.50391312, 9979.02819385, 1893.81356398)
(-7355.45518748, 9979.02649326, 1893.81356399)
(-7355.40398526, 9979.02468043, 1893.81356399)
(-7355.34783563, 9979.02268758, 1893.81356399)
(-7355.29418474, 9979.02122999, 1893.81356397)
(-7355.23681445, 9979.01974614, 1893.81356398)
(-7355.17407162, 9979.01810879, 1893.81356399)
(-7355.12163394, 9979.01657414, 1893.81356398)
(-7355.06795743, 9979.01492676, 1893.81356398)
(-7355.01592709, 9979.01321288, 1893.81356398)
(-7354.96307543, 9979.01143733, 1893.81356399)
(-7354.91105347, 9979.00966905, 1893.81356399)
(-7354.86358261, 9979.00814529, 1893.81356397)
(-7354.8128098, 9979.00658807, 1893.81356397)
(-7354.76328138, 9979.00520945, 1893.81356398)
(-7354.70136672, 9979.00353684, 1893.81356399)
(-7354.64728255, 9979.00195684, 1893.81356398)
(-7354.59443816, 9979.00040826, 1893.81356398)
(-7354.53540086, 9978.99867396, 1893.81356397)
(-7354.48667602, 9978.99697237, 1893.81356396)
(-7354.43795119, 9978.99521508, 1893.81356399)
(-7354.38634213, 9978.99336953, 1893.81356398)
(-7354.33888193, 9978.99206514, 1893.81356397)
(-7354.28398875, 9978.99067136, 1893.81356399)
(-7354.21918493, 9978.98901794, 1893.81356397)
(-7354.17004887, 9978.98757254, 1893.81356398)
(-7354.12008696, 9978.98603081, 1893.81356399)
(-7354.06806286, 9978.98440393, 1893.81356398)
(-7354.02016198, 9978.98274571, 1893.81356398)
(-7353.96276683, 9978.9807193, 1893.81356397)
(-7353.90125243, 9978.97855323, 1893.81356398)
(-7353.85090406, 9978.9772122, 1893.81356397)
(-7353.79972478, 9978.97590256, 1893.81356398)
(-7353.74235103, 9978.9744303, 1893.81356397)
(-7353.69321748, 9978.97301595, 1893.81356398)
(-7353.62302445, 9978.97086013, 1893.81356398)
(-7353.57100209, 9978.96924434, 1893.81356398)
(-7353.51814686, 9978.96738808, 1893.81356399)
(-7353.45662362, 9978.96520527, 1893.81356398)
(-7353.4050299, 9978.96360494, 1893.81356397)
(-7353.32990715, 9978.96141877, 1893.81356397)
(-7353.25354994, 9978.95949001, 1893.81356397)
(-7353.17717323, 9978.95743747, 1893.81356398)
(-7353.12638057, 9978.95568698, 1893.81356399)
(-7353.07022026, 9978.95375078, 1893.81356399)
(-7353.00994168, 9978.95170178, 1893.81356398)
(-7352.95462887, 9978.94994698, 1893.81356398)
(-7352.88940829, 9978.94795401, 1893.81356398)
(-7352.84276942, 9978.94666648, 1893.81356397)
(-7352.78580662, 9978.94511487, 1893.81356398)
(-7352.72470473, 9978.94333875, 1893.81356398)
(-7352.66731891, 9978.94165669, 1893.81356398)
(-7352.60043773, 9978.93969169, 1893.81356398)
(-7352.54262799, 9978.93761761, 1893.81356399)
(-7352.48770942, 9978.93564043, 1893.81356399)
(-7352.43446542, 9978.93398671, 1893.81356399)
(-7352.3787457, 9978.93237819, 1893.81356398)
(-7352.33251918, 9978.93118788, 1893.81356397)
(-7352.28711665, 9978.93003493, 1893.81356398)
(-7352.23592994, 9978.9287447, 1893.81356396)
(-7352.18472274, 9978.9270547, 1893.81356399)
(-7352.12732499, 9978.92504752, 1893.81356399)
(-7352.06704392, 9978.92297873, 1893.81356398)
(-7352.00924698, 9978.9210186, 1893.81356398)
(-7351.95186408, 9978.91904234, 1893.81356398)
(-7351.88705152, 9978.91677385, 1893.81356398)
(-7351.82886248, 9978.91521784, 1893.81356398)
(-7351.77107963, 9978.91371581, 1893.81356397)
(-7351.71865254, 9978.91227368, 1893.81356398)
(-7351.66581083, 9978.91083513, 1893.81356398)
(-7351.61956034, 9978.90933113, 1893.81356399)
(-7351.57041913, 9978.90763747, 1893.81356399)
(-7351.51509026, 9978.90572805, 1893.81356397)
(-7351.46266536, 9978.90404108, 1893.81356398)
(-7351.40941453, 9978.90237207, 1893.81356398)
(-7351.34997231, 9978.9005559, 1893.81356398)
(-7351.29631693, 9978.89915867, 1893.81356396)
(-7351.24678633, 9978.89788114, 1893.81356398)
(-7351.19312118, 9978.89651009, 1893.81356398)
(-7351.14645618, 9978.89494647, 1893.81356399)
(-7351.09855651, 9978.89326631, 1893.81356399)
(-7351.04859353, 9978.89152013, 1893.81356398)
(-7351.0011192, 9978.88996807, 1893.81356398)
(-7350.94703939, 9978.88817244, 1893.81356398)
(-7350.89710078, 9978.88675155, 1893.81356397)
(-7350.84757322, 9978.88542269, 1893.81356397)
(-7350.7943235, 9978.88399372, 1893.81356398)
(-7350.74436687, 9978.88255362, 1893.81356398)
(-7350.69647466, 9978.88114184, 1893.81356398)
(-7350.64734284, 9978.87965454, 1893.81356399)
(-7350.59902933, 9978.8780532, 1893.81356398)
(-7350.54204939, 9978.87613495, 1893.81356398)
(-7350.4949891, 9978.8746405, 1893.81356398)
(-7350.4437999, 9978.87302377, 1893.81356398)
(-7350.38848253, 9978.87127781, 1893.81356398)
(-7350.3401922, 9978.87000001, 1893.81356396)
(-7350.29272645, 9978.86878025, 1893.81356398)
(-7350.24484289, 9978.86755586, 1893.81356399)
(-7350.19900383, 9978.8661464, 1893.81356398)
(-7350.14944971, 9978.86453214, 1893.81356398)
(-7350.09783315, 9978.86271598, 1893.81356399)
(-7350.04167746, 9978.86071927, 1893.81356398)
(-7349.97975091, 9978.85853519, 1893.81356398)
(-7349.93022849, 9978.85720255, 1893.81356397)
(-7349.87698629, 9978.855841, 1893.81356396)
(-7349.82745497, 9978.85456445, 1893.81356398)
(-7349.77956054, 9978.85317847, 1893.81356398)
(-7349.72960178, 9978.85167077, 1893.81356398)
(-7349.67386326, 9978.84995218, 1893.81356398)
(-7349.6214206, 9978.84813329, 1893.81356399)
(-7349.566504, 9978.84621197, 1893.81356398)
(-7349.50664151, 9978.84411742, 1893.81356398)
(-7349.45340291, 9978.84269616, 1893.81356398)
(-7349.40181184, 9978.84134679, 1893.81356397)
(-7349.33824358, 9978.83968171, 1893.81356397)
(-7349.29034815, 9978.83828156, 1893.81356398)
(-7349.24245311, 9978.83682759, 1893.81356398)
(-7349.19290707, 9978.83529499, 1893.81356398)
(-7349.14541939, 9978.83365615, 1893.81356398)
(-7349.0925653, 9978.8317957, 1893.81356398)
(-7349.03352622, 9978.82971507, 1893.81356398)
(-7348.97863673, 9978.82809971, 1893.81356398)
(-7348.91920375, 9978.82651505, 1893.81356398)
(-7348.86348026, 9978.82503193, 1893.81356398)
(-7348.81269829, 9978.82356384, 1893.81356398)
(-7348.76604607, 9978.82220973, 1893.81356398)
(-7348.71691576, 9978.82077064, 1893.81356398)
(-7348.66695153, 9978.81903836, 1893.81356399)
(-7348.61079255, 9978.81705996, 1893.81356398)
(-7348.55175218, 9978.81497809, 1893.81356399)
(-7348.49149767, 9978.81322608, 1893.81356397)
(-7348.43990708, 9978.81185799, 1893.81356397)
(-7348.38459742, 9978.81040478, 1893.81356398)
(-7348.33587955, 9978.80900281, 1893.81356398)
(-7348.28922717, 9978.80765453, 1893.81356398)
(-7348.23844522, 9978.80617167, 1893.81356398)
(-7348.19013004, 9978.80457604, 1893.81356399)
(-7348.13686342, 9978.8027823, 1893.81356397)
(-7348.08484829, 9978.80113916, 1893.81356398)
(-7348.02994328, 9978.79941858, 1893.81356398)
(-7347.9721485, 9978.79760842, 1893.81356398)
(-7347.92138228, 9978.79628025, 1893.81356397)
(-7347.87474222, 9978.79508557, 1893.81356398)
(-7347.82520628, 9978.79382336, 1893.81356399)
(-7347.78060593, 9978.79233732, 1893.81356399)
(-7347.72733778, 9978.79046707, 1893.81356399)
(-7347.66085952, 9978.78812959, 1893.81356398)
(-7347.60141979, 9978.7862402, 1893.81356398)
(-7347.55353781, 9978.7847872, 1893.81356398)
(-7347.48831754, 9978.78284676, 1893.81356397)
(-7347.43961494, 9978.78158421, 1893.81356397)
(-7347.38265364, 9978.78012548, 1893.81356397)
(-7347.32568418, 9978.77865554, 1893.81356397)
(-7347.26662913, 9978.77660505, 1893.81356398)
(-7347.20551676, 9978.77441573, 1893.81356399)
(-7347.14483074, 9978.77239456, 1893.81356398)
(-7347.08373258, 9978.77033091, 1893.81356398)
(-7347.02430166, 9978.76869187, 1893.81356398)
(-7346.9681699, 9978.76723066, 1893.81356398)
(-7346.91326591, 9978.7657394, 1893.81356397)
(-7346.83606587, 9978.76366052, 1893.81356398)
(-7346.77618748, 9978.76159279, 1893.81356399)
(-7346.70722714, 9978.75918051, 1893.81356398)
(-7346.65232049, 9978.75734912, 1893.81356398)
(-7346.59452474, 9978.75539102, 1893.81356398)
(-7346.54788914, 9978.75411842, 1893.81356397)
(-7346.49918701, 9978.75286161, 1893.81356397)
(-7346.44965107, 9978.75152312, 1893.81356397)
(-7346.39639765, 9978.75010483, 1893.81356397)
(-7346.33858845, 9978.7483568, 1893.81356399)
(-7346.28118719, 9978.74642104, 1893.81356398)
(-7346.21883964, 9978.74431064, 1893.81356398)
(-7346.16476211, 9978.74258826, 1893.81356398)
(-7346.11192192, 9978.74091199, 1893.81356398)
(-7346.0508254, 9978.73898621, 1893.81356398)
(-7346.00336115, 9978.737777, 1893.81356399)
(-7345.95630832, 9978.73659178, 1893.81356398)
(-7345.90594767, 9978.73532033, 1893.81356398)
(-7345.85928237, 9978.73376531, 1893.81356399)
(-7345.8097308, 9978.73202389, 1893.81356399)
(-7345.75687671, 9978.73016357, 1893.81356399)
(-7345.70692622, 9978.72852632, 1893.81356398)
(-7345.64995737, 9978.72664338, 1893.81356398)
(-7345.60084413, 9978.72526762, 1893.81356396)
(-7345.55172907, 9978.72396557, 1893.81356398)
(-7345.49765507, 9978.72253452, 1893.81356399)
(-7345.45058765, 9978.72118234, 1893.81356398)
(-7345.40269418, 9978.71975091, 1893.81356398)
(-7345.35273613, 9978.71822387, 1893.81356398)
(-7345.30607464, 9978.71661146, 1893.81356399)
(-7345.25734908, 9978.71489711, 1893.81356398)
(-7345.20326219, 9978.71298258, 1893.81356398)
(-7345.1541503, 9978.71150588, 1893.81356398)
(-7345.10132092, 9978.70999823, 1893.81356398)
(-7345.05179332, 9978.70871333, 1893.81356397)
(-7345.00143726, 9978.70743023, 1893.81356398)
(-7344.94488178, 9978.70599088, 1893.81356397)
(-7344.89491288, 9978.70432843, 1893.81356399)
(-7344.84412272, 9978.70253844, 1893.81356399)
(-7344.79085698, 9978.70067694, 1893.81356398)
(-7344.74379904, 9978.69916224, 1893.81356398)
(-7344.69467726, 9978.69764088, 1893.81356397)
(-7344.64307864, 9978.69607752, 1893.81356397)
(-7344.59396074, 9978.69469945, 1893.81356398)
(-7344.54153711, 9978.6932617, 1893.81356397)
(-7344.49282081, 9978.69184186, 1893.81356398)
(-7344.4453435, 9978.69044518, 1893.81356398)
(-7344.39497633, 9978.68896263, 1893.81356398)
(-7344.34707687, 9978.68741053, 1893.81356397)
(-7344.30000192, 9978.68579147, 1893.81356399)
(-7344.24962837, 9978.68403575, 1893.81356397)
(-7344.20339837, 9978.68259036, 1893.81356397)
(-7344.14767386, 9978.68093239, 1893.81356397)
(-7344.10144708, 9978.6797241, 1893.81356396)
(-7344.05150452, 9978.67845157, 1893.81356398)
(-7344.0019681, 9978.67718905, 1893.81356399)
(-7343.95530235, 9978.67575553, 1893.81356399)
(-7343.9057483, 9978.67415327, 1893.81356398)
(-7343.85743498, 9978.67246655, 1893.81356399)
(-7343.81036152, 9978.67079707, 1893.81356398)
(-7343.75627481, 9978.66886572, 1893.81356398)
(-7343.70963937, 9978.66745306, 1893.81356396)
(-7343.65970127, 9978.66604549, 1893.81356397)
(-7343.61347544, 9978.66484861, 1893.81356398)
(-7343.56188158, 9978.66353534, 1893.81356398)
(-7343.50986785, 9978.66221901, 1893.81356397)
(-7343.45948694, 9978.66057127, 1893.81356399)
(-7343.41117405, 9978.65888599, 1893.81356399)
(-7343.35914501, 9978.65705909, 1893.81356399)
(-7343.31043212, 9978.65546554, 1893.81356398)
(-7343.25470133, 9978.65362733, 1893.81356398)
(-7343.20806466, 9978.65231296, 1893.81356397)
(-7343.16060084, 9978.65104543, 1893.81356398)
(-7343.10652712, 9978.64960736, 1893.81356398)
(-7343.05863456, 9978.64823026, 1893.81356398)
(-7343.01115482, 9978.64682882, 1893.81356398)
(-7342.96037112, 9978.64528745, 1893.81356398)
(-7342.91412237, 9978.64375761, 1893.81356398)
(-7342.8633356, 9978.64205245, 1893.81356399)
(-7342.81751328, 9978.64060386, 1893.81356398)
(-7342.77045201, 9978.63912409, 1893.81356398)
(-7342.72256504, 9978.63761877, 1893.81356398)
(-7342.67633468, 9978.63627801, 1893.81356399)
(-7342.62803897, 9978.63492654, 1893.81356397)
(-7342.58262619, 9978.63357698, 1893.81356398)
(-7342.53638823, 9978.63219613, 1893.81356398)
(-7342.48932462, 9978.63079097, 1893.81356398)
(-7342.44390799, 9978.62937284, 1893.81356398)
(-7342.3964268, 9978.62782932, 1893.81356399)
(-7342.34894294, 9978.62621206, 1893.81356397)
(-7342.29568231, 9978.62436863, 1893.81356399)
(-7342.24780678, 9978.62299744, 1893.81356397)
(-7342.19993083, 9978.62173125, 1893.81356397)
(-7342.14544662, 9978.62030939, 1893.81356397)
(-7342.09920525, 9978.61898722, 1893.81356398)
(-7342.05461492, 9978.61766139, 1893.81356398)
(-7342.00713408, 9978.61621724, 1893.81356398)
(-7341.96129917, 9978.61472015, 1893.81356398)
(-7341.91340211, 9978.61311699, 1893.81356398)
(-7341.86675377, 9978.61165108, 1893.81356398)
(-7341.82051778, 9978.61020452, 1893.81356398)
(-7341.7730433, 9978.60871903, 1893.81356398)
(-7341.72598587, 9978.60732437, 1893.81356398)
(-7341.66365413, 9978.6055515, 1893.81356398)
(-7341.6137001, 9978.60406844, 1893.81356398)
(-7341.56292088, 9978.60255146, 1893.81356398)
(-7341.49810517, 9978.60061539, 1893.81356398)
(-7341.44607397, 9978.59885803, 1893.81356399)
(-7341.39445991, 9978.59705788, 1893.81356398)
(-7341.3275799, 9978.59472775, 1893.81356397)
(-7341.2797058, 9978.59347913, 1893.81356397)
(-7341.22563759, 9978.59208215, 1893.81356398)
(-7341.17775309, 9978.59081568, 1893.81356398)
(-7341.12449161, 9978.58927606, 1893.81356398)
(-7341.07742366, 9978.58787004, 1893.81356398)
(-7341.02911694, 9978.58639473, 1893.81356398)
(-7340.98121709, 9978.58475206, 1893.81356399)
(-7340.92299432, 9978.58269693, 1893.81356398)
(-7340.86477927, 9978.5806256, 1893.81356398)
(-7340.81895937, 9978.579079, 1893.81356398)
(-7340.76529666, 9978.57727286, 1893.81356398)
(-7340.71824894, 9978.57596903, 1893.81356397)
(-7340.67119799, 9978.57472765, 1893.81356398)
(-7340.61753934, 9978.57330779, 1893.81356398)
(-7340.57047266, 9978.57194682, 1893.81356398)
(-7340.52299284, 9978.57052654, 1893.81356398)
(-7340.47220942, 9978.56896676, 1893.81356398)
(-7340.42720019, 9978.56747394, 1893.81356398)
(-7340.37847808, 9978.56582853, 1893.81356398)
(-7340.33348164, 9978.56439739, 1893.81356398)
(-7340.28765902, 9978.56294913, 1893.81356398)
(-7340.24101075, 9978.56147532, 1893.81356398)
(-7340.19519445, 9978.56015044, 1893.81356398)
(-7340.14483539, 9978.5587432, 1893.81356396)
(-7340.09901002, 9978.55738711, 1893.81356398)
(-7340.0519463, 9978.55598173, 1893.81356398)
(-7340.00323132, 9978.55452717, 1893.81356398)
(-7339.95657566, 9978.55305911, 1893.81356398)
(-7339.90703012, 9978.55143827, 1893.81356398)
(-7339.86038159, 9978.54998284, 1893.81356398)
(-7339.81373247, 9978.54853177, 1893.81356398)
(-7339.76419355, 9978.54699026, 1893.81356398)
(-7339.71754828, 9978.54560072, 1893.81356397)
(-7339.66388501, 9978.54407501, 1893.81356397)
(-7339.61805936, 9978.54270945, 1893.81356398)
(-7339.57182145, 9978.54132614, 1893.81356398)
(-7339.52351941, 9978.53988148, 1893.81356398)
(-7339.47810278, 9978.53846136, 1893.81356398)
(-7339.42773158, 9978.53682292, 1893.81356398)
(-7339.38232149, 9978.53541041, 1893.81356398)
(-7339.33567222, 9978.53396242, 1893.81356398)
(-7339.2877845, 9978.53247535, 1893.81356398)
(-7339.24196453, 9978.53110673, 1893.81356398)
(-7339.19573124, 9978.52978085, 1893.81356398)
(-7339.15032558, 9978.52855029, 1893.81356397)
(-7339.10078973, 9978.52724348, 1893.81356397)
(-7339.05412629, 9978.52575552, 1893.81356399)
(-7339.00746257, 9978.52415439, 1893.81356399)
(-7338.95915123, 9978.52248362, 1893.81356398)
(-7338.91126236, 9978.52090038, 1893.81356398)
(-7338.85594369, 9978.5190513, 1893.81356398)
(-7338.80559297, 9978.51764, 1893.81356397)
(-7338.75977978, 9978.51639732, 1893.81356398)
(-7338.71024615, 9978.51506543, 1893.81356399)
(-7338.66566053, 9978.51382176, 1893.81356398)
(-7338.61735907, 9978.51249492, 1893.81356398)
(-7338.5706955, 9978.51099375, 1893.81356399)
(-7338.52527099, 9978.50944062, 1893.81356399)
(-7338.47778632, 9978.50780926, 1893.81356398)
(-7338.43113597, 9978.50627157, 1893.81356398)
(-7338.38077023, 9978.50457998, 1893.81356398)
(-7338.33330787, 9978.50321703, 1893.81356397)
(-7338.28625693, 9978.50194272, 1893.81356397)
(-7338.23218427, 9978.50049862, 1893.81356398)
(-7338.1834698, 9978.49912902, 1893.81356398)
(-7338.1310398, 9978.4976832, 1893.81356398)
(-7338.08354927, 9978.4961234, 1893.81356399)
(-7338.03606026, 9978.49450055, 1893.81356399)
(-7337.98238404, 9978.49265946, 1893.81356398)
(-7337.93491254, 9978.49113367, 1893.81356398)
(-7337.88496344, 9978.48955852, 1893.81356398)
(-7337.83666651, 9978.48807387, 1893.81356398)
(-7337.79126443, 9978.48679743, 1893.81356398)
(-7337.74297129, 9978.48548003, 1893.81356399)
(-7337.69838362, 9978.48416522, 1893.81356398)
(-7337.6533838, 9978.482833, 1893.81356398)
(-7337.60425555, 9978.48137854, 1893.81356398)
(-7337.55594696, 9978.47985455, 1893.81356399)
(-7337.50516175, 9978.47819441, 1893.81356399)
(-7337.4601642, 9978.4767925, 1893.81356398)
(-7337.41516626, 9978.47539651, 1893.81356398)
(-7337.36521436, 9978.4738463, 1893.81356398)
(-7337.31733038, 9978.4724196, 1893.81356397)
(-7337.26325384, 9978.47087795, 1893.81356398)
(-7337.21577667, 9978.46945976, 1893.81356398)
(-7337.16623615, 9978.46797764, 1893.81356398)
(-7337.1142186, 9978.46642207, 1893.81356398)
(-7337.06260901, 9978.46480443, 1893.81356398)
(-7337.00852221, 9978.4630373, 1893.81356398)
(-7336.96228682, 9978.4615934, 1893.81356398)
(-7336.91728907, 9978.46019151, 1893.81356398)
(-7336.86981439, 9978.45871221, 1893.81356398)
(-7336.82234448, 9978.45732117, 1893.81356398)
(-7336.77653006, 9978.45609494, 1893.81356398)
(-7336.72906062, 9978.45484732, 1893.81356398)
(-7336.68405574, 9978.45352711, 1893.81356398)
(-7336.63698534, 9978.45206998, 1893.81356398)
(-7336.59197428, 9978.45056742, 1893.81356398)
(-7336.54283787, 9978.44890305, 1893.81356397)
(-7336.49784131, 9978.44747423, 1893.81356398)
(-7336.45243147, 9978.4460407, 1893.81356398)
(-7336.40537035, 9978.44455547, 1893.81356398)
(-7336.35996548, 9978.44323069, 1893.81356397)
(-7336.31332091, 9978.44191283, 1893.81356398)
(-7336.26791522, 9978.44068329, 1893.81356398)
(-7336.21961737, 9978.43940306, 1893.81356398)
(-7336.17501748, 9978.43795083, 1893.81356399)
(-7336.12917975, 9978.43639202, 1893.81356398)
(-7336.08086959, 9978.43473998, 1893.81356397)
(-7336.03587039, 9978.43325658, 1893.81356398)
(-7335.98839456, 9978.431668, 1893.81356398)
(-7335.94175235, 9978.43021992, 1893.81356397)
(-7335.89593986, 9978.42894776, 1893.81356397)
(-7335.84929953, 9978.427685, 1893.81356398)
(-7335.80389222, 9978.42645981, 1893.81356397)
(-7335.75724448, 9978.42521673, 1893.81356398)
(-7335.70976054, 9978.42380657, 1893.81356398)
(-7335.66021261, 9978.422269, 1893.81356399)
(-7335.61520403, 9978.42070517, 1893.81356399)
(-7335.56895521, 9978.41906022, 1893.81356399)
(-7335.50867436, 9978.41689912, 1893.81356399)
(-7335.45461097, 9978.41530889, 1893.81356398)
(-7335.40095553, 9978.41378379, 1893.81356398)
(-7335.35060216, 9978.41248235, 1893.81356397)
(-7335.30107081, 9978.41121914, 1893.81356398)
(-7335.250295, 9978.40993335, 1893.81356397)
(-7335.2028032, 9978.40834066, 1893.81356399)
(-7335.15325145, 9978.40660044, 1893.81356399)
(-7335.10039793, 9978.40474311, 1893.81356398)
(-7335.04384514, 9978.40291782, 1893.81356398)
(-7334.99265992, 9978.40134654, 1893.81356398)
(-7334.92743904, 9978.39938608, 1893.81356398)
(-7334.87708522, 9978.39807245, 1893.81356398)
(-7334.82961801, 9978.39684932, 1893.81356398)
(-7334.77223458, 9978.39536763, 1893.81356398)
(-7334.72474448, 9978.39372771, 1893.81356399)
(-7334.66238995, 9978.39155825, 1893.81356398)
(-7334.60541684, 9978.38964065, 1893.81356398)
(-7334.55877113, 9978.38815429, 1893.81356398)
(-7334.51460213, 9978.38678149, 1893.81356398)
(-7334.4671312, 9978.38534106, 1893.81356398)
(-7334.42007788, 9978.38402742, 1893.81356398)
(-7334.37467608, 9978.38282512, 1893.81356397)
(-7334.32638048, 9978.38156455, 1893.81356399)
(-7334.2805494, 9978.38022422, 1893.81356398)
(-7334.23306593, 9978.37875891, 1893.81356398)
(-7334.18681616, 9978.37722345, 1893.81356398)
(-7334.13602738, 9978.37550139, 1893.81356397)
(-7334.08937945, 9978.37402213, 1893.81356398)
(-7334.04273109, 9978.37255162, 1893.81356398)
(-7333.99319296, 9978.37099053, 1893.81356398)
(-7333.94861409, 9978.3696914, 1893.81356397)
(-7333.89866846, 9978.36830065, 1893.81356397)
(-7333.85201742, 9978.36692037, 1893.81356398)
(-7333.80619223, 9978.36555272, 1893.81356398)
(-7333.75830291, 9978.3641237, 1893.81356398)
(-7333.71123461, 9978.36264856, 1893.81356399)
(-7333.6629276, 9978.36106987, 1893.81356399)
(-7333.61751722, 9978.35965067, 1893.81356398)
(-7333.5725194, 9978.35825214, 1893.81356398)
(-7333.52421891, 9978.35675052, 1893.81356398)
(-7333.47839907, 9978.35538383, 1893.81356398)
(-7333.42845063, 9978.35395383, 1893.81356398)
(-7333.3813937, 9978.3526803, 1893.81356398)
(-7333.33144477, 9978.35136184, 1893.81356397)
(-7333.2856068, 9978.34987896, 1893.81356399)
(-7333.23976909, 9978.34830523, 1893.81356398)
(-7333.19228391, 9978.34666608, 1893.81356398)
(-7333.14480773, 9978.3450937, 1893.81356398)
(-7333.095681, 9978.34344857, 1893.81356398)
(-7333.0490442, 9978.34211448, 1893.81356398)
(-7333.00364398, 9978.3408868, 1893.81356397)
(-7332.95617569, 9978.3396128, 1893.81356398)
(-7332.91035194, 9978.3383309, 1893.81356398)
(-7332.86287648, 9978.33702462, 1893.81356397)
(-7332.81745133, 9978.33558088, 1893.81356399)
(-7332.77161319, 9978.33402689, 1893.81356398)
(-7332.72536713, 9978.33244683, 1893.81356397)
(-7332.67995459, 9978.3309486, 1893.81356398)
(-7332.63330425, 9978.32939128, 1893.81356398)
(-7332.58831243, 9978.32798276, 1893.81356397)
(-7332.53795373, 9978.32647901, 1893.81356398)
(-7332.4921403, 9978.32528488, 1893.81356396)
(-7332.44673843, 9978.32412507, 1893.81356397)
(-7332.39720413, 9978.32287299, 1893.81356399)
(-7332.34847457, 9978.32138693, 1893.81356398)
(-7332.29933439, 9978.31981349, 1893.81356397)
(-7332.25102196, 9978.31812687, 1893.81356399)
(-7332.2051874, 9978.31650203, 1893.81356399)
(-7332.15399105, 9978.31467918, 1893.81356398)
(-7332.10611687, 9978.31322551, 1893.81356397)
(-7332.05328798, 9978.31171297, 1893.81356397)
(-7332.00458557, 9978.3104529, 1893.81356397)
(-7331.95794451, 9978.30925524, 1893.81356398)
(-7331.90923416, 9978.30801746, 1893.81356399)
(-7331.8650462, 9978.30666254, 1893.81356398)
(-7331.81631769, 9978.30509087, 1893.81356398)
(-7331.77130794, 9978.30351986, 1893.81356399)
(-7331.72629867, 9978.301924, 1893.81356399)
(-7331.67675225, 9978.30015438, 1893.81356397)
(-7331.6305278, 9978.29872764, 1893.81356397)
(-7331.57893772, 9978.29724526, 1893.81356397)
(-7331.53436247, 9978.29608589, 1893.81356396)
(-7331.48400714, 9978.29479822, 1893.81356398)
(-7331.43529672, 9978.29355985, 1893.81356397)
(-7331.38697947, 9978.29207753, 1893.81356398)
(-7331.3341227, 9978.29037704, 1893.81356398)
(-7331.28787389, 9978.28876547, 1893.81356399)
(-7331.23832305, 9978.2870112, 1893.81356399)
(-7331.19166859, 9978.28535665, 1893.81356398)
(-7331.14585819, 9978.28396431, 1893.81356398)
(-7331.09715607, 9978.28255863, 1893.81356397)
(-7331.05216853, 9978.28138651, 1893.81356397)
(-7331.0067665, 9978.28022591, 1893.81356398)
(-7330.95888299, 9978.27901112, 1893.81356398)
(-7330.91387139, 9978.27766269, 1893.81356398)
(-7330.86596883, 9978.27612404, 1893.81356398)
(-7330.82095754, 9978.27461552, 1893.81356398)
(-7330.77306068, 9978.27299058, 1893.81356399)
(-7330.72682557, 9978.27151415, 1893.81356398)
(-7330.68224154, 9978.27010316, 1893.81356398)
(-7330.63435491, 9978.26858838, 1893.81356398)
(-7330.58853857, 9978.26726403, 1893.81356398)
(-7330.53900504, 9978.26587831, 1893.81356397)
(-7330.49276659, 9978.26449724, 1893.81356398)
(-7330.44570311, 9978.26308757, 1893.81356398)
(-7330.39657545, 9978.26161667, 1893.81356398)
(-7330.34992054, 9978.26016052, 1893.81356398)
(-7330.29872404, 9978.25849672, 1893.81356398)
(-7330.25248807, 9978.25705155, 1893.81356398)
(-7330.20501331, 9978.25557602, 1893.81356398)
(-7330.15753849, 9978.25410005, 1893.81356398)
(-7330.11048028, 9978.25269734, 1893.81356398)
(-7330.06011933, 9978.25126382, 1893.81356398)
(-7330.01098165, 9978.24965923, 1893.81356397)
(-7329.96226017, 9978.24800702, 1893.81356399)
(-7329.9131291, 9978.24632418, 1893.81356398)
(-7329.86730555, 9978.24479, 1893.81356398)
(-7329.81694088, 9978.24307353, 1893.81356398)
(-7329.77030533, 9978.24171523, 1893.81356397)
(-7329.72201707, 9978.24037883, 1893.81356398)
(-7329.6753745, 9978.23909786, 1893.81356399)
