(-7452.7000134, 9965.22999947, 1893.81356398)
(-7452.64926404, 9965.2300984, 1893.81406225)
(-7452.58525149, 9965.23019698, 1893.81357947)
(-7452.51463167, 9965.23037608, 1893.81356408)
(-7452.45308702, 9965.23043802, 1893.81356383)
(-7452.37708659, 9965.23048513, 1893.81356392)
(-7452.31018844, 9965.23072709, 1893.81356397)
(-7452.2329631, 9965.23109037, 1893.81356397)
(-7452.17138185, 9965.23053441, 1893.81356398)
(-7452.10899346, 9965.22993439, 1893.81356399)
(-7452.03133551, 9965.22940507, 1893.81356398)
(-7451.97143404, 9965.22887425, 1893.81356397)
(-7451.89707954, 9965.22817862, 1893.81356399)
(-7451.83057124, 9965.22744558, 1893.81356398)
(-7451.77646078, 9965.2268459, 1893.81356398)
(-7451.71037771, 9965.22615279, 1893.81356398)
(-7451.63314132, 9965.22527194, 1893.81356398)
(-7451.57408026, 9965.22460562, 1893.81356398)
(-7451.50427909, 9965.22375615, 1893.81356398)
(-7451.45141545, 9965.22315017, 1893.81356398)
(-7451.38905141, 9965.22241126, 1893.81356398)
(-7451.31801168, 9965.22149289, 1893.81356398)
(-7451.25606339, 9965.22074419, 1893.81356398)
(-7451.18709333, 9965.21990962, 1893.81356398)
(-7451.1239056, 9965.21914564, 1893.81356398)
(-7451.07393326, 9965.21854092, 1893.81356398)
(-7450.97687959, 9965.21736141, 1893.81356398)
(-7450.89634631, 9965.21638549, 1893.81356398)
(-7450.8059004, 9965.21528323, 1893.81356398)
(-7450.72908402, 9965.21435033, 1893.81356398)
(-7450.64152915, 9965.21327971, 1893.81356398)
(-7450.57834161, 9965.2125108, 1893.81356398)
(-7450.49243887, 9965.21146101, 1893.81356398)
(-7450.43379424, 9965.21074676, 1893.81356398)
(-7450.33632769, 9965.20955752, 1893.81356398)
(-7450.2636412, 9965.20867219, 1893.81356398)
(-7450.17856452, 9965.20763363, 1893.81356398)
(-7450.11413803, 9965.20684878, 1893.81356398)
(-7450.03277823, 9965.20585598, 1893.81356398)
(-7449.97165566, 9965.20511154, 1893.81356398)
(-7449.89814277, 9965.20421503, 1893.81356398)
(-7449.8423891, 9965.20353611, 1893.81356398)
(-7449.7754841, 9965.20272082, 1893.81356398)
(-7449.71188336, 9965.20194597, 1893.81356398)
(-7449.63052352, 9965.20095202, 1893.81356398)
(-7449.56857502, 9965.20019696, 1893.81356398)
(-7449.50290891, 9965.19939574, 1893.81356398)
(-7449.44509028, 9965.1986913, 1893.81356398)
(-7449.37446834, 9965.1978303, 1893.81356398)
(-7449.30797667, 9965.19701985, 1893.81356398)
(-7449.22124806, 9965.19596013, 1893.81356398)
(-7449.1559955, 9965.1951647, 1893.81356398)
(-7449.0771137, 9965.19420133, 1893.81356398)
(-7449.01970806, 9965.19350145, 1893.81356398)
(-7448.95362906, 9965.19269509, 1893.81356398)
(-7448.89002849, 9965.19192016, 1893.81356398)
(-7448.82849239, 9965.19116988, 1893.81356398)
(-7448.74713261, 9965.19017362, 1893.81356398)
(-7448.68229315, 9965.18938255, 1893.81356398)
(-7448.59308657, 9965.18829267, 1893.81356398)
(-7448.5249431, 9965.18746149, 1893.81356398)
(-7448.45886413, 9965.18665441, 1893.81356398)
(-7448.40228443, 9965.18596445, 1893.81356398)
(-7448.33579248, 9965.18515303, 1893.81356398)
(-7448.26888776, 9965.18433687, 1893.81356398)
(-7448.18628908, 9965.18332728, 1893.81356398)
(-7448.12723143, 9965.18260679, 1893.81356398)
(-7448.05784844, 9965.18175945, 1893.81356398)
(-7447.99796482, 9965.18102907, 1893.81356398)
(-7447.92445199, 9965.18013188, 1893.81356398)
(-7447.85837331, 9965.17932564, 1893.81356398)
(-7447.77907852, 9965.17835622, 1893.81356398)
(-7447.71754301, 9965.17760532, 1893.81356398)
(-7447.6415522, 9965.17667708, 1893.81356398)
(-7447.57340866, 9965.17584605, 1893.81356398)
(-7447.50443874, 9965.175004, 1893.81356398)
(-7447.44496804, 9965.17427882, 1893.81356398)
(-7447.38549695, 9965.17355325, 1893.81356398)
(-7447.30372422, 9965.17255316, 1893.81356398)
(-7447.24673164, 9965.17185766, 1893.81356398)
(-7447.16908888, 9965.17090952, 1893.81356398)
(-7447.11250918, 9965.17021943, 1893.81356398)
(-7447.04601725, 9965.16940804, 1893.81356398)
(-7446.9881984, 9965.16870267, 1893.81356398)
(-7446.90270877, 9965.16765809, 1893.81356398)
(-7446.84323812, 9965.16693256, 1893.81356398)
(-7446.7722032, 9965.16606523, 1893.81356398)
(-7446.71603645, 9965.16538021, 1893.81356398)
(-7446.64252362, 9965.1644832, 1893.81356398)
(-7446.57727087, 9965.16368709, 1893.81356398)
(-7446.49838913, 9965.16272306, 1893.81356398)
(-7446.43933149, 9965.16200249, 1893.81356398)
(-7446.35879783, 9965.16101909, 1893.81356398)
(-7446.30345705, 9965.16034407, 1893.81356398)
(-7446.23407418, 9965.15949726, 1893.81356398)
(-7446.16221357, 9965.15862049, 1893.81356398)
(-7446.09696068, 9965.15782453, 1893.81356398)
(-7446.01890498, 9965.15687081, 1893.81356398)
(-7445.95654336, 9965.15611004, 1893.81356398)
(-7445.89335531, 9965.1553386, 1893.81356398)
(-7445.83181968, 9965.15458813, 1893.81356398)
(-7445.76078484, 9965.15372142, 1893.81356398)
(-7445.6951191, 9965.15292035, 1893.81356398)
(-7445.6158244, 9965.15195158, 1893.81356398)
(-7445.55594074, 9965.15122096, 1893.81356398)
(-7445.48449292, 9965.15034861, 1893.81356398)
(-7445.42419617, 9965.14961334, 1893.81356398)
(-7445.3378806, 9965.14856006, 1893.81356398)
(-7445.27675783, 9965.14781478, 1893.81356398)
(-7445.19911511, 9965.14686748, 1893.81356398)
(-7445.13881826, 9965.14613192, 1893.81356398)
(-7445.05456767, 9965.14510282, 1893.81356398)
(-7444.97692531, 9965.1441557, 1893.81356398)
(-7444.90712945, 9965.14330329, 1893.81356398)
(-7444.84641978, 9965.14256286, 1893.81356398)
(-7444.76753804, 9965.14160013, 1893.81356398)
(-7444.67296289, 9965.14044691, 1893.81356398)
(-7444.55732481, 9965.13903506, 1893.81356398)
(-7444.47142245, 9965.13798714, 1893.81356398)
(-7444.38469389, 9965.13692715, 1893.81356398)
(-7444.26492637, 9965.13546601, 1893.81356398)
(-7444.17365505, 9965.13435304, 1893.81356398)
(-7444.08940443, 9965.13332414, 1893.81356398)
(-7444.01960885, 9965.13247279, 1893.81356398)
(-7443.93411925, 9965.13142902, 1893.81356398)
(-7443.87464848, 9965.13070361, 1893.81356398)
(-7443.79783176, 9965.129766, 1893.81356398)
(-7443.73670903, 9965.12902058, 1893.81356398)
(-7443.65658841, 9965.12804301, 1893.81356398)
(-7443.5917487, 9965.12725245, 1893.81356398)
(-7443.53062571, 9965.12650682, 1893.81356398)
(-7443.46537278, 9965.12570965, 1893.81356398)
(-7443.40259819, 9965.12494386, 1893.81356398)
(-7443.32041253, 9965.12394094, 1893.81356398)
(-7443.26713663, 9965.12329122, 1893.81356398)
(-7443.19031991, 9965.12235411, 1893.81356398)
(-7443.12300217, 9965.12153296, 1893.81356398)
(-7443.06353126, 9965.12080765, 1893.81356398)
(-7442.98754055, 9965.11987999, 1893.81356398)
(-7442.92270091, 9965.11908921, 1893.81356398)
(-7442.85786101, 9965.11829804, 1893.81356398)
(-7442.79508627, 9965.11753264, 1893.81356398)
(-7442.72157351, 9965.11663592, 1893.81356398)
(-7442.65219078, 9965.11578967, 1893.81356398)
(-7442.5733091, 9965.11482654, 1893.81356398)
(-7442.50144851, 9965.1139501, 1893.81356398)
(-7442.44197748, 9965.1132242, 1893.81356398)
(-7442.3730079, 9965.11238306, 1893.81356398)
(-7442.2966042, 9965.11145089, 1893.81356398)
(-7442.23093851, 9965.11065019, 1893.81356398)
(-7442.16692461, 9965.10986932, 1893.81356398)
(-7442.10910572, 9965.10916412, 1893.81356398)
(-7442.03187601, 9965.10822147, 1893.81356398)
(-7441.96744931, 9965.10743571, 1893.81356398)
(-7441.89269756, 9965.10652364, 1893.81356398)
(-7441.83363973, 9965.10580345, 1893.81356398)
(-7441.76466989, 9965.10496216, 1893.81356398)
(-7441.70808995, 9965.10427207, 1893.81356398)
(-7441.62796932, 9965.10329414, 1893.81356398)
(-7441.56147767, 9965.10248317, 1893.81356398)
(-7441.48342204, 9965.10153073, 1893.81356398)
(-7441.42312524, 9965.10079544, 1893.81356398)
(-7441.35291644, 9965.09993895, 1893.81356398)
(-7441.2901416, 9965.09917323, 1893.81356398)
(-7441.22447568, 9965.09837161, 1893.81356398)
(-7441.15757102, 9965.09755561, 1893.81356398)
(-7441.08571022, 9965.09667875, 1893.81356398)
(-7441.02293547, 9965.09591319, 1893.81356398)
(-7440.96552944, 9965.09521292, 1893.81356398)
(-7440.8936688, 9965.09433646, 1893.81356398)
(-7440.82345999, 9965.09347948, 1893.81356398)
(-7440.75614236, 9965.09265838, 1893.81356398)
(-7440.68428159, 9965.09178152, 1893.81356398)
(-7440.62357179, 9965.09104115, 1893.81356398)
(-7440.56616575, 9965.09034088, 1893.81356398)
(-7440.50339092, 9965.08957525, 1893.81356398)
(-7440.42450924, 9965.08861257, 1893.81356398)
(-7440.35801756, 9965.08780161, 1893.81356398)
(-7440.28739575, 9965.08693991, 1893.81356398)
(-7440.22875093, 9965.08622474, 1893.81356398)
(-7440.15730318, 9965.08535322, 1893.81356398)
(-7440.09576735, 9965.08460267, 1893.81356398)
(-7440.02803649, 9965.08377604, 1893.81356398)
(-7439.96484877, 9965.08300537, 1893.81356398)
(-7439.88885806, 9965.08207825, 1893.81356398)
(-7439.83351714, 9965.08140337, 1893.81356398)
(-7439.76826425, 9965.08060747, 1893.81356398)
(-7439.7059024, 9965.07984691, 1893.81356398)
(-7439.63115066, 9965.0789347, 1893.81356398)
(-7439.56507198, 9965.07812881, 1893.81356398)
(-7439.48825533, 9965.07719165, 1893.81356398)
(-7439.43621836, 9965.07655709, 1893.81356398)
(-7439.36311864, 9965.07566549, 1893.81356398)
(-7439.30488674, 9965.07495527, 1893.81356398)
(-7439.22476612, 9965.07397752, 1893.81356398)
(-7439.15414448, 9965.07311626, 1893.81356398)
(-7439.08723959, 9965.07229998, 1893.81356398)
(-7439.01331401, 9965.07139849, 1893.81356398)
(-7438.91915164, 9965.07024977, 1893.81356398)
(-7438.83118426, 9965.06917704, 1893.81356398)
(-7438.76097553, 9965.06832043, 1893.81356398)
(-7438.69035388, 9965.0674592, 1893.81356398)
(-7438.60692937, 9965.06644146, 1893.81356398)
(-7438.52474392, 9965.06543924, 1893.81356398)
(-7438.41777876, 9965.06413425, 1893.81356398)
(-7438.34302714, 9965.06322259, 1893.81356398)
(-7438.23399705, 9965.06189207, 1893.81356398)
(-7438.15428953, 9965.06091984, 1893.81356398)
(-7438.07334299, 9965.0599318, 1893.81356398)
(-7438.00396036, 9965.0590855, 1893.81356398)
(-7437.92796967, 9965.0581581, 1893.81356398)
(-7437.87386776, 9965.05749821, 1893.81356398)
(-7437.80448495, 9965.05665177, 1893.81356398)
(-7437.75079598, 9965.05599705, 1893.81356398)
(-7437.67893522, 9965.05512057, 1893.81356398)
(-7437.61533438, 9965.05434491, 1893.81356398)
(-7437.53025786, 9965.05330677, 1893.81356398)
(-7437.46748308, 9965.05254117, 1893.81356398)
(-7437.40594714, 9965.05179045, 1893.81356398)
(-7437.3473023, 9965.05107527, 1893.81356398)
(-7437.27255063, 9965.05016354, 1893.81356398)
(-7437.20812381, 9965.04937778, 1893.81356398)
(-7437.13791502, 9965.04852102, 1893.81356398)
(-7437.07803119, 9965.04779065, 1893.81356398)
(-7437.00204049, 9965.04686364, 1893.81356398)
(-7436.94256962, 9965.0461384, 1893.81356398)
(-7436.8686439, 9965.04523672, 1893.81356398)
(-7436.81371591, 9965.04456678, 1893.81356398)
(-7436.74061619, 9965.04367482, 1893.81356398)
(-7436.6794934, 9965.04292936, 1893.81356398)
(-7436.60019881, 9965.04196208, 1893.81356398)
(-7436.53659803, 9965.04118649, 1893.81356398)
(-7436.4750621, 9965.04043591, 1893.81356398)
(-7436.41435222, 9965.03969548, 1893.81356398)
(-7436.33010167, 9965.03866751, 1893.81356398)
(-7436.26484889, 9965.03787169, 1893.81356398)
(-7436.19174916, 9965.03697988, 1893.81356398)
(-7436.13640822, 9965.03630496, 1893.81356398)
(-7436.07198135, 9965.03551913, 1893.81356398)
(-7436.00135968, 9965.03465781, 1893.81356398)
(-7435.93734586, 9965.03387715, 1893.81356398)
(-7435.85516031, 9965.03287444, 1893.81356398)
(-7435.79692843, 9965.03216425, 1893.81356398)
(-7435.72630667, 9965.03130277, 1893.81356398)
(-7435.66890075, 9965.03060274, 1893.81356398)
(-7435.59910495, 9965.0297515, 1893.81356398)
(-7435.53798206, 9965.02900605, 1893.81356398)
(-7435.45703548, 9965.02801846, 1893.81356398)
(-7435.39549965, 9965.02726801, 1893.81356398)
(-7435.31785703, 9965.02632089, 1893.81356398)
(-7435.25921216, 9965.02560573, 1893.81356398)
(-7435.19272034, 9965.02479476, 1893.81356398)
(-7435.12540259, 9965.02397374, 1893.81356398)
(-7435.05643278, 9965.02313225, 1893.81356398)
(-7434.99324499, 9965.02236161, 1893.81356398)
(-7434.92097124, 9965.02148, 1893.81356398)
(-7434.85695742, 9965.02069939, 1893.81356398)
(-7434.78509667, 9965.01982291, 1893.81356398)
(-7434.72314781, 9965.01906736, 1893.81356398)
(-7434.64550518, 9965.01812001, 1893.81356398)
(-7434.58768631, 9965.01741483, 1893.81356398)
(-7434.51871653, 9965.01657351, 1893.81356398)
(-7434.4580067, 9965.01583315, 1893.81356398)
(-7434.38821093, 9965.01498188, 1893.81356398)
(-7434.32213213, 9965.01417597, 1893.81356398)
(-7434.25646626, 9965.0133748, 1893.81356398)
(-7434.19782138, 9965.01265955, 1893.81356398)
(-7434.12761259, 9965.01180317, 1893.81356398)
(-7434.0681417, 9965.01107795, 1893.81356398)
(-7434.00288885, 9965.01028212, 1893.81356398)
(-7433.92772418, 9965.00936495, 1893.81356398)
(-7433.8711443, 9965.00867486, 1893.81356398)
(-7433.79019775, 9965.00768746, 1893.81356398)
(-7433.73320483, 9965.00699243, 1893.81356398)
(-7433.66753899, 9965.00619152, 1893.81356398)
(-7433.60146019, 9965.00538563, 1893.81356398)
(-7433.52423052, 9965.00444342, 1893.81356398)
(-7433.46228168, 9965.00368788, 1893.81356398)
(-7433.39042094, 9965.00281129, 1893.81356398)
(-7433.32805911, 9965.00205078, 1893.81356398)
(-7433.25372043, 9965.00114408, 1893.81356398)
(-7433.19424956, 9965.00041887, 1893.81356398)
(-7433.12238885, 9964.99954248, 1893.81356398)
(-7433.05920097, 9964.99877154, 1893.81356398)
(-7432.97453754, 9964.99773905, 1893.81356398)
(-7432.91671856, 9964.99703376, 1893.81356398)
(-7432.83535905, 9964.99604161, 1893.81356398)
(-7432.73954473, 9964.99487292, 1893.81356398)
(-7432.65653324, 9964.9938606, 1893.81356398)
(-7432.54956816, 9964.99255575, 1893.81356398)
(-7432.47399058, 9964.99163401, 1893.81356398)
(-7432.37239441, 9964.9903945, 1893.81356398)
(-7432.29433886, 9964.98944252, 1893.81356398)
(-7432.18985169, 9964.98816759, 1893.81356398)
(-7432.11138316, 9964.98721066, 1893.81356398)
(-7432.04158738, 9964.98635938, 1893.81356398)
(-7431.98500743, 9964.98566941, 1893.81356398)
(-7431.91768962, 9964.98484842, 1893.81356398)
(-7431.84665492, 9964.98398214, 1893.81356398)
(-7431.76281744, 9964.98295944, 1893.81356398)
(-7431.69673869, 9964.98215358, 1893.81356398)
(-7431.61579213, 9964.98116622, 1893.81356398)
(-7431.55673423, 9964.980446, 1893.81356398)
(-7431.49065538, 9964.97964008, 1893.81356398)
(-7431.43201046, 9964.97892494, 1893.81356398)
(-7431.35643278, 9964.97800325, 1893.81356398)
(-7431.27053029, 9964.97695524, 1893.81356398)
(-7431.19990862, 9964.97609395, 1893.81356398)
(-7431.13135184, 9964.97525769, 1893.81356398)
(-7431.07518492, 9964.97457271, 1893.81356398)
(-7430.99630334, 9964.97361063, 1893.81356398)
(-7430.93063756, 9964.97280988, 1893.81356398)
(-7430.85382092, 9964.97187303, 1893.81356398)
(-7430.77906926, 9964.97096139, 1893.81356398)
(-7430.71009949, 9964.97012029, 1893.81356398)
(-7430.6535195, 9964.96943029, 1893.81356398)
(-7430.58785365, 9964.96862933, 1893.81356398)
(-7430.52425284, 9964.96785371, 1893.81356398)
(-7430.45197913, 9964.96697225, 1893.81356398)
(-7430.38879132, 9964.96620171, 1893.81356398)
(-7430.33303732, 9964.96552177, 1893.81356398)
(-7430.25580771, 9964.96457968, 1893.81356398)
(-7430.19179391, 9964.96379901, 1893.81356398)
(-7430.1124993, 9964.9628319, 1893.81356398)
(-7430.05137642, 9964.96208652, 1893.81356398)
(-7429.98901451, 9964.96132597, 1893.81356398)
(-7429.9283046, 9964.96058559, 1893.81356398)
(-7429.84322811, 9964.95954783, 1893.81356398)
(-7429.77673635, 9964.95873693, 1893.81356398)
(-7429.70446265, 9964.9578554, 1893.81356398)
(-7429.64416579, 9964.95712007, 1893.81356398)
(-7429.57106611, 9964.95622855, 1893.81356398)
(-7429.50870426, 9964.95546808, 1893.81356398)
(-7429.44510338, 9964.95469245, 1893.81356398)
(-7429.36126586, 9964.95366974, 1893.81356398)
(-7429.298904, 9964.95290922, 1893.81356398)
(-7429.2191964, 9964.95193703, 1893.81356398)
(-7429.16715937, 9964.95130243, 1893.81356398)
(-7429.08579982, 9964.95031016, 1893.81356398)
(-7429.02550295, 9964.94957486, 1893.81356398)
(-7428.96066312, 9964.94878411, 1893.81356398)
(-7428.8896284, 9964.94791759, 1893.81356398)
(-7428.82726657, 9964.94715705, 1893.81356398)
(-7428.75829679, 9964.94631587, 1893.81356398)
(-7428.70047785, 9964.94561078, 1893.81356398)
(-7428.61953127, 9964.9446236, 1893.81356398)
(-7428.55964734, 9964.9438933, 1893.81356398)
(-7428.47374486, 9964.94284547, 1893.81356398)
(-7428.41344799, 9964.94211012, 1893.81356398)
(-7428.34447822, 9964.94126891, 1893.81356398)
(-7428.29161522, 9964.94062424, 1893.81356398)
(-7428.20942971, 9964.93962193, 1893.81356398)
(-7428.13756902, 9964.93874555, 1893.81356398)
(-7428.06157839, 9964.93781882, 1893.81356398)
(-7427.99839052, 9964.93704824, 1893.81356398)
(-7427.93685459, 9964.93629766, 1893.81356398)
(-7427.87573171, 9964.93555225, 1893.81356398)
(-7427.79313317, 9964.93454486, 1893.81356398)
(-7427.72788037, 9964.93374912, 1893.81356398)
(-7427.66551849, 9964.93298857, 1893.81356398)
(-7427.60811255, 9964.93228847, 1893.81356398)
(-7427.52716602, 9964.93130115, 1893.81356398)
(-7427.46521718, 9964.93054566, 1893.81356398)
(-7427.38261865, 9964.92953826, 1893.81356398)
(-7427.32356072, 9964.92881806, 1893.81356398)
(-7427.24757006, 9964.92789129, 1893.81356398)
(-7427.19057709, 9964.92719629, 1893.81356398)
(-7427.12243329, 9964.92636526, 1893.81356398)
(-7427.0485076, 9964.92546351, 1893.81356398)
(-7426.98201585, 9964.92465261, 1893.81356398)
(-7426.87092087, 9964.92329763, 1893.81356398)
(-7426.7874964, 9964.92228025, 1893.81356398)
(-7426.66442461, 9964.92077904, 1893.81356398)
(-7426.59421589, 9964.91992286, 1893.81356398)
(-7426.49014172, 9964.91865357, 1893.81356398)
(-7426.40258731, 9964.91758586, 1893.81356398)
(-7426.2972742, 9964.91630135, 1893.81356398)
(-7426.22871746, 9964.91546527, 1893.81356398)
(-7426.15479182, 9964.91456357, 1893.81356398)
(-7426.0800402, 9964.91365199, 1893.81356398)
(-7425.9900078, 9964.91255388, 1893.81356398)
(-7425.91897309, 9964.91168759, 1893.81356398)
(-7425.84133045, 9964.91074061, 1893.81356398)
(-7425.76616581, 9964.90982397, 1893.81356398)
(-7425.69843501, 9964.90899789, 1893.81356398)
(-7425.644746, 9964.90834315, 1893.81356398)
(-7425.58155814, 9964.90757254, 1893.81356398)
(-7425.51465337, 9964.90675662, 1893.81356398)
(-7425.4353588, 9964.90578947, 1893.81356398)
(-7425.37340996, 9964.90503399, 1893.81356398)
(-7425.30733113, 9964.90422808, 1893.81356398)
(-7425.24455628, 9964.90346255, 1893.81356398)
(-7425.17393452, 9964.90260129, 1893.81356398)
(-7425.10248679, 9964.90172997, 1893.81356398)
(-7425.04218987, 9964.90099464, 1893.81356398)
(-7424.96248229, 9964.90002246, 1893.81356398)
(-7424.90177241, 9964.8992821, 1893.81356398)
(-7424.83569361, 9964.8984762, 1893.81356398)
(-7424.77291878, 9964.89771067, 1893.81356398)
(-7424.69568918, 9964.89676883, 1893.81356398)
(-7424.6395222, 9964.89608386, 1893.81356398)
(-7424.57385636, 9964.89528295, 1893.81356398)
(-7424.51438545, 9964.8945577, 1893.81356398)
(-7424.42517902, 9964.89346976, 1893.81356398)
(-7424.3764459, 9964.89287547, 1893.81356398)
(-7424.30045525, 9964.89194873, 1893.81356398)
(-7424.24304929, 9964.89124865, 1893.81356398)
(-7424.16210276, 9964.89026137, 1893.81356398)
(-7424.09684997, 9964.88946559, 1893.81356398)
(-7424.0291192, 9964.88863955, 1893.81356398)
(-7423.97708216, 9964.88800495, 1893.81356398)
(-7423.8969616, 9964.88702785, 1893.81356398)
(-7423.82633986, 9964.88616661, 1893.81356398)
(-7423.75158817, 9964.88525486, 1893.81356398)
(-7423.68179244, 9964.88440368, 1893.81356398)
(-7423.61736558, 9964.88361791, 1893.81356398)
(-7423.55789467, 9964.88289266, 1893.81356398)
(-7423.48314302, 9964.88198101, 1893.81356398)
(-7423.4191292, 9964.88120038, 1893.81356398)
(-7423.35965828, 9964.88047511, 1893.81356398)
(-7423.28449364, 9964.87955833, 1893.81356398)
(-7423.22543573, 9964.8788381, 1893.81356398)
(-7423.14903208, 9964.8779063, 1893.81356398)
(-7423.09080013, 9964.87719617, 1893.81356398)
(-7423.01604845, 9964.87628454, 1893.81356398)
(-7422.95451255, 9964.8755341, 1893.81356398)
(-7422.87810891, 9964.87460223, 1893.81356398)
(-7422.81533407, 9964.87383668, 1893.81356398)
(-7422.74058243, 9964.87292501, 1893.81356398)
(-7422.67987255, 9964.87218465, 1893.81356398)
(-7422.61998864, 9964.87145434, 1893.81356398)
(-7422.54441102, 9964.87053265, 1893.81356398)
(-7422.47957118, 9964.86974193, 1893.81356398)
(-7422.40068957, 9964.86877986, 1893.81356398)
(-7422.33006784, 9964.86791862, 1893.81356398)
(-7422.26357601, 9964.86710768, 1893.81356398)
(-7422.20451809, 9964.86638747, 1893.81356398)
(-7422.12728848, 9964.86544561, 1893.81356398)
(-7422.04551598, 9964.86444837, 1893.81356398)
(-7421.98232813, 9964.86367777, 1893.81356398)
(-7421.9121194, 9964.86282145, 1893.81356398)
(-7421.8584304, 9964.86216669, 1893.81356398)
(-7421.7853307, 9964.86127519, 1893.81356398)
(-7421.72544678, 9964.86054491, 1893.81356398)
(-7421.65152108, 9964.85964336, 1893.81356398)
(-7421.58626825, 9964.85884758, 1893.81356398)
(-7421.5276233, 9964.8581324, 1893.81356398)
(-7421.46071849, 9964.85731642, 1893.81356398)
(-7421.39959562, 9964.85657102, 1893.81356398)
(-7421.33145186, 9964.85573997, 1893.81356398)
(-7421.26991599, 9964.85498952, 1893.81356398)
(-7421.20714114, 9964.85422398, 1893.81356398)
(-7421.13404145, 9964.85333245, 1893.81356398)
(-7421.08035243, 9964.85267771, 1893.81356398)
(-7421.01551257, 9964.85188696, 1893.81356398)
(-7420.94489083, 9964.85102571, 1893.81356398)
(-7420.87674704, 9964.8501947, 1893.81356398)
(-7420.80323435, 9964.84929811, 1893.81356398)
(-7420.73178666, 9964.84842679, 1893.81356398)
(-7420.63721138, 9964.84727335, 1893.81356398)
(-7420.57526252, 9964.84651787, 1893.81356398)
(-7420.47903527, 9964.84534429, 1893.81356398)
(-7420.43030216, 9964.84474999, 1893.81356398)
(-7420.35555049, 9964.84383835, 1893.81356398)
(-7420.26469211, 9964.84273035, 1893.81356398)
(-7420.17878963, 9964.84168271, 1893.81356398)
(-7420.08875725, 9964.84058478, 1893.81356398)
(-7419.99831189, 9964.83948171, 1893.81356398)
(-7419.95081777, 9964.83890251, 1893.81356398)
(-7419.88267401, 9964.83807145, 1893.81356398)
(-7419.80833537, 9964.8371649, 1893.81356398)
(-7419.73895262, 9964.83631875, 1893.81356398)
(-7419.64768125, 9964.83520552, 1893.81356398)
(-7419.57829849, 9964.83435937, 1893.81356398)
(-7419.48826609, 9964.83326129, 1893.81356398)
(-7419.42136129, 9964.83244537, 1893.81356398)
(-7419.35817342, 9964.83167471, 1893.81356398)
(-7419.30944033, 9964.83108039, 1893.81356398)
(-7419.22808081, 9964.83008816, 1893.81356398)
(-7419.1525032, 9964.8291665, 1893.81356398)
(-7419.06618776, 9964.82811384, 1893.81356398)
(-7419.00258691, 9964.82733824, 1893.81356398)
(-7418.94063801, 9964.82658275, 1893.81356398)
(-7418.88240605, 9964.8258726, 1893.81356398)
(-7418.80682838, 9964.82495087, 1893.81356398)
(-7418.74364052, 9964.82418028, 1893.81356398)
(-7418.67467076, 9964.82333916, 1893.81356398)
(-7418.61024394, 9964.82255347, 1893.81356398)
(-7418.55820688, 9964.82191886, 1893.81356398)
(-7418.48428123, 9964.82101725, 1893.81356398)
(-7418.41489851, 9964.82017112, 1893.81356398)
(-7418.35047167, 9964.8193854, 1893.81356398)
(-7418.2934787, 9964.81869037, 1893.81356398)
(-7418.2368987, 9964.81800037, 1893.81356398)
(-7418.16627695, 9964.81713905, 1893.81356398)
(-7418.10102412, 9964.81634329, 1893.81356398)
(-7418.03246734, 9964.8155072, 1893.81356398)
(-7417.97795233, 9964.81484238, 1893.81356398)
(-7417.92013338, 9964.81413727, 1893.81356398)
(-7417.84372977, 9964.81320544, 1893.81356398)
(-7417.78054194, 9964.81243484, 1893.81356398)
(-7417.70744226, 9964.81154336, 1893.81356398)
(-7417.65334025, 9964.81088359, 1893.81356398)
(-7417.58726143, 9964.81007774, 1893.81356398)
(-7417.51994363, 9964.8092568, 1893.81356398)
(-7417.4476699, 9964.80837536, 1893.81356398)
(-7417.38985094, 9964.80767026, 1893.81356398)
(-7417.32335913, 9964.80685936, 1893.81356398)
(-7417.26223624, 9964.80611396, 1893.81356398)
(-7417.19946138, 9964.80534841, 1893.81356398)
(-7417.11644989, 9964.80433599, 1893.81356398)
(-7417.04665418, 9964.80348482, 1893.81356398)
(-7416.98140136, 9964.80268902, 1893.81356398)
(-7416.92895131, 9964.80204939, 1893.81356398)
(-7416.85502562, 9964.80114785, 1893.81356398)
(-7416.79555468, 9964.8004226, 1893.81356398)
(-7416.71873804, 9964.79948575, 1893.81356398)
(-7416.66711397, 9964.79885619, 1893.81356398)
(-7416.5981442, 9964.79801507, 1893.81356398)
(-7416.5382603, 9964.79728478, 1893.81356398)
(-7416.47383347, 9964.79649909, 1893.81356398)
(-7416.39949482, 9964.79559245, 1893.81356398)
(-7416.33713297, 9964.79483193, 1893.81356398)
(-7416.26320731, 9964.79393037, 1893.81356398)
(-7416.21075726, 9964.79329075, 1893.81356398)
(-7416.1574812, 9964.79264104, 1893.81356398)
(-7416.09057639, 9964.79182513, 1893.81356398)
(-7416.02160661, 9964.79098401, 1893.81356398)
(-7415.9666786, 9964.79031416, 1893.81356398)
(-7415.90720766, 9964.78958889, 1893.81356398)
(-7415.84071587, 9964.78877801, 1893.81356398)
(-7415.76472525, 9964.78785125, 1893.81356398)
(-7415.70566734, 9964.78713103, 1893.81356398)
(-7415.63958855, 9964.78632517, 1893.81356398)
(-7415.58135661, 9964.78561504, 1893.81356398)
(-7415.52064669, 9964.78487467, 1893.81356398)
(-7415.447134, 9964.78397812, 1893.81356398)
(-7415.39014102, 9964.78328308, 1893.81356398)
(-7415.31621533, 9964.78238153, 1893.81356398)
(-7415.26417826, 9964.78174694, 1893.81356398)
(-7415.20677229, 9964.78104687, 1893.81356398)
(-7415.12706473, 9964.78007476, 1893.81356398)
(-7415.06883281, 9964.77936461, 1893.81356398)
(-7414.99655913, 9964.7784832, 1893.81356398)
(-7414.94700004, 9964.77787883, 1893.81356398)
(-7414.88092123, 9964.77707299, 1893.81356398)
(-7414.79790971, 9964.77606059, 1893.81356398)
(-7414.73306988, 9964.77526986, 1893.81356398)
(-7414.65749221, 9964.77434816, 1893.81356398)
(-7414.57943661, 9964.77339627, 1893.81356398)
(-7414.47949241, 9964.77217739, 1893.81356398)
(-7414.41795653, 9964.77142696, 1893.81356398)
(-7414.35683364, 9964.77068153, 1893.81356398)
(-7414.29034187, 9964.76987066, 1893.81356398)
(-7414.20113548, 9964.76878277, 1893.81356398)
(-7414.08921449, 9964.76741773, 1893.81356398)
(-7414.01900575, 9964.76656153, 1893.81356398)
(-7413.91617057, 9964.76530742, 1893.81356398)
(-7413.8306811, 9964.76426487, 1893.81356398)
(-7413.73404085, 9964.76308627, 1893.81356398)
(-7413.67002703, 9964.76230561, 1893.81356398)
(-7413.61179509, 9964.76159543, 1893.81356398)
(-7413.55232418, 9964.76087017, 1893.81356398)
(-7413.46972567, 9964.75986286, 1893.81356398)
(-7413.40447285, 9964.7590671, 1893.81356398)
(-7413.32848219, 9964.75814038, 1893.81356398)
(-7413.24712263, 9964.75714812, 1893.81356398)
(-7413.17443594, 9964.75626168, 1893.81356398)
(-7413.0926634, 9964.7552644, 1893.81356398)
(-7413.02369367, 9964.75442329, 1893.81356398)
(-7412.94026919, 9964.75340588, 1893.81356398)
(-7412.87377741, 9964.752595, 1893.81356398)
(-7412.80893758, 9964.75180425, 1893.81356398)
(-7412.75400958, 9964.7511344, 1893.81356398)
(-7412.67677995, 9964.75019257, 1893.81356398)
(-7412.62061296, 9964.74950762, 1893.81356398)
(-7412.561555, 9964.7487874, 1893.81356398)
(-7412.48928128, 9964.74790598, 1893.81356398)
(-7412.4331143, 9964.74722102, 1893.81356398)
(-7412.37694731, 9964.74653605, 1893.81356398)
(-7412.31417246, 9964.7457705, 1893.81356398)
(-7412.24272476, 9964.74489916, 1893.81356398)
(-7412.17127707, 9964.74402784, 1893.81356398)
(-7412.09652543, 9964.74311622, 1893.81356398)
(-7412.03664151, 9964.74238594, 1893.81356398)
(-7411.98419144, 9964.7417463, 1893.81356398)
(-7411.9243075, 9964.74101601, 1893.81356398)
(-7411.84418692, 9964.74003891, 1893.81356398)
(-7411.78058606, 9964.73926329, 1893.81356398)
(-7411.70170448, 9964.73830131, 1893.81356398)
(-7411.64925444, 9964.73766167, 1893.81356398)
(-7411.58937053, 9964.73693138, 1893.81356398)
(-7411.53113859, 9964.73622124, 1893.81356398)
(-7411.45597396, 9964.73530457, 1893.81356398)
(-7411.38865619, 9964.73448363, 1893.81356398)
(-7411.32381635, 9964.7336929, 1893.81356398)
(-7411.25938949, 9964.7329072, 1893.81356398)
(-7411.20157052, 9964.73220207, 1893.81356398)
(-7411.15035943, 9964.73157755, 1893.81356398)
(-7411.05371915, 9964.73039899, 1893.81356398)
(-7410.97607656, 9964.72945213, 1893.81356398)
(-7410.88852216, 9964.72838437, 1893.81356398)
(-7410.82326935, 9964.72758861, 1893.81356398)
(-7410.74067086, 9964.7265813, 1893.81356398)
(-7410.67583103, 9964.72579057, 1893.81356398)
(-7410.60892623, 9964.72497467, 1893.81356398)
(-7410.54202142, 9964.72415875, 1893.81356398)
(-7410.46768273, 9964.72325214, 1893.81356398)
(-7410.40449486, 9964.72248156, 1893.81356398)
(-7410.32065737, 9964.72145912, 1893.81356398)
(-7410.24549273, 9964.72054248, 1893.81356398)
(-7410.14678754, 9964.71933873, 1893.81356398)
(-7410.08112174, 9964.71853793, 1893.81356398)
(-7410.01669491, 9964.71775222, 1893.81356398)
(-7409.96961376, 9964.71717806, 1893.81356398)
(-7409.90849085, 9964.71643266, 1893.81356398)
(-7409.83993407, 9964.71559661, 1893.81356398)
(-7409.77302925, 9964.71478068, 1893.81356398)
(-7409.71810123, 9964.71411083, 1893.81356398)
(-7409.66069526, 9964.71341075, 1893.81356398)
(-7409.60411528, 9964.71272074, 1893.81356398)
(-7409.53390656, 9964.71186452, 1893.81356398)
(-7409.47608762, 9964.71115941, 1893.81356398)
(-7409.41000883, 9964.71035356, 1893.81356398)
(-7409.35260287, 9964.70965348, 1893.81356398)
(-7409.2621575, 9964.70855046, 1893.81356398)
(-7409.18244993, 9964.70757842, 1893.81356398)
(-7409.09076555, 9964.70646029, 1893.81356398)
(-7409.01807885, 9964.70557387, 1893.81356398)
(-7408.95323901, 9964.70478311, 1893.81356398)
(-7408.90161495, 9964.70415354, 1893.81356398)
(-7408.83594914, 9964.70335273, 1893.81356398)
(-7408.74922073, 9964.70229507, 1893.81356398)
(-7408.65505844, 9964.70114674, 1893.81356398)
(-7408.54107249, 9964.69975655, 1893.81356398)
(-7408.47292872, 9964.69892552, 1893.81356398)
(-7408.38620025, 9964.69786784, 1893.81356398)
(-7408.29245092, 9964.69672456, 1893.81356398)
(-7408.18218191, 9964.69537977, 1893.81356398)
(-7408.1008224, 9964.69438758, 1893.81356398)
(-7408.02524478, 9964.69346591, 1893.81356398)
(-7407.93521242, 9964.69236795, 1893.81356398)
(-7407.87821945, 9964.69167292, 1893.81356398)
(-7407.78488311, 9964.69053463, 1893.81356398)
(-7407.71756531, 9964.68971368, 1893.81356398)
(-7407.65107349, 9964.68890281, 1893.81356398)
(-7407.55030329, 9964.68767385, 1893.81356398)
(-7407.48628945, 9964.68689319, 1893.81356398)
(-7407.42103664, 9964.6860974, 1893.81356398)
(-7407.35826179, 9964.68533185, 1893.81356398)
(-7407.28309716, 9964.6844152, 1893.81356398)
(-7407.18315297, 9964.68319637, 1893.81356398)
(-7407.09683752, 9964.68214373, 1893.81356398)
(-7407.02208584, 9964.68123213, 1893.81356398)
(-7406.95642001, 9964.68043132, 1893.81356398)
(-7406.90479593, 9964.67980176, 1893.81356398)
(-7406.84202106, 9964.67903621, 1893.81356398)
(-7406.77263832, 9964.67819007, 1893.81356398)
(-7406.70366858, 9964.67734898, 1893.81356398)
(-7406.59752951, 9964.67605457, 1893.81356398)
(-7406.5322767, 9964.67525881, 1893.81356398)
(-7406.44596125, 9964.67420616, 1893.81356398)
(-7406.36666667, 9964.67323915, 1893.81356398)
(-7406.30678272, 9964.67250885, 1893.81356398)
(-7406.25846259, 9964.67191958, 1893.81356398)
(-7406.18577588, 9964.67103315, 1893.81356398)
(-7406.10978525, 9964.67010644, 1893.81356398)
(-7406.03503361, 9964.66919483, 1893.81356398)
(-7405.96110796, 9964.66829326, 1893.81356398)
(-7405.90824494, 9964.66764859, 1893.81356398)
(-7405.83018935, 9964.66669668, 1893.81356398)
(-7405.7665885, 9964.66592106, 1893.81356398)
(-7405.69390179, 9964.66503464, 1893.81356398)
(-7405.62410603, 9964.66418348, 1893.81356398)
(-7405.55348428, 9964.66332224, 1893.81356398)
(-7405.49731729, 9964.66263727, 1893.81356398)
(-7405.44486723, 9964.66199763, 1893.81356398)
(-7405.38415733, 9964.66125726, 1893.81356398)
(-7405.29412498, 9964.6601593, 1893.81356398)
(-7405.21937335, 9964.6592477, 1893.81356398)
(-7405.13305791, 9964.65819507, 1893.81356398)
(-7405.05789327, 9964.65727843, 1893.81356398)
(-7404.96249196, 9964.656115, 1893.81356398)
(-7404.89434817, 9964.65528399, 1893.81356398)
(-7404.81174964, 9964.65427668, 1893.81356398)
(-7404.74649681, 9964.65348092, 1893.81356398)
(-7404.69487275, 9964.65285135, 1893.81356398)
(-7404.64118373, 9964.65219661, 1893.81356398)
(-7404.56767107, 9964.6513001, 1893.81356398)
(-7404.49746236, 9964.6504439, 1893.81356398)
(-7404.42188473, 9964.64952221, 1893.81356398)
(-7404.35332796, 9964.64868616, 1893.81356398)
(-7404.29261804, 9964.6479458, 1893.81356398)
(-7404.21745337, 9964.64702913, 1893.81356398)
(-7404.16789425, 9964.64642475, 1893.81356398)
(-7404.1088363, 9964.64570453, 1893.81356398)
(-7404.0423445, 9964.64489365, 1893.81356398)
(-7403.96470191, 9964.64394679, 1893.81356398)
(-7403.89118925, 9964.64305026, 1893.81356398)
(-7403.8284144, 9964.64228471, 1893.81356398)
(-7403.76233561, 9964.64147887, 1893.81356398)
(-7403.70782059, 9964.64081405, 1893.81356398)
(-7403.63430791, 9964.63991755, 1893.81356398)
(-7403.55625229, 9964.63896566, 1893.81356398)
(-7403.48563055, 9964.63810442, 1893.81356398)
(-7403.3873383, 9964.6369057, 1893.81356398)
(-7403.32456344, 9964.63614015, 1893.81356398)
(-7403.24526888, 9964.63517312, 1893.81356398)
(-7403.17010425, 9964.63425648, 1893.81356398)
(-7403.08585379, 9964.63322901, 1893.81356398)
(-7403.02060097, 9964.63243325, 1893.81356398)
(-7402.93882844, 9964.63143602, 1893.81356398)
(-7402.87151064, 9964.63061507, 1893.81356398)
(-7402.80130188, 9964.62975886, 1893.81356398)
(-7402.75009079, 9964.62913434, 1893.81356398)
(-7402.6658403, 9964.62810689, 1893.81356398)
(-7402.60223945, 9964.62733127, 1893.81356398)
(-7402.5448335, 9964.6266312, 1893.81356398)
(-7402.48205865, 9964.62586563, 1893.81356398)
(-7402.42919562, 9964.62522096, 1893.81356398)
(-7402.36848572, 9964.6244806, 1893.81356398)
(-7402.30901479, 9964.62375534, 1893.81356398)
(-7402.24871787, 9964.62302001, 1893.81356398)
(-7402.19257726, 9964.62290605, 1893.81356398)
(-7402.12940634, 9964.6228133, 1893.81356397)
(-7402.07324175, 9964.62259409, 1893.81356398)
(-7402.00550976, 9964.62232172, 1893.81356398)
(-7401.94477626, 9964.62171753, 1893.81356399)
(-7401.88115718, 9964.62106946, 1893.81356397)
(-7401.82291803, 9964.62050937, 1893.81356398)
(-7401.76178963, 9964.61989688, 1893.81356398)
(-7401.70852798, 9964.61978144, 1893.81356397)
(-7401.64783416, 9964.61967785, 1893.81356398)
(-7401.59084323, 9964.61950462, 1893.81356398)
(-7401.51856887, 9964.61929758, 1893.81356398)
(-7401.45659636, 9964.61866234, 1893.81356398)
(-7401.38429748, 9964.61789869, 1893.81356399)
(-7401.33102082, 9964.61747183, 1893.81356398)
(-7401.2715505, 9964.617065, 1893.81356398)
(-7401.19762698, 9964.616626, 1893.81356397)
(-7401.13404166, 9964.61658328, 1893.81356397)
(-7401.060126, 9964.61650476, 1893.81356398)
(-7401.00435016, 9964.61594416, 1893.81356398)
(-7400.95683698, 9964.61544741, 1893.81356399)
(-7400.88165255, 9964.61466718, 1893.81356398)
(-7400.82012075, 9964.61424589, 1893.81356397)
(-7400.74083143, 9964.61382073, 1893.81356397)
(-7400.67876117, 9964.61898675, 1893.81356398)
(-7400.62441327, 9964.63316023, 1893.813564)
(-7400.5679553, 9964.64888207, 1893.813564)
(-7400.51357826, 9964.66898471, 1893.81356406)
(-7400.44982687, 9964.69581039, 1893.81356389)
(-7400.38516718, 9964.72319074, 1893.813564)
(-7400.33024733, 9964.74387429, 1893.81356396)
(-7400.26003611, 9964.76960734, 1893.81356397)
(-7400.20686283, 9964.79266501, 1893.81356408)
(-7400.14791737, 9964.82023417, 1893.813564)
(-7400.10319869, 9964.84079627, 1893.81356398)
(-7400.05054267, 9964.86473887, 1893.81356398)
(-7399.98623001, 9964.89391238, 1893.81356397)
(-7399.93026342, 9964.91948778, 1893.81356397)
(-7399.86607146, 9964.94888112, 1893.81356398)
(-7399.80581101, 9964.97920464, 1893.81356417)
(-7399.75310318, 9965.00298024, 1893.81356397)
(-7399.6955903, 9965.02791804, 1893.81356401)
(-7399.6528171, 9965.04761022, 1893.81356399)
(-7399.59480865, 9965.07472671, 1893.81356397)
(-7399.54236952, 9965.10127705, 1893.81356398)
(-7399.47381105, 9965.13710852, 1893.81356406)
(-7399.42047476, 9965.16232813, 1893.81356399)
(-7399.35115442, 9965.19429564, 1893.81356398)
(-7399.29807138, 9965.21929367, 1893.81356397)
(-7399.24838498, 9965.24276931, 1893.81356399)
(-7399.20167368, 9965.26480693, 1893.81356398)
(-7399.15191699, 9965.28813752, 1893.81356398)
(-7399.08829161, 9965.31790049, 1893.81356398)
(-7399.03328826, 9965.34128107, 1893.81356397)
(-7398.96794043, 9965.36789466, 1893.81356398)
(-7398.91926529, 9965.3899686, 1893.81356394)
(-7398.86882283, 9965.41384216, 1893.81356395)
(-7398.8203379, 9965.4382061, 1893.81356399)
(-7398.76196572, 9965.46862588, 1893.81356399)
(-7398.70367674, 9965.49275697, 1893.81356399)
(-7398.63170948, 9965.50943484, 1893.81356424)
(-7398.56138114, 9965.53207961, 1893.81356405)
(-7398.50946798, 9965.54757525, 1893.81356393)
(-7398.45264154, 9965.56371409, 1893.81356398)
(-7398.38444123, 9965.57644917, 1893.81356423)
(-7398.32187481, 9965.57888868, 1893.81356379)
(-7398.27016332, 9965.57983454, 1893.81356381)
(-7398.19675688, 9965.58287869, 1893.8135639)
(-7398.12340137, 9965.58817318, 1893.81356396)
(-7398.05102644, 9965.58891605, 1893.81356397)
(-7397.97584816, 9965.58843476, 1893.81356398)
(-7397.91509719, 9965.5880478, 1893.81356399)
(-7397.86343057, 9965.5879586, 1893.81356399)
(-7397.79563414, 9965.587209, 1893.81356398)
(-7397.71506806, 9965.58669963, 1893.813564)
(-7397.64728508, 9965.5851626, 1893.81356398)
(-7397.56878361, 9965.58348133, 1893.81356399)
(-7397.5055796, 9965.58218395, 1893.81356399)
(-7397.42958482, 9965.58067376, 1893.81356398)
(-7397.3651474, 9965.57920324, 1893.81356399)
(-7397.30897886, 9965.57791995, 1893.81356399)
(-7397.25405468, 9965.57667093, 1893.81356398)
(-7397.20656579, 9965.57559705, 1893.81356398)
(-7397.14586218, 9965.57418304, 1893.81356398)
(-7397.08722539, 9965.57282521, 1893.81356398)
(-7397.01619938, 9965.57111583, 1893.81356398)
(-7396.96086847, 9965.56982219, 1893.81356398)
(-7396.90718751, 9965.56852283, 1893.81356398)
(-7396.85020524, 9965.56717001, 1893.81356398)
(-7396.77092295, 9965.56520646, 1893.81356398)
(-7396.70568456, 9965.5636318, 1893.81356398)
(-7396.63177429, 9965.56184122, 1893.81356399)
(-7396.57190371, 9965.56039476, 1893.81356398)
(-7396.52441941, 9965.55924329, 1893.81356398)
(-7396.46702394, 9965.55781924, 1893.81356398)
(-7396.41169584, 9965.55646981, 1893.81356398)
(-7396.34769607, 9965.55490883, 1893.81356398)
(-7396.2882385, 9965.55345892, 1893.81356398)
(-7396.2213484, 9965.55182523, 1893.81356398)
(-7396.16395561, 9965.55042541, 1893.81356398)
(-7396.10862678, 9965.54907545, 1893.81356398)
(-7396.05701438, 9965.54781653, 1893.81356398)
(-7395.99879516, 9965.54639547, 1893.81356398)
(-7395.9418153, 9965.54500589, 1893.81356398)
(-7395.88566061, 9965.54363611, 1893.81356398)
(-7395.82289942, 9965.54210053, 1893.81356398)
(-7395.76881, 9965.54078056, 1893.81356398)
(-7395.70976509, 9965.53933936, 1893.81356398)
(-7395.65815269, 9965.53807983, 1893.81356398)
(-7395.59167557, 9965.53645638, 1893.81356398)
(-7395.54006337, 9965.53519701, 1893.81356398)
(-7395.47936678, 9965.53371568, 1893.81356398)
(-7395.41577992, 9965.53216044, 1893.81356398)
(-7395.35962598, 9965.53078917, 1893.81356398)
(-7395.29314883, 9965.52916596, 1893.81356398)
(-7395.23038812, 9965.52763372, 1893.81356398)
(-7395.16184642, 9965.5259587, 1893.81356398)
(-7395.10569243, 9965.52458773, 1893.81356398)
(-7395.04912493, 9965.52320647, 1893.81356398)
(-7394.99875139, 9965.52197719, 1893.81356398)
(-7394.93888073, 9965.52051605, 1893.81356398)
(-7394.86125535, 9965.51861974, 1893.81356398)
(-7394.79684324, 9965.51704779, 1893.81356398)
(-7394.7237597, 9965.51526359, 1893.81356398)
(-7394.65934734, 9965.51369124, 1893.81356398)
(-7394.59121855, 9965.51202661, 1893.81356398)
(-7394.54141186, 9965.51390393, 1893.81356398)
(-7394.48651771, 9965.51823954, 1893.81356402)
(-7394.42533659, 9965.52949663, 1893.8135636)
(-7394.36464191, 9965.55281018, 1893.81356395)
(-7394.29367698, 9965.57935883, 1893.813564)
(-7394.23211799, 9965.60179005, 1893.81356394)
(-7394.16146598, 9965.62632504, 1893.81356395)
(-7394.10040615, 9965.65075217, 1893.81356395)
(-7394.03311687, 9965.67863796, 1893.81356396)
(-7393.97238868, 9965.6978717, 1893.81356406)
(-7393.91175371, 9965.71151791, 1893.81356403)
(-7393.84666182, 9965.72695079, 1893.81356402)
(-7393.79722433, 9965.74037158, 1893.81356393)
(-7393.73515358, 9965.75762409, 1893.813564)
(-7393.68151047, 9965.77107092, 1893.81356398)
(-7393.62100452, 9965.785968, 1893.81356398)
(-7393.54444328, 9965.80500125, 1893.81356397)
(-7393.48535575, 9965.81383512, 1893.81356429)
(-7393.403025, 9965.81606982, 1893.81356409)
(-7393.33805037, 9965.82082394, 1893.81356386)
(-7393.26420122, 9965.82980381, 1893.81356392)
(-7393.20341697, 9965.83293974, 1893.81356397)
(-7393.1419488, 9965.83439936, 1893.81356398)
(-7393.0771181, 9965.83333592, 1893.81356398)
(-7393.00479837, 9965.8322659, 1893.81356399)
(-7392.94857643, 9965.83180219, 1893.81356398)
(-7392.88742741, 9965.83163976, 1893.81356399)
(-7392.82212605, 9965.83090124, 1893.81356398)
(-7392.74569081, 9965.83017276, 1893.81356398)
(-7392.67375747, 9965.8284632, 1893.81356398)
(-7392.59526669, 9965.82703183, 1893.81356399)
(-7392.51967356, 9965.8254025, 1893.81356398)
(-7392.43624582, 9965.82367336, 1893.81356399)
(-7392.35942318, 9965.82192334, 1893.81356399)
(-7392.27724339, 9965.82005932, 1893.81356398)
(-7392.20249947, 9965.8183356, 1893.81356398)
(-7392.12569123, 9965.81650288, 1893.81356398)
(-7392.06210117, 9965.81502432, 1893.81356398)
(-7392.01420073, 9965.81386961, 1893.81356398)
(-7391.95391154, 9965.81236804, 1893.81356398)
(-7391.89693096, 9965.81100251, 1893.81356398)
(-7391.83127882, 9965.80943003, 1893.81356398)
(-7391.76562697, 9965.80785684, 1893.81356398)
(-7391.69336645, 9965.80608846, 1893.81356398)
(-7391.63349589, 9965.80464312, 1893.81356398)
(-7391.56123702, 9965.8028898, 1893.81356398)
(-7391.50466975, 9965.80152232, 1893.81356398)
(-7391.44025626, 9965.79995818, 1893.81356398)
(-7391.38946943, 9965.79872772, 1893.81356398)
(-7391.3238163, 9965.79711375, 1893.81356398)
(-7391.27137835, 9965.79583861, 1893.81356398)
(-7391.20944287, 9965.79432871, 1893.81356398)
(-7391.14378954, 9965.7926948, 1893.81356398)
(-7391.08474569, 9965.79124764, 1893.81356398)
(-7391.03106859, 9965.78993115, 1893.81356398)
(-7390.97243711, 9965.78849364, 1893.81356398)
(-7390.92165058, 9965.78724899, 1893.81356398)
(-7390.85352208, 9965.78557856, 1893.81356398)
(-7390.79406491, 9965.78412178, 1893.81356398)
(-7390.73336859, 9965.78263465, 1893.81356398)
(-7390.66606592, 9965.78098437, 1893.81356398)
(-7390.61362801, 9965.77969989, 1893.81356398)
(-7390.55623487, 9965.77829412, 1893.81356398)
(-7390.49636453, 9965.77682793, 1893.81356398)
(-7390.42493283, 9965.77507815, 1893.81356398)
(-7390.36299809, 9965.77356178, 1893.81356398)
(-7390.29280512, 9965.77184325, 1893.81356398)
(-7390.23995409, 9965.77054968, 1893.81356398)
(-7390.19123192, 9965.76935727, 1893.81356398)
(-7390.13218728, 9965.76791211, 1893.81356398)
(-7390.08057492, 9965.76664913, 1893.81356398)
(-7390.01409808, 9965.7650226, 1893.81356398)
(-7389.94514384, 9965.76333555, 1893.81356398)
(-7389.8885766, 9965.76195171, 1893.81356398)
(-7389.82911904, 9965.76049735, 1893.81356398)
(-7389.77502916, 9965.75917435, 1893.81356398)
(-7389.70855232, 9965.75754868, 1893.81356398)
(-7389.65487531, 9965.75623599, 1893.81356398)
(-7389.59252749, 9965.75471148, 1893.81356398)
(-7389.5363731, 9965.75333844, 1893.81356398)
(-7389.47113501, 9965.75174375, 1893.81356398)
(-7389.41580636, 9965.75039104, 1893.81356398)
(-7389.35841335, 9965.74898812, 1893.81356398)
(-7389.30762663, 9965.74774666, 1893.81356398)
(-7389.24073693, 9965.74611213, 1893.81356398)
(-7389.1849953, 9965.74474965, 1893.81356398)
(-7389.12636359, 9965.7433168, 1893.81356398)
(-7389.05823518, 9965.74165303, 1893.81356398)
(-7389.00620953, 9965.74038181, 1893.81356398)
(-7388.94922944, 9965.73898968, 1893.81356398)
(-7388.89307496, 9965.73761769, 1893.81356398)
(-7388.82659821, 9965.7359943, 1893.81356398)
(-7388.76755332, 9965.73455169, 1893.81356398)
(-7388.70396684, 9965.73299856, 1893.81356398)
(-7388.65028976, 9965.73168738, 1893.81356398)
(-7388.58794201, 9965.73016531, 1893.81356398)
(-7388.52807124, 9965.72870283, 1893.81356398)
(-7388.46820084, 9965.72724074, 1893.81356398)
(-7388.41452371, 9965.72592978, 1893.81356398)
(-7388.35300175, 9965.72442809, 1893.81356398)
(-7388.30056314, 9965.72314739, 1893.81356398)
(-7388.24069276, 9965.72168542, 1893.81356398)
(-7388.17545448, 9965.72009221, 1893.81356398)
(-7388.11517122, 9965.71862106, 1893.81356398)
(-7388.05612623, 9965.7171792, 1893.81356398)
(-7387.99997198, 9965.7158082, 1893.81356398)
(-7387.94381744, 9965.71443712, 1893.81356398)
(-7387.88023099, 9965.71288552, 1893.81356398)
(-7387.82242466, 9965.7114741, 1893.81356398)
(-7387.75883818, 9965.70992183, 1893.81356398)
(-7387.6783225, 9965.70795606, 1893.81356398)
(-7387.6027618, 9965.70611322, 1893.81356398)
(-7387.55651678, 9965.70498418, 1893.81356398)
(-7387.47352404, 9965.70295925, 1893.81356398)
(-7387.40333079, 9965.70124551, 1893.81356398)
(-7387.30051874, 9965.69873701, 1893.81356398)
(-7387.22867393, 9965.69698303, 1893.81356398)
(-7387.14237798, 9965.69487809, 1893.81356398)
(-7387.08002974, 9965.69335627, 1893.81356398)
(-7386.99332083, 9965.69124102, 1893.81356398)
(-7386.90743735, 9965.68914444, 1893.81356398)
(-7386.80545111, 9965.68665731, 1893.81356398)
(-7386.74062556, 9965.68507527, 1893.81356398)
(-7386.66300052, 9965.6831824, 1893.81356398)
(-7386.60436837, 9965.68175157, 1893.81356398)
(-7386.53913031, 9965.68016022, 1893.81356398)
(-7386.46852419, 9965.67843761, 1893.81356398)
(-7386.40865365, 9965.67697667, 1893.81356398)
(-7386.354151, 9965.67564838, 1893.81356398)
(-7386.30129932, 9965.67435893, 1893.81356398)
(-7386.24514504, 9965.67298904, 1893.81356398)
(-7386.18692593, 9965.67156862, 1893.81356398)
(-7386.12416529, 9965.67003839, 1893.81356398)
(-7386.06924919, 9965.66869849, 1893.81356398)
(-7386.01350786, 9965.66733867, 1893.81356398)
(-7385.95074722, 9965.66581023, 1893.81356398)
(-7385.89665678, 9965.66449107, 1893.81356398)
(-7385.8359606, 9965.66301082, 1893.81356398)
(-7385.78558662, 9965.66178215, 1893.81356398)
(-7385.72860655, 9965.66039319, 1893.81356398)
(-7385.67451623, 9965.65907375, 1893.81356398)
(-7385.61588456, 9965.65764364, 1893.81356398)
(-7385.55229801, 9965.65609454, 1893.81356398)
(-7385.49077543, 9965.6545939, 1893.81356398)
(-7385.43503401, 9965.65323466, 1893.81356398)
(-7385.38548583, 9965.65202617, 1893.81356398)
(-7385.32767998, 9965.65061708, 1893.81356398)
(-7385.26450588, 9965.649076, 1893.81356398)
(-7385.19637752, 9965.64741451, 1893.81356398)
(-7385.11710081, 9965.64548475, 1893.81356398)
(-7385.05516531, 9965.64397468, 1893.81356398)
(-7384.99240457, 9965.64244522, 1893.81356398)
(-7384.94285622, 9965.64123677, 1893.81356398)
(-7384.8895922, 9965.63993793, 1893.81356398)
(-7384.83467629, 9965.63859865, 1893.81356398)
(-7384.76365749, 9965.63686763, 1893.81356398)
(-7384.70585122, 9965.63545756, 1893.81356398)
(-7384.65547753, 9965.63422918, 1893.81356398)
(-7384.59478134, 9965.63275048, 1893.81356398)
(-7384.54110388, 9965.63144153, 1893.81356398)
(-7384.48123347, 9965.62998164, 1893.81356398)
(-7384.42920791, 9965.62871288, 1893.81356398)
(-7384.36851169, 9965.62723348, 1893.81356398)
(-7384.31194402, 9965.62585381, 1893.81356398)
(-7384.25826709, 9965.62454479, 1893.81356398)
(-7384.19550636, 9965.62301567, 1893.81356398)
(-7384.14884821, 9965.621878, 1893.81356398)
(-7384.09517128, 9965.62056899, 1893.81356398)
(-7384.03323636, 9965.6190601, 1893.81356398)
(-7383.97584281, 9965.61766049, 1893.81356398)
(-7383.9126692, 9965.61612009, 1893.81356398)
(-7383.85362437, 9965.6146802, 1893.81356398)
(-7383.78673465, 9965.61305008, 1893.81356398)
(-7383.72975408, 9965.61166051, 1893.81356398)
(-7383.67318686, 9965.61028123, 1893.81356398)
(-7383.62405158, 9965.60908303, 1893.81356398)
(-7383.56005213, 9965.60752304, 1893.81356398)
(-7383.50348448, 9965.60614343, 1893.81356398)
(-7383.44443986, 9965.60470359, 1893.81356398)
(-7383.37548557, 9965.60302383, 1893.81356398)
(-7383.33006617, 9965.60191638, 1893.81356398)
(-7383.27267314, 9965.60051693, 1893.81356398)
(-7383.22229918, 9965.5992885, 1893.81356398)
(-7383.15664816, 9965.59768821, 1893.81356398)
(-7383.10295346, 9965.59589757, 1893.81356399)
(-7383.04637819, 9965.59393248, 1893.81356399)
(-7382.98939676, 9965.59203706, 1893.81356399)
(-7382.94109814, 9965.59053396, 1893.81356398)
(-7382.88082796, 9965.58872023, 1893.81356398)
(-7382.82716859, 9965.58724667, 1893.81356398)
(-7382.76483662, 9965.58558361, 1893.81356398)
(-7382.71157681, 9965.58406095, 1893.81356398)
(-7382.64923503, 9965.58226565, 1893.81356398)
(-7382.58111096, 9965.58023932, 1893.81356398)
(-7382.52743036, 9965.57831984, 1893.81356399)
(-7382.47044756, 9965.57625606, 1893.81356399)
(-7382.41555354, 9965.57457191, 1893.81356398)
(-7382.35157674, 9965.57272631, 1893.81356398)
(-7382.2876022, 9965.57110323, 1893.81356397)
(-7382.21660083, 9965.56929115, 1893.81356398)
(-7382.15300259, 9965.56730467, 1893.81356399)
(-7382.08197896, 9965.56500449, 1893.81356397)
(-7382.02334364, 9965.56291211, 1893.81356399)
(-7381.9428313, 9965.56001496, 1893.81356397)
(-7381.87885542, 9965.5579613, 1893.81356398)
(-7381.81074962, 9965.55586039, 1893.81356398)
(-7381.74925352, 9965.55415409, 1893.81356397)
(-7381.69394044, 9965.55262212, 1893.81356397)
(-7381.63944418, 9965.55101415, 1893.81356398)
(-7381.57297656, 9965.54904117, 1893.81356398)
(-7381.5135144, 9965.54696432, 1893.81356399)
(-7381.44951539, 9965.54472535, 1893.81356397)
(-7381.38015802, 9965.54229034, 1893.81356398)
(-7381.31743, 9965.54067633, 1893.81356398)
(-7381.25139062, 9965.53902515, 1893.81356398)
(-7381.18657387, 9965.53723841, 1893.81356398)
(-7381.13248345, 9965.53562926, 1893.81356398)
(-7381.07591699, 9965.53388419, 1893.81356398)
(-7381.02636652, 9965.53214396, 1893.81356397)
(-7380.97516333, 9965.53031188, 1893.81356398)
(-7380.91364549, 9965.52809907, 1893.81356399)
(-7380.85256821, 9965.52650929, 1893.81356398)
(-7380.78941915, 9965.52492816, 1893.81356396)
(-7380.73038298, 9965.52328568, 1893.81356398)
(-7380.66928273, 9965.52162369, 1893.81356398)
(-7380.61518567, 9965.51981192, 1893.81356396)
(-7380.55654706, 9965.51777384, 1893.81356399)
(-7380.50205058, 9965.51594245, 1893.81356398)
(-7380.45209715, 9965.51424467, 1893.81356398)
(-7380.40587295, 9965.51291955, 1893.81356397)
(-7380.3526311, 9965.51149591, 1893.81356397)
(-7380.29319105, 9965.50991316, 1893.81356399)
(-7380.23538912, 9965.50823825, 1893.81356398)
(-7380.18006436, 9965.5065817, 1893.81356398)
(-7380.11317866, 9965.50451822, 1893.81356399)
(-7380.06610469, 9965.50286144, 1893.81356399)
(-7380.01861884, 9965.50117662, 1893.81356398)
(-7379.96081724, 9965.49911082, 1893.81356399)
(-7379.90757966, 9965.49766954, 1893.81356397)
(-7379.85144788, 9965.49624665, 1893.81356396)
(-7379.78209921, 9965.49444237, 1893.81356398)
(-7379.72305308, 9965.49268873, 1893.81356398)
(-7379.66153015, 9965.4907685, 1893.81356399)
(-7379.60495812, 9965.48887839, 1893.81356398)
(-7379.54343857, 9965.48680141, 1893.81356398)
(-7379.49225118, 9965.48516862, 1893.81356398)
(-7379.44064961, 9965.4835267, 1893.81356398)
(-7379.39194634, 9965.48214562, 1893.81356397)
(-7379.33415977, 9965.48055885, 1893.81356399)
(-7379.27925139, 9965.47894652, 1893.81356398)
(-7379.22145335, 9965.47723521, 1893.81356398)
(-7379.15704974, 9965.47532737, 1893.81356398)
(-7379.09923922, 9965.47331234, 1893.81356398)
(-7379.04968984, 9965.47156594, 1893.81356398)
(-7378.99849571, 9965.46976318, 1893.81356399)
(-7378.95186082, 9965.46849071, 1893.81356397)
(-7378.89449069, 9965.46704284, 1893.813564)
(-7378.82638103, 9965.46528014, 1893.81356398)
(-7378.76774777, 9965.46355195, 1893.81356398)
(-7378.70374699, 9965.46156097, 1893.81356399)
(-7378.65295561, 9965.45987262, 1893.81356398)
(-7378.59556346, 9965.45794009, 1893.81356398)
(-7378.54932924, 9965.45647292, 1893.81356398)
(-7378.49731448, 9965.45482692, 1893.81356398)
(-7378.43952031, 9965.45299964, 1893.81356398)
(-7378.37967334, 9965.45145839, 1893.81356397)
(-7378.32395025, 9965.45002787, 1893.81356398)
(-7378.25954869, 9965.44835078, 1893.81356398)
(-7378.20255859, 9965.44631664, 1893.81356398)
(-7378.14805326, 9965.44435717, 1893.81356399)
(-7378.10016445, 9965.44274572, 1893.81356398)
(-7378.04732273, 9965.44095473, 1893.81356398)
(-7377.99325791, 9965.43943551, 1893.81356396)
(-7377.93630121, 9965.43789311, 1893.81356398)
(-7377.8686021, 9965.43605502, 1893.81356398)
(-7377.80873512, 9965.4342983, 1893.81356398)
(-7377.74763004, 9965.43244631, 1893.81356398)
(-7377.68940614, 9965.43050314, 1893.81356399)
(-7377.6204541, 9965.42816515, 1893.81356398)
(-7377.56885425, 9965.42651248, 1893.81356398)
(-7377.51849149, 9965.42491112, 1893.81356398)
(-7377.46607429, 9965.42344695, 1893.81356398)
(-7377.40704727, 9965.421823, 1893.81356399)
(-7377.35378954, 9965.42025205, 1893.81356398)
(-7377.29516582, 9965.41851733, 1893.81356398)
(-7377.22869792, 9965.41654937, 1893.81356398)
(-7377.16345558, 9965.41424406, 1893.81356399)
(-7377.0899635, 9965.41166497, 1893.81356398)
(-7377.03466007, 9965.41000691, 1893.81356397)
(-7376.96201943, 9965.40797381, 1893.81356398)
(-7376.91083969, 9965.4066639, 1893.81356398)
(-7376.85965516, 9965.40536902, 1893.81356398)
(-7376.79317357, 9965.40336583, 1893.81356399)
(-7376.74403194, 9965.40170895, 1893.81356399)
(-7376.67920248, 9965.39948769, 1893.81356398)
(-7376.60654781, 9965.39716488, 1893.81356398)
(-7376.55288217, 9965.39546162, 1893.81356398)
(-7376.49715396, 9965.39373699, 1893.81356398)
(-7376.42203478, 9965.3918719, 1893.81356398)
(-7376.36424452, 9965.3904218, 1893.81356398)
(-7376.31757944, 9965.38887575, 1893.81356399)
(-7376.25316318, 9965.38659915, 1893.81356399)
(-7376.18380071, 9965.38421427, 1893.81356398)
(-7376.12560008, 9965.38239133, 1893.81356398)
(-7376.07317708, 9965.38080958, 1893.81356397)
(-7376.02447386, 9965.37945718, 1893.81356398)
(-7375.97039909, 9965.37797556, 1893.81356397)
(-7375.9163158, 9965.37640126, 1893.81356398)
(-7375.859343, 9965.37472725, 1893.81356398)
(-7375.78957205, 9965.37267577, 1893.81356398)
(-7375.73341381, 9965.37071019, 1893.813564)
(-7375.68014744, 9965.36881934, 1893.81356399)
(-7375.6252374, 9965.3668751, 1893.81356399)
(-7375.57695272, 9965.36558945, 1893.81356397)
(-7375.52288465, 9965.36425402, 1893.81356397)
(-7375.46963192, 9965.36282284, 1893.81356398)
(-7375.40522946, 9965.36108346, 1893.81356398)
(-7375.35030691, 9965.35926592, 1893.81356399)
(-7375.29166869, 9965.35726703, 1893.81356399)
(-7375.2194173, 9965.35483546, 1893.81356398)
(-7375.16121436, 9965.35299088, 1893.81356398)
(-7375.09847034, 9965.35108155, 1893.81356398)
(-7375.04110022, 9965.34951186, 1893.81356398)
(-7374.9750533, 9965.34772451, 1893.81356398)
(-7374.916014, 9965.34601761, 1893.81356398)
(-7374.86523214, 9965.34452978, 1893.81356398)
(-7374.81856881, 9965.34298414, 1893.81356399)
(-7374.76447615, 9965.34115423, 1893.81356398)
(-7374.70957131, 9965.33941203, 1893.81356398)
(-7374.65301531, 9965.33763298, 1893.81356398)
(-7374.59109255, 9965.33568647, 1893.81356398)
(-7374.53372256, 9965.33420031, 1893.81356397)
(-7374.47965134, 9965.33281341, 1893.81356398)
(-7374.42185652, 9965.3313294, 1893.81356398)
(-7374.37684174, 9965.32976668, 1893.81356399)
(-7374.32646425, 9965.32794403, 1893.81356398)
(-7374.27320475, 9965.32611995, 1893.81356399)
(-7374.21540804, 9965.32414667, 1893.81356398)
(-7374.15473413, 9965.32229062, 1893.81356397)
(-7374.09777835, 9965.32073661, 1893.81356398)
(-7374.03710083, 9965.31909281, 1893.81356399)
(-7373.98301663, 9965.31751256, 1893.81356398)
(-7373.93512634, 9965.31610928, 1893.81356398)
(-7373.88475849, 9965.314628, 1893.81356398)
(-7373.83520777, 9965.31291609, 1893.813564)
(-7373.78648158, 9965.31117732, 1893.81356399)
(-7373.7290912, 9965.30913186, 1893.81356396)
(-7373.67626601, 9965.30770598, 1893.81356397)
(-7373.6226111, 9965.30631173, 1893.81356397)
(-7373.56027971, 9965.30467147, 1893.81356399)
(-7373.50990766, 9965.30321298, 1893.81356398)
(-7373.46325142, 9965.30179637, 1893.81356398)
(-7373.41246706, 9965.30022599, 1893.81356398)
(-7373.36539282, 9965.29860093, 1893.81356399)
(-7373.31625536, 9965.29687401, 1893.81356398)
(-7373.26175652, 9965.29494927, 1893.81356398)
(-7373.20851649, 9965.29333322, 1893.81356398)
(-7373.15032242, 9965.29168561, 1893.81356398)
(-7373.09666701, 9965.29030511, 1893.81356397)
(-7373.04465789, 9965.28897334, 1893.81356398)
(-7372.9831468, 9965.28741615, 1893.81356398)
(-7372.93193741, 9965.28561762, 1893.81356399)
(-7372.87990883, 9965.28376944, 1893.81356399)
(-7372.83408188, 9965.28222388, 1893.81356398)
(-7372.78412816, 9965.28052763, 1893.81356398)
(-7372.73418408, 9965.27897212, 1893.81356397)
(-7372.67557013, 9965.27722458, 1893.81356397)
(-7372.62273921, 9965.27585414, 1893.81356397)
(-7372.56949397, 9965.27449673, 1893.81356398)
(-7372.51046161, 9965.27300374, 1893.81356398)
(-7372.45718773, 9965.27115762, 1893.81356399)
(-7372.4076363, 9965.26940702, 1893.81356399)
(-7372.3510687, 9965.26742729, 1893.81356398)
(-7372.30194812, 9965.26585504, 1893.81356398)
(-7372.25695536, 9965.26447849, 1893.81356397)
(-7372.20040401, 9965.26278782, 1893.81356397)
(-7372.14674869, 9965.26138863, 1893.81356398)
(-7372.09391446, 9965.26001754, 1893.81356398)
(-7372.02992807, 9965.25836792, 1893.81356398)
(-7371.97789411, 9965.25659616, 1893.81356399)
(-7371.92586578, 9965.25474375, 1893.81356397)
(-7371.87218795, 9965.25284223, 1893.81356398)
(-7371.82595742, 9965.2513611, 1893.81356398)
(-7371.77518629, 9965.24980999, 1893.81356397)
(-7371.71326851, 9965.24795132, 1893.81356397)
(-7371.65589868, 9965.24646268, 1893.81356397)
(-7371.60265102, 9965.24508314, 1893.81356397)
(-7371.54898395, 9965.24368765, 1893.81356398)
(-7371.50231821, 9965.24209273, 1893.81356399)
(-7371.45648336, 9965.24046774, 1893.81356399)
(-7371.39867467, 9965.23841266, 1893.81356399)
(-7371.34666447, 9965.23674082, 1893.81356398)
(-7371.29548024, 9965.23517353, 1893.81356397)
(-7371.21663821, 9965.23282162, 1893.81356397)
(-7371.16545954, 9965.23149048, 1893.81356397)
(-7371.11014921, 9965.23007245, 1893.81356398)
(-7371.0601875, 9965.22860032, 1893.81356399)
(-7371.00361779, 9965.22682027, 1893.81356398)
(-7370.95158875, 9965.2249944, 1893.81356399)
(-7370.90121346, 9965.22322184, 1893.81356398)
(-7370.83350492, 9965.22082956, 1893.81356398)
(-7370.76003422, 9965.21848161, 1893.81356398)
(-7370.70389684, 9965.21673007, 1893.81356398)
(-7370.6403279, 9965.21478419, 1893.81356398)
(-7370.5879105, 9965.21345959, 1893.81356398)
(-7370.53342729, 9965.21209351, 1893.81356398)
(-7370.48511465, 9965.21063262, 1893.81356399)
(-7370.43225954, 9965.20893909, 1893.81356397)
(-7370.37445038, 9965.20688945, 1893.813564)
(-7370.30384508, 9965.2043745, 1893.81356399)
(-7370.23325399, 9965.20194025, 1893.81356398)
(-7370.17176674, 9965.20041029, 1893.81356398)
(-7370.10531454, 9965.19879387, 1893.81356396)
(-7370.0491612, 9965.19718165, 1893.81356398)
(-7369.99548457, 9965.19554974, 1893.81356398)
(-7369.93561672, 9965.19370376, 1893.81356398)
(-7369.87945985, 9965.19172378, 1893.81356399)
(-7369.8233034, 9965.18972017, 1893.81356398)
(-7369.7770758, 9965.18829404, 1893.81356397)
(-7369.72795742, 9965.18685405, 1893.81356399)
(-7369.68296933, 9965.18567354, 1893.81356397)
(-7369.6313765, 9965.18436415, 1893.81356398)
(-7369.5715199, 9965.1828451, 1893.81356399)
(-7369.51494135, 9965.18106331, 1893.81356399)
(-7369.4521734, 9965.17900029, 1893.81356398)
(-7369.39353672, 9965.17692168, 1893.81356399)
(-7369.33325524, 9965.17477681, 1893.81356397)
(-7369.28042701, 9965.17315542, 1893.81356398)
(-7369.22718426, 9965.17161617, 1893.81356399)
(-7369.17765568, 9965.17034977, 1893.81356395)
(-7369.13060177, 9965.16915558, 1893.81356398)
(-7369.07817498, 9965.16782534, 1893.81356397)
(-7369.02738004, 9965.16612578, 1893.81356399)
(-7368.97246061, 9965.16418791, 1893.81356399)
(-7368.91259041, 9965.16210827, 1893.81356397)
(-7368.85686494, 9965.16032897, 1893.81356398)
(-7368.80155207, 9965.15863624, 1893.81356398)
(-7368.74541265, 9965.15695471, 1893.81356398)
(-7368.69629702, 9965.15568385, 1893.81356398)
(-7368.64924286, 9965.15447563, 1893.81356398)
(-7368.59681652, 9965.15314186, 1893.81356398)
(-7368.54932617, 9965.15157814, 1893.81356399)
(-7368.49936144, 9965.14980358, 1893.81356398)
(-7368.44444373, 9965.14787252, 1893.81356398)
(-7368.39202027, 9965.14619696, 1893.81356398)
(-7368.34083455, 9965.14461252, 1893.81356398)
(-7368.28221845, 9965.14283887, 1893.81356398)
(-7368.22856278, 9965.14142212, 1893.81356397)
(-7368.1765559, 9965.14008315, 1893.81356398)
(-7368.12660519, 9965.13878848, 1893.81356398)
(-7368.08076602, 9965.13726108, 1893.81356399)
(-7368.03451681, 9965.13565177, 1893.81356399)
(-7367.98083738, 9965.13377671, 1893.81356398)
(-7367.92799622, 9965.13204493, 1893.81356398)
(-7367.87432986, 9965.13027301, 1893.81356398)
(-7367.82439111, 9965.12887293, 1893.81356398)
(-7367.77857766, 9965.1276388, 1893.81356397)
(-7367.72243912, 9965.12613904, 1893.81356399)
(-7367.66794057, 9965.12456397, 1893.81356398)
(-7367.6208738, 9965.12317037, 1893.81356398)
(-7367.56678744, 9965.1215272, 1893.81356398)
(-7367.52053909, 9965.11992774, 1893.81356399)
(-7367.47263892, 9965.11823782, 1893.81356398)
(-7367.42102909, 9965.11640753, 1893.81356398)
(-7367.36572639, 9965.11475455, 1893.81356398)
(-7367.30298767, 9965.11295043, 1893.81356398)
(-7367.24685526, 9965.11150082, 1893.81356397)
(-7367.19773533, 9965.11024378, 1893.81356398)
(-7367.13663789, 9965.10868451, 1893.81356397)
(-7367.08625452, 9965.10694592, 1893.81356399)
(-7367.03340005, 9965.10505966, 1893.81356397)
(-7366.98344421, 9965.1033752, 1893.81356398)
(-7366.93060007, 9965.10156641, 1893.81356398)
(-7366.88189504, 9965.10005414, 1893.81356397)
(-7366.82493325, 9965.09837358, 1893.81356397)
(-7366.77168997, 9965.09700063, 1893.81356397)
(-7366.71349182, 9965.09553184, 1893.81356397)
(-7366.65321944, 9965.09398787, 1893.81356398)
(-7366.59829285, 9965.09205942, 1893.81356398)
(-7366.53800715, 9965.08988668, 1893.81356399)
(-7366.48681557, 9965.0881682, 1893.81356398)
(-7366.42324165, 9965.08601832, 1893.81356398)
(-7366.37082692, 9965.08458282, 1893.81356398)
(-7366.32336278, 9965.0833125, 1893.81356397)
(-7366.27341615, 9965.0819787, 1893.81356398)
(-7366.22717485, 9965.08064104, 1893.81356398)
(-7366.17391527, 9965.07906513, 1893.81356398)
(-7366.11404875, 9965.07723968, 1893.81356398)
(-7366.05830374, 9965.0752926, 1893.81356399)
(-7366.00957989, 9965.07357428, 1893.81356398)
(-7365.96086204, 9965.07185221, 1893.81356399)
(-7365.91422694, 9965.07055595, 1893.81356397)
(-7365.86387391, 9965.06925183, 1893.81356397)
(-7365.80773729, 9965.06777947, 1893.81356398)
(-7365.75613101, 9965.06631675, 1893.81356398)
(-7365.70204838, 9965.06480929, 1893.81356398)
(-7365.64960422, 9965.0630833, 1893.81356399)
(-7365.59592084, 9965.06123195, 1893.81356399)
(-7365.53192497, 9965.05903461, 1893.81356398)
(-7365.47496121, 9965.05722854, 1893.81356398)
(-7365.41510715, 9965.05539377, 1893.81356398)
(-7365.368881, 9965.05410722, 1893.81356398)
(-7365.31893657, 9965.05274552, 1893.81356399)
(-7365.27269783, 9965.05139665, 1893.81356398)
(-7365.22645917, 9965.05003321, 1893.81356398)
(-7365.16122959, 9965.04810884, 1893.81356398)
(-7365.08896819, 9965.04573419, 1893.81356397)
(-7365.0410706, 9965.04408998, 1893.81356398)
(-7364.98285559, 9965.04206011, 1893.81356399)
(-7364.9263135, 9965.04049255, 1893.81356398)
(-7364.87843652, 9965.03921296, 1893.81356398)
(-7364.8214752, 9965.03772958, 1893.81356398)
(-7364.76614963, 9965.03613398, 1893.81356398)
(-7364.71247503, 9965.03451587, 1893.81356398)
(-7364.64022111, 9965.03227672, 1893.81356398)
(-7364.58736747, 9965.0304082, 1893.81356399)
(-7364.52501754, 9965.02816032, 1893.81356398)
(-7364.47136497, 9965.02655203, 1893.81356398)
(-7364.40491076, 9965.02463062, 1893.81356397)
(-7364.34836504, 9965.02318901, 1893.81356398)
(-7364.27241198, 9965.02124765, 1893.81356399)
(-7364.20840375, 9965.01909368, 1893.81356399)
(-7364.15059151, 9965.0171048, 1893.81356398)
(-7364.08370727, 9965.01483048, 1893.81356399)
(-7364.0283949, 9965.01307753, 1893.81356398)
(-7363.9668906, 9965.0112226, 1893.81356398)
(-7363.90993281, 9965.00965408, 1893.81356398)
(-7363.84636298, 9965.00793245, 1893.81356397)
(-7363.79021385, 9965.00630835, 1893.81356398)
(-7363.72622122, 9965.00444071, 1893.81356398)
(-7363.67253735, 9965.00264801, 1893.81356398)
(-7363.6139049, 9965.00066203, 1893.81356399)
(-7363.56106558, 9964.99898819, 1893.81356398)
(-7363.51441744, 9964.99751442, 1893.81356398)
(-7363.46901327, 9964.99619892, 1893.81356398)
(-7363.42113148, 9964.99486503, 1893.81356399)
(-7363.37118438, 9964.99351581, 1893.81356399)
(-7363.31710606, 9964.99207282, 1893.81356398)
(-7363.26424759, 9964.99033203, 1893.81356399)
(-7363.2142817, 9964.98863148, 1893.81356398)
(-7363.15441389, 9964.98659618, 1893.81356399)
(-7363.10405281, 9964.98497319, 1893.81356398)
(-7363.05575575, 9964.98346777, 1893.81356398)
(-7362.99920328, 9964.98174792, 1893.81356398)
(-7362.95173768, 9964.98048669, 1893.81356397)
(-7362.8993186, 9964.97914132, 1893.81356398)
(-7362.84606685, 9964.97778128, 1893.81356399)
(-7362.79733534, 9964.97626045, 1893.81356399)
(-7362.74530364, 9964.97456365, 1893.81356398)
(-7362.69575137, 9964.97282415, 1893.81356399)
(-7362.64867917, 9964.9711539, 1893.81356398)
(-7362.59872262, 9964.96937796, 1893.81356399)
(-7362.55084901, 9964.96801829, 1893.81356397)
(-7362.5025601, 9964.96676744, 1893.81356398)
(-7362.44849022, 9964.96536781, 1893.81356398)
(-7362.39812302, 9964.96394446, 1893.81356396)
(-7362.33867285, 9964.96227421, 1893.81356398)
(-7362.28705435, 9964.96055815, 1893.81356399)
(-7362.23585011, 9964.95880307, 1893.81356398)
(-7362.18258855, 9964.95697856, 1893.81356398)
(-7362.1347049, 9964.95543715, 1893.81356398)
(-7362.08971036, 9964.95403106, 1893.81356398)
(-7362.03893726, 9964.95248332, 1893.81356398)
(-7361.9935363, 9964.95128617, 1893.81356397)
(-7361.94689663, 9964.95008864, 1893.81356397)
(-7361.89653671, 9964.94880189, 1893.81356399)
(-7361.85028618, 9964.94740679, 1893.81356398)
(-7361.79701509, 9964.94567578, 1893.81356398)
(-7361.7507662, 9964.94405895, 1893.81356399)
(-7361.70162852, 9964.94231336, 1893.81356399)
(-7361.64836857, 9964.94041388, 1893.81356399)
(-7361.60173251, 9964.93898995, 1893.81356398)
(-7361.5505558, 9964.93754422, 1893.81356397)
(-7361.50309126, 9964.93631658, 1893.81356397)
(-7361.45521198, 9964.93509867, 1893.81356398)
(-7361.40732645, 9964.93388204, 1893.81356398)
(-7361.35942139, 9964.93241131, 1893.81356399)
(-7361.31151928, 9964.93078754, 1893.81356399)
(-7361.25866328, 9964.92897515, 1893.81356398)
(-7361.21200883, 9964.92739333, 1893.81356399)
(-7361.16040244, 9964.92562362, 1893.81356398)
(-7361.11376605, 9964.92427764, 1893.81356397)
(-7361.06506463, 9964.92296221, 1893.81356397)
(-7361.0142942, 9964.92160133, 1893.81356398)
(-7360.96599279, 9964.92023689, 1893.81356398)
(-7360.91562742, 9964.91884619, 1893.81356398)
(-7360.86731138, 9964.91727764, 1893.81356399)
(-7360.81858435, 9964.91562679, 1893.81356398)
(-7360.76449567, 9964.91378067, 1893.81356399)
(-7360.71949694, 9964.91229477, 1893.81356398)
(-7360.67078302, 9964.91066439, 1893.81356398)
(-7360.62414579, 9964.90931937, 1893.81356397)
(-7360.57750809, 9964.90807261, 1893.81356398)
(-7360.52384873, 9964.90664746, 1893.81356398)
(-7360.47141848, 9964.90517513, 1893.81356398)
(-7360.42434985, 9964.90380037, 1893.81356398)
(-7360.37480426, 9964.90229157, 1893.81356398)
(-7360.32731585, 9964.9007123, 1893.81356398)
(-7360.27941913, 9964.89909901, 1893.81356398)
(-7360.2331841, 9964.89763943, 1893.81356398)
(-7360.18859966, 9964.89623736, 1893.81356398)
(-7360.13947421, 9964.89469259, 1893.81356398)
(-7360.09324316, 9964.89333506, 1893.81356397)
(-7360.04659831, 9964.892016, 1893.81356397)
(-7360.00119274, 9964.89078893, 1893.81356398)
(-7359.95083111, 9964.88945926, 1893.81356397)
(-7359.90251575, 9964.88789076, 1893.81356399)
(-7359.85378725, 9964.88621584, 1893.81356398)
(-7359.80300027, 9964.88447109, 1893.81356397)
(-7359.75098367, 9964.88275366, 1893.81356398)
(-7359.7022674, 9964.8810709, 1893.81356398)
(-7359.64694731, 9964.87912636, 1893.81356398)
(-7359.59865696, 9964.87758796, 1893.81356398)
(-7359.54789046, 9964.87607496, 1893.81356399)
(-7359.50001375, 9964.87483675, 1893.81356399)
(-7359.45213564, 9964.87361334, 1893.81356398)
(-7359.40342672, 9964.87237038, 1893.81356399)
(-7359.35510988, 9964.87088581, 1893.81356399)
(-7359.30968633, 9964.86932695, 1893.81356399)
(-7359.26302416, 9964.86770859, 1893.81356399)
(-7359.21843383, 9964.86618339, 1893.81356399)
(-7359.16682783, 9964.86440561, 1893.81356398)
(-7359.11605886, 9964.86281529, 1893.81356397)
(-7359.06405065, 9964.8612742, 1893.81356397)
(-7359.00502915, 9964.85975245, 1893.81356397)
(-7358.95343192, 9964.85841051, 1893.81356399)
(-7358.89811523, 9964.85699843, 1893.81356397)
(-7358.84442974, 9964.85517821, 1893.81356399)
(-7358.79653061, 9964.85347745, 1893.81356399)
(-7358.73376894, 9964.85125134, 1893.81356397)
(-7358.6871263, 9964.84976989, 1893.81356397)
(-7358.63305373, 9964.84814439, 1893.81356397)
(-7358.58269392, 9964.84664457, 1893.81356398)
(-7358.53564257, 9964.84540831, 1893.81356397)
(-7358.48982733, 9964.84422885, 1893.81356398)
(-7358.42543009, 9964.84259176, 1893.81356399)
(-7358.36844056, 9964.84065, 1893.81356399)
(-7358.32343034, 9964.83907384, 1893.81356399)
(-7358.26892581, 9964.83715604, 1893.81356398)
(-7358.22186866, 9964.83564341, 1893.81356398)
(-7358.17398576, 9964.83416246, 1893.81356398)
(-7358.11991089, 9964.83252626, 1893.81356398)
(-7358.07120615, 9964.83116319, 1893.81356398)
(-7358.02332771, 9964.82989264, 1893.81356398)
(-7357.97214207, 9964.82855792, 1893.81356398)
(-7357.92341863, 9964.82710628, 1893.81356399)
(-7357.87056663, 9964.82545294, 1893.81356398)
(-7357.81977681, 9964.82367848, 1893.81356399)
(-7357.77063886, 9964.82193535, 1893.81356398)
(-7357.71614004, 9964.81999634, 1893.81356399)
(-7357.66868, 9964.8186878, 1893.81356397)
(-7357.62204202, 9964.81746864, 1893.81356396)
(-7357.57333776, 9964.816201, 1893.81356398)
(-7357.52792551, 9964.8149219, 1893.81356398)
(-7357.48168712, 9964.81362956, 1893.81356398)
(-7357.43584845, 9964.81215877, 1893.81356399)
(-7357.39125012, 9964.81065656, 1893.81356399)
(-7357.34170213, 9964.80897317, 1893.81356399)
(-7357.29298717, 9964.80737051, 1893.81356398)
(-7357.24427271, 9964.80574481, 1893.81356398)
(-7357.19597907, 9964.8042475, 1893.81356397)
(-7357.14685851, 9964.80278527, 1893.81356397)
(-7357.10063195, 9964.80158585, 1893.81356396)
(-7357.05440475, 9964.80041459, 1893.81356398)
(-7357.00528294, 9964.79917637, 1893.81356399)
(-7356.95944252, 9964.79776459, 1893.81356399)
(-7356.90864944, 9964.79612278, 1893.81356398)
(-7356.863227, 9964.79453373, 1893.81356399)
(-7356.81574063, 9964.79284756, 1893.81356398)
(-7356.76743442, 9964.79112777, 1893.81356398)
(-7356.7191473, 9964.78966015, 1893.81356397)
(-7356.66920793, 9964.78823491, 1893.81356397)
(-7356.62215626, 9964.78701124, 1893.81356397)
(-7356.5755154, 9964.78582051, 1893.81356398)
(-7356.52556682, 9964.78455345, 1893.81356399)
(-7356.47724983, 9964.78308863, 1893.81356398)
(-7356.43058486, 9964.78156884, 1893.81356398)
(-7356.38474918, 9964.77996648, 1893.81356399)
(-7356.33808811, 9964.77830493, 1893.81356399)
(-7356.29019379, 9964.77659392, 1893.81356397)
(-7356.24438253, 9964.7751792, 1893.81356398)
(-7356.19609495, 9964.77379941, 1893.81356397)
(-7356.15152004, 9964.77264214, 1893.81356397)
(-7356.10611796, 9964.77148137, 1893.81356397)
(-7356.0541069, 9964.77016515, 1893.81356399)
(-7356.00413894, 9964.76865185, 1893.81356398)
(-7355.95251989, 9964.76698324, 1893.81356398)
(-7355.90544577, 9964.76533689, 1893.81356399)
(-7355.86043758, 9964.76374665, 1893.81356399)
(-7355.8129567, 9964.76205595, 1893.81356398)
(-7355.76673303, 9964.76064377, 1893.81356398)
(-7355.71555437, 9964.75916443, 1893.81356398)
(-7355.6697414, 9964.7579637, 1893.81356397)
(-7355.6247524, 9964.75680964, 1893.81356398)
(-7355.57645656, 9964.75558423, 1893.81356399)
(-7355.5289664, 9964.75413544, 1893.81356398)
(-7355.47817527, 9964.7525159, 1893.81356397)
(-7355.43233947, 9964.75091914, 1893.81356399)
(-7355.3836142, 9964.74919949, 1893.81356399)
(-7355.33035393, 9964.74731265, 1893.81356398)
(-7355.2804158, 9964.7457973, 1893.81356397)
(-7355.22552281, 9964.74422623, 1893.81356398)
(-7355.17682021, 9964.74296493, 1893.81356397)
(-7355.12770201, 9964.74170505, 1893.81356398)
(-7355.0723855, 9964.7402972, 1893.81356397)
(-7355.02448193, 9964.73873001, 1893.81356399)
(-7354.97575568, 9964.73702168, 1893.81356397)
(-7354.9253782, 9964.73524581, 1893.81356398)
(-7354.87542716, 9964.73361522, 1893.81356398)
(-7354.82423728, 9964.73192444, 1893.81356398)
(-7354.77388566, 9964.73048666, 1893.81356397)
(-7354.72724714, 9964.72923617, 1893.81356397)
(-7354.67399884, 9964.72781427, 1893.81356398)
(-7354.62569379, 9964.72642372, 1893.81356399)
(-7354.58069176, 9964.72510191, 1893.81356398)
(-7354.53197295, 9964.72363257, 1893.81356398)
(-7354.48489856, 9964.72208021, 1893.81356398)
(-7354.43535048, 9964.72042116, 1893.81356399)
(-7354.38952786, 9964.7189738, 1893.81356398)
(-7354.34494332, 9964.7175749, 1893.81356398)
(-7354.29664341, 9964.71605964, 1893.81356398)
(-7354.25165058, 9964.71474069, 1893.81356397)
(-7354.20541836, 9964.71343128, 1893.81356397)
(-7354.1595999, 9964.71219064, 1893.81356398)
(-7354.11212775, 9964.71093411, 1893.81356398)
(-7354.06587605, 9964.709436, 1893.81356399)
(-7354.02086426, 9964.70790842, 1893.81356399)
(-7353.9729672, 9964.70626872, 1893.81356399)
(-7353.92672936, 9964.7047414, 1893.81356398)
(-7353.88049214, 9964.70319617, 1893.81356398)
(-7353.83550091, 9964.70179685, 1893.81356397)
(-7353.78638077, 9964.70033747, 1893.81356398)
(-7353.74056701, 9964.69914705, 1893.81356396)
(-7353.69351401, 9964.69795238, 1893.81356398)
(-7353.64728184, 9964.69678456, 1893.81356399)
(-7353.60144314, 9964.69539932, 1893.81356398)
(-7353.553127, 9964.69383782, 1893.81356398)
(-7353.50770422, 9964.69225582, 1893.81356399)
(-7353.4614562, 9964.69061526, 1893.81356399)
(-7353.41480045, 9964.68895216, 1893.81356397)
(-7353.36940136, 9964.68755596, 1893.81356397)
(-7353.32276266, 9964.68620314, 1893.81356397)
(-7353.27571139, 9964.684908, 1893.81356398)
(-7353.22700434, 9964.6835855, 1893.81356398)
(-7353.18159093, 9964.68226685, 1893.81356398)
(-7353.13617776, 9964.68093445, 1893.81356398)
(-7353.08952612, 9964.67956498, 1893.81356398)
(-7353.03295689, 9964.67774545, 1893.81356398)
(-7352.98382282, 9964.67612519, 1893.81356399)
(-7352.92767961, 9964.67437575, 1893.81356398)
(-7352.88103046, 9964.67292419, 1893.81356398)
(-7352.83231724, 9964.67140804, 1893.81356398)
(-7352.78526585, 9964.67011669, 1893.81356398)
(-7352.73862423, 9964.6688878, 1893.81356398)
(-7352.69073927, 9964.66764216, 1893.81356398)
(-7352.64036005, 9964.66609626, 1893.81356397)
(-7352.58915836, 9964.6644614, 1893.81356399)
(-7352.53960692, 9964.66272968, 1893.81356399)
(-7352.49047017, 9964.6609917, 1893.81356398)
(-7352.42565088, 9964.65868127, 1893.81356399)
(-7352.37695255, 9964.65732536, 1893.81356397)
(-7352.3282508, 9964.6560847, 1893.813564)
(-7352.27252999, 9964.65465149, 1893.81356397)
(-7352.21885946, 9964.65314378, 1893.81356398)
(-7352.15898903, 9964.65135576, 1893.81356398)
(-7352.08755916, 9964.64913181, 1893.81356398)
(-7352.04089795, 9964.64749221, 1893.81356399)
(-7351.99299859, 9964.64577799, 1893.81356399)
(-7351.94262879, 9964.64397745, 1893.81356399)
(-7351.89351725, 9964.64260162, 1893.81356397)
(-7351.84811716, 9964.64144038, 1893.81356398)
(-7351.80106386, 9964.64023256, 1893.81356398)
(-7351.7560639, 9964.63896068, 1893.81356398)
(-7351.70776123, 9964.63761288, 1893.81356398)
(-7351.66192297, 9964.63614452, 1893.81356399)
(-7351.61608471, 9964.63458357, 1893.81356398)
(-7351.56901328, 9964.63297461, 1893.81356397)
(-7351.52401389, 9964.6314912, 1893.81356398)
(-7351.47488646, 9964.62984464, 1893.81356398)
(-7351.42783711, 9964.6284871, 1893.81356397)
(-7351.38326265, 9964.62727203, 1893.81356397)
(-7351.33414296, 9964.62594756, 1893.81356399)
(-7351.28790632, 9964.62464986, 1893.81356398)
(-7351.23877955, 9964.62329452, 1893.81356398)
(-7351.19294751, 9964.62192579, 1893.81356399)
(-7351.14463857, 9964.62041505, 1893.81356399)
(-7351.09715285, 9964.61875563, 1893.81356399)
(-7351.05049213, 9964.61710033, 1893.81356399)
(-7351.00383615, 9964.61542943, 1893.81356397)
(-7350.95843806, 9964.6140413, 1893.81356398)
(-7350.91056237, 9964.61266558, 1893.81356398)
(-7350.86557496, 9964.61148858, 1893.81356397)
(-7350.81976063, 9964.61032169, 1893.81356397)
(-7350.77394171, 9964.60916067, 1893.81356399)
(-7350.72810441, 9964.6077855, 1893.81356398)
(-7350.6806154, 9964.60626621, 1893.81356398)
(-7350.63477852, 9964.60473482, 1893.81356398)
(-7350.58399116, 9964.60301099, 1893.81356398)
(-7350.53858188, 9964.60156129, 1893.81356398)
(-7350.49358506, 9964.60013639, 1893.81356398)
(-7350.44611131, 9964.59863383, 1893.81356398)
(-7350.40070814, 9964.5973245, 1893.81356398)
(-7350.35200043, 9964.59596527, 1893.81356399)
(-7350.30617502, 9964.59460296, 1893.81356398)
(-7350.26158847, 9964.59326927, 1893.81356398)
(-7350.21122224, 9964.59176313, 1893.81356398)
(-7350.16498009, 9964.59031802, 1893.81356398)
(-7350.1179122, 9964.58879107, 1893.81356398)
(-7350.07290661, 9964.58726386, 1893.81356399)
(-7350.02377433, 9964.58556381, 1893.81356399)
(-7349.97837505, 9964.58424279, 1893.81356397)
(-7349.93256272, 9964.58302477, 1893.81356398)
(-7349.88509536, 9964.58176957, 1893.81356398)
(-7349.83844537, 9964.58046182, 1893.81356398)
(-7349.79138253, 9964.57916932, 1893.81356398)
(-7349.74637036, 9964.5777309, 1893.81356399)
(-7349.70011945, 9964.57616536, 1893.81356398)
(-7349.65346082, 9964.57457523, 1893.81356397)
(-7349.60598439, 9964.57301604, 1893.81356398)
(-7349.55603116, 9964.57134568, 1893.81356398)
(-7349.50732457, 9964.56982811, 1893.81356397)
(-7349.45737896, 9964.56835032, 1893.81356397)
(-7349.40991413, 9964.56711545, 1893.81356397)
(-7349.3624486, 9964.56591402, 1893.81356398)
(-7349.3100243, 9964.56460033, 1893.81356399)
(-7349.26253282, 9964.56301528, 1893.81356399)
(-7349.21504493, 9964.56136471, 1893.81356399)
(-7349.16755889, 9964.55971517, 1893.81356398)
(-7349.11884509, 9964.55812215, 1893.81356398)
(-7349.06930602, 9964.55648632, 1893.81356398)
(-7349.02308131, 9964.55514828, 1893.81356397)
(-7348.97644262, 9964.55388491, 1893.81356398)
(-7348.92649723, 9964.55254558, 1893.81356399)
(-7348.87943433, 9964.55122208, 1893.81356398)
(-7348.83072018, 9964.54988224, 1893.81356398)
(-7348.78322864, 9964.54834261, 1893.81356399)
(-7348.7365664, 9964.5467762, 1893.81356398)
(-7348.68578027, 9964.54505793, 1893.81356398)
(-7348.63912964, 9964.54352544, 1893.81356398)
(-7348.58917637, 9964.541852, 1893.81356398)
(-7348.54294353, 9964.54034801, 1893.81356398)
(-7348.49670934, 9964.5388494, 1893.81356398)
(-7348.44758558, 9964.53725843, 1893.81356398)
(-7348.40094719, 9964.5359204, 1893.81356397)
(-7348.35389354, 9964.53460307, 1893.81356398)
(-7348.30766362, 9964.53334785, 1893.81356399)
(-7348.26307502, 9964.53203927, 1893.81356398)
(-7348.2160099, 9964.53063967, 1893.81356398)
(-7348.16893587, 9964.52908349, 1893.81356397)
(-7348.12103936, 9964.52747229, 1893.81356398)
(-7348.07438445, 9964.52588372, 1893.81356399)
(-7348.02731873, 9964.52425891, 1893.81356399)
(-7347.98192079, 9964.5229522, 1893.81356397)
(-7347.93775968, 9964.52175449, 1893.81356397)
(-7347.88822881, 9964.52042833, 1893.81356398)
(-7347.84157947, 9964.51911722, 1893.81356398)
(-7347.79451663, 9964.51781136, 1893.81356398)
(-7347.74951046, 9964.51646202, 1893.81356398)
(-7347.6974859, 9964.5148332, 1893.81356399)
(-7347.6487615, 9964.51312549, 1893.81356399)
(-7347.60292722, 9964.51149336, 1893.81356399)
(-7347.55420856, 9964.50975308, 1893.81356397)
(-7347.50798579, 9964.50836314, 1893.81356398)
(-7347.45763332, 9964.50692018, 1893.81356398)
(-7347.41140749, 9964.5057209, 1893.81356397)
(-7347.36394172, 9964.50450824, 1893.81356398)
(-7347.31234261, 9964.50320217, 1893.81356397)
(-7347.26195903, 9964.50163979, 1893.81356399)
(-7347.21075305, 9964.49997492, 1893.81356398)
(-7347.1620272, 9964.49826172, 1893.81356399)
(-7347.1133034, 9964.49653132, 1893.81356398)
(-7347.06417265, 9964.49478105, 1893.81356398)
(-7347.0158871, 9964.49344643, 1893.81356397)
(-7346.97048689, 9964.49226029, 1893.81356397)
(-7346.9242588, 9964.49104597, 1893.81356398)
(-7346.87967232, 9964.48978133, 1893.81356398)
(-7346.82848063, 9964.48835965, 1893.81356398)
(-7346.78305409, 9964.48689068, 1893.81356399)
(-7346.73845625, 9964.48538934, 1893.81356398)
(-7346.69179851, 9964.48380666, 1893.81356398)
(-7346.64597285, 9964.48229152, 1893.81356398)
(-7346.59436837, 9964.48056521, 1893.81356398)
(-7346.54937703, 9964.47916522, 1893.81356397)
(-7346.50232065, 9964.4777678, 1893.81356397)
(-7346.45650742, 9964.47658182, 1893.81356397)
(-7346.40408847, 9964.47525631, 1893.81356398)
(-7346.35124872, 9964.47390689, 1893.81356397)
(-7346.30334322, 9964.47242223, 1893.81356399)
(-7346.25378788, 9964.4707994, 1893.81356398)
(-7346.19763036, 9964.46881504, 1893.81356399)
(-7346.15262475, 9964.46723379, 1893.81356397)
(-7346.10514603, 9964.46555538, 1893.81356398)
(-7346.05933583, 9964.46425415, 1893.81356397)
(-7346.01434886, 9964.46308014, 1893.81356397)
(-7345.96688379, 9964.46185181, 1893.81356397)
(-7345.92023287, 9964.46052538, 1893.81356398)
(-7345.84427083, 9964.458417, 1893.81356398)
(-7345.79678139, 9964.45686042, 1893.81356399)
(-7345.74846605, 9964.4551918, 1893.81356399)
(-7345.69891777, 9964.45347831, 1893.81356397)
(-7345.65227198, 9964.45197113, 1893.81356398)
(-7345.60273632, 9964.45041523, 1893.81356398)
(-7345.55320128, 9964.44889634, 1893.81356398)
(-7345.50656157, 9964.4475936, 1893.81356397)
(-7345.45661579, 9964.44622279, 1893.81356398)
(-7345.40913832, 9964.44483107, 1893.81356398)
(-7345.36207413, 9964.44344012, 1893.81356398)
(-7345.31212007, 9964.44196333, 1893.81356398)
(-7345.26628728, 9964.44049882, 1893.81356398)
(-7345.21632615, 9964.43883944, 1893.81356398)
(-7345.16967755, 9964.43737611, 1893.81356398)
(-7345.12302864, 9964.43592051, 1893.81356398)
(-7345.07596686, 9964.43445195, 1893.81356398)
(-7345.03014801, 9964.43310613, 1893.81356397)
(-7344.97978776, 9964.43169141, 1893.81356398)
(-7344.93437475, 9964.43034099, 1893.81356398)
(-7344.8893753, 9964.42899829, 1893.81356398)
(-7344.84355018, 9964.42763128, 1893.81356398)
(-7344.79895895, 9964.42623252, 1893.81356398)
(-7344.75230363, 9964.42471581, 1893.81356399)
(-7344.70688532, 9964.42317443, 1893.81356399)
(-7344.66105614, 9964.42158991, 1893.81356399)
(-7344.61606963, 9964.42027605, 1893.81356397)
(-7344.57067026, 9964.4190587, 1893.81356397)
(-7344.52279088, 9964.41779227, 1893.81356397)
(-7344.47820533, 9964.41654318, 1893.81356398)
(-7344.43238095, 9964.41528069, 1893.81356398)
(-7344.38778742, 9964.41395769, 1893.81356398)
(-7344.34071643, 9964.41248786, 1893.81356399)
(-7344.29488181, 9964.410886, 1893.81356399)
(-7344.24945911, 9964.40927047, 1893.81356399)
(-7344.20238999, 9964.40758992, 1893.81356397)
(-7344.15781609, 9964.40620611, 1893.81356397)
(-7344.10994064, 9964.40482927, 1893.81356398)
(-7344.06495308, 9964.40359744, 1893.81356398)
(-7344.01707207, 9964.40230511, 1893.81356399)
(-7343.97248432, 9964.40101549, 1893.81356398)
(-7343.92748389, 9964.39969771, 1893.81356398)
(-7343.88124496, 9964.39834277, 1893.81356398)
(-7343.83623593, 9964.39689342, 1893.81356397)
(-7343.78710052, 9964.39527101, 1893.81356399)
(-7343.74210298, 9964.39386962, 1893.81356398)
(-7343.69710503, 9964.39247344, 1893.81356398)
(-7343.65128141, 9964.39105114, 1893.81356398)
(-7343.60669971, 9964.38971765, 1893.81356397)
(-7343.55881519, 9964.38834246, 1893.81356398)
(-7343.51382237, 9964.387126, 1893.81356398)
(-7343.46593739, 9964.38585442, 1893.81356398)
(-7343.42092514, 9964.38441026, 1893.81356399)
(-7343.37591339, 9964.38288634, 1893.81356399)
(-7343.32966767, 9964.38130885, 1893.81356397)
(-7343.28549362, 9964.37985056, 1893.81356398)
(-7343.23801746, 9964.37826217, 1893.81356398)
(-7343.19261299, 9964.37684158, 1893.81356398)
(-7343.14473088, 9964.37540768, 1893.81356398)
(-7343.09974259, 9964.37422633, 1893.81356397)
(-7343.05392842, 9964.37306032, 1893.81356398)
(-7343.00769696, 9964.37189337, 1893.81356398)
(-7342.96185936, 9964.37051362, 1893.81356397)
(-7342.91560949, 9964.36903771, 1893.81356397)
(-7342.87142418, 9964.36756263, 1893.81356398)
(-7342.82352642, 9964.36594149, 1893.81356397)
(-7342.77894221, 9964.36451979, 1893.81356398)
(-7342.73229397, 9964.36304685, 1893.81356398)
(-7342.68316875, 9964.36149623, 1893.81356398)
(-7342.63528697, 9964.36009315, 1893.81356397)
(-7342.58162519, 9964.35858575, 1893.81356397)
(-7342.5349739, 9964.35719513, 1893.81356398)
(-7342.48749754, 9964.3557739, 1893.81356398)
(-7342.43713133, 9964.35426667, 1893.81356398)
(-7342.38841148, 9964.35273579, 1893.81356398)
(-7342.33556324, 9964.35101282, 1893.81356398)
(-7342.28891476, 9964.34955313, 1893.81356398)
(-7342.24061441, 9964.34804859, 1893.81356398)
(-7342.19024996, 9964.34647942, 1893.81356398)
(-7342.1411287, 9964.34503725, 1893.81356397)
(-7342.09159376, 9964.34364317, 1893.81356397)
(-7342.04287811, 9964.34219964, 1893.81356398)
(-7341.99375017, 9964.34073583, 1893.81356398)
(-7341.94503507, 9964.33928448, 1893.81356398)
(-7341.89424868, 9964.33766471, 1893.81356399)
(-7341.84676217, 9964.33603624, 1893.81356398)
(-7341.79804175, 9964.33434922, 1893.81356398)
(-7341.75139866, 9964.33288461, 1893.81356397)
(-7341.70310444, 9964.33145081, 1893.81356397)
(-7341.65605262, 9964.33022205, 1893.81356397)
(-7341.61065069, 9964.32906751, 1893.81356398)
(-7341.56070291, 9964.32779973, 1893.81356398)
(-7341.51486506, 9964.32642719, 1893.81356398)
(-7341.46407085, 9964.32478072, 1893.81356399)
(-7341.41864822, 9964.32319818, 1893.81356399)
(-7341.37322638, 9964.32159344, 1893.81356399)
(-7341.32491937, 9964.31987334, 1893.81356399)
(-7341.2795194, 9964.31845964, 1893.81356398)
(-7341.23081807, 9964.3170543, 1893.81356398)
(-7341.1854178, 9964.31580486, 1893.81356397)
(-7341.13547247, 9964.31444913, 1893.81356398)
(-7341.08882053, 9964.3130965, 1893.81356398)
(-7341.04299448, 9964.31175289, 1893.81356398)
(-7340.99427855, 9964.31032377, 1893.81356398)
(-7340.94844439, 9964.30885724, 1893.81356397)
(-7340.90013404, 9964.30725269, 1893.81356399)
(-7340.85513607, 9964.30583837, 1893.81356398)
(-7340.8088999, 9964.30439946, 1893.81356398)
(-7340.7622508, 9964.30294756, 1893.81356398)
(-7340.71601854, 9964.30157701, 1893.81356397)
(-7340.66978578, 9964.3002639, 1893.81356398)
(-7340.62520572, 9964.29906169, 1893.81356398)
(-7340.57814634, 9964.29781919, 1893.81356397)
(-7340.53272177, 9964.29637474, 1893.81356399)
(-7340.48770966, 9964.29483477, 1893.81356398)
(-7340.44228858, 9964.29327162, 1893.81356398)
(-7340.39894054, 9964.29184333, 1893.81356398)
(-7340.35187722, 9964.29026619, 1893.81356398)
(-7340.30647297, 9964.288849, 1893.81356398)
(-7340.25941651, 9964.28744204, 1893.81356397)
(-7340.21277729, 9964.28621876, 1893.81356396)
(-7340.16861393, 9964.28509628, 1893.81356397)
(-7340.12238254, 9964.28393272, 1893.81356398)
(-7340.07695778, 9964.28256772, 1893.81356398)
(-7340.02988146, 9964.28106, 1893.81356398)
(-7339.98404428, 9964.27952576, 1893.81356398)
(-7339.92954076, 9964.2776784, 1893.81356397)
(-7339.88206737, 9964.27615775, 1893.81356398)
(-7339.83376817, 9964.27462549, 1893.81356398)
(-7339.77762535, 9964.27284591, 1893.81356398)
(-7339.73016105, 9964.2715894, 1893.81356397)
(-7339.67980673, 9964.27029157, 1893.81356398)
(-7339.62903337, 9964.26898675, 1893.81356398)
(-7339.58112899, 9964.26749809, 1893.81356398)
(-7339.52992368, 9964.26582855, 1893.81356398)
(-7339.4807843, 9964.2641019, 1893.81356399)
(-7339.43247373, 9964.26238936, 1893.81356398)
(-7339.38251757, 9964.26061199, 1893.81356398)
(-7339.32886611, 9964.2590018, 1893.81356398)
(-7339.28099028, 9964.25770874, 1893.81356397)
(-7339.22939755, 9964.25633423, 1893.81356398)
(-7339.18233808, 9964.25506466, 1893.81356398)
(-7339.13568949, 9964.25381999, 1893.81356398)
(-7339.09067721, 9964.25237345, 1893.81356399)
(-7339.04525178, 9964.25082499, 1893.81356399)
(-7338.99776633, 9964.2491985, 1893.81356397)
(-7338.95235411, 9964.2477075, 1893.81356398)
(-7338.90405227, 9964.24609414, 1893.81356398)
(-7338.85617131, 9964.24460647, 1893.81356397)
(-7338.80993846, 9964.24318466, 1893.81356398)
(-7338.7628796, 9964.24175623, 1893.81356398)
(-7338.71747185, 9964.24040442, 1893.81356398)
(-7338.67165057, 9964.23905422, 1893.81356398)
