(-7420.40985062, 9965.22999947, 1893.81356594)
(-7420.35719901, 9965.23010162, 1893.81402171)
(-7420.29153411, 9965.2302019, 1893.8135624)
(-7420.22916854, 9965.23028967, 1893.81356484)
(-7420.16349812, 9965.23038037, 1893.81356381)
(-7420.10319576, 9965.23045853, 1893.81356409)
(-7420.03793692, 9965.23051798, 1893.81356394)
(-7419.97806616, 9965.23080211, 1893.81356399)
(-7419.90249882, 9965.23124794, 1893.81356399)
(-7419.84224654, 9965.23270978, 1893.81356398)
(-7419.76878895, 9965.2345255, 1893.81356398)
(-7419.70396447, 9965.23580332, 1893.81356398)
(-7419.63418178, 9965.23718137, 1893.81356398)
(-7419.57927093, 9965.23837279, 1893.81356396)
(-7419.50330128, 9965.24006503, 1893.81356398)
(-7419.44219794, 9965.24149489, 1893.81356398)
(-7419.38191835, 9965.24292718, 1893.81356398)
(-7419.31957007, 9965.24437218, 1893.81356398)
(-7419.25722411, 9965.24586379, 1893.81356397)
(-7419.1816685, 9965.24773646, 1893.81356398)
(-7419.12344837, 9965.24912687, 1893.81356398)
(-7419.06151276, 9965.25060581, 1893.81356398)
(-7419.00288015, 9965.25200603, 1893.81356398)
(-7418.93764145, 9965.25356635, 1893.81356398)
(-7418.86662556, 9965.25532784, 1893.81356398)
(-7418.80262525, 9965.25687985, 1893.81356398)
(-7418.73656126, 9965.25848266, 1893.81356398)
(-7418.66925793, 9965.26011446, 1893.81356398)
(-7418.58131009, 9965.26224864, 1893.81356398)
(-7418.49047162, 9965.26445329, 1893.81356398)
(-7418.40871713, 9965.26643643, 1893.81356398)
(-7418.31085996, 9965.2688181, 1893.81356398)
(-7418.23860196, 9965.27057371, 1893.81356398)
(-7418.15148075, 9965.27270605, 1893.81356398)
(-7418.06890019, 9965.27471818, 1893.81356398)
(-7417.9780626, 9965.27694029, 1893.81356398)
(-7417.91323681, 9965.27852185, 1893.81356398)
(-7417.84304423, 9965.28023832, 1893.81356398)
(-7417.78565063, 9965.28163914, 1893.81356398)
(-7417.70843858, 9965.28352472, 1893.81356398)
(-7417.65021952, 9965.28494621, 1893.81356398)
(-7417.57424646, 9965.28680784, 1893.81356398)
(-7417.51726574, 9965.28820002, 1893.81356398)
(-7417.44831175, 9965.28988587, 1893.81356398)
(-7417.38802788, 9965.29135818, 1893.81356398)
(-7417.3161835, 9965.29311347, 1893.81356398)
(-7417.24888064, 9965.29475753, 1893.81356398)
(-7417.1762105, 9965.29653511, 1893.81356398)
(-7417.1184041, 9965.29794703, 1893.81356398)
(-7417.04862417, 9965.29965248, 1893.81356398)
(-7416.98627594, 9965.30117466, 1893.81356398)
(-7416.90906385, 9965.30306068, 1893.81356398)
(-7416.84712876, 9965.30457338, 1893.81356398)
(-7416.76578772, 9965.30656227, 1893.81356398)
(-7416.70591678, 9965.30802447, 1893.81356398)
(-7416.63737561, 9965.30969926, 1893.81356398)
(-7416.57337572, 9965.31126168, 1893.81356398)
(-7416.49864096, 9965.3130869, 1893.81356398)
(-7416.44000886, 9965.31451806, 1893.81356398)
(-7416.37931268, 9965.31599997, 1893.81356398)
(-7416.29549413, 9965.31804866, 1893.81356398)
(-7416.24429421, 9965.31929862, 1893.81356398)
(-7416.17327559, 9965.32103295, 1893.81356398)
(-7416.1154693, 9965.32244388, 1893.81356398)
(-7416.04568934, 9965.32414742, 1893.81356398)
(-7415.96971593, 9965.3260043, 1893.81356398)
(-7415.91025791, 9965.32745592, 1893.81356398)
(-7415.8363489, 9965.32926084, 1893.81356398)
(-7415.78019422, 9965.33063138, 1893.81356398)
(-7415.70752389, 9965.33240546, 1893.81356398)
(-7415.62865986, 9965.33433044, 1893.81356398)
(-7415.57333123, 9965.33568086, 1893.81356398)
(-7415.49942229, 9965.33748597, 1893.81356398)
(-7415.44202889, 9965.3388868, 1893.81356398)
(-7415.36316509, 9965.3408121, 1893.81356398)
(-7415.30288146, 9965.34228316, 1893.81356398)
(-7415.23227559, 9965.3440065, 1893.81356398)
(-7415.17199207, 9965.34547776, 1893.81356398)
(-7415.09188951, 9965.34743377, 1893.81356398)
(-7415.02954138, 9965.34895527, 1893.81356398)
(-7414.96141294, 9965.35061838, 1893.81356398)
(-7414.90278094, 9965.35204901, 1893.81356398)
(-7414.83341379, 9965.3537419, 1893.81356398)
(-7414.77065289, 9965.35527341, 1893.81356398)
(-7414.68931169, 9965.35725932, 1893.81356398)
(-7414.62861514, 9965.35874047, 1893.81356398)
(-7414.5625512, 9965.36035294, 1893.81356398)
(-7414.50474497, 9965.36176335, 1893.81356398)
(-7414.42753265, 9965.36364749, 1893.81356398)
(-7414.35197182, 9965.36549121, 1893.81356398)
(-7414.28797226, 9965.36705277, 1893.81356398)
(-7414.20869552, 9965.36898804, 1893.81356398)
(-7414.15254093, 9965.3703582, 1893.81356398)
(-7414.08317378, 9965.37205107, 1893.81356398)
(-7414.02330311, 9965.37351173, 1893.81356398)
(-7413.9440263, 9965.37544613, 1893.81356398)
(-7413.88374281, 9965.376917, 1893.81356398)
(-7413.81313693, 9965.37864041, 1893.81356398)
(-7413.75780811, 9965.37999035, 1893.81356398)
(-7413.6781184, 9965.38193494, 1893.81356398)
(-7413.62113803, 9965.38332502, 1893.81356398)
(-7413.55011923, 9965.38505778, 1893.81356398)
(-7413.49231315, 9965.3864681, 1893.81356398)
(-7413.42129439, 9965.38820128, 1893.81356398)
(-7413.36307532, 9965.38962162, 1893.81356398)
(-7413.28214692, 9965.39159625, 1893.81356398)
(-7413.22021176, 9965.39310712, 1893.81356398)
(-7413.14258653, 9965.39500099, 1893.81356398)
(-7413.06413539, 9965.39691493, 1893.81356398)
(-7413.00302612, 9965.39840574, 1893.81356398)
(-7412.93572343, 9965.40004822, 1893.81356398)
(-7412.87213663, 9965.40159947, 1893.81356398)
(-7412.77138902, 9965.40405765, 1893.81356398)
(-7412.72101511, 9965.40528651, 1893.81356398)
(-7412.64049961, 9965.40725094, 1893.81356398)
(-7412.55668075, 9965.40929554, 1893.81356398)
(-7412.4703846, 9965.41140099, 1893.81356398)
(-7412.37954642, 9965.41361676, 1893.81356398)
(-7412.28705675, 9965.41587344, 1893.81356398)
(-7412.22925064, 9965.41728356, 1893.81356398)
(-7412.1479093, 9965.41926812, 1893.81356398)
(-7412.07689037, 9965.42100049, 1893.81356398)
(-7411.97614274, 9965.42345841, 1893.81356398)
(-7411.89810455, 9965.425362, 1893.81356398)
(-7411.82213088, 9965.42721561, 1893.81356398)
(-7411.76721505, 9965.42855516, 1893.81356398)
(-7411.68958979, 9965.43044886, 1893.81356398)
(-7411.61402892, 9965.43229191, 1893.81356398)
(-7411.53144886, 9965.43430643, 1893.81356398)
(-7411.46786218, 9965.43585757, 1893.81356398)
(-7411.40262392, 9965.43744893, 1893.81356398)
(-7411.34275336, 9965.43890931, 1893.81356398)
(-7411.26760555, 9965.44074267, 1893.81356398)
(-7411.20484461, 9965.44227356, 1893.81356398)
(-7411.12804517, 9965.44414707, 1893.81356398)
(-7411.07147774, 9965.44552685, 1893.81356398)
(-7411.0025234, 9965.44720885, 1893.81356398)
(-7410.91911753, 9965.44924394, 1893.81356398)
(-7410.86172427, 9965.45064397, 1893.81356398)
(-7410.79029254, 9965.45238658, 1893.81356398)
(-7410.73166062, 9965.45381671, 1893.81356398)
(-7410.65114509, 9965.45578075, 1893.81356398)
(-7410.58879709, 9965.45730147, 1893.81356398)
(-7410.51406217, 9965.45912444, 1893.81356398)
(-7410.44015303, 9965.46092779, 1893.81356398)
(-7410.37986947, 9965.46239829, 1893.81356398)
(-7410.31793444, 9965.46390918, 1893.81356398)
(-7410.25352188, 9965.46548028, 1893.81356398)
(-7410.17218051, 9965.46746443, 1893.81356398)
(-7410.095381, 9965.46933776, 1893.81356398)
(-7410.03592334, 9965.47078805, 1893.81356398)
(-7409.97687859, 9965.47222824, 1893.81356398)
(-7409.90751136, 9965.47392044, 1893.81356398)
(-7409.84557625, 9965.47543112, 1893.81356398)
(-7409.76134459, 9965.47748579, 1893.81356398)
(-7409.70477718, 9965.4788655, 1893.81356398)
(-7409.63623571, 9965.48053738, 1893.81356398)
(-7409.57347481, 9965.48206821, 1893.81356398)
(-7409.49543664, 9965.48397193, 1893.81356398)
(-7409.43267571, 9965.48550276, 1893.81356398)
(-7409.36248267, 9965.48721499, 1893.81356398)
(-7409.30880559, 9965.48852421, 1893.81356398)
(-7409.23654805, 9965.4902867, 1893.81356398)
(-7409.16841947, 9965.49194845, 1893.81356398)
(-7409.08749103, 9965.49392269, 1893.81356398)
(-7409.02803331, 9965.49537297, 1893.81356398)
(-7408.95825315, 9965.49707514, 1893.81356398)
(-7408.89507931, 9965.49861599, 1893.81356398)
(-7408.83149265, 9965.50016699, 1893.81356398)
(-7408.77079625, 9965.50164746, 1893.81356398)
(-7408.6927581, 9965.50355113, 1893.81356398)
(-7408.62297789, 9965.50525314, 1893.81356398)
(-7408.55319777, 9965.50695529, 1893.81356398)
(-7408.49250137, 9965.50843573, 1893.81356398)
(-7408.42354702, 9965.51011765, 1893.81356398)
(-7408.36119904, 9965.5116384, 1893.81356398)
(-7408.28274798, 9965.51355218, 1893.81356398)
(-7408.21420644, 9965.51522401, 1893.81356398)
(-7408.14071016, 9965.51701683, 1893.81356398)
(-7408.08290405, 9965.51842677, 1893.81356398)
(-7408.01188519, 9965.52015907, 1893.81356398)
(-7407.9553178, 9965.52153876, 1893.81356398)
(-7407.89049247, 9965.52311991, 1893.81356398)
(-7407.81658332, 9965.52492289, 1893.81356398)
(-7407.75629982, 9965.52639325, 1893.81356398)
(-7407.68528097, 9965.52812555, 1893.81356398)
(-7407.62871357, 9965.52950526, 1893.81356398)
(-7407.5655398, 9965.53104613, 1893.81356398)
(-7407.48874033, 9965.53291962, 1893.81356398)
(-7407.42928259, 9965.53436986, 1893.81356398)
(-7407.35991533, 9965.53606187, 1893.81356398)
(-7407.30788984, 9965.53733079, 1893.81356398)
(-7407.24017419, 9965.53898244, 1893.81356398)
(-7407.16007156, 9965.54093651, 1893.81356398)
(-7407.09648485, 9965.54248747, 1893.81356398)
(-7407.02629181, 9965.54419964, 1893.81356398)
(-7406.9635309, 9965.54573041, 1893.81356398)
(-7406.90118294, 9965.54725116, 1893.81356398)
(-7406.82727372, 9965.54905387, 1893.81356398)
(-7406.76409993, 9965.55059472, 1893.81356398)
(-7406.68895205, 9965.55242781, 1893.81356398)
(-7406.61380413, 9965.55426069, 1893.81356398)
(-7406.50355976, 9965.55694983, 1893.81356398)
(-7406.43625698, 9965.55859139, 1893.81356398)
(-7406.32312229, 9965.56135113, 1893.81356398)
(-7406.21329073, 9965.56403004, 1893.81356398)
(-7406.13277511, 9965.56599381, 1893.81356398)
(-7406.06547233, 9965.56763547, 1893.81356398)
(-7406.00725332, 9965.56905543, 1893.81356398)
(-7405.90857011, 9965.57146242, 1893.81356398)
(-7405.82722872, 9965.5734463, 1893.81356398)
(-7405.75414538, 9965.57522889, 1893.81356398)
(-7405.6880813, 9965.57684019, 1893.81356398)
(-7405.61293344, 9965.57867312, 1893.81356398)
(-7405.54563065, 9965.58031469, 1893.81356398)
(-7405.48617296, 9965.5817649, 1893.81356398)
(-7405.41432828, 9965.58351737, 1893.81356398)
(-7405.35610927, 9965.58493736, 1893.81356398)
(-7405.28509039, 9965.5866696, 1893.81356398)
(-7405.21654889, 9965.58834132, 1893.81356398)
(-7405.14924615, 9965.58998289, 1893.81356398)
(-7405.08648531, 9965.59151387, 1893.81356398)
(-7405.02578892, 9965.59299431, 1893.81356398)
(-7404.95353137, 9965.59475677, 1893.81356398)
(-7404.88994467, 9965.59630766, 1893.81356398)
(-7404.8205774, 9965.5979996, 1893.81356398)
(-7404.76359711, 9965.59938939, 1893.81356398)
(-7404.68886213, 9965.60121235, 1893.81356398)
(-7404.62816571, 9965.60269277, 1893.81356398)
(-7404.55012753, 9965.60459624, 1893.81356398)
(-7404.49232145, 9965.60600613, 1893.81356398)
(-7404.4241929, 9965.60766785, 1893.81356398)
(-7404.36143204, 9965.60919861, 1893.81356398)
(-7404.27843908, 9965.611223, 1893.81356398)
(-7404.21443948, 9965.61278398, 1893.81356398)
(-7404.1310336, 9965.6148184, 1893.81356398)
(-7404.0736404, 9965.61621824, 1893.81356398)
(-7404.00427312, 9965.61791019, 1893.81356398)
(-7403.94192511, 9965.61943086, 1893.81356398)
(-7403.87462233, 9965.62107241, 1893.81356398)
(-7403.80360347, 9965.62280477, 1893.81356398)
(-7403.75033929, 9965.62410392, 1893.81356398)
(-7403.68055914, 9965.62580593, 1893.81356398)
(-7403.62357888, 9965.62719568, 1893.81356398)
(-7403.55545032, 9965.62885737, 1893.81356398)
(-7403.48567017, 9965.63055951, 1893.81356398)
(-7403.42827696, 9965.63195938, 1893.81356398)
(-7403.36303868, 9965.63355062, 1893.81356398)
(-7403.29449716, 9965.63522235, 1893.81356398)
(-7403.23008468, 9965.63679341, 1893.81356398)
(-7403.15700129, 9965.63857594, 1893.81356398)
(-7403.08763403, 9965.64026794, 1893.81356398)
(-7403.03065376, 9965.64165772, 1893.81356398)
(-7402.9546801, 9965.6435108, 1893.81356398)
(-7402.89026762, 9965.64508182, 1893.81356398)
(-7402.81305526, 9965.64696508, 1893.81356398)
(-7402.74699117, 9965.64857643, 1893.81356398)
(-7402.68546898, 9965.65007698, 1893.81356398)
(-7402.618992, 9965.65169847, 1893.81356398)
(-7402.55746979, 9965.65319903, 1893.81356398)
(-7402.4798445, 9965.65509238, 1893.81356398)
(-7402.42162552, 9965.65651234, 1893.81356398)
(-7402.35349696, 9965.65817403, 1893.81356398)
(-7402.28743293, 9965.65978549, 1893.81356398)
(-7402.22838815, 9965.66122563, 1893.81356398)
(-7402.15943379, 9965.6629075, 1893.81356398)
(-7402.09791161, 9965.66440803, 1893.81356398)
(-7402.03102173, 9965.66603951, 1893.81356398)
(-7401.95917705, 9965.66779199, 1893.81356398)
(-7401.90137094, 9965.66920193, 1893.81356398)
(-7401.82374564, 9965.67109529, 1893.81356398)
(-7401.76428795, 9965.67254547, 1893.81356398)
(-7401.69368199, 9965.6742676, 1893.81356398)
(-7401.62059862, 9965.67605014, 1893.81356398)
(-7401.56114096, 9965.67750033, 1893.81356398)
(-7401.4756706, 9965.6795851, 1893.81356398)
(-7401.41249681, 9965.68112593, 1893.81356398)
(-7401.35180045, 9965.68260639, 1893.81356398)
(-7401.29069115, 9965.68409686, 1893.81356398)
(-7401.21430454, 9965.68595998, 1893.81356398)
(-7401.14658884, 9965.6876116, 1893.81356398)
(-7401.07267966, 9965.68941438, 1893.81356398)
(-7401.01033168, 9965.69093507, 1893.81356398)
(-7400.94220313, 9965.6925968, 1893.81356398)
(-7400.88068096, 9965.69409734, 1893.81356398)
(-7400.79273318, 9965.69624245, 1893.81356398)
(-7400.7213014, 9965.69798466, 1893.81356398)
(-7400.62922459, 9965.70023049, 1893.81356398)
(-7400.53879935, 9965.70243597, 1893.81356398)
(-7400.43474842, 9965.70497389, 1893.81356398)
(-7400.35258121, 9965.70697797, 1893.81356398)
(-7400.24729162, 9965.70954616, 1893.81356398)
(-7400.15149872, 9965.7118826, 1893.81356398)
(-7400.07511214, 9965.71374566, 1893.81356398)
(-7399.98179664, 9965.7160217, 1893.81356398)
(-7399.89797782, 9965.71806605, 1893.81356398)
(-7399.81539771, 9965.72008027, 1893.81356398)
(-7399.75387551, 9965.7215808, 1893.81356398)
(-7399.68203083, 9965.72333315, 1893.81356398)
(-7399.61926995, 9965.72486389, 1893.81356398)
(-7399.54370919, 9965.72670685, 1893.81356398)
(-7399.46443233, 9965.72864058, 1893.81356398)
(-7399.40291015, 9965.73014114, 1893.81356398)
(-7399.3393235, 9965.73169209, 1893.81356398)
(-7399.28193031, 9965.73309193, 1893.81356398)
(-7399.20389212, 9965.73499533, 1893.81356398)
(-7399.13576351, 9965.73665699, 1893.81356398)
(-7399.06557042, 9965.73836903, 1893.81356398)
(-7398.97927422, 9965.74047397, 1893.81356398)
(-7398.92188104, 9965.74187381, 1893.81356398)
(-7398.85912019, 9965.74340461, 1893.81356398)
(-7398.79883672, 9965.74487494, 1893.81356398)
(-7398.70717285, 9965.74711067, 1893.81356398)
(-7398.64193457, 9965.74870184, 1893.81356398)
(-7398.56430928, 9965.75059517, 1893.81356398)
(-7398.49040008, 9965.75239785, 1893.81356398)
(-7398.43424559, 9965.75376748, 1893.81356398)
(-7398.36776861, 9965.75538894, 1893.81356398)
(-7398.30624641, 9965.75688949, 1893.81356398)
(-7398.22903404, 9965.75877275, 1893.81356398)
(-7398.16709897, 9965.76028335, 1893.81356398)
(-7398.09690591, 9965.76199539, 1893.81356398)
(-7398.03786115, 9965.76343551, 1893.81356398)
(-7397.96064879, 9965.76531882, 1893.81356398)
(-7397.893346, 9965.76696036, 1893.81356398)
(-7397.8169594, 9965.7688235, 1893.81356398)
(-7397.752134, 9965.7704046, 1893.81356398)
(-7397.68235381, 9965.77210658, 1893.81356398)
(-7397.62454772, 9965.77351647, 1893.81356398)
(-7397.55311594, 9965.77525872, 1893.81356398)
(-7397.47301327, 9965.77721255, 1893.81356398)
(-7397.4123169, 9965.77869295, 1893.81356398)
(-7397.34501415, 9965.78033452, 1893.81356398)
(-7397.28555648, 9965.7817847, 1893.81356398)
(-7397.21660211, 9965.78346654, 1893.81356398)
(-7397.16003474, 9965.78484624, 1893.81356398)
(-7397.08529974, 9965.78666911, 1893.81356398)
(-7397.02914525, 9965.78803873, 1893.81356398)
(-7396.95399735, 9965.78987164, 1893.81356398)
(-7396.89577837, 9965.7912916, 1893.81356398)
(-7396.83260461, 9965.79283243, 1893.81356398)
(-7396.75621804, 9965.79469561, 1893.81356398)
(-7396.69758618, 9965.79612566, 1893.81356398)
(-7396.62450282, 9965.79790822, 1893.81356398)
(-7396.56463225, 9965.79936847, 1893.81356398)
(-7396.49278757, 9965.8011208, 1893.81356398)
(-7396.42796218, 9965.80270192, 1893.81356398)
(-7396.3627239, 9965.80429316, 1893.81356398)
(-7396.3028533, 9965.80575343, 1893.81356398)
(-7396.23389891, 9965.80743527, 1893.81356398)
(-7396.16783482, 9965.80904658, 1893.81356398)
(-7396.10879007, 9965.8104867, 1893.81356398)
(-7396.03611961, 9965.81225923, 1893.81356398)
(-7395.98409415, 9965.81352816, 1893.81356398)
(-7395.90068828, 9965.81556248, 1893.81356398)
(-7395.8358629, 9965.81714358, 1893.81356398)
(-7395.76319242, 9965.81891605, 1893.81356398)
(-7395.69877992, 9965.8204871, 1893.81356398)
(-7395.64262544, 9965.82185673, 1893.81356398)
(-7395.56912914, 9965.82364937, 1893.81356398)
(-7395.50141345, 9965.82530097, 1893.81356398)
(-7395.42709137, 9965.82711373, 1893.81356398)
(-7395.37011111, 9965.82850348, 1893.81356398)
(-7395.30776316, 9965.83002417, 1893.81356398)
(-7395.242112, 9965.83162542, 1893.81356398)
(-7395.17109313, 9965.83335763, 1893.81356398)
(-7395.10915805, 9965.83486825, 1893.81356398)
(-7395.04226817, 9965.83649973, 1893.81356398)
(-7394.97826857, 9965.83806069, 1893.81356398)
(-7394.92087539, 9965.83946053, 1893.81356398)
(-7394.83870819, 9965.84146468, 1893.81356398)
(-7394.77966341, 9965.8429048, 1893.81356398)
(-7394.71442514, 9965.84449599, 1893.81356398)
(-7394.65868358, 9965.84585554, 1893.81356398)
(-7394.57362612, 9965.84793012, 1893.81356398)
(-7394.47865903, 9965.85024651, 1893.81356398)
(-7394.38245321, 9965.85259301, 1893.81356398)
(-7394.30400211, 9965.85450658, 1893.81356398)
(-7394.21729297, 9965.85662143, 1893.81356398)
(-7394.13925477, 9965.85852481, 1893.81356398)
(-7394.0835132, 9965.85988435, 1893.81356398)
(-7393.980701, 9965.86239197, 1893.81356398)
(-7393.90968213, 9965.86412413, 1893.81356398)
(-7393.79117972, 9965.86701446, 1893.81356398)
(-7393.71603183, 9965.86884733, 1893.81356398)
(-7393.62684532, 9965.87102267, 1893.81356398)
(-7393.56573602, 9965.87251314, 1893.81356398)
(-7393.50214934, 9965.87406406, 1893.81356398)
(-7393.44516906, 9965.87545382, 1893.81356398)
(-7393.36795667, 9965.87733706, 1893.81356398)
(-7393.30519581, 9965.87886781, 1893.81356398)
(-7393.22302864, 9965.88087194, 1893.81356398)
(-7393.16398388, 9965.88231206, 1893.81356398)
(-7393.09131341, 9965.88408454, 1893.81356398)
(-7393.03350734, 9965.88549444, 1893.81356398)
(-7392.94968853, 9965.88753882, 1893.81356398)
(-7392.88775344, 9965.88904943, 1893.81356398)
(-7392.82870866, 9965.89048955, 1893.81356398)
(-7392.75149626, 9965.89237284, 1893.81356398)
(-7392.69740628, 9965.89369211, 1893.81356398)
(-7392.62638741, 9965.89542429, 1893.81356398)
(-7392.55825884, 9965.89708595, 1893.81356398)
(-7392.48228518, 9965.89893897, 1893.81356398)
(-7392.40672441, 9965.90078192, 1893.81356398)
(-7392.35180865, 9965.90212133, 1893.81356398)
(-7392.27996396, 9965.90387369, 1893.81356398)
(-7392.22380948, 9965.90524331, 1893.81356398)
(-7392.13751326, 9965.90734812, 1893.81356398)
(-7392.08590068, 9965.90860696, 1893.81356398)
(-7392.00786248, 9965.91051033, 1893.81356398)
(-7391.94551451, 9965.91203101, 1893.81356398)
(-7391.86169574, 9965.91407542, 1893.81356398)
(-7391.79563168, 9965.91568674, 1893.81356398)
(-7391.73080632, 9965.91726787, 1893.81356398)
(-7391.67960666, 9965.91851664, 1893.81356398)
(-7391.60032977, 9965.92045024, 1893.81356398)
(-7391.52476897, 9965.9222932, 1893.81356398)
(-7391.45953067, 9965.92388438, 1893.81356398)
(-7391.37695056, 9965.92589858, 1893.81356398)
(-7391.31501548, 9965.92740919, 1893.81356398)
(-7391.2415192, 9965.92920181, 1893.81356398)
(-7391.18536474, 9965.93057143, 1893.81356398)
(-7391.10361048, 9965.93256545, 1893.81356398)
(-7391.04910762, 9965.93389478, 1893.81356398)
(-7390.97478555, 9965.93570752, 1893.81356398)
(-7390.91202467, 9965.93723827, 1893.81356398)
(-7390.83894128, 9965.93902083, 1893.81356398)
(-7390.77948359, 9965.94047102, 1893.81356398)
(-7390.70474858, 9965.94229384, 1893.81356398)
(-7390.644878, 9965.94375409, 1893.81356398)
(-7390.57385912, 9965.94548626, 1893.81356398)
(-7390.50738215, 9965.94710765, 1893.81356398)
(-7390.43471169, 9965.94888013, 1893.81356398)
(-7390.37318953, 9965.95038067, 1893.81356398)
(-7390.30918997, 9965.95194165, 1893.81356398)
(-7390.2447775, 9965.95351268, 1893.81356398)
(-7390.17128121, 9965.95530528, 1893.81356398)
(-7390.10645581, 9965.9568864, 1893.81356398)
(-7390.03295951, 9965.95867903, 1893.81356398)
(-7389.97763083, 9965.96002851, 1893.81356398)
(-7389.90578614, 9965.96178083, 1893.81356398)
(-7389.83765757, 9965.96344249, 1893.81356398)
(-7389.7567291, 9965.96541636, 1893.81356398)
(-7389.70140045, 9965.96676584, 1893.81356398)
(-7389.63657509, 9965.96834698, 1893.81356398)
(-7389.57381422, 9965.96987773, 1893.81356398)
(-7389.49701473, 9965.97175091, 1893.81356398)
(-7389.43631834, 9965.97323131, 1893.81356398)
(-7389.36942845, 9965.97486278, 1893.81356398)
(-7389.31988037, 9965.97607128, 1893.81356398)
(-7389.24555828, 9965.97788403, 1893.81356398)
(-7389.18775221, 9965.97929393, 1893.81356398)
(-7389.11219143, 9965.98113689, 1893.81356398)
(-7389.05397248, 9965.98255685, 1893.81356398)
(-7388.99286323, 9965.98404732, 1893.81356398)
(-7388.91854116, 9965.9858601, 1893.81356398)
(-7388.85701899, 9965.98736064, 1893.81356398)
(-7388.79095491, 9965.98897198, 1893.81356398)
(-7388.73025852, 9965.99045237, 1893.81356398)
(-7388.66667183, 9965.99200327, 1893.81356398)
(-7388.59771743, 9965.99368512, 1893.81356398)
(-7388.53536945, 9965.99520581, 1893.81356398)
(-7388.42471213, 9965.99790478, 1893.81356398)
(-7388.34460946, 9965.9998585, 1893.81356398)
(-7388.25666168, 9966.0020036, 1893.81356398)
(-7388.17366869, 9966.00402782, 1893.81356398)
(-7388.0939789, 9966.00597151, 1893.81356398)
(-7388.04071472, 9966.00727064, 1893.81356398)
(-7387.94657339, 9966.0095668, 1893.81356398)
(-7387.87059968, 9966.01141982, 1893.81356398)
(-7387.76283266, 9966.01404831, 1893.81356398)
(-7387.68107838, 9966.01604232, 1893.81356398)
(-7387.59436931, 9966.01815722, 1893.81356398)
(-7387.52541494, 9966.01983903, 1893.81356398)
(-7387.45315736, 9966.02160145, 1893.81356398)
(-7387.40319639, 9966.02282001, 1893.81356398)
(-7387.3317646, 9966.02456227, 1893.81356398)
(-7387.2681779, 9966.02611316, 1893.81356398)
(-7387.18023008, 9966.02825824, 1893.81356398)
(-7387.10343059, 9966.03013138, 1893.81356398)
(-7387.02208921, 9966.03211532, 1893.81356398)
(-7386.94735424, 9966.03393812, 1893.81356398)
(-7386.88872239, 9966.03536816, 1893.81356398)
(-7386.83339373, 9966.03671764, 1893.81356398)
(-7386.75948456, 9966.03852032, 1893.81356398)
(-7386.69300757, 9966.04014172, 1893.81356398)
(-7386.62074997, 9966.04190411, 1893.81356398)
(-7386.56542128, 9966.04325359, 1893.81356398)
(-7386.5059636, 9966.04470378, 1893.81356398)
(-7386.43411892, 9966.04645611, 1893.81356398)
(-7386.37961605, 9966.04778545, 1893.81356398)
(-7386.30529398, 9966.04959819, 1893.81356398)
(-7386.25079113, 9966.05092752, 1893.81356398)
(-7386.18637868, 9966.05249855, 1893.81356398)
(-7386.1087534, 9966.05439188, 1893.81356398)
(-7386.05342473, 9966.05574136, 1893.81356398)
(-7385.98942515, 9966.05730234, 1893.81356398)
(-7385.93327067, 9966.05867196, 1893.81356398)
(-7385.86596787, 9966.06031349, 1893.81356398)
(-7385.79040707, 9966.06215647, 1893.81356398)
(-7385.72475589, 9966.06375771, 1893.81356398)
(-7385.64713061, 9966.06565102, 1893.81356398)
(-7385.59551806, 9966.06690985, 1893.81356398)
(-7385.5302798, 9966.06850103, 1893.81356398)
(-7385.47082215, 9966.06995122, 1893.81356398)
(-7385.39484847, 9966.07180425, 1893.81356398)
(-7385.3382811, 9966.07318395, 1893.81356398)
(-7385.26891381, 9966.07487584, 1893.81356398)
(-7385.20532712, 9966.07642673, 1893.81356398)
(-7385.13719852, 9966.07808841, 1893.81356398)
(-7385.06452803, 9966.07986089, 1893.81356398)
(-7384.99639945, 9966.08152256, 1893.81356398)
(-7384.93694179, 9966.08297275, 1893.81356398)
(-7384.87624543, 9966.08445314, 1893.81356398)
(-7384.80852977, 9966.08610475, 1893.81356398)
(-7384.7354464, 9966.08788727, 1893.81356398)
(-7384.67309844, 9966.08940797, 1893.81356398)
(-7384.62231167, 9966.09064667, 1893.81356398)
(-7384.54840247, 9966.09244935, 1893.81356398)
(-7384.48440287, 9966.09401031, 1893.81356398)
(-7384.42164199, 9966.09554106, 1893.81356398)
(-7384.35599081, 9966.09714233, 1893.81356398)
(-7384.29983634, 9966.09851195, 1893.81356398)
(-7384.23459807, 9966.10010313, 1893.81356398)
(-7384.17183722, 9966.10163388, 1893.81356398)
(-7384.11155377, 9966.1031042, 1893.81356398)
(-7384.0417736, 9966.10480618, 1893.81356398)
(-7383.99016104, 9966.10606502, 1893.81356398)
(-7383.92492276, 9966.10765621, 1893.81356398)
(-7383.86092317, 9966.10921718, 1893.81356398)
(-7383.79114297, 9966.11091913, 1893.81356398)
(-7383.72590468, 9966.11251032, 1893.81356398)
(-7383.66892441, 9966.11390008, 1893.81356398)
(-7383.60492483, 9966.11546105, 1893.81356398)
(-7383.53968657, 9966.11705222, 1893.81356398)
(-7383.4633, 9966.11891533, 1893.81356398)
(-7383.39888754, 9966.12048636, 1893.81356398)
(-7383.32952028, 9966.12217826, 1893.81356398)
(-7383.27832062, 9966.12342703, 1893.81356398)
(-7383.21349524, 9966.12500814, 1893.81356398)
(-7383.15403755, 9966.12645833, 1893.81356398)
(-7383.09045086, 9966.12800924, 1893.81356398)
(-7383.03058027, 9966.1294695, 1893.81356398)
(-7382.969471, 9966.13095997, 1893.81356398)
(-7382.90464562, 9966.13254107, 1893.81356398)
(-7382.81958814, 9966.13461566, 1893.81356398)
(-7382.76178209, 9966.13602556, 1893.81356398)
(-7382.69489223, 9966.13765703, 1893.81356398)
(-7382.64410548, 9966.13889573, 1893.81356398)
(-7382.571435, 9966.14066818, 1893.81356398)
(-7382.50165481, 9966.14237014, 1893.81356398)
(-7382.4256811, 9966.14422318, 1893.81356398)
(-7382.36539761, 9966.14569351, 1893.81356398)
(-7382.27208209, 9966.14796951, 1893.81356398)
(-7382.17794078, 9966.15026563, 1893.81356398)
(-7382.09123171, 9966.1523805, 1893.81356398)
(-7382.00410973, 9966.15450543, 1893.81356398)
(-7381.90418783, 9966.15694258, 1893.81356398)
(-7381.82573673, 9966.15885603, 1893.81356398)
(-7381.77164676, 9966.16017532, 1893.81356398)
(-7381.71053747, 9966.16166579, 1893.81356398)
(-7381.61350583, 9966.16403243, 1893.81356398)
(-7381.52927413, 9966.16608686, 1893.81356398)
(-7381.43471994, 9966.16839308, 1893.81356398)
(-7381.37732678, 9966.16979291, 1893.81356398)
(-7381.32034654, 9966.17118268, 1893.81356398)
(-7381.25923727, 9966.17267315, 1893.81356398)
(-7381.17541848, 9966.17471752, 1893.81356398)
(-7381.1105931, 9966.17629862, 1893.81356398)
(-7381.02966458, 9966.1782725, 1893.81356398)
(-7380.95699408, 9966.18004495, 1893.81356398)
(-7380.87647848, 9966.18200877, 1893.81356398)
(-7380.8087628, 9966.18366037, 1893.81356398)
(-7380.74600194, 9966.18519113, 1893.81356398)
(-7380.69521519, 9966.18642983, 1893.81356398)
(-7380.62626083, 9966.18811165, 1893.81356398)
(-7380.55813226, 9966.18977331, 1893.81356398)
(-7380.48381018, 9966.19158605, 1893.81356398)
(-7380.40494618, 9966.19350959, 1893.81356398)
(-7380.3479659, 9966.19489936, 1893.81356398)
(-7380.28809531, 9966.19635962, 1893.81356398)
(-7380.23152793, 9966.19773931, 1893.81356398)
(-7380.16711545, 9966.19931035, 1893.81356398)
(-7380.09733527, 9966.2010123, 1893.81356398)
(-7380.0168197, 9966.2029761, 1893.81356398)
(-7379.95488464, 9966.20448671, 1893.81356398)
(-7379.87106587, 9966.20653108, 1893.81356398)
(-7379.8116082, 9966.20798127, 1893.81356398)
(-7379.74719573, 9966.20955231, 1893.81356398)
(-7379.69558315, 9966.21081115, 1893.81356398)
(-7379.62828036, 9966.21245269, 1893.81356398)
(-7379.54982925, 9966.21436614, 1893.81356398)
(-7379.48459096, 9966.21595732, 1893.81356398)
(-7379.41522368, 9966.21764921, 1893.81356398)
(-7379.36319823, 9966.21891812, 1893.81356398)
(-7379.30828248, 9966.22025752, 1893.81356398)
(-7379.23726362, 9966.2219897, 1893.81356398)
(-7379.17574146, 9966.22349024, 1893.81356398)
(-7379.10719999, 9966.22516199, 1893.81356398)
(-7379.04650361, 9966.22664239, 1893.81356398)
(-7378.99282654, 9966.22795159, 1893.81356398)
(-7378.92511085, 9966.2296032, 1893.81356398)
(-7378.86193705, 9966.23114402, 1893.81356398)
(-7378.76366673, 9966.23354086, 1893.81356398)
(-7378.67819633, 9966.2356255, 1893.81356398)
(-7378.58942276, 9966.23779071, 1893.81356398)
(-7378.52129419, 9966.23945238, 1893.81356398)
(-7378.41146268, 9966.24213121, 1893.81356398)
(-7378.32640518, 9966.24420578, 1893.81356398)
(-7378.25951528, 9966.24583726, 1893.81356398)
(-7378.20872851, 9966.24707596, 1893.81356398)
(-7378.14142572, 9966.2487175, 1893.81356398)
(-7378.03076838, 9966.25141645, 1893.81356398)
(-7377.93456259, 9966.25376293, 1893.81356398)
(-7377.85115671, 9966.25579722, 1893.81356398)
(-7377.76816374, 9966.25782145, 1893.81356398)
(-7377.70333836, 9966.25940256, 1893.81356398)
(-7377.62819047, 9966.26123545, 1893.81356398)
(-7377.57492629, 9966.26253458, 1893.81356398)
(-7377.5121654, 9966.26406534, 1893.81356398)
(-7377.45477222, 9966.26546517, 1893.81356398)
(-7377.39035974, 9966.2670362, 1893.81356398)
(-7377.32677307, 9966.2685871, 1893.81356398)
(-7377.27103151, 9966.26994665, 1893.81356398)
(-7377.20827065, 9966.2714774, 1893.81356398)
(-7377.1484001, 9966.27293766, 1893.81356398)
(-7377.07242643, 9966.27479068, 1893.81356398)
(-7377.00966556, 9966.27632144, 1893.81356398)
(-7376.93905957, 9966.27804354, 1893.81356398)
(-7376.86638907, 9966.27981599, 1893.81356398)
(-7376.79454437, 9966.28156831, 1893.81356398)
(-7376.70866105, 9966.28366304, 1893.81356398)
(-7376.63805507, 9966.28538514, 1893.81356398)
(-7376.55753949, 9966.28734895, 1893.81356398)
(-7376.49395283, 9966.28889984, 1893.81356398)
(-7376.43243068, 9966.29040039, 1893.81356398)
(-7376.34572159, 9966.29251524, 1893.81356398)
(-7376.24786418, 9966.29490202, 1893.81356398)
(-7376.17849688, 9966.29659391, 1893.81356398)
(-7376.09261356, 9966.29868864, 1893.81356398)
(-7375.99393032, 9966.30109554, 1893.81356398)
(-7375.879144, 9966.30389522, 1893.81356398)
(-7375.80564773, 9966.30568781, 1893.81356398)
(-7375.69870654, 9966.30829614, 1893.81356398)
(-7375.59052662, 9966.31093467, 1893.81356398)
(-7375.49184339, 9966.3133416, 1893.81356398)
(-7375.41215357, 9966.31528526, 1893.81356398)
(-7375.35104429, 9966.31677573, 1893.81356398)
(-7375.24781916, 9966.31929341, 1893.81356398)
(-7375.17267129, 9966.32112628, 1893.81356398)
(-7375.09793632, 9966.3229491, 1893.81356398)
(-7375.04756247, 9966.32417773, 1893.81356398)
(-7374.98604032, 9966.32567827, 1893.81356398)
(-7374.87579589, 9966.32836718, 1893.81356398)
(-7374.80229959, 9966.33015977, 1893.81356398)
(-7374.71352597, 9966.332325, 1893.81356398)
(-7374.64787477, 9966.33392625, 1893.81356398)
(-7374.56364307, 9966.33598069, 1893.81356398)
(-7374.4938629, 9966.33768264, 1893.81356398)
(-7374.41665053, 9966.33956587, 1893.81356398)
(-7374.36875408, 9966.34073407, 1893.81356398)
(-7374.29278042, 9966.34258709, 1893.81356398)
(-7374.22547764, 9966.34422862, 1893.81356398)
(-7374.15239425, 9966.34601114, 1893.81356398)
(-7374.05907872, 9966.34828715, 1893.81356398)
(-7373.98434371, 9966.35010996, 1893.81356398)
(-7373.91910543, 9966.35170115, 1893.81356398)
(-7373.87409927, 9966.35279886, 1893.81356398)
(-7373.79895139, 9966.35463173, 1893.81356398)
(-7373.72628093, 9966.35640418, 1893.81356398)
(-7373.63915895, 9966.35852911, 1893.81356398)
(-7373.55823047, 9966.36050297, 1893.81356398)
(-7373.4962954, 9966.36201358, 1893.81356398)
(-7373.44881184, 9966.36317172, 1893.81356398)
(-7373.38976706, 9966.36461184, 1893.81356398)
(-7373.31172884, 9966.36651522, 1893.81356398)
(-7373.24566475, 9966.36812654, 1893.81356398)
(-7373.16102015, 9966.37019104, 1893.81356398)
(-7373.09371738, 9966.37183256, 1893.81356398)
(-7373.0004019, 9966.37410855, 1893.81356398)
(-7372.92442823, 9966.37596156, 1893.81356398)
(-7372.83895784, 9966.37804621, 1893.81356398)
(-7372.76917765, 9966.37974817, 1893.81356398)
(-7372.66966862, 9966.38217522, 1893.81356398)
(-7372.60732063, 9966.38369591, 1893.81356398)
(-7372.53630173, 9966.38542808, 1893.81356398)
(-7372.48840527, 9966.38659628, 1893.81356398)
(-7372.427296, 9966.38808675, 1893.81356398)
(-7372.34719333, 9966.39004047, 1893.81356398)
(-7372.27947767, 9966.39169207, 1893.81356398)
(-7372.1997879, 9966.39363573, 1893.81356398)
(-7372.13372383, 9966.39524705, 1893.81356398)
(-7372.06642104, 9966.39688858, 1893.81356398)
(-7372.01315687, 9966.39818771, 1893.81356398)
(-7371.95824109, 9966.39952713, 1893.81356398)
(-7371.8979576, 9966.40099746, 1893.81356398)
(-7371.8207452, 9966.40288069, 1893.81356398)
(-7371.74353281, 9966.40476392, 1893.81356398)
(-7371.66797204, 9966.40660686, 1893.81356398)
(-7371.59695318, 9966.40833903, 1893.81356398)
(-7371.53956003, 9966.40973887, 1893.81356398)
(-7371.46771535, 9966.41149118, 1893.81356398)
(-7371.41279959, 9966.41283059, 1893.81356398)
(-7371.33517429, 9966.41472389, 1893.81356398)
(-7371.26374249, 9966.41646613, 1893.81356398)
(-7371.19602679, 9966.41811774, 1893.81356398)
(-7371.13120141, 9966.41969885, 1893.81356398)
(-7371.06720183, 9966.42125982, 1893.81356398)
(-7371.00526677, 9966.42277043, 1893.81356398)
(-7370.94580911, 9966.42422061, 1893.81356398)
(-7370.85290653, 9966.42648653, 1893.81356398)
(-7370.78560377, 9966.42812806, 1893.81356398)
(-7370.71499779, 9966.42985017, 1893.81356398)
(-7370.6460434, 9966.43153199, 1893.81356398)
(-7370.56387618, 9966.43353608, 1893.81356398)
(-7370.49285728, 9966.43526824, 1893.81356398)
(-7370.4371157, 9966.4366278, 1893.81356398)
(-7370.37559353, 9966.43812833, 1893.81356398)
(-7370.30127145, 9966.43994107, 1893.81356398)
(-7370.22860099, 9966.44171351, 1893.81356398)
(-7370.17203364, 9966.4430932, 1893.81356398)
(-7370.11298889, 9966.44453332, 1893.81356398)
(-7370.06261503, 9966.44576195, 1893.81356398)
(-7369.99861546, 9966.44732292, 1893.81356398)
(-7369.93957068, 9966.44876304, 1893.81356398)
(-7369.87020338, 9966.45045493, 1893.81356398)
(-7369.8161134, 9966.4517742, 1893.81356398)
(-7369.75211381, 9966.45333517, 1893.81356398)
(-7369.69306904, 9966.45477528, 1893.81356398)
(-7369.62906947, 9966.45633625, 1893.81356398)
(-7369.57663112, 9966.45761523, 1893.81356398)
(-7369.50891546, 9966.45926683, 1893.81356398)
(-7369.45152231, 9966.46066666, 1893.81356398)
(-7369.38669695, 9966.46224777, 1893.81356398)
(-7369.33136829, 9966.46359725, 1893.81356398)
(-7369.27480092, 9966.46497695, 1893.81356398)
(-7369.21699484, 9966.46638686, 1893.81356398)
(-7369.14349853, 9966.46817946, 1893.81356398)
(-7369.08156344, 9966.46969007, 1893.81356398)
(-7369.00889295, 9966.47146252, 1893.81356398)
(-7368.93704827, 9966.47321482, 1893.81356398)
(-7368.87965512, 9966.47461465, 1893.81356398)
(-7368.82184907, 9966.47602456, 1893.81356398)
(-7368.7495915, 9966.47778694, 1893.81356398)
(-7368.68105003, 9966.47945868, 1893.81356398)
(-7368.60053444, 9966.48142248, 1893.81356398)
(-7368.54685737, 9966.48273168, 1893.81356398)
(-7368.49276739, 9966.48405095, 1893.81356398)
(-7368.43289681, 9966.48551121, 1893.81356398)
(-7368.37467782, 9966.48693119, 1893.81356398)
(-7368.30737504, 9966.48857272, 1893.81356398)
(-7368.25122058, 9966.48994234, 1893.81356398)
(-7368.20043383, 9966.49118104, 1893.81356398)
(-7368.14758258, 9966.49247009, 1893.81356398)
(-7368.07738952, 9966.49418212, 1893.81356398)
(-7368.01958347, 9966.49559202, 1893.81356398)
(-7367.94402269, 9966.49743497, 1893.81356398)
(-7367.88250051, 9966.49893552, 1893.81356398)
(-7367.81395901, 9966.50060727, 1893.81356398)
(-7367.76482384, 9966.50180568, 1893.81356398)
(-7367.70949516, 9966.50315517, 1893.81356398)
(-7367.64343108, 9966.50476649, 1893.81356398)
(-7367.5806702, 9966.50629724, 1893.81356398)
(-7367.51378033, 9966.5079287, 1893.81356398)
(-7367.46175489, 9966.50919761, 1893.81356398)
(-7367.40601334, 9966.51055716, 1893.81356398)
(-7367.35151049, 9966.51188649, 1893.81356398)
(-7367.28998833, 9966.51338704, 1893.81356398)
(-7367.22103395, 9966.51506886, 1893.81356398)
(-7367.16405367, 9966.51645863, 1893.81356398)
(-7367.08684127, 9966.51834186, 1893.81356398)
(-7367.03481579, 9966.51961077, 1893.81356398)
(-7366.97742261, 9966.52101061, 1893.81356398)
(-7366.91879074, 9966.52244066, 1893.81356398)
(-7366.85685567, 9966.52395126, 1893.81356398)
(-7366.79533351, 9966.5254518, 1893.81356398)
(-7366.73711456, 9966.52687178, 1893.81356398)
(-7366.66237959, 9966.52869458, 1893.81356398)
(-7366.60333483, 9966.5301347, 1893.81356398)
(-7366.54718037, 9966.53150432, 1893.81356398)
(-7366.49763231, 9966.53271281, 1893.81356398)
(-7366.43115532, 9966.53433421, 1893.81356398)
(-7366.37128473, 9966.53579447, 1893.81356398)
(-7366.30356904, 9966.53744607, 1893.81356398)
(-7366.23337595, 9966.5391581, 1893.81356398)
(-7366.17391828, 9966.54060828, 1893.81356398)
(-7366.12106702, 9966.54189734, 1893.81356398)
(-7366.06780288, 9966.54319646, 1893.81356398)
(-7366.00297752, 9966.54477757, 1893.81356398)
(-7365.94351987, 9966.54622775, 1893.81356398)
(-7365.86259138, 9966.54820162, 1893.81356398)
(-7365.8002434, 9966.54972231, 1893.81356398)
(-7365.70857948, 9966.55195802, 1893.81356398)
(-7365.63962508, 9966.55363984, 1893.81356398)
(-7365.55415466, 9966.55572448, 1893.81356398)
(-7365.48643898, 9966.55737608, 1893.81356398)
(-7365.39229769, 9966.55967221, 1893.81356398)
(-7365.32582073, 9966.56129359, 1893.81356398)
(-7365.24654386, 9966.56322718, 1893.81356398)
(-7365.1858475, 9966.56470758, 1893.81356398)
(-7365.12515113, 9966.56618798, 1893.81356398)
(-7365.07229986, 9966.56747704, 1893.81356398)
(-7365.00499706, 9966.56911858, 1893.81356398)
(-7364.94430068, 9966.57059898, 1893.81356398)
(-7364.88277849, 9966.57209952, 1893.81356398)
(-7364.82001761, 9966.57363028, 1893.81356398)
(-7364.76675345, 9966.5749294, 1893.81356398)
(-7364.7085345, 9966.57634937, 1893.81356398)
(-7364.65568325, 9966.57763843, 1893.81356398)
(-7364.5920966, 9966.57918932, 1893.81356398)
(-7364.53511634, 9966.58057908, 1893.81356398)
(-7364.47524578, 9966.58203934, 1893.81356398)
(-7364.42528482, 9966.58325791, 1893.81356398)
(-7364.35839493, 9966.58488937, 1893.81356398)
(-7364.29109213, 9966.58653091, 1893.81356398)
(-7364.22750544, 9966.5880818, 1893.81356398)
(-7364.17547997, 9966.58935072, 1893.81356398)
(-7364.12345451, 9966.59061963, 1893.81356398)
(-7364.06440974, 9966.59205974, 1893.81356398)
(-7364.00784239, 9966.59343943, 1893.81356398)
(-7363.93393322, 9966.5952421, 1893.81356398)
(-7363.87695297, 9966.59663186, 1893.81356398)
(-7363.80923731, 9966.59828346, 1893.81356398)
(-7363.76092795, 9966.59946174, 1893.81356398)
(-7363.71096699, 9966.6006803, 1893.81356398)
(-7363.65068351, 9966.60215064, 1893.81356398)
(-7363.58833552, 9966.60367132, 1893.81356398)
(-7363.53424554, 9966.60499059, 1893.81356398)
(-7363.47231046, 9966.6065012, 1893.81356398)
(-7363.4240011, 9966.60767948, 1893.81356398)
(-7363.36867244, 9966.60902896, 1893.81356398)
(-7363.31045348, 9966.61044893, 1893.81356398)
(-7363.24727973, 9966.61198975, 1893.81356398)
(-7363.18947368, 9966.61339965, 1893.81356398)
(-7363.13538373, 9966.61471892, 1893.81356398)
(-7363.06890676, 9966.61634032, 1893.81356398)
(-7363.01027488, 9966.61777036, 1893.81356398)
(-7362.947514, 9966.61930112, 1893.81356398)
(-7362.89466272, 9966.62059018, 1893.81356398)
(-7362.83355343, 9966.62208065, 1893.81356398)
(-7362.78070216, 9966.62336971, 1893.81356398)
(-7362.72207029, 9966.62479975, 1893.81356398)
(-7362.66467713, 9966.62619958, 1893.81356398)
(-7362.58994216, 9966.62802239, 1893.81356398)
(-7362.5280071, 9966.629533, 1893.81356398)
(-7362.45987854, 9966.63119467, 1893.81356398)
(-7362.39794348, 9966.63270528, 1893.81356398)
(-7362.33394391, 9966.63426625, 1893.81356398)
(-7362.28233134, 9966.6355251, 1893.81356398)
(-7362.22163495, 9966.6370055, 1893.81356398)
(-7362.15598376, 9966.63860675, 1893.81356398)
(-7362.09652607, 9966.64005694, 1893.81356398)
(-7362.02261688, 9966.6418596, 1893.81356398)
(-7361.95737861, 9966.64345078, 1893.81356398)
(-7361.88140494, 9966.64530379, 1893.81356398)
(-7361.81946989, 9966.6468144, 1893.81356398)
(-7361.76537994, 9966.64813367, 1893.81356398)
(-7361.71294159, 9966.64941265, 1893.81356398)
(-7361.65885163, 9966.65073192, 1893.81356398)
(-7361.58989724, 9966.65241374, 1893.81356398)
(-7361.53085246, 9966.65385386, 1893.81356398)
(-7361.45694492, 9966.6556593, 1893.81356398)
(-7361.39093077, 9966.65804873, 1893.81356397)
(-7361.31335289, 9966.66074509, 1893.81356398)
(-7361.25679438, 9966.66251289, 1893.81356398)
(-7361.19981873, 9966.66421869, 1893.81356398)
(-7361.15150281, 9966.6655451, 1893.81356398)
(-7361.08997378, 9966.66719666, 1893.81356398)
(-7361.02226679, 9966.66913802, 1893.81356398)
(-7360.95910085, 9966.67096093, 1893.81356398)
(-7360.88272752, 9966.67323157, 1893.81356398)
(-7360.81464506, 9966.67573367, 1893.81356398)
(-7360.74077923, 9966.6784226, 1893.81356397)
(-7360.67634484, 9966.68006447, 1893.813564)
(-7360.60241415, 9966.6818654, 1893.81356397)
(-7360.54461979, 9966.68355335, 1893.81356398)
(-7360.48270026, 9966.68544944, 1893.81356398)
(-7360.41995348, 9966.6873748, 1893.81356398)
(-7360.35723157, 9966.68960737, 1893.81356398)
(-7360.2812996, 9966.69233187, 1893.81356398)
(-7360.22306382, 9966.69386614, 1893.81356398)
(-7360.15161376, 9966.69570811, 1893.81356398)
(-7360.07770708, 9966.69775262, 1893.81356398)
(-7360.00711779, 9966.6998687, 1893.81356397)
(-7359.93158051, 9966.70225896, 1893.813564)
(-7359.87133782, 9966.70444518, 1893.81356396)
(-7359.81975356, 9966.70630453, 1893.81356398)
(-7359.7520255, 9966.70818219, 1893.81356399)
(-7359.67686289, 9966.71017498, 1893.81356398)
(-7359.59552514, 9966.71244812, 1893.81356398)
(-7359.53071413, 9966.71438141, 1893.81356397)
(-7359.4539365, 9966.7167902, 1893.81356399)
(-7359.39493086, 9966.71892143, 1893.81356397)
(-7359.33674305, 9966.72100576, 1893.81356399)
(-7359.28719194, 9966.72251154, 1893.81356398)
(-7359.23391465, 9966.72394612, 1893.81356399)
(-7359.162058, 9966.72585962, 1893.81356398)
(-7359.10260839, 9966.72757276, 1893.81356398)
(-7359.04687494, 9966.72920822, 1893.81356398)
(-7358.9965116, 9966.73073773, 1893.81356398)
(-7358.94245517, 9966.73264732, 1893.813564)
(-7358.889222, 9966.7345517, 1893.81356398)
(-7358.81823553, 9966.73707904, 1893.81356397)
(-7358.7641268, 9966.73846031, 1893.81356399)
(-7358.69184663, 9966.74019977, 1893.81356398)
(-7358.63652271, 9966.74174128, 1893.81356398)
(-7358.5725278, 9966.74350052, 1893.81356398)
(-7358.52218418, 9966.74522449, 1893.81356397)
(-7358.46152542, 9966.74736791, 1893.81356397)
(-7358.40497657, 9966.74926528, 1893.81356398)
(-7358.33769638, 9966.75155666, 1893.81356398)
(-7358.27574555, 9966.75319265, 1893.81356398)
(-7358.20801557, 9966.75495848, 1893.81356398)
(-7358.1526942, 9966.75653967, 1893.81356398)
(-7358.09737459, 9966.75817319, 1893.81356398)
(-7358.0383424, 9966.75996726, 1893.81356398)
(-7357.97933499, 9966.76205173, 1893.81356398)
(-7357.92114745, 9966.76411298, 1893.81356398)
(-7357.85717188, 9966.76634979, 1893.81356398)
(-7357.80760701, 9966.76761128, 1893.81356399)
(-7357.74895846, 9966.7690511, 1893.81356399)
(-7357.69404467, 9966.77056548, 1893.81356398)
(-7357.62880535, 9966.77231126, 1893.81356398)
(-7357.57350706, 9966.77416931, 1893.81356398)
(-7357.51738586, 9966.77612426, 1893.81356398)
(-7357.46702949, 9966.77781756, 1893.81356398)
(-7357.40511525, 9966.77991826, 1893.81356398)
(-7357.34484475, 9966.78189938, 1893.81356398)
(-7357.28209786, 9966.78393059, 1893.81356398)
(-7357.2160426, 9966.78599826, 1893.81356398)
(-7357.16152309, 9966.78736667, 1893.81356398)
(-7357.10452749, 9966.78879225, 1893.81356398)
(-7357.0504556, 9966.7904414, 1893.81356399)
(-7356.9918461, 9966.7923211, 1893.81356398)
(-7356.93779003, 9966.79424058, 1893.81356396)
(-7356.87382483, 9966.79652036, 1893.81356398)
(-7356.82014832, 9966.79817957, 1893.81356398)
(-7356.76192644, 9966.79988228, 1893.81356399)
(-7356.70699514, 9966.80129565, 1893.81356399)
(-7356.64876596, 9966.80279895, 1893.81356398)
(-7356.58228302, 9966.80451127, 1893.81356398)
(-7356.52080185, 9966.80670814, 1893.81356398)
(-7356.45890431, 9966.80890315, 1893.81356398)
(-7356.40524385, 9966.81070286, 1893.81356398)
(-7356.34952006, 9966.81259429, 1893.81356398)
(-7356.29376676, 9966.81412533, 1893.81356398)
(-7356.23470732, 9966.81567157, 1893.81356399)
(-7356.17566148, 9966.8172926, 1893.81356398)
(-7356.11248771, 9966.81900934, 1893.81356398)
(-7356.05966703, 9966.82078397, 1893.81356399)
(-7356.00313108, 9966.82273781, 1893.81356397)
(-7355.93792042, 9966.82497982, 1893.81356398)
(-7355.88301064, 9966.82670679, 1893.81356398)
(-7355.82975018, 9966.82832446, 1893.81356398)
(-7355.77812986, 9966.82975624, 1893.81356398)
(-7355.71660152, 9966.83143406, 1893.81356398)
(-7355.65302435, 9966.83329316, 1893.81356398)
(-7355.59852884, 9966.8348911, 1893.81356398)
(-7355.53453852, 9966.83677079, 1893.81356398)
(-7355.4821334, 9966.83865708, 1893.81356397)
(-7355.42023666, 9966.84090291, 1893.81356397)
(-7355.36201595, 9966.84267247, 1893.81356398)
(-7355.2909918, 9966.84471701, 1893.81356398)
(-7355.22986433, 9966.84625861, 1893.81356399)
(-7355.14355363, 9966.84843597, 1893.81356397)
(-7355.07010383, 9966.8510188, 1893.81356398)
(-7355.00902479, 9966.8531155, 1893.81356398)
(-7354.95040404, 9966.85498822, 1893.81356398)
(-7354.88146381, 9966.85718327, 1893.81356398)
(-7354.77908207, 9966.86037644, 1893.81356398)
(-7354.70886505, 9966.86202789, 1893.81356399)
(-7354.62585592, 9966.86407117, 1893.81356397)
(-7354.56231964, 9966.86645095, 1893.81356397)
(-7354.49506291, 9966.86895707, 1893.81356398)
(-7354.4488182, 9966.87038042, 1893.81356398)
(-7354.37408564, 9966.8726357, 1893.81356399)
(-7354.29686345, 9966.87476893, 1893.81356398)
(-7354.22708522, 9966.8767372, 1893.81356398)
(-7354.17300391, 9966.87832008, 1893.81356398)
(-7354.1185087, 9966.8799238, 1893.81356398)
(-7354.06816439, 9966.88168313, 1893.81356399)
(-7354.00750666, 9966.88387627, 1893.81356398)
(-7353.93693258, 9966.88638768, 1893.81356398)
(-7353.87497442, 9966.88793471, 1893.81356398)
(-7353.81260824, 9966.88947574, 1893.81356399)
(-7353.75687101, 9966.89102754, 1893.81356398)
(-7353.69824077, 9966.89262067, 1893.81356398)
(-7353.64707031, 9966.8943415, 1893.81356398)
(-7353.58847505, 9966.89640322, 1893.81356397)
(-7353.53399124, 9966.89823932, 1893.81356398)
(-7353.47207626, 9966.90033392, 1893.81356398)
(-7353.42210546, 9966.90172538, 1893.81356398)
(-7353.37048022, 9966.9030839, 1893.81356399)
(-7353.29945143, 9966.90495041, 1893.81356398)
(-7353.24619798, 9966.90651038, 1893.81356398)
(-7353.18551778, 9966.90838278, 1893.81356397)
(-7353.13269177, 9966.91014358, 1893.81356398)
(-7353.07697347, 9966.91201496, 1893.81356398)
(-7353.01917879, 9966.91385549, 1893.81356398)
(-7352.95725607, 9966.91581556, 1893.81356398)
(-7352.88088449, 9966.91822878, 1893.81356398)
(-7352.82058312, 9966.9197147, 1893.81356399)
(-7352.74458874, 9966.92156871, 1893.81356399)
(-7352.6748518, 9966.92401857, 1893.81356398)
(-7352.60016266, 9966.92667919, 1893.81356398)
(-7352.53039999, 9966.92897357, 1893.81356398)
(-7352.47053062, 9966.93080622, 1893.81356398)
(-7352.39951012, 9966.93288275, 1893.81356398)
(-7352.34912175, 9966.9341386, 1893.81356397)
(-7352.29832413, 9966.93541265, 1893.81356397)
(-7352.23558114, 9966.93728286, 1893.81356399)
(-7352.17904652, 9966.93920179, 1893.81356397)
(-7352.11714034, 9966.94130299, 1893.81356398)
(-7352.06223485, 9966.94304799, 1893.81356398)
(-7352.00898141, 9966.94473433, 1893.81356398)
(-7351.94045174, 9966.94688706, 1893.81356398)
(-7351.88262918, 9966.9483368, 1893.81356398)
(-7351.83183224, 9966.9496357, 1893.81356399)
(-7351.77940803, 9966.95120584, 1893.81356398)
(-7351.71872995, 9966.95310125, 1893.81356398)
(-7351.66384891, 9966.95502958, 1893.81356396)
(-7351.60648684, 9966.9570611, 1893.81356397)
(-7351.54457642, 9966.95923641, 1893.81356398)
(-7351.4921215, 9966.96058532, 1893.81356399)
(-7351.44008164, 9966.96190965, 1893.81356398)
(-7351.38557751, 9966.9634004, 1893.81356398)
(-7351.3215773, 9966.96512969, 1893.81356398)
(-7351.26338969, 9966.96704986, 1893.81356396)
(-7351.20685105, 9966.96897143, 1893.81356398)
(-7351.1453546, 9966.97106931, 1893.81356397)
(-7351.09581496, 9966.97265657, 1893.81356398)
(-7351.04131723, 9966.97432522, 1893.81356398)
(-7350.97360553, 9966.97634794, 1893.81356398)
(-7350.91413026, 9966.97785679, 1893.81356399)
(-7350.84227196, 9966.97966555, 1893.81356397)
(-7350.7849045, 9966.98145574, 1893.81356398)
(-7350.71804719, 9966.98366592, 1893.81356397)
(-7350.6635788, 9966.98560665, 1893.81356397)
(-7350.60291503, 9966.9877782, 1893.81356398)
(-7350.55335696, 9966.98917165, 1893.81356399)
(-7350.50296942, 9966.9904978, 1893.81356399)
(-7350.4377215, 9966.992225, 1893.81356397)
(-7350.37579688, 9966.99402934, 1893.81356398)
(-7350.32791099, 9966.99548633, 1893.81356398)
(-7350.26599184, 9966.99741193, 1893.81356398)
(-7350.21729989, 9966.99912835, 1893.81356397)
(-7350.16447764, 9967.00100285, 1893.81356398)
(-7350.10876076, 9967.00297506, 1893.81356398)
(-7350.04763612, 9967.00460462, 1893.81356399)
(-7349.98733712, 9967.00616152, 1893.81356398)
(-7349.91259551, 9967.00813871, 1893.81356399)
(-7349.85563202, 9967.00985412, 1893.81356397)
(-7349.77596891, 9967.01237639, 1893.81356397)
(-7349.71366082, 9967.01459307, 1893.81356397)
(-7349.62947151, 9967.01758728, 1893.81356399)
(-7349.567108, 9967.01925876, 1893.81356398)
(-7349.50804664, 9967.0207629, 1893.81356398)
(-7349.43908614, 9967.02258346, 1893.81356398)
(-7349.38790111, 9967.0241237, 1893.81356397)
(-7349.33671665, 9967.02571714, 1893.81356397)
(-7349.27852627, 9967.02766402, 1893.81356398)
(-7349.20052001, 9967.03030264, 1893.81356398)
(-7349.13322994, 9967.03245149, 1893.81356398)
(-7349.05768069, 9967.03480067, 1893.81356398)
(-7348.99324839, 9967.03640077, 1893.81356399)
(-7348.92180297, 9967.03820203, 1893.81356397)
(-7348.85535679, 9967.04029911, 1893.81356397)
(-7348.7959349, 9967.04235145, 1893.81356397)
(-7348.7253612, 9967.04477996, 1893.81356399)
(-7348.66302508, 9967.04678486, 1893.81356398)
(-7348.60068475, 9967.04871368, 1893.81356398)
(-7348.54327697, 9967.05018917, 1893.81356397)
(-7348.4945442, 9967.0514341, 1893.81356398)
(-7348.44127338, 9967.05280191, 1893.81356398)
(-7348.38886413, 9967.05456312, 1893.81356398)
(-7348.331096, 9967.05661607, 1893.81356396)
(-7348.26753643, 9967.05880648, 1893.81356397)
(-7348.20849893, 9967.06067991, 1893.81356398)
(-7348.15482523, 9967.06231024, 1893.81356398)
(-7348.09537028, 9967.06408317, 1893.81356399)
(-7348.04250359, 9967.06543737, 1893.81356399)
(-7347.9929463, 9967.06670888, 1893.81356398)
(-7347.94671182, 9967.06807096, 1893.81356398)
(-7347.89305033, 9967.06973423, 1893.81356398)
(-7347.83444767, 9967.07169669, 1893.81356398)
(-7347.77914788, 9967.07361556, 1893.81356397)
(-7347.713113, 9967.07592423, 1893.81356398)
(-7347.65570681, 9967.07750208, 1893.81356399)
(-7347.60243031, 9967.07890655, 1893.81356399)
(-7347.55329055, 9967.08022857, 1893.81356399)
(-7347.50663975, 9967.08156925, 1893.81356397)
(-7347.44719286, 9967.08334349, 1893.81356398)
(-7347.38609725, 9967.08521546, 1893.81356398)
(-7347.32956617, 9967.08721503, 1893.81356397)
(-7347.27137628, 9967.08925668, 1893.81356399)
(-7347.20492877, 9967.09161156, 1893.81356398)
(-7347.14916939, 9967.09303767, 1893.81356398)
(-7347.10043273, 9967.09423748, 1893.81356397)
(-7347.05459893, 9967.09547635, 1893.81356398)
(-7346.99926756, 9967.09694292, 1893.81356398)
(-7346.94479454, 9967.09873029, 1893.81356399)
(-7346.88660732, 9967.10071901, 1893.81356397)
(-7346.82139335, 9967.10291191, 1893.81356398)
(-7346.7623587, 9967.10479174, 1893.81356398)
(-7346.6983661, 9967.10674939, 1893.81356398)
(-7346.63848635, 9967.10839677, 1893.81356398)
(-7346.57489435, 9967.11012733, 1893.81356398)
(-7346.51792266, 9967.11178146, 1893.81356398)
(-7346.46425302, 9967.11334474, 1893.81356398)
(-7346.4163789, 9967.11492131, 1893.81356398)
(-7346.36396347, 9967.11667387, 1893.81356399)
(-7346.30701434, 9967.11868058, 1893.81356397)
(-7346.24675842, 9967.12081264, 1893.81356397)
(-7346.17824403, 9967.12324505, 1893.81356398)
(-7346.1212474, 9967.12476367, 1893.81356399)
(-7346.06136027, 9967.12629746, 1893.81356399)
(-7346.00974717, 9967.12772258, 1893.81356398)
(-7345.96061154, 9967.1290612, 1893.81356398)
(-7345.91232599, 9967.13062004, 1893.81356397)
(-7345.85702766, 9967.13251125, 1893.81356398)
(-7345.7947067, 9967.13463645, 1893.81356397)
(-7345.73567332, 9967.13653305, 1893.81356398)
(-7345.67787474, 9967.13832243, 1893.81356398)
(-7345.62007339, 9967.14006691, 1893.81356398)
(-7345.5721634, 9967.14130056, 1893.813564)
(-7345.52466796, 9967.14249568, 1893.81356398)
(-7345.4685053, 9967.14392034, 1893.81356399)
(-7345.41485913, 9967.14573655, 1893.81356397)
(-7345.35874093, 9967.14773767, 1893.81356397)
(-7345.28981893, 9967.15014126, 1893.81356399)
(-7345.23325549, 9967.15191113, 1893.81356398)
(-7345.17090789, 9967.15377018, 1893.81356398)
(-7345.11639757, 9967.15527388, 1893.81356398)
(-7345.06808428, 9967.15659721, 1893.81356398)
(-7345.02019466, 9967.15799295, 1893.81356398)
(-7344.96611204, 9967.15957963, 1893.81356398)
(-7344.90294691, 9967.16143438, 1893.81356398)
(-7344.84187542, 9967.16357664, 1893.81356398)
(-7344.77791261, 9967.16586255, 1893.81356398)
(-7344.7213452, 9967.16759636, 1893.81356397)
(-7344.65321112, 9967.16954906, 1893.81356397)
(-7344.60158326, 9967.17086724, 1893.81356399)
(-7344.54624379, 9967.17227236, 1893.81356398)
(-7344.47896021, 9967.17429509, 1893.81356398)
(-7344.41910858, 9967.17617397, 1893.81356398)
(-7344.36587744, 9967.17805045, 1893.81356396)
(-7344.29737446, 9967.18049733, 1893.81356398)
(-7344.24700171, 9967.18206587, 1893.81356397)
(-7344.17969092, 9967.18397939, 1893.81356398)
(-7344.13301973, 9967.18518476, 1893.81356399)
(-7344.07602715, 9967.18663012, 1893.81356397)
(-7344.01202148, 9967.18827337, 1893.81356398)
(-7343.95837648, 9967.19011606, 1893.81356398)
(-7343.88162949, 9967.19294348, 1893.81356397)
(-7343.8077394, 9967.19538956, 1893.81356398)
(-7343.72600524, 9967.19809179, 1893.81356398)
(-7343.6661147, 9967.19957251, 1893.81356398)
(-7343.6054014, 9967.20108685, 1893.81356399)
(-7343.55792503, 9967.20243818, 1893.81356398)
(-7343.50591196, 9967.20401417, 1893.81356398)
(-7343.45308711, 9967.20576589, 1893.81356397)
(-7343.39365471, 9967.20775232, 1893.81356399)
(-7343.33874877, 9967.2094782, 1893.81356398)
(-7343.27930258, 9967.21134206, 1893.81356398)
(-7343.21779087, 9967.2132676, 1893.81356398)
(-7343.16657716, 9967.2145885, 1893.81356399)
(-7343.11619301, 9967.21588128, 1893.81356399)
(-7343.05961831, 9967.21732864, 1893.81356398)
(-7343.00638649, 9967.2191724, 1893.81356397)
(-7342.95439311, 9967.22101094, 1893.81356396)
(-7342.88712461, 9967.22338106, 1893.81356398)
(-7342.8326256, 9967.22509173, 1893.81356398)
(-7342.7706914, 9967.2269446, 1893.81356398)
(-7342.70958461, 9967.22875254, 1893.81356398)
(-7342.65921286, 9967.230222, 1893.81356398)
