(-7459.6999778, 9988.22999947, 1893.81356566)
(-7459.64596022, 9988.23010327, 1893.81399638)
(-7459.58690307, 9988.23018873, 1893.81360205)
(-7459.51669694, 9988.23036739, 1893.81356424)
(-7459.45763062, 9988.23043446, 1893.81356373)
(-7459.38039087, 9988.2304788, 1893.81356389)
(-7459.32175088, 9988.23067524, 1893.81356399)
(-7459.25650298, 9988.23097807, 1893.81356396)
(-7459.19622353, 9988.23146309, 1893.81356398)
(-7459.12643845, 9988.23203104, 1893.81356397)
(-7459.06574734, 9988.23270396, 1893.81356397)
(-7458.9864627, 9988.23356005, 1893.81356398)
(-7458.92327745, 9988.23422701, 1893.81356398)
(-7458.85761484, 9988.23495705, 1893.81356398)
(-7458.79897051, 9988.23559465, 1893.81356398)
(-7458.71637642, 9988.23657377, 1893.81356398)
(-7458.65814398, 9988.23722701, 1893.81356399)
(-7458.58835126, 9988.23807597, 1893.81356398)
(-7458.52598886, 9988.23879913, 1893.81356398)
(-7458.4619761, 9988.2395666, 1893.81356398)
(-7458.38516542, 9988.24058225, 1893.81356398)
(-7458.31949893, 9988.2413934, 1893.81356398)
(-7458.24144358, 9988.2423557, 1893.81356398)
(-7458.18197259, 9988.24308808, 1893.81356398)
(-7458.10804707, 9988.24399847, 1893.81356398)
(-7458.05146705, 9988.24469479, 1893.81356398)
(-7457.98249737, 9988.24554341, 1893.81356398)
(-7457.88792218, 9988.24670709, 1893.81356398)
(-7457.81151855, 9988.24764665, 1893.81356398)
(-7457.71363939, 9988.24884957, 1893.81356398)
(-7457.63847482, 9988.24977319, 1893.81356398)
(-7457.54968147, 9988.25086314, 1893.81356398)
(-7457.46997405, 9988.25184197, 1893.81356398)
(-7457.41958897, 9988.25246053, 1893.81356398)
(-7457.34855431, 9988.25333253, 1893.81356398)
(-7457.26141282, 9988.25440092, 1893.81356398)
(-7457.18872626, 9988.25529282, 1893.81356398)
(-7457.11273551, 9988.25622387, 1893.81356398)
(-7457.04872192, 9988.25700891, 1893.81356398)
(-7456.98099101, 9988.25783877, 1893.81356398)
(-7456.92193333, 9988.25856297, 1893.81356398)
(-7456.85998437, 9988.25932209, 1893.81356398)
(-7456.79101476, 9988.26016734, 1893.81356398)
(-7456.71006802, 9988.26115761, 1893.81356398)
(-7456.6448155, 9988.26195695, 1893.81356398)
(-7456.57667153, 9988.26279072, 1893.81356398)
(-7456.5221568, 9988.26345852, 1893.81356398)
(-7456.4531869, 9988.2643028, 1893.81356398)
(-7456.3895861, 9988.26508147, 1893.81356398)
(-7456.30987835, 9988.26605483, 1893.81356398)
(-7456.25205979, 9988.26676227, 1893.81356398)
(-7456.18185084, 9988.26762049, 1893.81356398)
(-7456.11825037, 9988.26839897, 1893.81356398)
(-7456.05258436, 9988.269202, 1893.81356398)
(-7455.98774464, 9988.26999507, 1893.81356398)
(-7455.91381864, 9988.27089559, 1893.81356398)
(-7455.8498051, 9988.271678, 1893.81356398)
(-7455.77381428, 9988.27260538, 1893.81356398)
(-7455.72301652, 9988.27322629, 1893.81356398)
(-7455.66106743, 9988.27398296, 1893.81356398)
(-7455.59085883, 9988.27484079, 1893.81356398)
(-7455.50949903, 9988.27583165, 1893.81356398)
(-7455.45126748, 9988.27654266, 1893.81356398)
(-7455.38312343, 9988.27737367, 1893.81356398)
(-7455.32365288, 9988.27810009, 1893.81356398)
(-7455.26005181, 9988.27887631, 1893.81356398)
(-7455.18364776, 9988.27979952, 1893.81356398)
(-7455.12417744, 9988.2805248, 1893.81356398)
(-7455.05107745, 9988.28141421, 1893.81356398)
(-7454.99078087, 9988.28214908, 1893.81356398)
(-7454.91891994, 9988.2830241, 1893.81356398)
(-7454.84995032, 9988.28386421, 1893.81356398)
(-7454.78924046, 9988.28460398, 1893.81356398)
(-7454.7153145, 9988.28550293, 1893.81356398)
(-7454.65212705, 9988.28627277, 1893.81356398)
(-7454.58067908, 9988.28714248, 1893.81356398)
(-7454.52327339, 9988.28784229, 1893.81356398)
(-7454.46091132, 9988.28860204, 1893.81356398)
(-7454.38946367, 9988.28947281, 1893.81356398)
(-7454.31099481, 9988.29042719, 1893.81356398)
(-7454.25152424, 9988.29115174, 1893.81356398)
(-7454.17388146, 9988.29209693, 1893.81356398)
(-7454.1131718, 9988.29283714, 1893.81356398)
(-7454.04296292, 9988.29369236, 1893.81356398)
(-7453.98184011, 9988.29443713, 1893.81356398)
(-7453.90089327, 9988.29542136, 1893.81356398)
(-7453.83935773, 9988.29617104, 1893.81356398)
(-7453.75386809, 9988.29721158, 1893.81356398)
(-7453.69811427, 9988.29789126, 1893.81356398)
(-7453.62749234, 9988.29875132, 1893.81356398)
(-7453.56471771, 9988.29951672, 1893.81356398)
(-7453.49533481, 9988.30036215, 1893.81356398)
(-7453.42140885, 9988.30126031, 1893.81356398)
(-7453.35491743, 9988.30207028, 1893.81356398)
(-7453.28388256, 9988.30293481, 1893.81356398)
(-7453.22441188, 9988.30365963, 1893.81356398)
(-7453.15544194, 9988.3044997, 1893.81356398)
(-7453.08234233, 9988.30539034, 1893.81356398)
(-7453.01502452, 9988.30621068, 1893.81356398)
(-7452.94522852, 9988.3070597, 1893.81356398)
(-7452.88658391, 9988.30777412, 1893.81356398)
(-7452.81637499, 9988.30862912, 1893.81356398)
(-7452.75360035, 9988.30939435, 1893.81356398)
(-7452.68669545, 9988.31020953, 1893.81356398)
(-7452.61979075, 9988.31102489, 1893.81356398)
(-7452.54875583, 9988.3118894, 1893.81356398)
(-7452.49135012, 9988.312589, 1893.81356398)
(-7452.42238019, 9988.31342912, 1893.81356398)
(-7452.35093265, 9988.31430029, 1893.81356398)
(-7452.28774461, 9988.31507028, 1893.81356398)
(-7452.20968882, 9988.31601945, 1893.81356398)
(-7452.15476114, 9988.31668869, 1893.81356398)
(-7452.05853371, 9988.3178605, 1893.81356398)
(-7451.98543421, 9988.31875156, 1893.81356398)
(-7451.93380999, 9988.31938027, 1893.81356398)
(-7451.85203772, 9988.32037727, 1893.81356398)
(-7451.76902604, 9988.32138864, 1893.81356398)
(-7451.67445081, 9988.32254193, 1893.81356398)
(-7451.55674782, 9988.32397546, 1893.81356398)
(-7451.47001941, 9988.32503261, 1893.81356398)
(-7451.38122584, 9988.32611284, 1893.81356398)
(-7451.26476228, 9988.32753226, 1893.81356398)
(-7451.17472989, 9988.32863028, 1893.81356398)
(-7451.09130523, 9988.32964608, 1893.81356398)
(-7451.02150963, 9988.33049691, 1893.81356398)
(-7450.9343681, 9988.33155824, 1893.81356398)
(-7450.87407128, 9988.33229339, 1893.81356398)
(-7450.79890652, 9988.33320913, 1893.81356398)
(-7450.73406686, 9988.33399974, 1893.81356398)
(-7450.65601119, 9988.33495105, 1893.81356398)
(-7450.59406243, 9988.33570655, 1893.81356398)
(-7450.53665638, 9988.33640636, 1893.81356398)
(-7450.4680995, 9988.33724105, 1893.81356398)
(-7450.40408588, 9988.33802145, 1893.81356398)
(-7450.31735732, 9988.33907835, 1893.81356398)
(-7450.25953846, 9988.33978342, 1893.81356398)
(-7450.19056859, 9988.34062411, 1893.81356398)
(-7450.13274968, 9988.34132896, 1893.81356398)
(-7450.05758492, 9988.34224442, 1893.81356398)
(-7449.98985432, 9988.34307022, 1893.81356398)
(-7449.91386359, 9988.34399619, 1893.81356398)
(-7449.8543928, 9988.34472135, 1893.81356398)
(-7449.78542299, 9988.34556201, 1893.81356398)
(-7449.72223522, 9988.34633267, 1893.81356398)
(-7449.65574332, 9988.34714335, 1893.81356398)
(-7449.58842541, 9988.34796319, 1893.81356398)
(-7449.53680153, 9988.34859254, 1893.81356398)
(-7449.45957182, 9988.34953396, 1893.81356398)
(-7449.39184113, 9988.35035996, 1893.81356398)
(-7449.32947918, 9988.35112024, 1893.81356398)
(-7449.26050935, 9988.35196015, 1893.81356398)
(-7449.20145162, 9988.3526802, 1893.81356398)
(-7449.12711289, 9988.35358626, 1893.81356398)
(-7449.05938222, 9988.3544123, 1893.81356398)
(-7448.99041238, 9988.35525308, 1893.81356398)
(-7448.91566075, 9988.3561645, 1893.81356398)
(-7448.85371185, 9988.35691987, 1893.81356398)
(-7448.77730809, 9988.35785072, 1893.81356398)
(-7448.71494635, 9988.35861102, 1893.81356398)
(-7448.63441273, 9988.3595925, 1893.81356398)
(-7448.56709507, 9988.36041341, 1893.81356398)
(-7448.48986543, 9988.36135481, 1893.81356398)
(-7448.43865444, 9988.36197937, 1893.81356398)
(-7448.36803266, 9988.36284045, 1893.81356398)
(-7448.30277986, 9988.36363615, 1893.81356398)
(-7448.23587496, 9988.36445149, 1893.81356398)
(-7448.17351318, 9988.36521191, 1893.81356398)
(-7448.10660831, 9988.36602751, 1893.81356398)
(-7448.04424652, 9988.36678807, 1893.81356398)
(-7447.9864275, 9988.36749308, 1893.81356398)
(-7447.89763404, 9988.36857486, 1893.81356398)
(-7447.83692428, 9988.36931509, 1893.81356398)
(-7447.75721667, 9988.37028663, 1893.81356398)
(-7447.69650686, 9988.37102698, 1893.81356398)
(-7447.629602, 9988.37184262, 1893.81356398)
(-7447.57260905, 9988.37253751, 1893.81356398)
(-7447.50694323, 9988.37333827, 1893.81356398)
(-7447.42517063, 9988.37433486, 1893.81356398)
(-7447.35702693, 9988.37516585, 1893.81356398)
(-7447.28557914, 9988.37603674, 1893.81356398)
(-7447.22776029, 9988.37674181, 1893.81356398)
(-7447.15548655, 9988.377623, 1893.81356398)
(-7447.09395071, 9988.37837333, 1893.81356398)
(-7447.01961198, 9988.37927921, 1893.81356398)
(-7446.95972817, 9988.38000939, 1893.81356398)
(-7446.88497644, 9988.38092059, 1893.81356398)
(-7446.82550559, 9988.38164583, 1893.81356398)
(-7446.76438262, 9988.38239109, 1893.81356398)
(-7446.70408573, 9988.38312634, 1893.81356398)
(-7446.63057297, 9988.38402232, 1893.81356398)
(-7446.56614623, 9988.38480797, 1893.81356398)
(-7446.48643865, 9988.38577965, 1893.81356398)
(-7446.4323367, 9988.38643947, 1893.81356398)
(-7446.36543187, 9988.38725524, 1893.81356398)
(-7446.30843894, 9988.3879502, 1893.81356398)
(-7446.22749232, 9988.38893681, 1893.81356398)
(-7446.15769665, 9988.38978793, 1893.81356398)
(-7446.09120477, 9988.3905985, 1893.81356398)
(-7446.02223508, 9988.39143963, 1893.81356398)
(-7445.93757151, 9988.39247185, 1893.81356398)
(-7445.87438356, 9988.39324139, 1893.81356398)
(-7445.7942632, 9988.39421824, 1893.81356398)
(-7445.73148833, 9988.39498376, 1893.81356398)
(-7445.62163229, 9988.39632257, 1893.81356398)
(-7445.53159993, 9988.39742041, 1893.81356398)
(-7445.42380877, 9988.39873345, 1893.81356398)
(-7445.35607811, 9988.39955938, 1893.81356398)
(-7445.26563268, 9988.40066205, 1893.81356398)
(-7445.18881612, 9988.4015989, 1893.81356398)
(-7445.1099345, 9988.40256055, 1893.81356398)
(-7445.04715971, 9988.40332612, 1893.81356398)
(-7444.97488599, 9988.40420731, 1893.81356398)
(-7444.9055033, 9988.4050535, 1893.81356398)
(-7444.84355438, 9988.40580888, 1893.81356398)
(-7444.77458454, 9988.40664937, 1893.81356398)
(-7444.71139678, 9988.40741985, 1893.81356398)
(-7444.64160096, 9988.40827079, 1893.81356398)
(-7444.58295607, 9988.40898598, 1893.81356398)
(-7444.50903037, 9988.40988739, 1893.81356398)
(-7444.43923464, 9988.41073849, 1893.81356398)
(-7444.37067785, 9988.41157406, 1893.81356398)
(-7444.30501213, 9988.41237482, 1893.81356398)
(-7444.23562934, 9988.41322069, 1893.81356398)
(-7444.16913761, 9988.41403158, 1893.81356398)
(-7444.09645087, 9988.41491786, 1893.81356398)
(-7444.03367604, 9988.41568347, 1893.81356398)
(-7443.97916097, 9988.41634826, 1893.81356398)
(-7443.9068872, 9988.41722919, 1893.81356398)
(-7443.84700337, 9988.41795943, 1893.81356398)
(-7443.77844656, 9988.41879535, 1893.81356398)
(-7443.71773672, 9988.41953577, 1893.81356398)
(-7443.6574398, 9988.42027106, 1893.81356398)
(-7443.57938418, 9988.42122248, 1893.81356398)
(-7443.51454444, 9988.42201317, 1893.81356398)
(-7443.43814077, 9988.42294471, 1893.81356398)
(-7443.37825688, 9988.42367503, 1893.81356398)
(-7443.31052606, 9988.42450092, 1893.81356398)
(-7443.24527324, 9988.42529664, 1893.81356398)
(-7443.16473963, 9988.42627833, 1893.81356398)
(-7443.09576994, 9988.42711938, 1893.81356398)
(-7443.02762613, 9988.42795014, 1893.81356398)
(-7442.96237338, 9988.42874593, 1893.81356398)
(-7442.89505559, 9988.42956674, 1893.81356398)
(-7442.83682369, 9988.43027695, 1893.81356398)
(-7442.77611375, 9988.43101729, 1893.81356398)
(-7442.69351519, 9988.43202412, 1893.81356398)
(-7442.62950139, 9988.43280475, 1893.81356398)
(-7442.55268472, 9988.43374133, 1893.81356398)
(-7442.49610478, 9988.43443135, 1893.81356398)
(-7442.43126491, 9988.435222, 1893.81356398)
(-7442.36807707, 9988.43599253, 1893.81356398)
(-7442.28919548, 9988.43695413, 1893.81356398)
(-7442.22600768, 9988.43772469, 1893.81356398)
(-7442.15332098, 9988.43861089, 1893.81356398)
(-7442.09137215, 9988.43936638, 1893.81356398)
(-7442.01249053, 9988.44032823, 1893.81356398)
(-7441.95012868, 9988.4410888, 1893.81356398)
(-7441.89148369, 9988.44180396, 1893.81356398)
(-7441.81590599, 9988.44272523, 1893.81356398)
(-7441.75519615, 9988.44346555, 1893.81356398)
(-7441.68787833, 9988.44428634, 1893.81356398)
(-7441.62964644, 9988.44499651, 1893.81356398)
(-7441.55985069, 9988.44584763, 1893.81356398)
(-7441.47931712, 9988.44682926, 1893.81356398)
(-7441.41654232, 9988.44759476, 1893.81356398)
(-7441.34013867, 9988.44852626, 1893.81356398)
(-7441.28521069, 9988.44919614, 1893.81356398)
(-7441.21334993, 9988.45007239, 1893.81356398)
(-7441.15305304, 9988.45080777, 1893.81356398)
(-7441.08862617, 9988.45159344, 1893.81356398)
(-7441.01346149, 9988.4525097, 1893.81356398)
(-7440.9556426, 9988.45321478, 1893.81356398)
(-7440.88708582, 9988.45405071, 1893.81356398)
(-7440.82761495, 9988.454776, 1893.81356398)
(-7440.75286329, 9988.45568756, 1893.81356398)
(-7440.68926246, 9988.45646316, 1893.81356398)
(-7440.61574973, 9988.45735941, 1893.81356398)
(-7440.55256191, 9988.45812997, 1893.81356398)
(-7440.48854801, 9988.45891051, 1893.81356398)
(-7440.42246923, 9988.45971638, 1893.81356398)
(-7440.35804236, 9988.46050202, 1893.81356398)
(-7440.27172688, 9988.46155416, 1893.81356398)
(-7440.21225603, 9988.46227934, 1893.81356398)
(-7440.13833035, 9988.46318065, 1893.81356398)
(-7440.08257641, 9988.46386057, 1893.81356398)
(-7439.99213102, 9988.46496343, 1893.81356398)
(-7439.93018216, 9988.46571892, 1893.81356398)
(-7439.825282, 9988.46699807, 1893.81356398)
(-7439.74392248, 9988.4679903, 1893.81356398)
(-7439.64728218, 9988.46916861, 1893.81356398)
(-7439.5646837, 9988.47017593, 1893.81356398)
(-7439.46102257, 9988.47143973, 1893.81356398)
(-7439.3734682, 9988.47250741, 1893.81356398)
(-7439.28426177, 9988.47359481, 1893.81356398)
(-7439.18844753, 9988.47476321, 1893.81356398)
(-7439.10956594, 9988.47572526, 1893.81356398)
(-7439.03687921, 9988.47661157, 1893.81356398)
(-7438.97699531, 9988.47734189, 1893.81356398)
(-7438.91422043, 9988.4781074, 1893.81356398)
(-7438.8448377, 9988.47895351, 1893.81356398)
(-7438.76017422, 9988.47998574, 1893.81356398)
(-7438.69574744, 9988.4807714, 1893.81356398)
(-7438.61521388, 9988.48175334, 1893.81356398)
(-7438.5598729, 9988.48242825, 1893.81356398)
(-7438.49585902, 9988.48320885, 1893.81356398)
(-7438.43143219, 9988.48399459, 1893.81356398)
(-7438.35957145, 9988.48487092, 1893.81356398)
(-7438.27614691, 9988.48588797, 1893.81356398)
(-7438.20841618, 9988.48671392, 1893.81356398)
(-7438.13738145, 9988.48758003, 1893.81356398)
(-7438.0820405, 9988.48825491, 1893.81356398)
(-7438.00233294, 9988.48922688, 1893.81356398)
(-7437.93708015, 9988.49002268, 1893.81356398)
(-7437.86067651, 9988.49095439, 1893.81356398)
(-7437.79996659, 9988.49169475, 1893.81356398)
(-7437.73347475, 9988.49250544, 1893.81356398)
(-7437.67400384, 9988.49323068, 1893.81356398)
(-7437.5967742, 9988.49417241, 1893.81356398)
(-7437.52986944, 9988.49498834, 1893.81356398)
(-7437.45966069, 9988.4958445, 1893.81356398)
(-7437.38862601, 9988.49671075, 1893.81356398)
(-7437.33080707, 9988.49741586, 1893.81356398)
(-7437.25275146, 9988.49836759, 1893.81356398)
(-7437.19286758, 9988.49909787, 1893.81356398)
(-7437.11563794, 9988.5000396, 1893.81356398)
(-7437.05534103, 9988.50077495, 1893.81356398)
(-7436.98761022, 9988.50160091, 1893.81356398)
(-7436.92813929, 9988.50232615, 1893.81356398)
(-7436.84430177, 9988.50334836, 1893.81356398)
(-7436.77574505, 9988.5041844, 1893.81356398)
(-7436.70677529, 9988.50502538, 1893.81356398)
(-7436.6473044, 9988.50575064, 1893.81356398)
(-7436.58122559, 9988.50655643, 1893.81356398)
(-7436.50853892, 9988.50744283, 1893.81356398)
(-7436.44659003, 9988.50819831, 1893.81356398)
(-7436.36936039, 9988.50913996, 1893.81356398)
(-7436.31154144, 9988.50984508, 1893.81356398)
(-7436.23555077, 9988.5107717, 1893.81356398)
(-7436.17607987, 9988.51149698, 1893.81356398)
(-7436.09719828, 9988.5124589, 1893.81356398)
(-7436.02409862, 9988.51335033, 1893.81356398)
(-7435.95884582, 9988.51414609, 1893.81356398)
(-7435.8873981, 9988.51501723, 1893.81356398)
(-7435.82668823, 9988.51575757, 1893.81356398)
(-7435.75358852, 9988.51664893, 1893.81356398)
(-7435.69494359, 9988.51736413, 1893.81356398)
(-7435.62225687, 9988.51825052, 1893.81356398)
(-7435.55989498, 9988.51901101, 1893.81356398)
(-7435.47770944, 9988.52001309, 1893.81356398)
(-7435.41906452, 9988.52072825, 1893.81356398)
(-7435.35174673, 9988.52154911, 1893.81356398)
(-7435.29640577, 9988.52222401, 1893.81356398)
(-7435.21587223, 9988.52320609, 1893.81356398)
(-7435.15061942, 9988.52400183, 1893.81356398)
(-7435.07999767, 9988.5248629, 1893.81356398)
(-7435.03002559, 9988.52547229, 1893.81356398)
(-7434.95403492, 9988.52639893, 1893.81356398)
(-7434.88836911, 9988.52719975, 1893.81356398)
(-7434.82187728, 9988.52801059, 1893.81356398)
(-7434.76818826, 9988.52866532, 1893.81356398)
(-7434.69219762, 9988.52959189, 1893.81356398)
(-7434.62281491, 9988.53043801, 1893.81356398)
(-7434.54393334, 9988.53139989, 1893.81356398)
(-7434.48239748, 9988.53215034, 1893.81356398)
(-7434.40558085, 9988.53308708, 1893.81356398)
(-7434.35023986, 9988.53376199, 1893.81356398)
(-7434.28829095, 9988.53451746, 1893.81356398)
(-7434.21601722, 9988.53539869, 1893.81356398)
(-7434.14828645, 9988.53622467, 1893.81356398)
(-7434.08096864, 9988.53704555, 1893.81356398)
(-7434.01901978, 9988.53780104, 1893.81356398)
(-7433.96161382, 9988.5385011, 1893.81356398)
(-7433.86745152, 9988.53964918, 1893.81356398)
(-7433.78609204, 9988.54064133, 1893.81356398)
(-7433.6642592, 9988.54212681, 1893.81356398)
(-7433.59157253, 9988.54301325, 1893.81356398)
(-7433.48832435, 9988.54427229, 1893.81356398)
(-7433.39870496, 9988.54536524, 1893.81356398)
(-7433.285132, 9988.54675007, 1893.81356398)
(-7433.21203235, 9988.54764149, 1893.81356398)
(-7433.0935035, 9988.54908664, 1893.81356398)
(-7433.01999086, 9988.54998314, 1893.81356398)
(-7432.9221116, 9988.55117672, 1893.81356398)
(-7432.84529497, 9988.55211353, 1893.81356398)
(-7432.76228343, 9988.55312578, 1893.81356398)
(-7432.6982696, 9988.55390644, 1893.81356398)
(-7432.6313648, 9988.5547223, 1893.81356398)
(-7432.57602382, 9988.55539721, 1893.81356398)
(-7432.49962021, 9988.55632895, 1893.81356398)
(-7432.43601938, 9988.55710457, 1893.81356398)
(-7432.35342086, 9988.55811175, 1893.81356398)
(-7432.29188499, 9988.55886219, 1893.81356398)
(-7432.22250221, 9988.55970826, 1893.81356398)
(-7432.16303128, 9988.56043353, 1893.81356398)
(-7432.08208471, 9988.56142066, 1893.81356398)
(-7432.02426576, 9988.56212579, 1893.81356398)
(-7431.96107789, 9988.56289637, 1893.81356398)
(-7431.88632623, 9988.56380784, 1893.81356398)
(-7431.8235514, 9988.56457339, 1893.81356398)
(-7431.75334267, 9988.56542955, 1893.81356398)
(-7431.68024302, 9988.56632103, 1893.81356398)
(-7431.59557954, 9988.56735348, 1893.81356398)
(-7431.53941255, 9988.56803847, 1893.81356398)
(-7431.47168175, 9988.56886445, 1893.81356398)
(-7431.40477694, 9988.56968037, 1893.81356398)
(-7431.3163965, 9988.57075807, 1893.81356398)
(-7431.25238267, 9988.57153873, 1893.81356398)
(-7431.17019716, 9988.5725409, 1893.81356398)
(-7431.11237823, 9988.57324602, 1893.81356398)
(-7431.0479514, 9988.57403168, 1893.81356398)
(-7430.98971948, 9988.57474185, 1893.81356398)
(-7430.91868475, 9988.57560813, 1893.81356398)
(-7430.84888899, 9988.57645918, 1893.81356398)
(-7430.78652711, 9988.5772197, 1893.81356398)
(-7430.72333922, 9988.57799025, 1893.81356398)
(-7430.65849939, 9988.578781, 1893.81356398)
(-7430.59737648, 9988.57952639, 1893.81356398)
(-7430.51601694, 9988.58051843, 1893.81356398)
(-7430.45530707, 9988.58125878, 1893.81356398)
(-7430.38096842, 9988.5821653, 1893.81356398)
(-7430.32521445, 9988.58284522, 1893.81356398)
(-7430.25376674, 9988.58371652, 1893.81356398)
(-7430.18108005, 9988.58460293, 1893.81356398)
(-7430.11706619, 9988.58538359, 1893.81356398)
(-7430.03033772, 9988.58644115, 1893.81356398)
(-7429.97086679, 9988.5871664, 1893.81356398)
(-7429.89570212, 9988.58808298, 1893.81356398)
(-7429.83086231, 9988.58887372, 1893.81356398)
(-7429.75652366, 9988.58978025, 1893.81356398)
(-7429.69581378, 9988.59052062, 1893.81356398)
(-7429.6342779, 9988.59127105, 1893.81356398)
(-7429.55415734, 9988.592248, 1893.81356398)
(-7429.49138249, 9988.59301354, 1893.81356398)
(-7429.4112619, 9988.59399056, 1893.81356398)
(-7429.3559209, 9988.59466545, 1893.81356398)
(-7429.28323418, 9988.59555185, 1893.81356398)
(-7429.21715538, 9988.59635771, 1893.81356398)
(-7429.15396751, 9988.59712828, 1893.81356398)
(-7429.08912767, 9988.59791892, 1893.81356398)
(-7429.02717883, 9988.59867438, 1893.81356398)
(-7428.95655711, 9988.59953559, 1893.81356398)
(-7428.88510942, 9988.60040692, 1893.81356398)
(-7428.81572667, 9988.60125304, 1893.81356398)
(-7428.75997267, 9988.60193296, 1893.81356398)
(-7428.69389383, 9988.60273874, 1893.81356398)
(-7428.62822801, 9988.60353954, 1893.81356398)
(-7428.54934641, 9988.60450147, 1893.81356398)
(-7428.49194045, 9988.60520155, 1893.81356398)
(-7428.42338368, 9988.60603759, 1893.81356398)
(-7428.36432577, 9988.6067578, 1893.81356398)
(-7428.29040011, 9988.60765927, 1893.81356398)
(-7428.22803826, 9988.60841978, 1893.81356398)
(-7428.15989449, 9988.60925077, 1893.81356398)
(-7428.09835861, 9988.61000123, 1893.81356398)
(-7428.04012664, 9988.61071137, 1893.81356398)
(-7427.97239583, 9988.61153728, 1893.81356398)
(-7427.9129249, 9988.61226253, 1893.81356398)
(-7427.82537046, 9988.61333023, 1893.81356398)
(-7427.74277196, 9988.61433755, 1893.81356398)
(-7427.65356558, 9988.61542538, 1893.81356398)
(-7427.58955176, 9988.61620604, 1893.81356398)
(-7427.53544974, 9988.6168658, 1893.81356398)
(-7427.46069811, 9988.61777743, 1893.81356398)
(-7427.39214133, 9988.61861348, 1893.81356398)
(-7427.33473534, 9988.61931348, 1893.81356398)
(-7427.25378879, 9988.62030063, 1893.81356398)
(-7427.1687123, 9988.62133809, 1893.81356398)
(-7427.07661496, 9988.62246123, 1893.81356398)
(-7426.97956172, 9988.62364471, 1893.81356398)
(-7426.90563608, 9988.62454623, 1893.81356398)
(-7426.85648997, 9988.62514553, 1893.81356398)
(-7426.79701907, 9988.62587077, 1893.81356398)
(-7426.72309339, 9988.62677228, 1893.81356398)
(-7426.64710276, 9988.62769902, 1893.81356398)
(-7426.58845779, 9988.62841419, 1893.81356398)
(-7426.52072698, 9988.62924009, 1893.81356398)
(-7426.46579898, 9988.62990994, 1893.81356398)
(-7426.3918733, 9988.63081144, 1893.81356398)
(-7426.32703348, 9988.63160217, 1893.81356398)
(-7426.23947908, 9988.63266989, 1893.81356398)
(-7426.16472745, 9988.63358148, 1893.81356398)
(-7426.1015396, 9988.63435206, 1893.81356398)
(-7426.04908955, 9988.63499169, 1893.81356398)
(-7425.97144693, 9988.6359385, 1893.81356398)
(-7425.9061941, 9988.63673427, 1893.81356398)
(-7425.83515935, 9988.63760053, 1893.81356398)
(-7425.77899236, 9988.6382855, 1893.81356398)
(-7425.71745646, 9988.63903593, 1893.81356398)
(-7425.64187882, 9988.63995752, 1893.81356398)
(-7425.57621303, 9988.64075832, 1893.81356398)
(-7425.50187438, 9988.64166485, 1893.81356398)
(-7425.43786056, 9988.64244551, 1893.81356398)
(-7425.37673766, 9988.6431909, 1893.81356398)
(-7425.31602776, 9988.64393126, 1893.81356398)
(-7425.24829696, 9988.64475719, 1893.81356398)
(-7425.18800004, 9988.64549252, 1893.81356398)
(-7425.11200938, 9988.64641921, 1893.81356398)
(-7425.0550164, 9988.64711425, 1893.81356398)
(-7424.99719744, 9988.64781936, 1893.81356398)
(-7424.91790287, 9988.64878628, 1893.81356398)
(-7424.85388905, 9988.64956692, 1893.81356398)
(-7424.78285435, 9988.65043316, 1893.81356398)
(-7424.7254484, 9988.65113324, 1893.81356398)
(-7424.66226054, 9988.65190381, 1893.81356398)
(-7424.59370377, 9988.65273987, 1893.81356398)
(-7424.51564815, 9988.65369172, 1893.81356398)
(-7424.4570032, 9988.65440689, 1893.81356398)
(-7424.39340233, 9988.65518249, 1893.81356398)
(-7424.33682235, 9988.65587249, 1893.81356398)
(-7424.26867857, 9988.6567035, 1893.81356398)
(-7424.19186196, 9988.65764021, 1893.81356398)
(-7424.12082727, 9988.65850648, 1893.81356398)
(-7424.05061855, 9988.65936265, 1893.81356398)
(-7423.9932126, 9988.66006272, 1893.81356398)
(-7423.93126371, 9988.66081818, 1893.81356398)
(-7423.85692504, 9988.66172474, 1893.81356398)
(-7423.79662811, 9988.66246007, 1893.81356398)
(-7423.72146344, 9988.66337667, 1893.81356398)
(-7423.66901338, 9988.6640163, 1893.81356398)
(-7423.59797866, 9988.66488256, 1893.81356398)
(-7423.53602979, 9988.66563804, 1893.81356398)
(-7423.46871201, 9988.66645898, 1893.81356398)
(-7423.39519935, 9988.66735541, 1893.81356398)
(-7423.32953356, 9988.66815621, 1893.81356398)
(-7423.25973781, 9988.66900735, 1893.81356398)
(-7423.20026689, 9988.66973261, 1893.81356398)
(-7423.14409988, 9988.67041757, 1893.81356398)
(-7423.07843405, 9988.67121837, 1893.81356398)
(-7423.00492135, 9988.67211483, 1893.81356398)
(-7422.94586341, 9988.67283505, 1893.81356398)
(-7422.89258737, 9988.67348474, 1893.81356398)
(-7422.83394244, 9988.67419993, 1893.81356398)
(-7422.76951561, 9988.67498562, 1893.81356398)
(-7422.70384981, 9988.67578639, 1893.81356398)
(-7422.64644387, 9988.67648646, 1893.81356398)
(-7422.58614696, 9988.67722178, 1893.81356398)
(-7422.52295909, 9988.67799237, 1893.81356398)
(-7422.45151136, 9988.67886365, 1893.81356398)
(-7422.39534437, 9988.67954862, 1893.81356398)
(-7422.33009152, 9988.68034437, 1893.81356398)
(-7422.26772963, 9988.68110488, 1893.81356398)
(-7422.20660673, 9988.68185028, 1893.81356398)
(-7422.12855115, 9988.68280214, 1893.81356398)
(-7422.0769271, 9988.6834317, 1893.81356398)
(-7422.01745618, 9988.68415694, 1893.81356398)
(-7421.95592031, 9988.68490737, 1893.81356398)
(-7421.88116866, 9988.68581894, 1893.81356398)
(-7421.82045875, 9988.68655931, 1893.81356398)
(-7421.75768387, 9988.68732484, 1893.81356398)
(-7421.68664913, 9988.68819113, 1893.81356398)
(-7421.63130811, 9988.68886602, 1893.81356398)
(-7421.55820841, 9988.68975742, 1893.81356398)
(-7421.47024101, 9988.69083019, 1893.81356398)
(-7421.38516455, 9988.69186766, 1893.81356398)
(-7421.30669599, 9988.69282459, 1893.81356398)
(-7421.21996757, 9988.6938822, 1893.81356398)
(-7421.17040847, 9988.69448658, 1893.81356398)
(-7421.08037608, 9988.69558452, 1893.81356398)
(-7421.01429726, 9988.69639036, 1893.81356398)
(-7420.91641799, 9988.69758398, 1893.81356398)
(-7420.8267986, 9988.6986769, 1893.81356398)
(-7420.73676623, 9988.69977481, 1893.81356398)
(-7420.68555517, 9988.70039933, 1893.81356398)
(-7420.62814921, 9988.70109939, 1893.81356398)
(-7420.56165743, 9988.70191027, 1893.81356398)
(-7420.47740696, 9988.7029377, 1893.81356398)
(-7420.41587106, 9988.70368814, 1893.81356398)
(-7420.32831661, 9988.70475583, 1893.81356398)
(-7420.26388976, 9988.70554152, 1893.81356398)
(-7420.19326801, 9988.70640273, 1893.81356398)
(-7420.14123095, 9988.70703733, 1893.81356398)
(-7420.07350017, 9988.7078633, 1893.81356398)
(-7420.00866036, 9988.70865403, 1893.81356398)
(-7419.93886463, 9988.7095052, 1893.81356398)
(-7419.85213621, 9988.7105628, 1893.81356398)
(-7419.78357946, 9988.71139886, 1893.81356398)
(-7419.70965378, 9988.71230037, 1893.81356398)
(-7419.65224781, 9988.71300044, 1893.81356398)
(-7419.59112489, 9988.71374583, 1893.81356398)
(-7419.53619687, 9988.71441569, 1893.81356398)
(-7419.47383498, 9988.7151762, 1893.81356398)
(-7419.39867033, 9988.71609281, 1893.81356398)
(-7419.33424351, 9988.7168785, 1893.81356398)
(-7419.26816471, 9988.71768433, 1893.81356398)
(-7419.21571467, 9988.71832396, 1893.81356398)
(-7419.15500478, 9988.71906433, 1893.81356398)
(-7419.08025313, 9988.7199759, 1893.81356398)
(-7419.01706527, 9988.72074649, 1893.81356398)
(-7418.93364075, 9988.72176385, 1893.81356398)
(-7418.86756192, 9988.7225697, 1893.81356398)
(-7418.81428587, 9988.7232194, 1893.81356398)
(-7418.75770588, 9988.7239094, 1893.81356398)
(-7418.68295423, 9988.72482098, 1893.81356398)
(-7418.62183135, 9988.72556638, 1893.81356398)
(-7418.54294979, 9988.72652834, 1893.81356398)
(-7418.48595683, 9988.72722338, 1893.81356398)
(-7418.43391978, 9988.72785798, 1893.81356398)
(-7418.37279688, 9988.72860335, 1893.81356398)
(-7418.3162169, 9988.72929335, 1893.81356398)
(-7418.2369223, 9988.73026036, 1893.81356398)
(-7418.16712654, 9988.73111153, 1893.81356398)
(-7418.08865794, 9988.73206846, 1893.81356398)
(-7418.02588306, 9988.73283398, 1893.81356398)
(-7417.96186923, 9988.73361463, 1893.81356398)
(-7417.87390183, 9988.73468738, 1893.81356398)
(-7417.80369312, 9988.73554358, 1893.81356398)
(-7417.69301113, 9988.73689334, 1893.81356398)
(-7417.6050437, 9988.73796612, 1893.81356398)
(-7417.52864006, 9988.73889784, 1893.81356398)
(-7417.46132226, 9988.73971878, 1893.81356398)
(-7417.33907644, 9988.74120954, 1893.81356398)
(-7417.26060786, 9988.74216647, 1893.81356398)
(-7417.20402789, 9988.74285643, 1893.81356398)
(-7417.13877509, 9988.7436522, 1893.81356398)
(-7417.06939236, 9988.74449833, 1893.81356398)
(-7416.99381472, 9988.74541999, 1893.81356398)
(-7416.92319299, 9988.74628123, 1893.81356398)
(-7416.84885431, 9988.74718779, 1893.81356398)
(-7416.79723023, 9988.74781736, 1893.81356398)
(-7416.74023724, 9988.7485124, 1893.81356398)
(-7416.67746236, 9988.74927795, 1893.81356398)
(-7416.61055757, 9988.75009384, 1893.81356398)
(-7416.55149964, 9988.75081406, 1893.81356398)
(-7416.48129092, 9988.75167026, 1893.81356398)
(-7416.42058104, 9988.75241062, 1893.81356398)
(-7416.35945815, 9988.75315602, 1893.81356398)
(-7416.2735557, 9988.7542036, 1893.81356398)
(-7416.21160681, 9988.75495908, 1893.81356398)
(-7416.13479017, 9988.75589586, 1893.81356398)
(-7416.07862317, 9988.75658083, 1893.81356398)
(-7415.99974157, 9988.7575428, 1893.81356398)
(-7415.92292496, 9988.75847959, 1893.81356398)
(-7415.85147725, 9988.7593509, 1893.81356398)
(-7415.74822914, 9988.76060998, 1893.81356398)
(-7415.65571883, 9988.76173814, 1893.81356398)
(-7415.55040572, 9988.76302238, 1893.81356398)
(-7415.48350092, 9988.76383829, 1893.81356398)
(-7415.38768662, 9988.76500675, 1893.81356398)
(-7415.29187233, 9988.76617523, 1893.81356398)
(-7415.1877982, 9988.76744439, 1893.81356398)
(-7415.10478672, 9988.76845672, 1893.81356398)
(-7415.00484255, 9988.76967555, 1893.81356398)
(-7414.89498654, 9988.77101527, 1893.81356398)
(-7414.80330218, 9988.77213335, 1893.81356398)
(-7414.74961313, 9988.7727881, 1893.81356398)
(-7414.68188233, 9988.77361407, 1893.81356398)
(-7414.62365037, 9988.77432422, 1893.81356398)
(-7414.52618412, 9988.77551283, 1893.81356398)
(-7414.45101949, 9988.77642947, 1893.81356398)
(-7414.36181311, 9988.77751734, 1893.81356398)
(-7414.29119141, 9988.77837858, 1893.81356398)
(-7414.17803145, 9988.77975857, 1893.81356398)
(-7414.10038884, 9988.78070544, 1893.81356398)
(-7414.01118242, 9988.78179331, 1893.81356398)
(-7413.94799455, 9988.78256389, 1893.81356398)
(-7413.86993894, 9988.78351577, 1893.81356398)
(-7413.79601328, 9988.78441731, 1893.81356398)
(-7413.72828251, 9988.78524328, 1893.81356398)
(-7413.67872342, 9988.78584766, 1893.81356398)
(-7413.59447296, 9988.7868751, 1893.81356398)
(-7413.51806934, 9988.78780685, 1893.81356398)
(-7413.44620863, 9988.7886832, 1893.81356398)
(-7413.35080629, 9988.7898461, 1893.81356398)
(-7413.2772666, 9988.79024975, 1893.81356399)
(-7413.20166964, 9988.79072014, 1893.81356398)
(-7413.14134581, 9988.79071533, 1893.81356398)
(-7413.07234686, 9988.79072651, 1893.81356399)
(-7413.01578857, 9988.79136656, 1893.81356398)
(-7412.93238938, 9988.79245226, 1893.81356398)
(-7412.85018272, 9988.79298947, 1893.81356398)
(-7412.78533286, 9988.7934009, 1893.81356399)
(-7412.73575392, 9988.7934573, 1893.81356398)
(-7412.67915136, 9988.79350631, 1893.81356398)
(-7412.6052078, 9988.79360069, 1893.81356398)
(-7412.53791822, 9988.79439896, 1893.81356398)
(-7412.45410535, 9988.79534687, 1893.81356397)
(-7412.38884286, 9988.79583976, 1893.81356398)
(-7412.29837676, 9988.79633249, 1893.81356398)
(-7412.22359494, 9988.79641654, 1893.81356398)
(-7412.16369613, 9988.79652219, 1893.81356398)
(-7412.11289245, 9988.7966474, 1893.81356398)
(-7412.0451886, 9988.79745293, 1893.81356397)
(-7411.95641617, 9988.79842753, 1893.81356399)
(-7411.88784497, 9988.79889082, 1893.81356398)
(-7411.80275066, 9988.7993621, 1893.81356399)
(-7411.73581898, 9988.79941363, 1893.81356399)
(-7411.6593926, 9988.79949532, 1893.81356398)
(-7411.60117938, 9988.80009084, 1893.81356398)
(-7411.55411249, 9988.80061162, 1893.81356397)
(-7411.48680537, 9988.80131412, 1893.81356399)
(-7411.42030127, 9988.80176912, 1893.81356399)
(-7411.34181767, 9988.80220887, 1893.81356398)
(-7411.28025598, 9988.80228365, 1893.81356399)
(-7411.21167851, 9988.80237987, 1893.81356398)
(-7411.14393592, 9988.8024998, 1893.81356398)
(-7411.09357293, 9988.80308402, 1893.81356398)
(-7411.02627785, 9988.8039702, 1893.81356397)
(-7410.94986543, 9988.80457106, 1893.81356399)
(-7410.88005691, 9988.80499833, 1893.81356398)
(-7410.79868531, 9988.80546762, 1893.81356399)
(-7410.72473025, 9988.80542207, 1893.81356398)
(-7410.64376661, 9988.80550336, 1893.81356398)
(-7410.57194293, 9988.80650766, 1893.81356397)
(-7410.51083723, 9988.80721206, 1893.81356398)
(-7410.45218178, 9988.80764002, 1893.81356398)
(-7410.37782532, 9988.8080475, 1893.81356398)
(-7410.3220488, 9988.80811542, 1893.81356399)
(-7410.25429593, 9988.80820977, 1893.81356398)
(-7410.16177098, 9988.80837415, 1893.81356398)
(-7410.09613903, 9988.80930056, 1893.81356398)
(-7410.02306358, 9988.81025396, 1893.81356397)
(-7409.94911415, 9988.81070738, 1893.81356399)
(-7409.89169353, 9988.81101276, 1893.81356399)
(-7409.83550386, 9988.81107286, 1893.81356397)
(-7409.76155518, 9988.81118426, 1893.81356397)
(-7409.68351184, 9988.81169461, 1893.81356397)
(-7409.61619991, 9988.81220687, 1893.81356399)
(-7409.56583005, 9988.81280865, 1893.81356397)
(-7409.50265965, 9988.81357522, 1893.81356398)
(-7409.44729536, 9988.81371258, 1893.81356399)
(-7409.39234392, 9988.81381162, 1893.81356399)
(-7409.32666121, 9988.81397297, 1893.81356398)
(-7409.26966881, 9988.81425771, 1893.81356398)
(-7409.2048317, 9988.81467638, 1893.81356397)
(-7409.14785181, 9988.81519854, 1893.81356398)
(-7409.08178136, 9988.81582182, 1893.81356398)
(-7409.02684928, 9988.81624304, 1893.81356398)
(-7408.96365804, 9988.81671195, 1893.81356398)
(-7408.9033375, 9988.81689748, 1893.81356398)
(-7408.84054523, 9988.81708163, 1893.81356398)
(-7408.78313663, 9988.81735266, 1893.81356398)
(-7408.71953214, 9988.81766487, 1893.81356398)
(-7408.66090229, 9988.81819969, 1893.81356397)
(-7408.59111658, 9988.81885935, 1893.81356398)
(-7408.53329339, 9988.81929941, 1893.81356399)
(-7408.47340366, 9988.81970593, 1893.81356399)
(-7408.41845361, 9988.81985536, 1893.81356398)
(-7408.35689546, 9988.81996086, 1893.81356398)
(-7408.26643074, 9988.82012026, 1893.81356398)
(-7408.20244182, 9988.82088338, 1893.81356398)
(-7408.135145, 9988.82166054, 1893.81356398)
(-7408.07731968, 9988.82211506, 1893.81356398)
(-7408.01494537, 9988.82248614, 1893.81356398)
(-7407.95546445, 9988.82281999, 1893.81356398)
(-7407.88729314, 9988.82287613, 1893.81356399)
(-7407.81541197, 9988.82296796, 1893.81356399)
(-7407.75348259, 9988.82358393, 1893.81356397)
(-7407.69114025, 9988.82425861, 1893.81356397)
(-7407.63993088, 9988.82471705, 1893.81356398)
(-7407.57922241, 9988.82528033, 1893.81356398)
(-7407.51931508, 9988.8254664, 1893.81356398)
(-7407.45403999, 9988.8256267, 1893.81356398)
(-7407.38216633, 9988.82584293, 1893.81356398)
(-7407.32600043, 9988.82613507, 1893.81356398)
(-7407.25992369, 9988.82655177, 1893.81356397)
(-7407.21203132, 9988.82707819, 1893.81356396)
(-7407.15505511, 9988.82773081, 1893.81356397)
(-7407.08485377, 9988.82850575, 1893.81356398)
(-7407.01915476, 9988.82857679, 1893.81356398)
(-7406.9551138, 9988.82860715, 1893.81356399)
(-7406.89687665, 9988.82881214, 1893.81356398)
(-7406.83492117, 9988.828992, 1893.81356398)
(-7406.78455055, 9988.82947802, 1893.81356397)
(-7406.71353735, 9988.83026433, 1893.81356397)
(-7406.65695775, 9988.83075608, 1893.81356398)
(-7406.58303486, 9988.83146828, 1893.81356398)
(-7406.52105818, 9988.83155084, 1893.81356398)
(-7406.45082229, 9988.83164764, 1893.81356398)
(-7406.39135007, 9988.83190816, 1893.81356398)
(-7406.32898856, 9988.83225604, 1893.81356398)
(-7406.27242272, 9988.83275528, 1893.81356397)
(-7406.21048317, 9988.8333241, 1893.81356398)
(-7406.15183418, 9988.83374853, 1893.81356398)
(-7406.08740388, 9988.83420988, 1893.81356398)
(-7406.02750085, 9988.83443246, 1893.81356398)
(-7405.96140558, 9988.83464325, 1893.81356399)
(-7405.90936632, 9988.83489253, 1893.81356398)
(-7405.85484818, 9988.83516261, 1893.81356398)
(-7405.79910496, 9988.83562634, 1893.81356398)
(-7405.73138416, 9988.83625017, 1893.81356398)
(-7405.67190911, 9988.83668372, 1893.81356398)
(-7405.60541392, 9988.83716347, 1893.81356398)
(-7405.54385796, 9988.83738862, 1893.81356398)
(-7405.48767607, 9988.83756329, 1893.81356399)
(-7405.43150623, 9988.83783315, 1893.81356398)
(-7405.3650106, 9988.83816608, 1893.81356398)
(-7405.30307426, 9988.8386948, 1893.81356398)
(-7405.23493811, 9988.8393136, 1893.81356397)
(-7405.16844194, 9988.83981098, 1893.81356398)
(-7405.09657731, 9988.84032809, 1893.81356398)
(-7405.02386171, 9988.84037966, 1893.81356398)
(-7404.97594144, 9988.84046503, 1893.81356399)
(-7404.91232749, 9988.84055583, 1893.81356398)
(-7404.84503651, 9988.84136132, 1893.81356397)
(-7404.76865044, 9988.84217149, 1893.81356398)
(-7404.68769442, 9988.84276068, 1893.81356398)
(-7404.61458436, 9988.84321849, 1893.81356398)
(-7404.54063011, 9988.84327506, 1893.81356398)
(-7404.47990486, 9988.84338216, 1893.81356399)
(-7404.41753436, 9988.84352096, 1893.81356398)
(-7404.36551853, 9988.84410256, 1893.81356397)
(-7404.2973964, 9988.84497967, 1893.81356398)
(-7404.23667953, 9988.8454508, 1893.81356398)
(-7404.17513477, 9988.84586505, 1893.81356398)
(-7404.11152429, 9988.84625435, 1893.81356398)
(-7404.05781405, 9988.84631245, 1893.81356398)
(-7403.99997196, 9988.84634352, 1893.81356399)
(-7403.94835434, 9988.84663968, 1893.81356398)
(-7403.88311382, 9988.84715598, 1893.81356398)
(-7403.82448727, 9988.84781337, 1893.81356397)
(-7403.75346617, 9988.84860661, 1893.81356399)
(-7403.70017213, 9988.84891065, 1893.81356398)
(-7403.63407107, 9988.84917741, 1893.81356399)
(-7403.57581519, 9988.84922109, 1893.81356399)
(-7403.50269597, 9988.84932987, 1893.81356398)
(-7403.43911331, 9988.84993267, 1893.81356397)
(-7403.37594129, 9988.8505528, 1893.81356398)
(-7403.31936525, 9988.8510798, 1893.81356398)
(-7403.2681491, 9988.85146718, 1893.81356398)
(-7403.21032149, 9988.85182183, 1893.81356398)
(-7403.15413486, 9988.85200784, 1893.81356398)
(-7403.08638524, 9988.85219705, 1893.81356398)
(-7403.02443373, 9988.85248311, 1893.81356398)
(-7402.96165526, 9988.85278423, 1893.81356398)
(-7402.90550253, 9988.85328375, 1893.81356398)
(-7402.84232512, 9988.8538782, 1893.81356398)
(-7402.78408925, 9988.85430986, 1893.81356398)
(-7402.72998428, 9988.85470258, 1893.81356398)
(-7402.67338512, 9988.854906, 1893.81356397)
(-7402.60398393, 9988.85511997, 1893.81356399)
(-7402.54657532, 9988.85539272, 1893.81356398)
(-7402.48379723, 9988.85570557, 1893.81356398)
(-7402.43301092, 9988.85615304, 1893.81356397)
(-7402.36281253, 9988.85680568, 1893.81356399)
(-7402.30829367, 9988.85721182, 1893.81356398)
(-7402.24634124, 9988.85766211, 1893.81356399)
(-7402.19180704, 9988.85785145, 1893.81356398)
(-7402.12818829, 9988.85804254, 1893.81356398)
(-7402.07160577, 9988.85831629, 1893.81356398)
(-7402.0166745, 9988.85858971, 1893.81356398)
(-7401.95430925, 9988.85890489, 1893.81356396)
(-7401.88783665, 9988.8596906, 1893.81356397)
(-7401.81516636, 9988.86052363, 1893.81356398)
(-7401.75484507, 9988.86067718, 1893.81356398)
(-7401.69328308, 9988.86075676, 1893.81356399)
(-7401.62884063, 9988.86089383, 1893.81356399)
(-7401.57474149, 9988.86118108, 1893.81356398)
(-7401.5148621, 9988.86158812, 1893.81356397)
(-7401.45375347, 9988.86214813, 1893.81356397)
(-7401.38479055, 9988.86278757, 1893.81356397)
(-7401.32407615, 9988.86325291, 1893.81356398)
(-7401.25757867, 9988.86371512, 1893.81356398)
(-7401.20717378, 9988.86377232, 1893.81356399)
(-7401.1604857, 9988.86380973, 1893.81356398)
(-7401.09314791, 9988.86386404, 1893.81356398)
(-7401.02956812, 9988.86451872, 1893.81356397)
(-7400.96846455, 9988.86521282, 1893.81356398)
(-7400.90115233, 9988.86590431, 1893.81356398)
(-7400.85240696, 9988.86621426, 1893.81356398)
(-7400.79953132, 9988.86649965, 1893.81356399)
(-7400.74334464, 9988.86668517, 1893.81356398)
(-7400.67766086, 9988.86687124, 1893.81356399)
(-7400.60868828, 9988.86719587, 1893.81356398)
(-7400.53269334, 9988.86756591, 1893.81356398)
(-7400.47117508, 9988.8682616, 1893.81356398)
(-7400.42080295, 9988.86882248, 1893.81356397)
(-7400.36711976, 9988.86940776, 1893.81356397)
(-7400.31092926, 9988.86954866, 1893.81356399)
(-7400.24151882, 9988.86960117, 1893.81356398)
(-7400.17501964, 9988.8698305, 1893.81356398)
(-7400.09777782, 9988.87001901, 1893.81356398)
(-7400.03543571, 9988.87065535, 1893.81356398)
(-7399.95864239, 9988.87153275, 1893.81356398)
(-7399.88594554, 9988.87204769, 1893.81356398)
(-7399.81489979, 9988.87248302, 1893.81356398)
(-7399.75912434, 9988.87254947, 1893.81356398)
(-7399.71037415, 9988.87261624, 1893.81356398)
(-7399.64593108, 9988.87269845, 1893.81356398)
(-7399.5794624, 9988.87341201, 1893.81356397)
(-7399.51588084, 9988.87411151, 1893.81356397)
(-7399.43658997, 9988.87487561, 1893.81356398)
(-7399.36925467, 9988.87529182, 1893.81356399)
(-7399.2837427, 9988.87568277, 1893.81356399)
(-7399.21391739, 9988.87571431, 1893.81356399)
(-7399.12138278, 9988.8757897, 1893.81356398)
(-7399.05244702, 9988.87668379, 1893.81356398)
(-7398.9673958, 9988.87774606, 1893.81356398)
(-7398.90046732, 9988.87810591, 1893.81356399)
(-7398.82941487, 9988.87846053, 1893.81356398)
(-7398.78148784, 9988.87851644, 1893.81356399)
(-7398.72240819, 9988.87856735, 1893.81356398)
(-7398.66748557, 9988.8788702, 1893.81356399)
(-7398.60059081, 9988.87937581, 1893.81356398)
(-7398.53577159, 9988.88010188, 1893.81356398)
(-7398.46681289, 9988.8808547, 1893.81356399)
(-7398.41062657, 9988.8811641, 1893.81356398)
(-7398.35485538, 9988.88140785, 1893.81356399)
(-7398.30486376, 9988.88145884, 1893.813564)
(-7398.23917485, 9988.88151119, 1893.81356398)
(-7398.18549459, 9988.88184011, 1893.81356399)
(-7398.11694642, 9988.88234418, 1893.81356397)
(-7398.0620358, 9988.88295153, 1893.81356397)
(-7398.00010094, 9988.88363756, 1893.81356398)
(-7397.94970257, 9988.88395625, 1893.81356398)
(-7397.88773656, 9988.88425468, 1893.81356398)
(-7397.83195915, 9988.88433081, 1893.81356399)
(-7397.77494612, 9988.88439073, 1893.81356398)
(-7397.7088529, 9988.88447864, 1893.81356398)
(-7397.65312021, 9988.88508468, 1893.81356397)
(-7397.59077685, 9988.88583939, 1893.81356399)
(-7397.53337136, 9988.88635071, 1893.81356398)
(-7397.46812031, 9988.88697874, 1893.81356398)
(-7397.40986403, 9988.88711093, 1893.81356398)
(-7397.34417116, 9988.8872168, 1893.81356398)
(-7397.2830389, 9988.8874032, 1893.81356398)
(-7397.2334816, 9988.88766853, 1893.81356398)
(-7397.17525206, 9988.88804393, 1893.81356398)
(-7397.11538674, 9988.88870195, 1893.81356398)
(-7397.05262489, 9988.88938305, 1893.81356398)
(-7396.98489955, 9988.89010716, 1893.81356398)
(-7396.9253985, 9988.89015447, 1893.81356398)
(-7396.85970643, 9988.89018571, 1893.81356398)
(-7396.79072857, 9988.89038974, 1893.81356398)
(-7396.73291414, 9988.89071358, 1893.81356398)
(-7396.67468702, 9988.89111784, 1893.81356397)
(-7396.62349138, 9988.891696, 1893.813564)
(-7396.56197197, 9988.89239752, 1893.81356398)
(-7396.50248657, 9988.89278508, 1893.81356398)
(-7396.43391118, 9988.89311025, 1893.81356398)
(-7396.37441554, 9988.89317457, 1893.81356399)
(-7396.31822986, 9988.89323051, 1893.81356397)
(-7396.26743766, 9988.8935129, 1893.81356398)
(-7396.20426001, 9988.89398688, 1893.81356398)
(-7396.14893589, 9988.89459117, 1893.81356397)
(-7396.09484767, 9988.895197, 1893.81356398)
(-7396.02381778, 9988.8959607, 1893.81356398)
(-7395.96679556, 9988.89599312, 1893.81356398)
(-7395.90275549, 9988.89602299, 1893.81356399)
(-7395.84616896, 9988.89620136, 1893.81356398)
(-7395.78545232, 9988.89636858, 1893.81356398)
(-7395.73301806, 9988.89688956, 1893.81356398)
(-7395.66778558, 9988.8975912, 1893.81356397)
(-7395.61120809, 9988.89810837, 1893.81356398)
(-7395.54967425, 9988.89869222, 1893.81356398)
(-7395.49968317, 9988.89884453, 1893.81356399)
(-7395.44431954, 9988.89891109, 1893.81356399)
(-7395.38731443, 9988.89906657, 1893.81356398)
(-7395.31998446, 9988.89922258, 1893.81356398)
(-7395.26465949, 9988.89974831, 1893.81356397)
(-7395.21057338, 9988.90030325, 1893.81356398)
(-7395.14945498, 9988.90086846, 1893.81356398)
(-7395.08668227, 9988.9014666, 1893.81356398)
(-7395.03338487, 9988.90162545, 1893.81356399)
(-7394.98628536, 9988.9017357, 1893.81356398)
(-7394.92018763, 9988.90188162, 1893.81356398)
(-7394.86773776, 9988.90213312, 1893.81356398)
(-7394.79959538, 9988.90254088, 1893.81356397)
(-7394.73807347, 9988.90309412, 1893.81356398)
(-7394.66787255, 9988.90374568, 1893.81356398)
(-7394.61294027, 9988.90416135, 1893.81356398)
(-7394.55676988, 9988.90456624, 1893.81356398)
(-7394.50677897, 9988.90473067, 1893.81356398)
(-7394.41795817, 9988.90495384, 1893.81356397)
(-7394.34279107, 9988.90530026, 1893.81356398)
(-7394.24367511, 9988.9059281, 1893.81356398)
(-7394.17389953, 9988.90677996, 1893.81356398)
(-7394.06943144, 9988.90801428, 1893.81356398)
(-7393.99917615, 9988.90791263, 1893.81356399)
(-7393.91613121, 9988.90780262, 1893.81356397)
(-7393.8608052, 9988.90817817, 1893.81356397)
(-7393.81043456, 9988.90859874, 1893.81356397)
(-7393.75139528, 9988.90924059, 1893.81356396)
(-7393.67583182, 9988.91005329, 1893.81356398)
(-7393.57506344, 9988.91106594, 1893.81356398)
(-7393.50604585, 9988.91085374, 1893.81356398)
(-7393.44036162, 9988.91093606, 1893.81356398)
(-7393.37262132, 9988.91104215, 1893.81356398)
(-7393.3210163, 9988.91160344, 1893.81356398)
(-7393.27312392, 9988.91212908, 1893.81356397)
(-7393.22274443, 9988.91261494, 1893.81356397)
(-7393.15460571, 9988.91329384, 1893.81356398)
(-7393.09924344, 9988.91346126, 1893.81356399)
(-7393.03313576, 9988.9135444, 1893.81356399)
(-7392.97572151, 9988.91373062, 1893.81356398)
(-7392.91665476, 9988.91389084, 1893.81356398)
(-7392.86669646, 9988.91434681, 1893.813564)
(-7392.81054653, 9988.91493211, 1893.81356397)
(-7392.75314485, 9988.91546209, 1893.81356398)
(-7392.69119905, 9988.91605318, 1893.81356398)
(-7392.63129236, 9988.91625724, 1893.813564)
(-7392.57717044, 9988.91638794, 1893.81356398)
(-7392.51479356, 9988.91655221, 1893.81356398)
(-7392.45988142, 9988.91711015, 1893.81356397)
(-7392.40497109, 9988.91777337, 1893.81356396)
(-7392.35417515, 9988.91826427, 1893.81356398)
(-7392.29140252, 9988.91889486, 1893.81356398)
(-7392.2348011, 9988.91911307, 1893.81356397)
(-7392.17282566, 9988.91924966, 1893.81356399)
(-7392.10384131, 9988.9194649, 1893.81356398)
(-7392.03734962, 9988.91981113, 1893.81356398)
(-7391.96136088, 9988.92030181, 1893.81356398)
(-7391.89282518, 9988.92107947, 1893.81356397)
(-7391.83873248, 9988.92167378, 1893.81356398)
(-7391.7858726, 9988.92223038, 1893.81356398)
(-7391.73587577, 9988.92231303, 1893.81356399)
(-7391.66481269, 9988.92233093, 1893.81356397)
(-7391.60574966, 9988.92255107, 1893.81356398)
(-7391.53346644, 9988.92275368, 1893.81356398)
(-7391.47483938, 9988.92334607, 1893.81356397)
(-7391.41249657, 9988.92402511, 1893.81356398)
(-7391.35549975, 9988.92446914, 1893.81356398)
(-7391.30098142, 9988.92487313, 1893.81356398)
(-7391.23778627, 9988.92527962, 1893.81356398)
(-7391.18738135, 9988.9253486, 1893.81356398)
(-7391.13449605, 9988.92538078, 1893.81356399)
(-7391.07046432, 9988.92543421, 1893.81356398)
(-7391.01432039, 9988.92606177, 1893.81356398)
(-7390.95362959, 9988.92676027, 1893.81356397)
(-7390.90118083, 9988.92723267, 1893.81356398)
(-7390.84708066, 9988.92775277, 1893.81356398)
(-7390.7975019, 9988.9279284, 1893.81356399)
(-7390.74089932, 9988.92805812, 1893.81356398)
(-7390.67645645, 9988.9282305, 1893.81356399)
(-7390.61533266, 9988.92852194, 1893.81356398)
(-7390.55173257, 9988.92890483, 1893.81356398)
(-7390.49310145, 9988.92943748, 1893.81356398)
(-7390.43446402, 9988.92998616, 1893.81356398)
(-7390.38448831, 9988.9303622, 1893.81356398)
(-7390.32542737, 9988.93079996, 1893.81356398)
(-7390.26593756, 9988.93103891, 1893.81356398)
(-7390.19860132, 9988.93125291, 1893.81356398)
(-7390.13499784, 9988.93157352, 1893.81356398)
(-7390.08130564, 9988.93184785, 1893.81356398)
(-7390.03133078, 9988.93210484, 1893.81356398)
(-7389.98384972, 9988.93262207, 1893.81356399)
(-7389.91985607, 9988.9333854, 1893.81356397)
(-7389.86863233, 9988.9337233, 1893.81356399)
(-7389.80088281, 9988.93404846, 1893.81356399)
(-7389.74097342, 9988.93412943, 1893.81356399)
(-7389.68602734, 9988.93419776, 1893.81356398)
(-7389.63067489, 9988.93428673, 1893.81356398)
(-7389.57824306, 9988.9348166, 1893.81356397)
(-7389.51920332, 9988.93550554, 1893.81356399)
(-7389.46634243, 9988.93598764, 1893.81356398)
(-7389.40274345, 9988.93658748, 1893.81356398)
(-7389.33870516, 9988.93679274, 1893.81356399)
(-7389.27508216, 9988.9369517, 1893.81356398)
(-7389.20279561, 9988.93717653, 1893.81356398)
(-7389.14208678, 9988.9374924, 1893.81356398)
(-7389.06279482, 9988.93800726, 1893.81356397)
(-7388.99921346, 9988.93874373, 1893.81356397)
(-7388.91745819, 9988.93968394, 1893.81356399)
(-7388.85465427, 9988.93979116, 1893.81356398)
(-7388.79722372, 9988.93985614, 1893.81356398)
(-7388.73071865, 9988.94002488, 1893.81356398)
(-7388.67372858, 9988.94033642, 1893.81356398)
(-7388.61962969, 9988.94069615, 1893.81356398)
(-7388.56306616, 9988.94129422, 1893.81356396)
(-7388.4965896, 9988.9420202, 1893.81356398)
(-7388.42060301, 9988.94281417, 1893.81356398)
(-7388.35449051, 9988.94283373, 1893.81356398)
(-7388.28259881, 9988.94288399, 1893.81356398)
(-7388.21610848, 9988.94320778, 1893.81356398)
(-7388.15581354, 9988.94356999, 1893.81356397)
(-7388.09056291, 9988.94399651, 1893.81356398)
(-7388.03936781, 9988.94457764, 1893.81356395)
(-7387.99064748, 9988.9451297, 1893.81356398)
(-7387.9332288, 9988.94550681, 1893.81356398)
(-7387.87498281, 9988.94580378, 1893.81356399)
(-7387.82044648, 9988.94586893, 1893.81356399)
(-7387.76136765, 9988.94592859, 1893.81356399)
(-7387.69279526, 9988.94601042, 1893.81356398)
(-7387.63623875, 9988.94664636, 1893.81356397)
(-7387.58050189, 9988.94732416, 1893.81356399)
(-7387.53177085, 9988.94777971, 1893.81356398)
(-7387.47601937, 9988.94833003, 1893.81356398)
(-7387.42437573, 9988.94852048, 1893.81356398)
(-7387.36735846, 9988.94862138, 1893.81356399)
(-7387.30291386, 9988.94876629, 1893.81356398)
(-7387.24716108, 9988.94905337, 1893.81356398)
(-7387.18604044, 9988.94944089, 1893.81356398)
(-7387.12988643, 9988.94995181, 1893.81356398)
(-7387.06381613, 9988.95057376, 1893.81356398)
(-7387.00764559, 9988.9510134, 1893.81356398)
(-7386.95560535, 9988.95139252, 1893.81356398)
(-7386.90933381, 9988.95156507, 1893.81356398)
(-7386.85562682, 9988.95171547, 1893.81356398)
(-7386.80565179, 9988.9519667, 1893.81356398)
(-7386.73874302, 9988.95231612, 1893.81356398)
(-7386.67555163, 9988.95264677, 1893.81356398)
(-7386.6185762, 9988.95324232, 1893.81356397)
(-7386.56283611, 9988.95385536, 1893.81356398)
(-7386.49841368, 9988.9545197, 1893.81356398)
(-7386.44717865, 9988.95459668, 1893.81356399)
(-7386.39718662, 9988.95461097, 1893.81356397)
(-7386.34761732, 9988.95473581, 1893.81356398)
(-7386.28483131, 9988.95487823, 1893.81356398)
(-7386.22991816, 9988.95535235, 1893.81356398)
(-7386.17294191, 9988.95591416, 1893.81356398)
(-7386.11099999, 9988.95650242, 1893.81356397)
(-7386.05400146, 9988.95692267, 1893.81356398)
(-7386.00319664, 9988.95724269, 1893.81356398)
(-7385.951564, 9988.95752765, 1893.81356398)
(-7385.89909261, 9988.9576016, 1893.81356399)
(-7385.84083932, 9988.95765594, 1893.81356398)
(-7385.78674103, 9988.95795212, 1893.81356398)
(-7385.72520985, 9988.95837228, 1893.81356398)
(-7385.66493089, 9988.95902103, 1893.81356397)
(-7385.60423369, 9988.95967752, 1893.81356398)
(-7385.54518004, 9988.96029725, 1893.81356398)
(-7385.49518455, 9988.96039778, 1893.81356399)
(-7385.44436618, 9988.96042356, 1893.81356398)
(-7385.39438313, 9988.96055033, 1893.81356398)
(-7385.33572736, 9988.96069074, 1893.81356398)
(-7385.27378552, 9988.96105476, 1893.81356398)
(-7385.21639686, 9988.96160393, 1893.81356397)
(-7385.15363336, 9988.96221382, 1893.81356399)
(-7385.10530997, 9988.96258469, 1893.81356398)
(-7385.05987828, 9988.96292052, 1893.81356398)
(-7385.00288059, 9988.96330696, 1893.81356398)
(-7384.94545143, 9988.963375, 1893.81356397)
(-7384.89009087, 9988.96344436, 1893.81356398)
(-7384.82317057, 9988.96353963, 1893.81356399)
(-7384.76496059, 9988.96416728, 1893.81356398)
(-7384.7034439, 9988.96489816, 1893.81356397)
(-7384.64356026, 9988.9654298, 1893.81356398)
(-7384.575418, 9988.96607875, 1893.81356398)
(-7384.51922856, 9988.96623022, 1893.81356398)
(-7384.45436123, 9988.9663339, 1893.81356398)
(-7384.39405391, 9988.96651304, 1893.81356398)
(-7384.33911625, 9988.96664381, 1893.81356398)
(-7384.28915779, 9988.96711097, 1893.81356397)
(-7384.23465978, 9988.96769917, 1893.81356397)
(-7384.1842788, 9988.96817494, 1893.81356398)
(-7384.11861714, 9988.96882271, 1893.81356398)
(-7384.05788464, 9988.96903017, 1893.81356397)
(-7384.00128304, 9988.96915943, 1893.81356398)
(-7383.92609917, 9988.96933361, 1893.81356399)
(-7383.85837125, 9988.96970511, 1893.81356397)
(-7383.79972829, 9988.9700757, 1893.81356398)
(-7383.74068787, 9988.970742, 1893.81356397)
(-7383.69196574, 9988.97127761, 1893.81356397)
(-7383.63869535, 9988.97185796, 1893.81356397)
(-7383.57754697, 9988.97200598, 1893.81356399)
(-7383.52218447, 9988.97211632, 1893.81356398)
(-7383.44740981, 9988.97223459, 1893.81356398)
(-7383.39083389, 9988.97254266, 1893.81356397)
(-7383.33508482, 9988.97292544, 1893.81356397)
(-7383.27852184, 9988.97351384, 1893.81356398)
(-7383.22814956, 9988.97406091, 1893.81356398)
(-7383.16373156, 9988.97477126, 1893.81356397)
(-7383.09390611, 9988.97491305, 1893.81356398)
(-7383.02408399, 9988.97503889, 1893.81356398)
(-7382.96501808, 9988.97522238, 1893.81356398)
(-7382.91793863, 9988.97546518, 1893.81356398)
(-7382.8675556, 9988.97577865, 1893.81356397)
(-7382.80892455, 9988.97630739, 1893.81356398)
(-7382.74491868, 9988.97689823, 1893.81356397)
(-7382.68750876, 9988.9773282, 1893.81356398)
(-7382.62514356, 9988.97778526, 1893.81356398)
(-7382.57308828, 9988.97797251, 1893.81356397)
(-7382.52227494, 9988.97812488, 1893.81356398)
(-7382.47601749, 9988.97835834, 1893.81356398)
(-7382.42356432, 9988.9786307, 1893.81356398)
(-7382.36326382, 9988.97894436, 1893.81356398)
(-7382.30504801, 9988.97951859, 1893.81356397)
(-7382.25095892, 9988.9800985, 1893.81356399)
(-7382.18653856, 9988.98078313, 1893.81356398)
(-7382.13199915, 9988.98088443, 1893.81356398)
(-7382.07663514, 9988.98093338, 1893.81356399)
(-7382.02747992, 9988.98107217, 1893.81356398)
(-7381.97047734, 9988.98121504, 1893.81356398)
(-7381.9163896, 9988.98165219, 1893.81356396)
(-7381.85693533, 9988.98222933, 1893.81356397)
(-7381.79375294, 9988.98281479, 1893.81356398)
(-7381.73427649, 9988.98325099, 1893.81356398)
(-7381.66860386, 9988.98367076, 1893.81356398)
(-7381.59962445, 9988.98405641, 1893.81356399)
(-7381.54136935, 9988.98408424, 1893.81356397)
(-7381.47113682, 9988.984124, 1893.81356398)
(-7381.41457312, 9988.98464434, 1893.81356398)
(-7381.35553334, 9988.98530056, 1893.81356397)
(-7381.29070029, 9988.98594126, 1893.81356397)
(-7381.22997975, 9988.98635623, 1893.81356398)
(-7381.16223639, 9988.98674075, 1893.81356398)
(-7381.1035667, 9988.98681837, 1893.81356399)
(-7381.05233906, 9988.98689435, 1893.81356397)
(-7381.0023546, 9988.98696067, 1893.81356399)
(-7380.95404843, 9988.98740848, 1893.81356397)
(-7380.90574259, 9988.98792837, 1893.81356395)
(-7380.85082724, 9988.98851066, 1893.81356398)
(-7380.7925904, 9988.98896113, 1893.81356398)
(-7380.73848098, 9988.98931061, 1893.81356398)
(-7380.67941377, 9988.98965198, 1893.81356398)
(-7380.62942022, 9988.98973483, 1893.81356399)
(-7380.58190931, 9988.9898054, 1893.81356397)
(-7380.52903103, 9988.98986644, 1893.81356399)
(-7380.48196195, 9988.99026401, 1893.81356397)
(-7380.43530799, 9988.99076113, 1893.81356395)
(-7380.37667847, 9988.99139669, 1893.81356398)
(-7380.32216147, 9988.99184322, 1893.81356398)
(-7380.2635155, 9988.99234404, 1893.81356398)
(-7380.21269837, 9988.99251753, 1893.81356399)
(-7380.15857424, 9988.99262421, 1893.81356399)
(-7380.10817794, 9988.99276748, 1893.81356398)
(-7380.05117337, 9988.99290144, 1893.81356398)
(-7379.99831583, 9988.99321172, 1893.81356397)
(-7379.94959754, 9988.99366905, 1893.81356397)
(-7379.89426871, 9988.99420499, 1893.81356397)
(-7379.8476048, 9988.99465126, 1893.81356397)
(-7379.79433281, 9988.99518399, 1893.81356398)
(-7379.74021069, 9988.99538736, 1893.81356398)
(-7379.68773859, 9988.99549075, 1893.81356398)
(-7379.62866383, 9988.99562193, 1893.81356399)
(-7379.57745197, 9988.99585325, 1893.81356398)
(-7379.52748077, 9988.99614681, 1893.81356398)
(-7379.4737935, 9988.99649872, 1893.81356398)
(-7379.42218498, 9988.99704787, 1893.81356398)
(-7379.37057424, 9988.9976164, 1893.81356398)
(-7379.32060835, 9988.99816297, 1893.81356398)
(-7379.26978873, 9988.99830204, 1893.81356399)
(-7379.2169039, 9988.99837103, 1893.81356399)
(-7379.16319915, 9988.99848202, 1893.81356398)
(-7379.10950881, 9988.99871671, 1893.81356398)
(-7379.05705972, 9988.99902319, 1893.81356398)
(-7379.0050247, 9988.99936388, 1893.81356398)
(-7378.95465527, 9988.99989398, 1893.81356397)
(-7378.90056564, 9989.00047327, 1893.81356398)
(-7378.84234, 9989.00109877, 1893.81356397)
(-7378.78656415, 9989.00125527, 1893.81356399)
(-7378.73078693, 9989.00133341, 1893.81356399)
(-7378.67129954, 9989.00145069, 1893.81356398)
(-7378.61802435, 9989.00170764, 1893.81356398)
(-7378.56062007, 9989.00205433, 1893.81356398)
(-7378.50858477, 9989.00239892, 1893.81356398)
(-7378.46110512, 9989.00289711, 1893.81356396)
(-7378.40949494, 9989.00346925, 1893.81356397)
(-7378.34920622, 9989.0041333, 1893.81356398)
(-7378.29549492, 9989.0042838, 1893.81356399)
(-7378.24302386, 9989.00432941, 1893.81356397)
(-7378.19014304, 9989.00439958, 1893.81356398)
(-7378.14264942, 9989.00461809, 1893.81356398)
(-7378.09185333, 9989.00492315, 1893.81356398)
(-7378.03775344, 9989.00527795, 1893.81356397)
(-7377.96839168, 9989.00601553, 1893.81356398)
(-7377.90108325, 9989.0067151, 1893.81356397)
(-7377.85192349, 9989.00701649, 1893.81356397)
(-7377.7829334, 9989.00732481, 1893.81356398)
(-7377.72756847, 9989.00739367, 1893.81356399)
(-7377.67220929, 9989.00745898, 1893.81356397)
(-7377.60654909, 9989.0078336, 1893.81356397)
(-7377.52602162, 9989.00840183, 1893.81356399)
(-7377.47400034, 9989.00899441, 1893.81356395)
(-7377.40711168, 9989.00975691, 1893.81356398)
(-7377.36042784, 9989.01002446, 1893.81356398)
(-7377.31209168, 9989.01023273, 1893.81356398)
(-7377.26540473, 9989.01029875, 1893.81356399)
(-7377.20673632, 9989.01033902, 1893.81356398)
(-7377.13733664, 9989.0104133, 1893.81356398)
(-7377.06509102, 9989.01122365, 1893.81356398)
(-7376.9924237, 9989.01200457, 1893.81356398)
(-7376.9312952, 9989.01247999, 1893.81356398)
(-7376.87388136, 9989.01285547, 1893.81356398)
(-7376.81729275, 9989.01318943, 1893.81356398)
(-7376.77143249, 9989.01324956, 1893.813564)
(-7376.72267972, 9989.01328881, 1893.81356399)
(-7376.67559967, 9989.01352155, 1893.81356398)
(-7376.62191298, 9989.01385949, 1893.81356398)
(-7376.56534622, 9989.01436299, 1893.81356398)
(-7376.50547067, 9989.01492002, 1893.81356397)
(-7376.4513652, 9989.01532686, 1893.81356398)
(-7376.39684738, 9989.01572634, 1893.81356398)
(-7376.33530671, 9989.01615723, 1893.81356398)
(-7376.27870418, 9989.01619128, 1893.81356398)
(-7376.22458141, 9989.01623131, 1893.81356398)
(-7376.17626541, 9989.01648826, 1893.81356397)
(-7376.12588831, 9989.01686186, 1893.81356399)
(-7376.07799528, 9989.01737162, 1893.81356395)
(-7376.02308264, 9989.01798604, 1893.81356398)
(-7375.95742615, 9989.0187183, 1893.81356398)
(-7375.90371519, 9989.0188728, 1893.81356399)
(-7375.85041784, 9989.01891935, 1893.81356398)
(-7375.79175414, 9989.0190013, 1893.81356397)
(-7375.73641499, 9989.01928184, 1893.81356398)
(-7375.68437968, 9989.0195978, 1893.81356398)
(-7375.63440928, 9989.01992652, 1893.81356398)
(-7375.58816798, 9989.02040081, 1893.81356397)
(-7375.54027371, 9989.02092199, 1893.81356398)
(-7375.48494228, 9989.0215371, 1893.81356397)
(-7375.43371118, 9989.02170183, 1893.81356399)
(-7375.38206564, 9989.02179936, 1893.81356398)
(-7375.3250528, 9989.02189315, 1893.81356398)
(-7375.2726015, 9989.02212233, 1893.81356398)
(-7375.22015232, 9989.02242591, 1893.81356398)
(-7375.16316085, 9989.02279123, 1893.81356398)
(-7375.11237801, 9989.02331212, 1893.81356397)
(-7375.06159228, 9989.02385512, 1893.81356398)
(-7375.00295576, 9989.02449711, 1893.81356398)
(-7374.9542021, 9989.02462716, 1893.81356399)
(-7374.90420866, 9989.02471434, 1893.81356399)
(-7374.85339374, 9989.02480905, 1893.81356398)
(-7374.80300408, 9989.0250023, 1893.81356398)
(-7374.74559216, 9989.02519547, 1893.81356398)
(-7374.69274333, 9989.02565342, 1893.81356396)
(-7374.64774015, 9989.02610372, 1893.81356398)
(-7374.59447296, 9989.02663459, 1893.81356399)
(-7374.54614877, 9989.02700637, 1893.81356398)
(-7374.4953465, 9989.02736022, 1893.81356398)
(-7374.44288976, 9989.02768717, 1893.81356398)
(-7374.39454942, 9989.02777, 1893.81356399)
(-7374.34745048, 9989.02783455, 1893.81356398)
(-7374.29333247, 9989.02789758, 1893.81356398)
(-7374.2392442, 9989.02827568, 1893.81356397)
(-7374.18308764, 9989.02872768, 1893.81356398)
(-7374.12735156, 9989.02933754, 1893.81356398)
(-7374.07078355, 9989.02996243, 1893.81356398)
(-7374.01668608, 9989.03054968, 1893.81356398)
(-7373.97082243, 9989.03064151, 1893.81356399)
(-7373.92165698, 9989.03068127, 1893.81356398)
(-7373.87456404, 9989.03079666, 1893.81356399)
(-7373.82169076, 9989.03093061, 1893.81356398)
(-7373.7680044, 9989.03121529, 1893.81356398)
(-7373.70895066, 9989.0316219, 1893.81356398)
(-7373.65692955, 9989.0321883, 1893.81356395)
(-7373.59830023, 9989.03285049, 1893.81356398)
(-7373.53676961, 9989.03351807, 1893.81356398)
(-7373.48512005, 9989.0335886, 1893.81356399)
(-7373.4367803, 9989.03363108, 1893.813564)
(-7373.38886255, 9989.03375871, 1893.81356398)
(-7373.33805525, 9989.03388746, 1893.81356398)
(-7373.28849879, 9989.03414574, 1893.81356397)
(-7373.23151086, 9989.03453907, 1893.81356398)
(-7373.1761859, 9989.0351329, 1893.81356395)
(-7373.12209758, 9989.03573111, 1893.81356398)
(-7373.05932984, 9989.03642236, 1893.81356397)
(-7373.00520257, 9989.03652225, 1893.81356398)
(-7372.95562372, 9989.03656633, 1893.81356399)
(-7372.90811327, 9989.03662758, 1893.81356398)
(-7372.86185802, 9989.03683264, 1893.81356397)
(-7372.81106155, 9989.03713134, 1893.81356398)
(-7372.75117972, 9989.03751949, 1893.81356398)
(-7372.69791985, 9989.03807233, 1893.81356397)
(-7372.64506989, 9989.03864769, 1893.81356398)
(-7372.59303803, 9989.03920089, 1893.81356398)
(-7372.54717749, 9989.03933745, 1893.81356399)
(-7372.49925179, 9989.03940719, 1893.81356399)
(-7372.44760915, 9989.03948156, 1893.81356398)
(-7372.40052579, 9989.03966815, 1893.81356398)
(-7372.34725001, 9989.03996165, 1893.81356398)
(-7372.28654171, 9989.04034042, 1893.81356397)
(-7372.23079825, 9989.04082549, 1893.81356398)
(-7372.16390148, 9989.04143884, 1893.81356397)
(-7372.10773057, 9989.04186089, 1893.81356398)
(-7372.04949474, 9989.04228258, 1893.81356399)
(-7371.9957862, 9989.04245611, 1893.81356399)
(-7371.92886308, 9989.04265503, 1893.81356398)
(-7371.8693898, 9989.04294545, 1893.81356398)
(-7371.81817569, 9989.04319859, 1893.81356398)
(-7371.7616071, 9989.04367175, 1893.81356399)
(-7371.7046202, 9989.04417194, 1893.81356398)
(-7371.64514544, 9989.04459251, 1893.81356398)
(-7371.58938866, 9989.0449822, 1893.81356398)
(-7371.5311434, 9989.0452597, 1893.81356399)
(-7371.47000621, 9989.04548663, 1893.81356398)
(-7371.4076413, 9989.04581279, 1893.81356398)
(-7371.35642716, 9989.04608505, 1893.81356398)
(-7371.28745335, 9989.04645237, 1893.81356398)
(-7371.23460599, 9989.04701305, 1893.81356397)
(-7371.17308784, 9989.04772193, 1893.81356398)
(-7371.11029704, 9989.04811717, 1893.81356397)
(-7371.04874351, 9989.04839428, 1893.81356397)
(-7370.99172706, 9989.04844869, 1893.81356399)
(-7370.94380618, 9989.04852319, 1893.81356398)
(-7370.89672741, 9989.04876562, 1893.81356397)
(-7370.83643406, 9989.04915672, 1893.81356398)
(-7370.78152214, 9989.04973429, 1893.81356395)
(-7370.72619557, 9989.05034219, 1893.81356398)
(-7370.66425377, 9989.05101466, 1893.81356397)
(-7370.60599584, 9989.05113171, 1893.81356398)
(-7370.55228414, 9989.05119496, 1893.81356399)
(-7370.5022977, 9989.05128342, 1893.81356398)
(-7370.45686917, 9989.05149317, 1893.81356398)
(-7370.41144129, 9989.05175746, 1893.81356398)
(-7370.35445059, 9989.05212813, 1893.81356398)
(-7370.30325517, 9989.05266021, 1893.81356397)
(-7370.24875354, 9989.05324978, 1893.81356398)
(-7370.18970187, 9989.0538823, 1893.81356398)
(-7370.14012149, 9989.05401618, 1893.81356399)
(-7370.09219543, 9989.05407081, 1893.81356399)
(-7370.04385849, 9989.05413834, 1893.81356398)
(-7369.99429738, 9989.05433824, 1893.81356397)
(-7369.94473891, 9989.05461618, 1893.81356398)
(-7369.89022523, 9989.05495491, 1893.81356398)
(-7369.83984909, 9989.05538063, 1893.81356398)
(-7369.78451591, 9989.05588518, 1893.81356398)
(-7369.73330145, 9989.05625473, 1893.81356398)
(-7369.68497892, 9989.05659785, 1893.81356398)
(-7369.63211312, 9989.05697246, 1893.81356398)
(-7369.58583881, 9989.05707604, 1893.81356399)
(-7369.53832586, 9989.05713947, 1893.81356398)
(-7369.4883382, 9989.05719566, 1893.81356398)
(-7369.44002875, 9989.05750934, 1893.81356397)
(-7369.38511348, 9989.05796519, 1893.81356398)
(-7369.33639603, 9989.05849387, 1893.81356397)
(-7369.28850092, 9989.05902733, 1893.81356398)
(-7369.23316697, 9989.05964361, 1893.81356398)
(-7369.18358641, 9989.05976964, 1893.81356399)
(-7369.13235399, 9989.05985617, 1893.81356399)
(-7369.08153959, 9989.05995579, 1893.81356397)
(-7369.03239162, 9989.06016571, 1893.81356398)
(-7368.98159388, 9989.06045579, 1893.81356398)
(-7368.9291451, 9989.0607885, 1893.81356397)
(-7368.87711757, 9989.06124179, 1893.81356398)
(-7368.82178355, 9989.06175054, 1893.81356397)
(-7368.77139494, 9989.06212131, 1893.81356398)
(-7368.72637648, 9989.0624477, 1893.81356398)
(-7368.67929284, 9989.06278811, 1893.81356398)
(-7368.63260592, 9989.06289869, 1893.81356399)
(-7368.58715804, 9989.06295686, 1893.81356399)
(-7368.54006187, 9989.063013, 1893.81356397)
(-7368.49381329, 9989.06327875, 1893.81356398)
(-7368.44302615, 9989.06368454, 1893.81356398)
(-7368.3951338, 9989.06419317, 1893.81356398)
(-7368.34558742, 9989.06473681, 1893.81356398)
(-7368.2910805, 9989.06533979, 1893.81356398)
(-7368.24150482, 9989.06563761, 1893.81356399)
(-7368.18697033, 9989.06585727, 1893.81356398)
(-7368.13367132, 9989.06593149, 1893.81356399)
(-7368.08698651, 9989.06598504, 1893.81356398)
(-7368.03658873, 9989.06605124, 1893.81356398)
(-7367.99034718, 9989.06647201, 1893.81356397)
(-7367.94410639, 9989.06694924, 1893.81356396)
(-7367.89744984, 9989.06743476, 1893.81356398)
(-7367.84706456, 9989.06785385, 1893.81356398)
(-7367.79255014, 9989.0683391, 1893.81356398)
(-7367.74420991, 9989.06852147, 1893.81356399)
(-7367.69545874, 9989.06865217, 1893.81356398)
(-7367.64753813, 9989.06877597, 1893.81356398)
(-7367.60045093, 9989.06894219, 1893.81356398)
(-7367.54675433, 9989.06910615, 1893.81356398)
(-7367.49762147, 9989.06951858, 1893.81356397)
(-7367.44766313, 9989.0700071, 1893.81356399)
(-7367.39728638, 9989.07050463, 1893.81356398)
(-7367.34937548, 9989.07087409, 1893.81356398)
(-7367.29981304, 9989.07123019, 1893.81356398)
(-7367.2510742, 9989.07154188, 1893.81356398)
(-7367.20563021, 9989.0717112, 1893.81356398)
(-7367.15605558, 9989.07185318, 1893.81356397)
(-7367.10773241, 9989.07208894, 1893.81356398)
(-7367.06147452, 9989.07232689, 1893.81356398)
(-7367.01108642, 9989.07258647, 1893.81356398)
(-7366.96359745, 9989.07294009, 1893.81356398)
(-7366.91321878, 9989.07337541, 1893.81356397)
(-7366.86654768, 9989.07369275, 1893.81356398)
(-7366.82029019, 9989.0740038, 1893.81356398)
(-7366.77196765, 9989.07432918, 1893.81356398)
(-7366.72446446, 9989.07457734, 1893.81356398)
(-7366.67654632, 9989.07476313, 1893.81356399)
(-7366.6290495, 9989.07501696, 1893.81356398)
(-7366.58237851, 9989.07527344, 1893.81356398)
(-7366.53364241, 9989.07554086, 1893.81356398)
(-7366.48449882, 9989.07588535, 1893.81356397)
(-7366.43246511, 9989.07631126, 1893.81356398)
(-7366.38662014, 9989.07662693, 1893.81356398)
(-7366.33994961, 9989.07694074, 1893.81356398)
(-7366.29121404, 9989.07726877, 1893.81356398)
(-7366.24329741, 9989.07751179, 1893.81356399)
(-7366.19124873, 9989.07771261, 1893.81356398)
(-7366.1441654, 9989.07796562, 1893.81356398)
(-7366.09666834, 9989.07822434, 1893.81356398)
(-7366.04958432, 9989.07848036, 1893.81356398)
(-7366.00126687, 9989.0788199, 1893.81356398)
(-7365.93065116, 9989.07942414, 1893.81356398)
(-7365.87861052, 9989.07979207, 1893.81356398)
(-7365.82533169, 9989.08016367, 1893.81356398)
(-7365.76336796, 9989.08044581, 1893.81356399)
(-7365.70677439, 9989.08064533, 1893.81356398)
(-7365.6551475, 9989.08090274, 1893.81356398)
(-7365.60310738, 9989.08117327, 1893.81356398)
(-7365.55519746, 9989.0814229, 1893.81356398)
(-7365.50812971, 9989.08188288, 1893.81356397)
(-7365.46147415, 9989.08237923, 1893.81356397)
(-7365.41192322, 9989.08291439, 1893.81356399)
(-7365.36276274, 9989.08321151, 1893.81356398)
(-7365.30946928, 9989.08343326, 1893.81356398)
(-7365.2603018, 9989.08351019, 1893.81356398)
(-7365.20948469, 9989.08356026, 1893.81356398)
(-7365.15743413, 9989.08361972, 1893.81356399)
(-7365.10169492, 9989.08410232, 1893.81356397)
(-7365.04678411, 9989.08467982, 1893.81356397)
(-7364.99434022, 9989.08518193, 1893.81356398)
(-7364.94684225, 9989.0855497, 1893.81356398)
(-7364.89975734, 9989.08587769, 1893.81356398)
(-7364.84936597, 9989.08618957, 1893.81356398)
(-7364.80144301, 9989.08636101, 1893.81356398)
(-7364.75021738, 9989.08651535, 1893.81356398)
(-7364.70313399, 9989.08674956, 1893.81356398)
(-7364.65481091, 9989.08699654, 1893.81356398)
(-7364.60690092, 9989.08724173, 1893.81356398)
(-7364.55982559, 9989.08759786, 1893.81356397)
(-7364.50986025, 9989.08803204, 1893.81356397)
(-7364.46277615, 9989.08835341, 1893.81356398)
(-7364.41486657, 9989.08867611, 1893.81356398)
(-7364.36695703, 9989.0889992, 1893.81356398)
(-7364.32234493, 9989.08922826, 1893.81356398)
(-7364.2748398, 9989.08941093, 1893.81356399)
(-7364.22940843, 9989.08965884, 1893.81356398)
(-7364.18273743, 9989.08991655, 1893.81356398)
(-7364.13647943, 9989.09017141, 1893.81356398)
(-7364.09146495, 9989.09047231, 1893.81356398)
(-7364.04397365, 9989.09085134, 1893.81356398)
(-7363.99690034, 9989.09130579, 1893.81356399)
(-7363.94734781, 9989.09181093, 1893.81356397)
(-7363.90066274, 9989.09201471, 1893.81356399)
(-7363.85397414, 9989.09211298, 1893.81356398)
(-7363.80687734, 9989.09221108, 1893.81356398)
(-7363.76020306, 9989.09237194, 1893.81356398)
(-7363.71022433, 9989.09252801, 1893.81356398)
(-7363.66233002, 9989.09291357, 1893.81356397)
(-7363.61691334, 9989.09334796, 1893.81356397)
(-7363.56901488, 9989.09381708, 1893.81356399)
(-7363.52234747, 9989.09421446, 1893.81356398)
(-7363.471964, 9989.09467425, 1893.81356397)
(-7363.42403889, 9989.09488535, 1893.81356399)
(-7363.37611281, 9989.09500832, 1893.81356399)
(-7363.32819079, 9989.09512045, 1893.81356397)
(-7363.27779923, 9989.09529835, 1893.81356398)
(-7363.22451616, 9989.09546567, 1893.81356398)
(-7363.17703406, 9989.0958426, 1893.81356397)
(-7363.12872855, 9989.09632086, 1893.81356397)
(-7363.08165705, 9989.09679363, 1893.81356398)
(-7363.03168548, 9989.0972227, 1893.81356398)
(-7362.98335966, 9989.09757833, 1893.81356398)
(-7362.9329679, 9989.09789859, 1893.81356398)
(-7362.88669649, 9989.09805882, 1893.81356398)
(-7362.83629565, 9989.09820202, 1893.81356397)
(-7362.78962443, 9989.0984258, 1893.81356398)
(-7362.74088844, 9989.09867423, 1893.81356398)
(-7362.69132651, 9989.09892742, 1893.81356398)
(-7362.64383798, 9989.09929077, 1893.81356397)
(-7362.59345802, 9989.09971891, 1893.81356398)
(-7362.54554783, 9989.10004366, 1893.81356398)
(-7362.49392113, 9989.10038927, 1893.81356398)
(-7362.44642459, 9989.10070767, 1893.81356398)
(-7362.4005735, 9989.10094448, 1893.81356398)
(-7362.35224239, 9989.10113264, 1893.81356399)
(-7362.30557161, 9989.10138111, 1893.81356398)
(-7362.25972667, 9989.10163228, 1893.81356398)
(-7362.21016453, 9989.10190333, 1893.81356398)
(-7362.16391169, 9989.1022231, 1893.81356398)
(-7362.11642091, 9989.10261189, 1893.81356398)
(-7362.07181514, 9989.10291561, 1893.81356398)
(-7362.02514461, 9989.10322582, 1893.81356398)
(-7361.97475702, 9989.10356134, 1893.81356398)
(-7361.92808095, 9989.1038136, 1893.81356398)
(-7361.87562055, 9989.10403512, 1893.81356398)
(-7361.82812406, 9989.10429634, 1893.81356398)
(-7361.77980098, 9989.10456564, 1893.81356398)
(-7361.72817373, 9989.10485261, 1893.81356398)
(-7361.67985556, 9989.10518213, 1893.81356398)
(-7361.6274087, 9989.10560786, 1893.81356398)
(-7361.57784639, 9989.10594315, 1893.81356398)
(-7361.53034986, 9989.10626081, 1893.81356398)
(-7361.48161431, 9989.10658728, 1893.81356398)
(-7361.43328508, 9989.10683834, 1893.81356399)
(-7361.38784553, 9989.1070126, 1893.81356399)
(-7361.34200113, 9989.10726185, 1893.81356398)
(-7361.29656918, 9989.10751199, 1893.81356398)
(-7361.24907212, 9989.10777289, 1893.81356398)
(-7361.20405795, 9989.10807899, 1893.81356398)
(-7361.15656688, 9989.10846311, 1893.81356398)
(-7361.11113483, 9989.10876628, 1893.81356398)
(-7361.06611637, 9989.10906296, 1893.81356398)
(-7361.01655479, 9989.10939037, 1893.81356398)
(-7360.9707054, 9989.10964508, 1893.81356398)
(-7360.92196313, 9989.10985872, 1893.81356398)
(-7360.87610733, 9989.10997935, 1893.81356399)
(-7360.82446953, 9989.11008535, 1893.81356399)
(-7360.77946412, 9989.11043593, 1893.81356397)
(-7360.73281013, 9989.11090732, 1893.81356398)
(-7360.68532609, 9989.11138913, 1893.81356398)
(-7360.63989728, 9989.11177582, 1893.81356398)
(-7360.59199154, 9989.11221581, 1893.81356398)
(-7360.54530507, 9989.11241922, 1893.81356399)
(-7360.49861883, 9989.11254694, 1893.81356399)
(-7360.45069688, 9989.11266712, 1893.81356397)
(-7360.40608801, 9989.11283177, 1893.81356398)
(-7360.35900001, 9989.11298158, 1893.81356398)
(-7360.31192149, 9989.11324423, 1893.81356397)
(-7360.26733007, 9989.11363917, 1893.81356398)
(-7360.22067275, 9989.11408482, 1893.81356398)
(-7360.17483619, 9989.11452395, 1893.81356398)
(-7360.12652026, 9989.11500472, 1893.81356398)
(-7360.08108322, 9989.11533289, 1893.81356398)
(-7360.03151244, 9989.11559946, 1893.81356398)
(-7359.98647906, 9989.11568018, 1893.81356399)
(-7359.94185749, 9989.11572458, 1893.81356398)
(-7359.89476084, 9989.11576651, 1893.81356398)
(-7359.84892585, 9989.11602605, 1893.81356398)
(-7359.79111907, 9989.11647865, 1893.81356398)
(-7359.74239699, 9989.11692271, 1893.81356398)
(-7359.68789501, 9989.11748556, 1893.81356398)
(-7359.64082167, 9989.11799198, 1893.81356398)
(-7359.58711981, 9989.11834101, 1893.81356398)
(-7359.53713571, 9989.11860371, 1893.81356398)
(-7359.48962205, 9989.11866536, 1893.81356399)
(-7359.4433487, 9989.1187098, 1893.81356398)
(-7359.39088266, 9989.11875529, 1893.81356398)
(-7359.34340059, 9989.11916193, 1893.81356397)
(-7359.29261722, 9989.11971261, 1893.81356401)
(-7359.24265674, 9989.12024034, 1893.81356398)
(-7359.18401093, 9989.12072943, 1893.81356397)
(-7359.12990829, 9989.12119639, 1893.81356398)
(-7359.08115596, 9989.12137566, 1893.81356399)
(-7359.0270315, 9989.12148174, 1893.81356398)
(-7358.97043784, 9989.12163133, 1893.81356399)
(-7358.91426907, 9989.12187735, 1893.81356398)
(-7358.84199543, 9989.12228408, 1893.81356398)
(-7358.79699038, 9989.1226873, 1893.81356397)
(-7358.74785289, 9989.12314598, 1893.81356399)
(-7358.70159477, 9989.12347538, 1893.81356398)
(-7358.65575026, 9989.12379727, 1893.81356398)
(-7358.60949277, 9989.12412183, 1893.81356398)
(-7358.56405322, 9989.1243451, 1893.81356399)
(-7358.51737349, 9989.12452147, 1893.81356398)
(-7358.46986525, 9989.12464174, 1893.81356398)
(-7358.42526032, 9989.12484351, 1893.81356397)
(-7358.37859071, 9989.12509258, 1893.81356398)
(-7358.333171, 9989.125478, 1893.81356398)
(-7358.28651144, 9989.12590906, 1893.81356399)
(-7358.24150159, 9989.12634407, 1893.81356397)
(-7358.19194774, 9989.12684576, 1893.81356397)
(-7358.14650072, 9989.12704237, 1893.81356399)
(-7358.10187956, 9989.12716245, 1893.81356398)
(-7358.05437027, 9989.12728098, 1893.81356399)
(-7358.00852255, 9989.12745707, 1893.81356398)
(-7357.96102146, 9989.12761066, 1893.81356398)
(-7357.91683311, 9989.12784588, 1893.81356397)
(-7357.86892884, 9989.12817069, 1893.81356398)
(-7357.82475174, 9989.12863933, 1893.81356396)
(-7357.7772716, 9989.12917031, 1893.81356398)
(-7357.73061226, 9989.12969628, 1893.81356399)
(-7357.68393069, 9989.12999943, 1893.81356398)
(-7357.6351813, 9989.13021779, 1893.81356398)
(-7357.58601719, 9989.13036801, 1893.81356398)
(-7357.54015847, 9989.13045978, 1893.81356398)
(-7357.49223693, 9989.13053793, 1893.81356398)
(-7357.44639676, 9989.13077294, 1893.81356397)
(-7357.39807927, 9989.131083, 1893.81356397)
(-7357.35183582, 9989.13149743, 1893.81356398)
(-7357.30269852, 9989.13196009, 1893.81356399)
(-7357.25561433, 9989.1322979, 1893.81356398)
(-7357.21018289, 9989.1326189, 1893.81356398)
(-7357.16186032, 9989.13296004, 1893.81356398)
(-7357.11518108, 9989.13318619, 1893.81356399)
(-7357.06726086, 9989.13335442, 1893.81356398)
(-7357.02182944, 9989.13360175, 1893.81356398)
(-7356.97639748, 9989.13385247, 1893.81356398)
(-7356.92931343, 9989.13411173, 1893.81356398)
(-7356.88347309, 9989.13442103, 1893.81356398)
(-7356.83598199, 9989.13480261, 1893.81356397)
(-7356.7901476, 9989.13524534, 1893.81356399)
(-7356.74224688, 9989.13573184, 1893.81356398)
(-7356.69679978, 9989.13592033, 1893.81356399)
(-7356.65052543, 9989.13602962, 1893.81356399)
(-7356.60218995, 9989.13613926, 1893.81356397)
(-7356.55510297, 9989.13630779, 1893.81356398)
(-7356.50388502, 9989.1364649, 1893.81356398)
(-7356.45887998, 9989.13681531, 1893.81356397)
(-7356.41057389, 9989.13728361, 1893.81356397)
(-7356.3593728, 9989.13779095, 1893.81356398)
(-7356.30940134, 9989.13821855, 1893.81356398)
(-7356.25860419, 9989.13867625, 1893.81356398)
(-7356.21026447, 9989.13886275, 1893.81356399)
(-7356.16233861, 9989.13898047, 1893.81356398)
(-7356.10987285, 9989.13910318, 1893.81356398)
(-7356.06237712, 9989.1393141, 1893.81356397)
(-7356.01529405, 9989.13954913, 1893.81356398)
(-7355.96573486, 9989.13983749, 1893.81356398)
(-7355.91948875, 9989.14023013, 1893.81356398)
(-7355.86746001, 9989.14070622, 1893.81356398)
(-7355.8199633, 9989.1410505, 1893.81356398)
(-7355.77205373, 9989.14138718, 1893.81356398)
(-7355.72538321, 9989.14171487, 1893.81356398)
(-7355.67829073, 9989.14193782, 1893.81356398)
(-7355.62789326, 9989.14212598, 1893.81356399)
(-7355.58080947, 9989.142377, 1893.81356398)
(-7355.53289946, 9989.14264001, 1893.81356398)
(-7355.48416336, 9989.14290719, 1893.81356398)
(-7355.43625852, 9989.14323884, 1893.81356398)
(-7355.386703, 9989.14364799, 1893.81356397)
(-7355.34003184, 9989.14396315, 1893.81356398)
(-7355.29294832, 9989.14427761, 1893.81356398)
(-7355.24421278, 9989.14460374, 1893.81356398)
(-7355.19712349, 9989.14485786, 1893.81356398)
(-7355.14838019, 9989.145058, 1893.81356398)
(-7355.10129658, 9989.14531588, 1893.81356398)
(-7355.05545165, 9989.14557151, 1893.81356398)
(-7355.00836759, 9989.1458334, 1893.81356398)
(-7354.96335297, 9989.14613302, 1893.81356398)
(-7354.91544841, 9989.14651235, 1893.81356398)
(-7354.86920038, 9989.14695216, 1893.81356398)
(-7354.8184099, 9989.14747453, 1893.81356397)
(-7354.77420337, 9989.14766218, 1893.81356399)
(-7354.72875444, 9989.14776104, 1893.81356399)
(-7354.68248349, 9989.14785556, 1893.81356398)
(-7354.63704847, 9989.1480166, 1893.81356398)
(-7354.58872166, 9989.14816763, 1893.81356398)
(-7354.54165185, 9989.14852064, 1893.81356398)
(-7354.49540972, 9989.14895974, 1893.81356397)
(-7354.44585965, 9989.14944124, 1893.81356398)
(-7354.3983663, 9989.14984348, 1893.81356398)
(-7354.3496346, 9989.15028332, 1893.81356398)
(-7354.30212144, 9989.15048194, 1893.81356399)
(-7354.25667593, 9989.15061505, 1893.81356398)
(-7354.2079288, 9989.15074658, 1893.81356398)
(-7354.16125427, 9989.15091349, 1893.81356398)
(-7354.11334028, 9989.15106564, 1893.81356398)
(-7354.06337041, 9989.1513347, 1893.81356397)
(-7354.01133774, 9989.15170242, 1893.81356397)
(-7353.96096853, 9989.15225379, 1893.81356397)
(-7353.91266167, 9989.15279722, 1893.81356397)
(-7353.86063315, 9989.15338783, 1893.81356398)
(-7353.81146756, 9989.15355514, 1893.81356399)
(-7353.7635417, 9989.15362226, 1893.81356397)
(-7353.71561709, 9989.15369948, 1893.81356399)
(-7353.66729212, 9989.15388398, 1893.81356398)
(-7353.61731474, 9989.15405478, 1893.81356398)
(-7353.57024554, 9989.15442724, 1893.81356397)
(-7353.52235227, 9989.15489449, 1893.81356397)
(-7353.4744544, 9989.15537286, 1893.81356399)
(-7353.42489583, 9989.15579834, 1893.81356398)
(-7353.37575107, 9989.15624945, 1893.81356398)
(-7353.328651, 9989.15643391, 1893.81356399)
(-7353.28237742, 9989.15654657, 1893.81356398)
(-7353.2348688, 9989.15666004, 1893.81356398)
(-7353.17993424, 9989.15685959, 1893.81356398)
(-7353.13202002, 9989.15700261, 1893.81356398)
(-7353.08577724, 9989.15738897, 1893.81356397)
(-7353.04077414, 9989.15782854, 1893.81356397)
(-7352.98957317, 9989.15834035, 1893.81356398)
(-7352.93960175, 9989.15877064, 1893.81356398)
(-7352.89127596, 9989.15912783, 1893.81356398)
(-7352.84170958, 9989.15943451, 1893.81356398)
(-7352.7830443, 9989.159633, 1893.81356399)
(-7352.73057814, 9989.15976932, 1893.81356397)
(-7352.67647381, 9989.16002907, 1893.81356398)
(-7352.61534721, 9989.16032869, 1893.81356398)
(-7352.56826345, 9989.16056094, 1893.81356398)
(-7352.52408519, 9989.161013, 1893.81356399)
(-7352.47867059, 9989.16153584, 1893.81356397)
(-7352.43201393, 9989.16207908, 1893.81356398)
(-7352.3857441, 9989.16235923, 1893.81356399)
(-7352.34112345, 9989.16247107, 1893.81356399)
(-7352.29402368, 9989.16256483, 1893.81356398)
(-7352.2485833, 9989.1626842, 1893.81356399)
(-7352.20107854, 9989.16278968, 1893.81356399)
(-7352.15523787, 9989.16301272, 1893.81356398)
(-7352.10816061, 9989.1633282, 1893.81356398)
(-7352.06068078, 9989.16382862, 1893.81356396)
(-7352.01402643, 9989.16434616, 1893.81356398)
(-7351.96488918, 9989.16488916, 1893.81356398)
(-7351.91862036, 9989.16517966, 1893.81356398)
(-7351.86987079, 9989.1653891, 1893.81356398)
(-7351.82277288, 9989.16553147, 1893.81356398)
(-7351.77691438, 9989.16562102, 1893.81356398)
(-7351.72610149, 9989.16570323, 1893.81356398)
(-7351.68067459, 9989.16593587, 1893.81356397)
(-7351.63153149, 9989.16625217, 1893.81356397)
(-7351.58363608, 9989.16667447, 1893.81356397)
(-7351.53326064, 9989.16714942, 1893.81356398)
(-7351.48700255, 9989.16748316, 1893.81356398)
(-7351.44033205, 9989.16781354, 1893.81356398)
(-7351.39200944, 9989.1681552, 1893.81356398)
(-7351.34450303, 9989.1683752, 1893.81356398)
(-7351.2953428, 9989.16853882, 1893.81356398)
(-7351.24991094, 9989.1687744, 1893.81356398)
(-7351.20489207, 9989.16901676, 1893.81356398)
(-7351.15863409, 9989.16926572, 1893.81356398)
(-7351.11279489, 9989.16959418, 1893.81356397)
(-7351.06323992, 9989.17001073, 1893.81356398)
(-7351.01615593, 9989.17033341, 1893.81356398)
(-7350.97113746, 9989.17063586, 1893.81356398)
(-7350.92570601, 9989.17094143, 1893.81356398)
(-7350.87985559, 9989.17118453, 1893.81356398)
(-7350.83317804, 9989.1713824, 1893.81356399)
(-7350.78732236, 9989.17150371, 1893.81356398)
(-7350.73981528, 9989.17159877, 1893.81356398)
(-7350.69439866, 9989.17196997, 1893.81356398)
(-7350.65022081, 9989.17239269, 1893.81356398)
(-7350.60314887, 9989.17285642, 1893.81356398)
(-7350.55772108, 9989.17325145, 1893.81356398)
(-7350.51187994, 9989.17366393, 1893.81356398)
(-7350.46685588, 9989.17397894, 1893.81356399)
(-7350.42017709, 9989.1742264, 1893.81356399)
(-7350.37472959, 9989.17430228, 1893.81356399)
(-7350.32969529, 9989.17434747, 1893.81356399)
(-7350.28259846, 9989.17438211, 1893.81356397)
(-7350.23635189, 9989.17465536, 1893.81356398)
(-7350.18969309, 9989.17500959, 1893.81356398)
(-7350.14386245, 9989.17542463, 1893.81356398)
(-7350.09431249, 9989.17589875, 1893.81356399)
(-7350.04846795, 9989.17624582, 1893.81356398)
(-7350.00344945, 9989.17657328, 1893.81356398)
(-7349.95553986, 9989.17692096, 1893.81356398)
(-7349.9092711, 9989.17712126, 1893.81356397)
(-7349.86258981, 9989.17728394, 1893.81356398)
(-7349.81550571, 9989.17753375, 1893.81356398)
(-7349.76966081, 9989.17778618, 1893.81356398)
(-7349.72051168, 9989.1780564, 1893.81356398)
(-7349.67136799, 9989.17839914, 1893.81356398)
(-7349.62305076, 9989.17878905, 1893.81356398)
(-7349.5755538, 9989.17911198, 1893.81356398)
(-7349.53136137, 9989.17940617, 1893.81356398)
(-7349.48262584, 9989.17973119, 1893.81356398)
(-7349.43471084, 9989.17999332, 1893.81356398)
(-7349.38596789, 9989.18019841, 1893.81356398)
(-7349.33267566, 9989.18032775, 1893.81356397)
(-7349.28724517, 9989.18053525, 1893.81356398)
(-7349.23603391, 9989.18082946, 1893.81356398)
(-7349.18648696, 9989.18127593, 1893.81356397)
(-7349.13611003, 9989.18174587, 1893.81356398)
(-7349.08613529, 9989.18211849, 1893.81356398)
(-7349.03905175, 9989.18245738, 1893.81356398)
(-7348.98783784, 9989.18282517, 1893.81356398)
(-7348.93909026, 9989.18302669, 1893.81356397)
(-7348.88745195, 9989.18319876, 1893.81356398)
(-7348.83995524, 9989.18344246, 1893.81356398)
(-7348.79245826, 9989.18369529, 1893.81356398)
(-7348.74083116, 9989.18397037, 1893.81356398)
(-7348.6937636, 9989.18441991, 1893.81356397)
(-7348.64586837, 9989.18492183, 1893.81356397)
(-7348.59962022, 9989.18541349, 1893.81356398)
(-7348.55500592, 9989.18570687, 1893.81356397)
(-7348.50914859, 9989.18590569, 1893.81356398)
(-7348.46452909, 9989.18603843, 1893.81356398)
(-7348.41578064, 9989.1861595, 1893.81356397)
(-7348.37200116, 9989.18636149, 1893.81356398)
(-7348.32533021, 9989.18658594, 1893.81356398)
(-7348.27907229, 9989.18680917, 1893.81356398)
(-7348.23364981, 9989.18715713, 1893.81356399)
(-7348.18740131, 9989.18755431, 1893.81356399)
(-7348.14074093, 9989.18800199, 1893.81356399)
(-7348.09613469, 9989.18834183, 1893.81356398)
(-7348.04905011, 9989.18866538, 1893.81356398)
(-7348.00443214, 9989.18883188, 1893.81356398)
(-7347.95692312, 9989.18897091, 1893.81356397)
(-7347.91230792, 9989.1890836, 1893.81356399)
(-7347.86438919, 9989.18918364, 1893.81356398)
(-7347.8197968, 9989.18950964, 1893.81356397)
(-7347.77438143, 9989.18994505, 1893.81356398)
(-7347.72648438, 9989.19041038, 1893.81356398)
(-7347.68188227, 9989.19078705, 1893.81356398)
(-7347.63728027, 9989.19118363, 1893.81356398)
(-7347.59267037, 9989.19150129, 1893.81356398)
(-7347.54434042, 9989.19176664, 1893.81356398)
(-7347.49971919, 9989.19184413, 1893.81356399)
(-7347.45385857, 9989.19189348, 1893.81356399)
(-7347.40800158, 9989.19193432, 1893.81356397)
(-7347.36175345, 9989.19219843, 1893.81356398)
(-7347.31550638, 9989.19253984, 1893.81356398)
(-7347.27091394, 9989.19293601, 1893.81356398)
(-7347.22425393, 9989.19337306, 1893.81356399)
(-7347.17964869, 9989.19370454, 1893.81356398)
(-7347.13463018, 9989.19402475, 1893.81356398)
(-7347.0883727, 9989.19435348, 1893.81356398)
(-7347.04334698, 9989.19458998, 1893.81356398)
(-7346.99708024, 9989.19477331, 1893.81356399)
(-7346.95246388, 9989.19489655, 1893.81356398)
(-7346.90413068, 9989.19500165, 1893.81356398)
(-7346.85871319, 9989.19535343, 1893.81356397)
(-7346.81412189, 9989.19577294, 1893.81356397)
(-7346.76828808, 9989.19621782, 1893.81356399)
(-7346.72327302, 9989.19660246, 1893.81356398)
(-7346.67454149, 9989.19704424, 1893.81356398)
(-7346.62703983, 9989.197381, 1893.81356398)
(-7346.57870937, 9989.19764368, 1893.81356398)
(-7346.52747748, 9989.19772502, 1893.81356399)
(-7346.47913897, 9989.19778016, 1893.81356398)
(-7346.42378162, 9989.19783292, 1893.81356398)
(-7346.37423569, 9989.19817581, 1893.81356397)
(-7346.32758184, 9989.19862387, 1893.81356396)
(-7346.27803571, 9989.19912077, 1893.81356398)
(-7346.22889454, 9989.19959338, 1893.81356398)
(-7346.17892617, 9989.20009127, 1893.81356398)
(-7346.13017489, 9989.20031076, 1893.81356399)
(-7346.0781164, 9989.20044343, 1893.81356399)
(-7346.0297821, 9989.20056968, 1893.81356398)
(-7345.98104283, 9989.20074919, 1893.81356398)
(-7345.93271613, 9989.20090538, 1893.81356398)
(-7345.88771219, 9989.20127324, 1893.81356397)
(-7345.84146964, 9989.20171773, 1893.81356398)
(-7345.79398381, 9989.20218425, 1893.81356399)
(-7345.74772953, 9989.20258336, 1893.81356398)
(-7345.69941068, 9989.20302358, 1893.81356398)
(-7345.65313771, 9989.20323251, 1893.81356399)
(-7345.60479867, 9989.20336313, 1893.81356398)
(-7345.55687732, 9989.20348875, 1893.81356399)
(-7345.51061636, 9989.20366161, 1893.81356398)
(-7345.46146286, 9989.20381543, 1893.81356398)
(-7345.41645863, 9989.20417077, 1893.81356397)
(-7345.37227947, 9989.20457744, 1893.81356398)
(-7345.32561944, 9989.20502399, 1893.81356399)
(-7345.28019136, 9989.20541032, 1893.81356398)
(-7345.23269898, 9989.20584238, 1893.81356398)
(-7345.18808844, 9989.20615583, 1893.81356398)
(-7345.1405844, 9989.20641657, 1893.81356399)
(-7345.09596279, 9989.20649441, 1893.81356399)
(-7345.05134166, 9989.20654451, 1893.81356398)
(-7345.00465797, 9989.20658417, 1893.81356397)
(-7344.96006153, 9989.20683584, 1893.81356398)
(-7344.91381498, 9989.20717891, 1893.81356398)
(-7344.87004852, 9989.20756861, 1893.81356398)
(-7344.82215054, 9989.2080213, 1893.81356399)
(-7344.7771317, 9989.20834833, 1893.81356398)
(-7344.73211327, 9989.20866794, 1893.81356398)
(-7344.6854428, 9989.20899913, 1893.81356398)
(-7344.64000366, 9989.20923048, 1893.81356399)
(-7344.59332477, 9989.20942232, 1893.81356399)
(-7344.54870863, 9989.20954778, 1893.81356398)
(-7344.50244089, 9989.20964754, 1893.81356399)
(-7344.45743496, 9989.20997653, 1893.81356397)
(-7344.41284441, 9989.21040091, 1893.81356397)
(-7344.36659866, 9989.2108557, 1893.81356398)
(-7344.32075817, 9989.21125589, 1893.81356398)
(-7344.27450417, 9989.21167215, 1893.81356398)
(-7344.22865456, 9989.21199714, 1893.81356398)
(-7344.18115053, 9989.21226055, 1893.81356398)
(-7344.13611543, 9989.21233508, 1893.813564)
(-7344.09149458, 9989.21238953, 1893.81356398)
(-7344.0448115, 9989.21243686, 1893.81356399)
(-7344.00021509, 9989.21269796, 1893.81356398)
(-7343.95272829, 9989.21304492, 1893.81356399)
(-7343.90772268, 9989.21344356, 1893.81356398)
(-7343.86064984, 9989.21388432, 1893.81356399)
(-7343.81604422, 9989.21421105, 1893.81356398)
(-7343.77102576, 9989.21453118, 1893.81356398)
(-7343.72476829, 9989.21485989, 1893.81356398)
(-7343.67932925, 9989.2150947, 1893.81356399)
(-7343.63223661, 9989.21528347, 1893.81356399)
(-7343.58720704, 9989.215407, 1893.81356397)
(-7343.53887406, 9989.21551483, 1893.81356398)
(-7343.49386922, 9989.2158578, 1893.81356398)
(-7343.44886547, 9989.21628561, 1893.81356397)
(-7343.40220651, 9989.21674513, 1893.81356399)
(-7343.35801735, 9989.21712447, 1893.81356398)
(-7343.31135058, 9989.2175473, 1893.81356398)
(-7343.26632696, 9989.21786312, 1893.81356398)
(-7343.22006243, 9989.21812133, 1893.81356398)
(-7343.17502843, 9989.2182013, 1893.81356399)
(-7343.13040734, 9989.21825305, 1893.81356398)
(-7343.08455009, 9989.21829453, 1893.81356397)
(-7343.03995261, 9989.21854027, 1893.81356398)
(-7342.99329282, 9989.2188874, 1893.81356398)
(-7342.94870052, 9989.21928472, 1893.81356398)
(-7342.90162797, 9989.21972611, 1893.81356399)
(-7342.8566179, 9989.2201673, 1893.81356398)
(-7342.81118505, 9989.22052354, 1893.81356398)
(-7342.76575169, 9989.22083756, 1893.81356398)
(-7342.72113312, 9989.22100761, 1893.81356398)
(-7342.67362411, 9989.22115745, 1893.81356397)
(-7342.62818234, 9989.22127803, 1893.81356399)
(-7342.58150287, 9989.22138327, 1893.81356398)
(-7342.53566259, 9989.2216225, 1893.81356397)
(-7342.49107165, 9989.22202391, 1893.81356397)
(-7342.44482812, 9989.22247242, 1893.81356398)
(-7342.40023058, 9989.22290015, 1893.81356398)
(-7342.35232776, 9989.22337747, 1893.81356397)
(-7342.30854275, 9989.22368853, 1893.81356399)
(-7342.2626905, 9989.22394459, 1893.81356398)
(-7342.21724416, 9989.22409115, 1893.81356398)
(-7342.17056084, 9989.22421561, 1893.81356397)
(-7342.1251293, 9989.22444062, 1893.81356398)
(-7342.08052339, 9989.22466813, 1893.81356398)
(-7342.03426543, 9989.22490428, 1893.81356398)
(-7341.99007942, 9989.22522679, 1893.81356397)
(-7341.94424225, 9989.22561146, 1893.81356397)
(-7341.89964624, 9989.22603662, 1893.81356398)
(-7341.85381046, 9989.22650005, 1893.81356397)
(-7341.80877757, 9989.22670164, 1893.81356399)
(-7341.76498265, 9989.22681397, 1893.81356399)
(-7341.71829917, 9989.22692014, 1893.81356397)
(-7341.67368976, 9989.22707676, 1893.81356398)
(-7341.62784127, 9989.22722341, 1893.81356398)
(-7341.58282676, 9989.22745467, 1893.81356397)
(-7341.53657462, 9989.2277668, 1893.81356398)
(-7341.4911588, 9989.22823834, 1893.81356395)
(-7341.44656911, 9989.22873589, 1893.81356398)
(-7341.40114993, 9989.22925149, 1893.81356398)
(-7341.35612264, 9989.22956278, 1893.81356398)
(-7341.31026522, 9989.22977203, 1893.81356398)
(-7341.26523267, 9989.22991768, 1893.81356399)
(-7341.21813692, 9989.23004892, 1893.81356397)
(-7341.17270491, 9989.23026757, 1893.81356398)
(-7341.12768605, 9989.23049554, 1893.81356398)
(-7341.08060205, 9989.23073423, 1893.81356398)
(-7341.03641534, 9989.23104769, 1893.81356397)
(-7340.9905775, 9989.23142385, 1893.81356397)
(-7340.94680716, 9989.23183564, 1893.81356398)
(-7340.90097126, 9989.23229345, 1893.81356398)
(-7340.85346907, 9989.23262241, 1893.81356399)
(-7340.80927058, 9989.23287402, 1893.81356398)
(-7340.7650722, 9989.23310562, 1893.81356398)
(-7340.72087363, 9989.23331427, 1893.81356399)
(-7340.67626299, 9989.23351478, 1893.81356398)
