(-7442.69997783, 9970.22999947, 1893.81356566)
(-7442.64554739, 9970.23010539, 1893.81398777)
(-7442.58070837, 9970.23020348, 1893.81356743)
(-7442.51627828, 9970.2302873, 1893.81356419)
(-7442.44358643, 9970.23039131, 1893.8135642)
(-7442.38080593, 9970.23047155, 1893.81356389)
(-7442.31059006, 9970.23052722, 1893.81356398)
(-7442.25070103, 9970.23057697, 1893.81356397)
(-7442.18998346, 9970.23058016, 1893.81356399)
(-7442.11645882, 9970.23051624, 1893.81356398)
(-7442.05368, 9970.23051977, 1893.81356398)
(-7441.97479286, 9970.23052227, 1893.81356398)
(-7441.91056755, 9970.22477459, 1893.81356404)
(-7441.85292651, 9970.21646383, 1893.81356402)
(-7441.78458739, 9970.20857451, 1893.81356398)
(-7441.72083254, 9970.20275833, 1893.81356397)
(-7441.66656123, 9970.19594315, 1893.81356397)
(-7441.58568638, 9970.18518774, 1893.81356399)
(-7441.52826675, 9970.17783687, 1893.81356398)
(-7441.45283055, 9970.16833234, 1893.81356399)
(-7441.39176287, 9970.16047512, 1893.81356399)
(-7441.32004846, 9970.15126324, 1893.813564)
(-7441.2602341, 9970.14317068, 1893.81356398)
(-7441.19061523, 9970.13380569, 1893.81356398)
(-7441.12919143, 9970.12559988, 1893.81356398)
(-7441.05876501, 9970.1161494, 1893.81356398)
(-7440.97933655, 9970.105494, 1893.81356398)
(-7440.88026562, 9970.09206875, 1893.81356398)
(-7440.81313355, 9970.08302318, 1893.81356398)
(-7440.75295984, 9970.07484374, 1893.81356398)
(-7440.67150776, 9970.06382795, 1893.81356398)
(-7440.58186759, 9970.05164474, 1893.81356398)
(-7440.5114715, 9970.0421042, 1893.81356398)
(-7440.43165809, 9970.03125756, 1893.81356398)
(-7440.35471477, 9970.02081827, 1893.81356398)
(-7440.2671265, 9970.00892208, 1893.81356398)
(-7440.20737322, 9970.00081308, 1893.81356398)
(-7440.13493037, 9969.99097248, 1893.81356398)
(-7440.07681457, 9969.98308405, 1893.81356398)
(-7439.99946253, 9969.97258164, 1893.81356398)
(-7439.94052807, 9969.96458126, 1893.81356398)
(-7439.87136145, 9969.95519084, 1893.81356398)
(-7439.80915275, 9969.94674527, 1893.81356398)
(-7439.73711841, 9969.93695572, 1893.81356398)
(-7439.67491019, 9969.92850965, 1893.81356398)
(-7439.60124208, 9969.91850273, 1893.81356398)
(-7439.53944317, 9969.91011059, 1893.81356398)
(-7439.4653658, 9969.90004992, 1893.81356398)
(-7439.39497217, 9969.89048979, 1893.81356398)
(-7439.33521923, 9969.88237502, 1893.81356398)
(-7439.26728006, 9969.8731417, 1893.81356398)
(-7439.2009796, 9969.86413707, 1893.81356398)
(-7439.12813039, 9969.8542411, 1893.81356398)
(-7439.06428526, 9969.84556991, 1893.81356398)
(-7438.99716549, 9969.83645297, 1893.81356398)
(-7438.93250165, 9969.82766995, 1893.81356398)
(-7438.86783765, 9969.81888733, 1893.81356398)
(-7438.8044015, 9969.81026951, 1893.81356398)
(-7438.74383068, 9969.80204264, 1893.81356398)
(-7438.66975346, 9969.79198059, 1893.81356398)
(-7438.60058769, 9969.78258699, 1893.81356398)
(-7438.54820154, 9969.77547172, 1893.81356398)
(-7438.47821726, 9969.76596323, 1893.81356398)
(-7438.42051146, 9969.75812509, 1893.81356398)
(-7438.34029536, 9969.74722894, 1893.81356398)
(-7438.28054268, 9969.73911353, 1893.81356398)
(-7438.21710637, 9969.73049718, 1893.81356398)
(-7438.15612593, 9969.72221469, 1893.81356398)
(-7438.08491372, 9969.71254109, 1893.81356398)
(-7438.02516133, 9969.7044254, 1893.81356398)
(-7437.94535439, 9969.69358523, 1893.81356398)
(-7437.88642028, 9969.6855811, 1893.81356398)
(-7437.81807283, 9969.67629798, 1893.81356398)
(-7437.76118508, 9969.66857149, 1893.81356398)
(-7437.68424317, 9969.65811983, 1893.81356398)
(-7437.62530917, 9969.65011545, 1893.81356398)
(-7437.54959482, 9969.63983138, 1893.81356398)
(-7437.49475339, 9969.63238316, 1893.81356398)
(-7437.41494653, 9969.6215438, 1893.81356398)
(-7437.35969577, 9969.61403973, 1893.81356398)
(-7437.28684642, 9969.60414417, 1893.81356398)
(-7437.22995871, 9969.59641783, 1893.81356398)
(-7437.15506295, 9969.58624525, 1893.81356398)
(-7437.09285478, 9969.5777967, 1893.81356398)
(-7437.02041471, 9969.56795798, 1893.81356398)
(-7436.96188976, 9969.5600093, 1893.81356398)
(-7436.89354224, 9969.55072551, 1893.81356398)
(-7436.83788227, 9969.54316606, 1893.81356398)
(-7436.74989008, 9969.53121487, 1893.81356398)
(-7436.68031505, 9969.52176588, 1893.81356398)
(-7436.60091742, 9969.51098204, 1893.81356398)
(-7436.5350256, 9969.50203342, 1893.81356398)
(-7436.47445412, 9969.49380689, 1893.81356398)
(-7436.41388288, 9969.48558058, 1893.81356398)
(-7436.3410336, 9969.47568572, 1893.81356398)
(-7436.26941224, 9969.46595873, 1893.81356398)
(-7436.19574421, 9969.4559531, 1893.81356398)
(-7436.132308, 9969.44733797, 1893.81356398)
(-7436.07541997, 9969.43961172, 1893.81356398)
(-7436.00666344, 9969.43027376, 1893.81356398)
(-7435.94772914, 9969.42226991, 1893.81356398)
(-7435.86955923, 9969.41165273, 1893.81356398)
(-7435.8057138, 9969.40298196, 1893.81356398)
(-7435.73409223, 9969.39325459, 1893.81356398)
(-7435.67679518, 9969.38547325, 1893.81356398)
(-7435.61090329, 9969.37652435, 1893.81356398)
(-7435.5380539, 9969.36662923, 1893.81356398)
(-7435.47093439, 9969.35751369, 1893.81356398)
(-7435.39153671, 9969.34673006, 1893.81356398)
(-7435.33464894, 9969.33900419, 1893.81356398)
(-7435.26752926, 9969.32988842, 1893.81356398)
(-7435.20900425, 9969.32194034, 1893.81356398)
(-7435.14393075, 9969.31310278, 1893.81356398)
(-7435.06985359, 9969.30304138, 1893.81356398)
(-7434.99659525, 9969.29309225, 1893.81356398)
(-7434.89182318, 9969.27886243, 1893.81356398)
(-7434.82511275, 9969.26980266, 1893.81356398)
(-7434.71542938, 9969.25490568, 1893.81356398)
(-7434.64462644, 9969.24529004, 1893.81356398)
(-7434.57996243, 9969.23650719, 1893.81356398)
(-7434.5005649, 9969.2257243, 1893.81356398)
(-7434.41502816, 9969.21410691, 1893.81356398)
(-7434.325399, 9969.20193463, 1893.81356398)
(-7434.23576988, 9969.18976113, 1893.81356398)
(-7434.1526889, 9969.17847804, 1893.81356398)
(-7434.09989344, 9969.17130835, 1893.81356398)
(-7434.03400145, 9969.16235989, 1893.81356398)
(-7433.96360773, 9969.15280013, 1893.81356398)
(-7433.86947654, 9969.14001586, 1893.81356398)
(-7433.8044032, 9969.13117857, 1893.81356398)
(-7433.73155368, 9969.12128479, 1893.81356398)
(-7433.67384724, 9969.11344803, 1893.81356398)
(-7433.5973145, 9969.10305428, 1893.81356398)
(-7433.53715244, 9969.0948841, 1893.81356398)
(-7433.46021022, 9969.08443486, 1893.81356398)
(-7433.40536845, 9969.0769871, 1893.81356398)
(-7433.33988576, 9969.06809382, 1893.81356398)
(-7433.26703653, 9969.05820057, 1893.81356398)
(-7433.19664272, 9969.04864046, 1893.81356398)
(-7433.13361571, 9969.04008121, 1893.81356398)
(-7433.06854221, 9969.03124385, 1893.81356398)
(-7433.0055152, 9969.02268452, 1893.81356398)
(-7432.93266585, 9969.01279071, 1893.81356398)
(-7432.85940734, 9969.00284185, 1893.81356398)
(-7432.78369298, 9968.99255908, 1893.81356398)
(-7432.71452691, 9968.98316611, 1893.81356398)
(-7432.65272759, 9968.97477334, 1893.81356398)
(-7432.59706748, 9968.96721456, 1893.81356398)
(-7432.52503661, 9968.95743241, 1893.81356398)
(-7432.44154626, 9968.94609313, 1893.81356398)
(-7432.3817934, 9968.93797839, 1893.81356398)
(-7432.31303659, 9968.92864063, 1893.81356398)
(-7432.25246531, 9968.92041485, 1893.81356398)
(-7432.18207154, 9968.91085493, 1893.81356398)
(-7432.11536112, 9968.90179553, 1893.81356398)
(-7432.05683588, 9968.89384754, 1893.81356398)
(-7431.97948446, 9968.88334224, 1893.81356398)
(-7431.9209595, 9968.87539432, 1893.81356398)
(-7431.84319892, 9968.86483384, 1893.81356398)
(-7431.77976267, 9968.856219, 1893.81356398)
(-7431.69709073, 9968.84499166, 1893.81356398)
(-7431.63692855, 9968.83682155, 1893.81356398)
(-7431.56735329, 9968.82737292, 1893.81356398)
(-7431.51578581, 9968.82036984, 1893.81356398)
(-7431.43311402, 9968.80914224, 1893.81356398)
(-7431.37090546, 9968.80069415, 1893.81356398)
(-7431.30092078, 9968.7911898, 1893.81356398)
(-7431.23461968, 9968.782186, 1893.81356398)
(-7431.15767763, 9968.77173687, 1893.81356398)
(-7431.08564675, 9968.76195473, 1893.81356398)
(-7431.03244204, 9968.75472932, 1893.81356398)
(-7430.95222575, 9968.74383521, 1893.81356398)
(-7430.89247298, 9968.73572054, 1893.81356398)
(-7430.81471244, 9968.7251601, 1893.81356398)
(-7430.75455033, 9968.71698991, 1893.81356398)
(-7430.67228763, 9968.7058182, 1893.81356398)
(-7430.61130687, 9968.69753692, 1893.81356398)
(-7430.54950762, 9968.68914433, 1893.81356398)
(-7430.48934553, 9968.68097411, 1893.81356398)
(-7430.40585519, 9968.66963543, 1893.81356398)
(-7430.34200961, 9968.66096499, 1893.81356398)
(-7430.26424889, 9968.65040462, 1893.81356398)
(-7430.20572388, 9968.64245677, 1893.81356398)
(-7430.13533011, 9968.63289696, 1893.81356398)
(-7430.06902899, 9968.62389298, 1893.81356398)
(-7430.01091308, 9968.61600066, 1893.81356398)
(-7429.94215619, 9968.60666298, 1893.81356398)
(-7429.87462727, 9968.59749236, 1893.81356398)
(-7429.80587053, 9968.58815483, 1893.81356398)
(-7429.74366211, 9968.57970676, 1893.81356398)
(-7429.6953686, 9968.57314832, 1893.81356398)
(-7429.61965423, 9968.5628656, 1893.81356398)
(-7429.54762338, 9968.55308362, 1893.81356398)
(-7429.47109063, 9968.54269, 1893.81356398)
(-7429.41256562, 9968.53474214, 1893.81356398)
(-7429.33848832, 9968.52468208, 1893.81356398)
(-7429.27832607, 9968.51651182, 1893.81356398)
(-7429.21570824, 9968.50800815, 1893.81356398)
(-7429.13385498, 9968.49689186, 1893.81356398)
(-7429.07369292, 9968.48872162, 1893.81356398)
(-7428.99552298, 9968.47810564, 1893.81356398)
(-7428.90630282, 9968.46598936, 1893.81356398)
(-7428.8440943, 9968.45754108, 1893.81356398)
(-7428.77656545, 9968.44837049, 1893.81356398)
(-7428.6934844, 9968.43708766, 1893.81356398)
(-7428.60876615, 9968.42558276, 1893.81356398)
(-7428.50604016, 9968.41163206, 1893.81356398)
(-7428.431963, 9968.40157218, 1893.81356398)
(-7428.32391668, 9968.38689874, 1893.81356398)
(-7428.24329113, 9968.3759495, 1893.81356398)
(-7428.16798607, 9968.36572242, 1893.81356398)
(-7428.10004798, 9968.35649615, 1893.81356398)
(-7428.01369283, 9968.34476847, 1893.81356398)
(-7427.95721406, 9968.33709846, 1893.81356398)
(-7427.89009424, 9968.32798322, 1893.81356398)
(-7427.82543013, 9968.3192017, 1893.81356398)
(-7427.74971584, 9968.30891939, 1893.81356398)
(-7427.69282787, 9968.30119388, 1893.81356398)
(-7427.62325252, 9968.29174529, 1893.81356398)
(-7427.54549181, 9968.28118474, 1893.81356398)
(-7427.48942236, 9968.27357031, 1893.81356398)
(-7427.41657297, 9968.26367701, 1893.81356398)
(-7427.35886649, 9968.25584033, 1893.81356398)
(-7427.28806336, 9968.24622498, 1893.81356398)
(-7427.22094358, 9968.2371099, 1893.81356398)
(-7427.16569253, 9968.22960668, 1893.81356398)
(-7427.09038749, 9968.21937984, 1893.81356398)
(-7427.02858834, 9968.21098735, 1893.81356398)
(-7426.95041843, 9968.20037151, 1893.81356398)
(-7426.88861916, 9968.19197904, 1893.81356398)
(-7426.8210901, 9968.18280838, 1893.81356398)
(-7426.76297429, 9968.17491608, 1893.81356398)
(-7426.68562301, 9968.16441131, 1893.81356398)
(-7426.62382384, 9968.15601878, 1893.81356398)
(-7426.54974652, 9968.14595872, 1893.81356398)
(-7426.49408622, 9968.13839994, 1893.81356398)
(-7426.42983133, 9968.12967393, 1893.81356398)
(-7426.36312094, 9968.12061447, 1893.81356398)
(-7426.28781593, 9968.11038756, 1893.81356398)
(-7426.22929084, 9968.10243967, 1893.81356398)
(-7426.16585445, 9968.09382473, 1893.81356398)
(-7426.10446448, 9968.08548786, 1893.81356398)
(-7426.04061893, 9968.07681744, 1893.81356398)
(-7425.96367691, 9968.06636812, 1893.81356398)
(-7425.90064992, 9968.05780882, 1893.81356398)
(-7425.81675017, 9968.04641482, 1893.81356398)
(-7425.75536017, 9968.03807792, 1893.81356398)
(-7425.68496634, 9968.02851815, 1893.81356398)
(-7425.63380809, 9968.02157073, 1893.81356398)
(-7425.56054936, 9968.01162195, 1893.81356398)
(-7425.49752227, 9968.0030627, 1893.81356398)
(-7425.42671912, 9967.99344727, 1893.81356398)
(-7425.37024041, 9967.98577733, 1893.81356398)
(-7425.30271149, 9967.97660664, 1893.81356398)
(-7425.23722889, 9967.96771397, 1893.81356398)
(-7425.17420177, 9967.95915469, 1893.81356398)
(-7425.10176151, 9967.94931683, 1893.81356398)
(-7425.04159936, 9967.94114664, 1893.81356398)
(-7424.96711288, 9967.93103107, 1893.81356398)
(-7424.90285809, 9967.92230511, 1893.81356398)
(-7424.83164566, 9967.91263419, 1893.81356398)
(-7424.76411664, 9967.90346364, 1893.81356398)
(-7424.70190811, 9967.89501556, 1893.81356398)
(-7424.62946802, 9967.88517773, 1893.81356398)
(-7424.57217079, 9967.87739659, 1893.81356398)
(-7424.50095837, 9967.86772564, 1893.81356398)
(-7424.43711273, 9967.85905528, 1893.81356398)
(-7424.36590029, 9967.84938442, 1893.81356398)
(-7424.30123621, 9967.84060286, 1893.81356398)
(-7424.22388488, 9967.83009809, 1893.81356398)
(-7424.16208565, 9967.82170556, 1893.81356398)
(-7424.09496587, 9967.8125904, 1893.81356398)
(-7424.0372593, 9967.80475372, 1893.81356398)
(-7423.97013962, 9967.79563866, 1893.81356398)
(-7423.89974585, 9967.78607898, 1893.81356398)
(-7423.82280373, 9967.77562977, 1893.81356398)
(-7423.76305079, 9967.76751513, 1893.81356398)
(-7423.69429394, 9967.75817766, 1893.81356398)
(-7423.63658739, 9967.75034098, 1893.81356398)
(-7423.56414725, 9967.74050336, 1893.81356398)
(-7423.49047929, 9967.730499, 1893.81356398)
(-7423.42376878, 9967.72143953, 1893.81356398)
(-7423.35623978, 9967.71226872, 1893.81356398)
(-7423.29730546, 9967.70426529, 1893.81356398)
(-7423.22568388, 9967.69453878, 1893.81356398)
(-7423.15774567, 9967.68531261, 1893.81356398)
(-7423.07507374, 9967.67408547, 1893.81356398)
(-7422.97644044, 9967.6606909, 1893.81356398)
(-7422.87821651, 9967.64735168, 1893.81356398)
(-7422.79104275, 9967.63551324, 1893.81356398)
(-7422.69404653, 9967.62234062, 1893.81356398)
(-7422.60196162, 9967.60983521, 1893.81356398)
(-7422.51724352, 9967.59833034, 1893.81356398)
(-7422.42393072, 9967.5856581, 1893.81356398)
(-7422.34125879, 9967.57443108, 1893.81356398)
(-7422.23812362, 9967.5604249, 1893.81356398)
(-7422.16895762, 9967.55103196, 1893.81356398)
(-7422.08178384, 9967.53919332, 1893.81356398)
(-7422.00688803, 9967.52902227, 1893.81356398)
(-7421.92994593, 9967.51857318, 1893.81356398)
(-7421.87796915, 9967.51151459, 1893.81356398)
(-7421.81657921, 9967.50317761, 1893.81356398)
(-7421.74905023, 9967.49400702, 1893.81356398)
(-7421.67947482, 9967.48455848, 1893.81356398)
(-7421.59762149, 9967.47344233, 1893.81356398)
(-7421.53172962, 9967.46449404, 1893.81356398)
(-7421.47197673, 9967.45637933, 1893.81356398)
(-7421.41467943, 9967.44859819, 1893.81356398)
(-7421.33037046, 9967.43714875, 1893.81356398)
(-7421.26243222, 9967.42792262, 1893.81356398)
(-7421.17239364, 9967.4156951, 1893.81356398)
(-7421.1060925, 9967.40669126, 1893.81356398)
(-7421.0369264, 9967.39729828, 1893.81356398)
(-7420.97717343, 9967.38918367, 1893.81356398)
(-7420.92028535, 9967.38145815, 1893.81356398)
(-7420.83843205, 9967.37034216, 1893.81356398)
(-7420.77294945, 9967.36144945, 1893.81356398)
(-7420.69477951, 9967.35083368, 1893.81356398)
(-7420.63543584, 9967.34277468, 1893.81356398)
(-7420.56872537, 9967.33371521, 1893.81356398)
(-7420.51101884, 9967.32587851, 1893.81356398)
(-7420.43203045, 9967.31515153, 1893.81356398)
(-7420.37391461, 9967.30725924, 1893.81356398)
(-7420.29983729, 9967.29719928, 1893.81356398)
(-7420.24417701, 9967.2896405, 1893.81356398)
(-7420.17132756, 9967.27974735, 1893.81356398)
(-7420.10830054, 9967.2711881, 1893.81356398)
(-7420.0244009, 9967.25979413, 1893.81356398)
(-7419.96996844, 9967.25240205, 1893.81356398)
(-7419.90243943, 9967.24323138, 1893.81356398)
(-7419.84268655, 9967.2351168, 1893.81356398)
(-7419.75878697, 9967.22372297, 1893.81356398)
(-7419.6998526, 9967.21571955, 1893.81356398)
(-7419.6417367, 9967.20782725, 1893.81356398)
(-7419.56806866, 9967.1978228, 1893.81356398)
(-7419.51077135, 9967.19004168, 1893.81356398)
(-7419.43055513, 9967.17914806, 1893.81356398)
(-7419.37039297, 9967.1709779, 1893.81356398)
(-7419.30286395, 9967.16180725, 1893.81356398)
(-7419.24474807, 9967.15391496, 1893.81356398)
(-7419.1723079, 9967.1440773, 1893.81356398)
(-7419.10969018, 9967.13557367, 1893.81356398)
(-7419.03970563, 9967.12606952, 1893.81356398)
(-7418.97872491, 9967.1177882, 1893.81356398)
(-7418.90382905, 9967.10761713, 1893.81356398)
(-7418.84735024, 9967.09994717, 1893.81356398)
(-7418.77368227, 9967.08994276, 1893.81356398)
(-7418.71597573, 9967.08210605, 1893.81356398)
(-7418.63248533, 9967.07076776, 1893.81356398)
(-7418.56290999, 9967.06131927, 1893.81356398)
(-7418.48760494, 9967.05109261, 1893.81356398)
(-7418.42416868, 9967.04247783, 1893.81356398)
(-7418.3607324, 9967.033863, 1893.81356398)
(-7418.30016094, 9967.02563723, 1893.81356398)
(-7418.22608363, 9967.01557725, 1893.81356398)
(-7418.15405269, 9967.00579528, 1893.81356398)
(-7418.08079398, 9966.9958465, 1893.81356398)
(-7418.02636156, 9966.98845445, 1893.81356398)
(-7417.9596511, 9966.97939496, 1893.81356398)
(-7417.89171282, 9966.97016876, 1893.81356398)
(-7417.81149657, 9966.95927507, 1893.81356398)
(-7417.7492881, 9966.950827, 1893.81356398)
(-7417.68421476, 9966.9419898, 1893.81356398)
(-7417.62446186, 9966.93387521, 1893.81356398)
(-7417.54997529, 9966.92375971, 1893.81356398)
(-7417.48367406, 9966.91475587, 1893.81356398)
(-7417.42228406, 9966.90641896, 1893.81356398)
(-7417.3510717, 9966.89674801, 1893.81356398)
(-7417.29131882, 9966.88863339, 1893.81356398)
(-7417.22460834, 9966.87957389, 1893.81356398)
(-7417.16117201, 9966.8709591, 1893.81356398)
(-7417.05435347, 9966.85645285, 1893.81356398)
(-7416.97168167, 9966.84522583, 1893.81356398)
(-7416.86322599, 9966.83049718, 1893.81356398)
(-7416.79242283, 9966.82088195, 1893.81356398)
(-7416.68928766, 9966.80687581, 1893.81356398)
(-7416.59474711, 9966.79403695, 1893.81356398)
(-7416.48506365, 9966.77914138, 1893.81356398)
(-7416.41180496, 9966.76919268, 1893.81356398)
(-7416.29884746, 9966.75385267, 1893.81356398)
(-7416.22231461, 9966.74345931, 1893.81356398)
(-7416.12531838, 9966.73028685, 1893.81356398)
(-7416.05615231, 9966.72089393, 1893.81356398)
(-7415.97880095, 9966.7103893, 1893.81356398)
(-7415.92723339, 9966.70338628, 1893.81356398)
(-7415.85888585, 9966.69410445, 1893.81356398)
(-7415.79749586, 9966.68576754, 1893.81356398)
(-7415.71605181, 9966.67470722, 1893.81356398)
(-7415.65056921, 9966.66581454, 1893.81356398)
(-7415.58385878, 9966.65675509, 1893.81356398)
(-7415.52860779, 9966.64925186, 1893.81356398)
(-7415.45739535, 9966.63958097, 1893.81356398)
(-7415.39641461, 9966.63129964, 1893.81356398)
(-7415.32602075, 9966.62173996, 1893.81356398)
(-7415.26667712, 9966.61368096, 1893.81356398)
(-7415.20978907, 9966.60595541, 1893.81356398)
(-7415.14144153, 9966.59667355, 1893.81356398)
(-7415.07595888, 9966.58778085, 1893.81356398)
(-7414.99819825, 9966.57722073, 1893.81356398)
(-7414.93394345, 9966.56849478, 1893.81356398)
(-7414.87419054, 9966.56038017, 1893.81356398)
(-7414.80379666, 9966.5508205, 1893.81356398)
(-7414.74527149, 9966.54287265, 1893.81356398)
(-7414.66628302, 9966.53214577, 1893.81356398)
(-7414.61307838, 9966.52492045, 1893.81356398)
(-7414.52958801, 9966.51358221, 1893.81356398)
(-7414.46901655, 9966.50535647, 1893.81356398)
(-7414.39493928, 9966.49529657, 1893.81356398)
(-7414.34173463, 9966.48807125, 1893.81356398)
(-7414.26929449, 9966.47823364, 1893.81356398)
(-7414.21158794, 9966.47039694, 1893.81356398)
(-7414.12973461, 9966.45928101, 1893.81356398)
(-7414.07039092, 9966.45122201, 1893.81356398)
(-7413.99713216, 9966.44127328, 1893.81356398)
(-7413.93205878, 9966.43243615, 1893.81356398)
(-7413.87230588, 9966.42432156, 1893.81356398)
(-7413.79331742, 9966.41359466, 1893.81356398)
(-7413.72701623, 9966.40459079, 1893.81356398)
(-7413.64843705, 9966.39391951, 1893.81356398)
(-7413.58991197, 9966.38597166, 1893.81356398)
(-7413.51869961, 9966.37630082, 1893.81356398)
(-7413.44748722, 9966.36662999, 1893.81356398)
(-7413.38773426, 9966.35851539, 1893.81356398)
(-7413.32102377, 9966.34945589, 1893.81356398)
(-7413.2559504, 9966.34061877, 1893.81356398)
(-7413.18923995, 9966.33155929, 1893.81356398)
(-7413.12662218, 9966.32305565, 1893.81356398)
(-7413.0574561, 9966.31366271, 1893.81356398)
(-7413.00015877, 9966.30588159, 1893.81356398)
(-7412.93099274, 9966.29648862, 1893.81356398)
(-7412.86714721, 9966.28781824, 1893.81356398)
(-7412.7828383, 9966.27636884, 1893.81356398)
(-7412.72103902, 9966.26797635, 1893.81356398)
(-7412.65228219, 9966.258639, 1893.81356398)
(-7412.59498486, 9966.25085787, 1893.81356398)
(-7412.53073001, 9966.24213191, 1893.81356398)
(-7412.44887671, 9966.23101597, 1893.81356398)
(-7412.38666818, 9966.22256789, 1893.81356398)
(-7412.32118551, 9966.21367516, 1893.81356398)
(-7412.26306968, 9966.20578289, 1893.81356398)
(-7412.19963339, 9966.19716808, 1893.81356398)
(-7412.1226913, 9966.18671906, 1893.81356398)
(-7412.05925498, 9966.17810424, 1893.81356398)
(-7411.99377228, 9966.1692115, 1893.81356398)
(-7411.94056761, 9966.16198618, 1893.81356398)
(-7411.87140155, 9966.15259325, 1893.81356398)
(-7411.80591891, 9966.14370054, 1893.81356398)
(-7411.73470652, 9966.13402966, 1893.81356398)
(-7411.67781847, 9966.12630411, 1893.81356398)
(-7411.60824314, 9966.11685559, 1893.81356398)
(-7411.54644391, 9966.10846311, 1893.81356398)
(-7411.48300762, 9966.0998483, 1893.81356398)
(-7411.42325472, 9966.0917337, 1893.81356398)
(-7411.35286084, 9966.082174, 1893.81356398)
(-7411.29228936, 9966.07394825, 1893.81356398)
(-7411.22353254, 9966.06461089, 1893.81356398)
(-7411.1641889, 9966.05655189, 1893.81356398)
(-7411.09338579, 9966.04693664, 1893.81356398)
(-7410.99188767, 9966.03315283, 1893.81356398)
(-7410.92763282, 9966.02442685, 1893.81356398)
(-7410.87197258, 9966.01686802, 1893.81356398)
(-7410.80689924, 9966.00803089, 1893.81356398)
(-7410.714405, 9965.99546991, 1893.81356398)
(-7410.63214238, 9965.98429845, 1893.81356398)
(-7410.5236867, 9965.96956986, 1893.81356398)
(-7410.46638939, 9965.96178874, 1893.81356398)
(-7410.4160496, 9965.95495244, 1893.81356398)
(-7410.33051289, 9965.94333635, 1893.81356398)
(-7410.22860549, 9965.92949703, 1893.81356398)
(-7410.15125414, 9965.91899253, 1893.81356398)
(-7410.06858233, 9965.90776545, 1893.81356398)
(-7409.99532361, 9965.89781673, 1893.81356398)
(-7409.90692198, 9965.88581153, 1893.81356398)
(-7409.84839684, 9965.87786368, 1893.81356398)
(-7409.78577905, 9965.86936001, 1893.81356398)
(-7409.72930028, 9965.86169006, 1893.81356398)
(-7409.65686009, 9965.85185249, 1893.81356398)
(-7409.59301449, 9965.84318209, 1893.81356398)
(-7409.51116118, 9965.83206617, 1893.81356398)
(-7409.46000289, 9965.82511874, 1893.81356398)
(-7409.39329246, 9965.81605928, 1893.81356398)
(-7409.32576348, 9965.80688868, 1893.81356398)
(-7409.24923059, 9965.79649531, 1893.81356398)
(-7409.18088304, 9965.78721355, 1893.81356398)
(-7409.12153938, 9965.77915454, 1893.81356398)
(-7409.05687527, 9965.77037295, 1893.81356398)
(-7408.99548529, 9965.76203604, 1893.81356398)
(-7408.92509142, 9965.75247636, 1893.81356398)
(-7408.86247363, 9965.74397271, 1893.81356398)
(-7408.80722265, 9965.7364695, 1893.81356398)
(-7408.73641957, 9965.72685421, 1893.81356398)
(-7408.67216474, 9965.71812824, 1893.81356398)
(-7408.59808747, 9965.70806834, 1893.81356398)
(-7408.53506039, 9965.69950912, 1893.81356398)
(-7408.47244257, 9965.69100547, 1893.81356398)
(-7408.41432672, 9965.68311319, 1893.81356398)
(-7408.34556994, 9965.67377582, 1893.81356398)
(-7408.28254289, 9965.66521658, 1893.81356398)
(-7408.20232662, 9965.65432299, 1893.81356398)
(-7408.13889031, 9965.64570819, 1893.81356398)
(-7408.07750035, 9965.63737128, 1893.81356398)
(-7408.02265865, 9965.62992364, 1893.81356398)
(-7407.94571654, 9965.61947467, 1893.81356398)
(-7407.8822802, 9965.61085986, 1893.81356398)
(-7407.81516044, 9965.60174482, 1893.81356398)
(-7407.75909091, 9965.59413045, 1893.81356398)
(-7407.69770092, 9965.58579354, 1893.81356398)
(-7407.62280514, 9965.57562245, 1893.81356398)
(-7407.55609469, 9965.56656299, 1893.81356398)
(-7407.48938423, 9965.55750353, 1893.81356398)
(-7407.43699812, 9965.55038937, 1893.81356398)
(-7407.37683596, 9965.5422192, 1893.81356398)
(-7407.31094406, 9965.53327092, 1893.81356398)
(-7407.2331834, 9965.5227108, 1893.81356398)
(-7407.17138413, 9965.5143183, 1893.81356398)
(-7407.10794777, 9965.50570348, 1893.81356398)
(-7407.04901338, 9965.49770006, 1893.81356398)
(-7406.98516779, 9965.48902966, 1893.81356398)
(-7406.90781641, 9965.4785251, 1893.81356398)
(-7406.84683569, 9965.47024376, 1893.81356398)
(-7406.77848817, 9965.46096198, 1893.81356398)
(-7406.72160013, 9965.45323645, 1893.81356398)
(-7406.66184724, 9965.44512185, 1893.81356398)
(-7406.59841093, 9965.43650704, 1893.81356398)
(-7406.52187807, 9965.42611366, 1893.81356398)
(-7406.46171585, 9965.41794349, 1893.81356398)
(-7406.3860013, 9965.40766115, 1893.81356398)
(-7406.32952874, 9965.39975508, 1893.81356398)
(-7406.26447096, 9965.39060367, 1893.81356398)
(-7406.20598001, 9965.38221405, 1893.81356399)
(-7406.13195251, 9965.37158565, 1893.81356398)
(-7406.06775018, 9965.36248567, 1893.81356398)
(-7406.00436516, 9965.35350351, 1893.81356398)
(-7405.94997097, 9965.34598134, 1893.81356398)
(-7405.89352385, 9965.33821995, 1893.81356397)
(-7405.82152446, 9965.3283208, 1893.81356399)
(-7405.76753009, 9965.3204079, 1893.81356398)
(-7405.70252462, 9965.3108132, 1893.81356398)
(-7405.64406164, 9965.30237454, 1893.81356398)
(-7405.57497383, 9965.29232162, 1893.81356398)
(-7405.51282627, 9965.28376728, 1893.81356397)
(-7405.44329482, 9965.27419424, 1893.81356398)
(-7405.39380111, 9965.26724915, 1893.81356398)
(-7405.33858088, 9965.25946733, 1893.81356398)
(-7405.25923211, 9965.24820434, 1893.81356398)
(-7405.19381898, 9965.2385597, 1893.81356399)
(-7405.12963836, 9965.22910018, 1893.81356398)
(-7405.07526492, 9965.22156662, 1893.81356397)
(-7405.01105536, 9965.21273468, 1893.81356397)
(-7404.94438703, 9965.20347516, 1893.81356398)
(-7404.8744388, 9965.19362387, 1893.81356398)
(-7404.76973374, 9965.17871495, 1893.81356398)
(-7404.6973504, 9965.16847183, 1893.81356398)
(-7404.59756752, 9965.15434843, 1893.81356398)
(-7404.5104397, 9965.14243732, 1893.81356397)
(-7404.40897945, 9965.12851785, 1893.81356398)
(-7404.32594852, 9965.11584077, 1893.81356398)
(-7404.25564666, 9965.10575025, 1893.81356397)
(-7404.20291225, 9965.09824628, 1893.81356397)
(-7404.12480637, 9965.08739048, 1893.81356398)
(-7404.03115208, 9965.07434241, 1893.81356398)
(-7403.96366202, 9965.06482759, 1893.81356399)
(-7403.89740717, 9965.05537903, 1893.81356401)
(-7403.84957146, 9965.04829532, 1893.81356397)
(-7403.7833539, 9965.03846812, 1893.81356398)
(-7403.72121868, 9965.0298643, 1893.81356397)
(-7403.64923726, 9965.01995641, 1893.81356398)
(-7403.57479703, 9965.00959566, 1893.81356397)
(-7403.50853043, 9965.00022528, 1893.81356398)
(-7403.43123294, 9964.9891746, 1893.813564)
(-7403.37972053, 9964.98157201, 1893.81356399)
(-7403.31963157, 9964.97269028, 1893.81356397)
(-7403.25176609, 9964.9632711, 1893.81356399)
(-7403.18346969, 9964.95381889, 1893.81356398)
(-7403.09798858, 9964.94189216, 1893.81356398)
(-7403.03622316, 9964.93316436, 1893.81356398)
(-7402.97405501, 9964.92430032, 1893.81356398)
(-7402.92335873, 9964.9168442, 1893.81356399)
(-7402.86204254, 9964.90777705, 1893.81356398)
(-7402.79827408, 9964.89870911, 1893.81356399)
(-7402.72590416, 9964.88853448, 1893.81356397)
(-7402.66455273, 9964.88015331, 1893.81356397)
(-7402.60278277, 9964.87169971, 1893.81356399)
(-7402.55042849, 9964.86410615, 1893.81356398)
(-7402.48909625, 9964.85514369, 1893.81356398)
(-7402.4159109, 9964.8444918, 1893.81356398)
(-7402.35581751, 9964.83590993, 1893.81356398)
(-7402.29735199, 9964.82763116, 1893.81356398)
(-7402.24827902, 9964.82081688, 1893.81356397)
(-7402.17425225, 9964.81058042, 1893.81356398)
(-7402.11084815, 9964.80188912, 1893.81356397)
(-7402.0335247, 9964.79131078, 1893.81356397)
(-7401.97911797, 9964.78337937, 1893.81356399)
(-7401.91533141, 9964.77404808, 1893.81356398)
(-7401.86340355, 9964.76654484, 1893.81356398)
(-7401.79022032, 9964.75593531, 1893.81356397)
(-7401.72725096, 9964.74722025, 1893.81356397)
(-7401.65853658, 9964.73777562, 1893.81356397)
(-7401.59349949, 9964.72873747, 1893.81356397)
(-7401.53009279, 9964.71997446, 1893.81356397)
(-7401.48060121, 9964.71271872, 1893.81356399)
(-7401.39147988, 9964.69955594, 1893.81356399)
(-7401.31095164, 9964.68807374, 1893.81356397)
(-7401.22468147, 9964.67588025, 1893.81356398)
(-7401.15596749, 9964.66650418, 1893.81356397)
(-7401.04387714, 9964.65117978, 1893.81356398)
(-7400.96821492, 9964.63980225, 1893.81356398)
(-7400.90198416, 9964.63016744, 1893.81356398)
(-7400.85170496, 9964.62294134, 1893.81356398)
(-7400.78425057, 9964.61334097, 1893.81356398)
(-7400.67831902, 9964.5988873, 1893.81356397)
(-7400.58259488, 9964.58555763, 1893.81356398)
(-7400.50080328, 9964.57346586, 1893.81356399)
(-7400.42026208, 9964.5617508, 1893.81356398)
(-7400.35608341, 9964.55254328, 1893.81356397)
(-7400.28617102, 9964.5426232, 1893.81356397)
(-7400.23627893, 9964.53580831, 1893.81356399)
(-7400.16837505, 9964.52654151, 1893.81356398)
(-7400.11110136, 9964.51840923, 1893.81356398)
(-7400.03461927, 9964.50738837, 1893.81356398)
(-7399.97493095, 9964.49860754, 1893.81356399)
(-7399.90870727, 9964.48886183, 1893.81356397)
(-7399.85392673, 9964.48126554, 1893.81356397)
(-7399.79707963, 9964.47344426, 1893.81356397)
(-7399.73041186, 9964.46423264, 1893.81356397)
(-7399.67641752, 9964.45675935, 1893.81356397)
(-7399.60441907, 9964.44683215, 1893.81356398)
(-7399.52832738, 9964.43603075, 1893.81356398)
(-7399.4432556, 9964.42389873, 1893.813564)
(-7399.36803027, 9964.41268466, 1893.81356398)
(-7399.29118546, 9964.40141928, 1893.81356398)
(-7399.22127759, 9964.3920665, 1893.81356398)
(-7399.15173622, 9964.38254759, 1893.81356398)
(-7399.0981453, 9964.37496821, 1893.81356399)
(-7399.00570678, 9964.36177531, 1893.81356398)
(-7398.92721311, 9964.35020584, 1893.81356399)
(-7398.86385155, 9964.34092785, 1893.81356399)
(-7398.79802801, 9964.33189511, 1893.81356397)
(-7398.73259346, 9964.32281594, 1893.81356397)
(-7398.64956543, 9964.31114313, 1893.81356398)
(-7398.56776632, 9964.29963388, 1893.81356398)
(-7398.48432991, 9964.28785538, 1893.81356398)
(-7398.39847503, 9964.27493387, 1893.81356399)
(-7398.32613172, 9964.26440515, 1893.81356397)
(-7398.25744378, 9964.25507434, 1893.81356397)
