(2755.90014648, -5419.91992188, 671.568627451)
(2755.94018555, -5419.91992188, 671.568627451)
(2755.98022461, -5419.91992188, 671.568627451)
(2756.02026367, -5419.91992188, 671.568627451)
(2756.06030273, -5419.91992188, 671.568627451)
(2756.1003418, -5419.91992188, 671.568627451)
(2756.14038086, -5419.91992188, 671.568627451)
(2756.18041992, -5419.91992188, 671.568627451)
(2756.22045898, -5419.91992188, 671.568627451)
(2756.26049805, -5419.91992188, 671.568627451)
(2756.30053711, -5419.91992188, 671.568627451)
(2756.34057617, -5419.91992188, 671.568627451)
(2756.38061523, -5419.91992188, 671.568627451)
(2756.4206543, -5419.91992188, 671.568627451)
(2756.46069336, -5419.91992188, 671.568627451)
(2756.50073242, -5419.91992188, 671.568627451)
(2756.54077148, -5419.91992188, 671.568627451)
(2756.58081055, -5419.91992188, 671.568627451)
(2756.62084961, -5419.91992188, 671.568627451)
(2756.66088867, -5419.91992188, 671.568627451)
(2756.70092773, -5419.91992188, 671.568627451)
(2756.7409668, -5419.91992188, 671.568627451)
(2756.78100586, -5419.91992188, 671.568627451)
(2756.82104492, -5419.91992188, 671.568627451)
(2756.86108398, -5419.91992188, 671.568627451)
(2756.90112305, -5419.91992188, 671.568627451)
(2756.94116211, -5419.91992188, 671.568627451)
(2756.98120117, -5419.91992188, 671.568627451)
(2757.02124023, -5419.91992188, 671.568627451)
(2757.0612793, -5419.91992188, 671.568627451)
(2757.10131836, -5419.91992188, 671.568627451)
(2757.14111328, -5419.91699219, 671.568627451)
(2757.18066406, -5419.91113281, 671.568627451)
(2757.21972656, -5419.90234375, 671.568627451)
(2757.25805664, -5419.890625, 671.568627451)
(2757.29516602, -5419.87597656, 671.568627451)
(2757.33105469, -5419.85839844, 671.568627451)
(2757.36547852, -5419.83789062, 671.568627451)
(2757.39819336, -5419.81494141, 671.568627451)
(2757.4296875, -5419.79052734, 671.568627451)
(2757.46118164, -5419.76611328, 671.568627451)
(2757.49267578, -5419.74169922, 671.568627451)
(2757.52416992, -5419.71728516, 671.568627451)
(2757.55566406, -5419.69287109, 671.568627451)
(2757.5871582, -5419.66845703, 671.568627451)
(2757.61865234, -5419.64404297, 671.568627451)
(2757.65014648, -5419.61962891, 671.568627451)
(2757.68164062, -5419.59521484, 671.568627451)
(2757.71313477, -5419.57080078, 671.568627451)
(2757.74462891, -5419.54638672, 671.568627451)
(2757.77612305, -5419.52197266, 671.568627451)
(2757.80761719, -5419.49755859, 671.568627451)
(2757.83911133, -5419.47314453, 671.568627451)
(2757.87060547, -5419.44873047, 671.568627451)
(2757.90209961, -5419.42431641, 671.568627451)
(2757.93359375, -5419.39990234, 671.568627451)
(2757.96508789, -5419.37548828, 671.568627451)
(2757.99658203, -5419.35107422, 671.568627451)
(2758.02807617, -5419.32666016, 671.568627451)
(2758.05957031, -5419.30224609, 671.568627451)
(2758.09106445, -5419.27783203, 671.568627451)
(2758.12255859, -5419.25341797, 671.568627451)
(2758.15405273, -5419.22900391, 671.568627451)
(2758.18554688, -5419.20458984, 671.568627451)
(2758.21704102, -5419.18017578, 671.568627451)
(2758.24853516, -5419.15576172, 671.568627451)
(2758.2800293, -5419.13134766, 671.568627451)
(2758.31152344, -5419.10693359, 671.568627451)
(2758.34301758, -5419.08251953, 671.568627451)
(2758.37451172, -5419.05810547, 671.568627451)
(2758.40600586, -5419.03369141, 671.568627451)
(2758.4375, -5419.00878906, 671.568627451)
(2758.46899414, -5418.98388672, 671.568627451)
(2758.50048828, -5418.95898438, 671.568627451)
(2758.53198242, -5418.93457031, 671.568627451)
(2758.56347656, -5418.91015625, 671.568627451)
(2758.5949707, -5418.88574219, 671.568627451)
(2758.62646484, -5418.86083984, 671.568627451)
(2758.65795898, -5418.8359375, 671.568627451)
(2758.68945312, -5418.81103516, 671.568627451)
(2758.72094727, -5418.78662109, 671.568627451)
(2758.75244141, -5418.76220703, 671.568627451)
(2758.78393555, -5418.73779297, 671.568627451)
(2758.81542969, -5418.71289062, 671.568627451)
(2758.84692383, -5418.68798828, 671.568627451)
(2758.87841797, -5418.66308594, 671.568627451)
(2758.90991211, -5418.63867188, 671.568627451)
(2758.94140625, -5418.61425781, 671.568627451)
(2758.97290039, -5418.58984375, 671.568627451)
(2759.00439453, -5418.56494141, 671.568627451)
(2759.03588867, -5418.54003906, 671.568627451)
(2759.06738281, -5418.51513672, 671.568627451)
(2759.09887695, -5418.49072266, 671.568627451)
(2759.13037109, -5418.46630859, 671.568627451)
(2759.16186523, -5418.44189453, 671.568627451)
(2759.19335938, -5418.41699219, 671.568627451)
(2759.22265625, -5418.38964844, 671.568627451)
(2759.25170898, -5418.36230469, 671.568627451)
(2759.28076172, -5418.33496094, 671.568627451)
(2759.30981445, -5418.30761719, 671.568627451)
(2759.33886719, -5418.28027344, 671.568627451)
(2759.36791992, -5418.25292969, 671.568627451)
(2759.39697266, -5418.22558594, 671.568627451)
(2759.42602539, -5418.19824219, 671.568627451)
(2759.45507812, -5418.17089844, 671.568627451)
(2759.48413086, -5418.14355469, 671.568627451)
(2759.51318359, -5418.11621094, 671.568627451)
(2759.54223633, -5418.08886719, 671.568627451)
(2759.57128906, -5418.06152344, 671.568627451)
(2759.6003418, -5418.03369141, 671.568627451)
(2759.62939453, -5418.00585938, 671.568627451)
(2759.65844727, -5417.97802734, 671.568627451)
(2759.6875, -5417.95019531, 671.568627451)
(2759.71655273, -5417.92285156, 671.568627451)
(2759.74560547, -5417.89550781, 671.568627451)
(2759.7746582, -5417.86767578, 671.568627451)
(2759.80371094, -5417.83984375, 671.568627451)
(2759.83276367, -5417.81201172, 671.568627451)
(2759.86181641, -5417.78417969, 671.568627451)
(2759.89086914, -5417.75683594, 671.568627451)
(2759.91992188, -5417.72949219, 671.568627451)
(2759.94897461, -5417.70166016, 671.568627451)
(2759.97802734, -5417.67382812, 671.568627451)
(2760.00708008, -5417.64599609, 671.568627451)
(2760.03613281, -5417.61816406, 671.568627451)
(2760.06518555, -5417.59033203, 671.568627451)
(2760.09423828, -5417.56298828, 671.568627451)
(2760.12329102, -5417.53564453, 671.568627451)
(2760.15234375, -5417.5078125, 671.568627451)
(2760.18139648, -5417.47998047, 671.568627451)
(2760.21044922, -5417.45214844, 671.568627451)
(2760.23950195, -5417.42431641, 671.568627451)
(2760.26855469, -5417.39697266, 671.568627451)
(2760.29760742, -5417.36962891, 671.568627451)
(2760.32666016, -5417.34179688, 671.568627451)
(2760.35571289, -5417.31396484, 671.568627451)
(2760.38476562, -5417.28613281, 671.568627451)
(2760.41381836, -5417.25830078, 671.568627451)
(2760.44287109, -5417.23095703, 671.568627451)
(2760.47192383, -5417.20361328, 671.568627451)
(2760.50097656, -5417.17578125, 671.568627451)
(2760.5300293, -5417.14794922, 671.568627451)
(2760.55908203, -5417.12011719, 671.568627451)
(2760.58813477, -5417.09228516, 671.568627451)
(2760.6171875, -5417.06494141, 671.568627451)
(2760.64624023, -5417.03759766, 671.568627451)
(2760.67529297, -5417.00976562, 671.568627451)
(2760.7043457, -5416.98193359, 671.568627451)
(2760.73339844, -5416.95410156, 671.568627451)
(2760.76245117, -5416.92626953, 671.568627451)
(2760.79150391, -5416.89892578, 671.568627451)
(2760.82055664, -5416.87158203, 671.568627451)
(2760.84960938, -5416.84375, 671.568627451)
(2760.87866211, -5416.81591797, 671.568627451)
(2760.90771484, -5416.78808594, 671.568627451)
(2760.93676758, -5416.76025391, 671.568627451)
(2760.96582031, -5416.73291016, 671.568627451)
(2760.99487305, -5416.70556641, 671.568627451)
(2761.02392578, -5416.67773438, 671.568627451)
(2761.05297852, -5416.64990234, 671.568627451)
(2761.08203125, -5416.62207031, 671.568627451)
(2761.11108398, -5416.59423828, 671.568627451)
(2761.14013672, -5416.56689453, 671.568627451)
(2761.16918945, -5416.53955078, 671.568627451)
(2761.19824219, -5416.51171875, 671.568627451)
(2761.2265625, -5416.48339844, 671.568627451)
(2761.25488281, -5416.45507812, 671.568627451)
(2761.28320312, -5416.42675781, 671.568627451)
(2761.31152344, -5416.3984375, 671.568627451)
(2761.33984375, -5416.37011719, 671.568627451)
(2761.36816406, -5416.34179688, 671.568627451)
(2761.39648438, -5416.31347656, 671.568627451)
(2761.42480469, -5416.28515625, 671.568627451)
(2761.453125, -5416.25683594, 671.568627451)
(2761.48144531, -5416.22851562, 671.568627451)
(2761.50976562, -5416.20019531, 671.568627451)
(2761.53808594, -5416.171875, 671.568627451)
(2761.56665039, -5416.14355469, 671.568627451)
(2761.59521484, -5416.11523438, 671.568627451)
(2761.6237793, -5416.08691406, 671.568627451)
(2761.65234375, -5416.05859375, 671.568627451)
(2761.6809082, -5416.03027344, 671.568627451)
(2761.70947266, -5416.00195312, 671.568627451)
(2761.73803711, -5415.97363281, 671.568627451)
(2761.76660156, -5415.9453125, 671.568627451)
(2761.79516602, -5415.91699219, 671.568627451)
(2761.82373047, -5415.88867188, 671.568627451)
(2761.85229492, -5415.86035156, 671.568627451)
(2761.88085938, -5415.83203125, 671.568627451)
(2761.90942383, -5415.80371094, 671.568627451)
(2761.93798828, -5415.77539062, 671.568627451)
(2761.96655273, -5415.74707031, 671.568627451)
(2761.99511719, -5415.71875, 671.568627451)
(2762.02368164, -5415.69042969, 671.568627451)
(2762.05224609, -5415.66210938, 671.568627451)
(2762.08081055, -5415.63378906, 671.568627451)
(2762.109375, -5415.60546875, 671.568627451)
(2762.13793945, -5415.57714844, 671.568627451)
(2762.16650391, -5415.54882812, 671.568627451)
(2762.19506836, -5415.52050781, 671.568627451)
(2762.22363281, -5415.4921875, 671.568627451)
(2762.25219727, -5415.46386719, 671.568627451)
(2762.28076172, -5415.43554688, 671.568627451)
(2762.30932617, -5415.40722656, 671.568627451)
(2762.33789062, -5415.37890625, 671.568627451)
(2762.36645508, -5415.35058594, 671.568627451)
(2762.39501953, -5415.32226562, 671.568627451)
(2762.42358398, -5415.29394531, 671.568627451)
(2762.45214844, -5415.265625, 671.568627451)
(2762.48071289, -5415.23730469, 671.568627451)
(2762.50927734, -5415.20898438, 671.568627451)
(2762.5378418, -5415.18066406, 671.568627451)
(2762.56640625, -5415.15234375, 671.568627451)
(2762.5949707, -5415.12402344, 671.568627451)
(2762.62353516, -5415.09570312, 671.568627451)
(2762.65209961, -5415.06738281, 671.568627451)
(2762.68066406, -5415.0390625, 671.568627451)
(2762.70922852, -5415.01123047, 671.568627451)
(2762.73779297, -5414.98339844, 671.568627451)
(2762.76635742, -5414.95507812, 671.568627451)
(2762.79492188, -5414.92675781, 671.568627451)
(2762.82348633, -5414.8984375, 671.568627451)
(2762.85205078, -5414.87011719, 671.568627451)
(2762.88061523, -5414.84228516, 671.568627451)
(2762.90917969, -5414.81445312, 671.568627451)
(2762.93774414, -5414.78613281, 671.568627451)
(2762.96630859, -5414.7578125, 671.568627451)
(2762.99487305, -5414.72949219, 671.568627451)
(2763.0234375, -5414.70117188, 671.568627451)
(2763.05200195, -5414.67333984, 671.568627451)
(2763.08056641, -5414.64550781, 671.568627451)
(2763.10913086, -5414.61767578, 671.568627451)
(2763.13769531, -5414.58935547, 671.568627451)
(2763.16625977, -5414.56103516, 671.568627451)
(2763.19458008, -5414.53271484, 671.568627451)
(2763.22290039, -5414.50439453, 671.568627451)
(2763.2512207, -5414.47607422, 671.568627451)
(2763.27954102, -5414.44775391, 671.568627451)
(2763.30786133, -5414.41943359, 671.568627451)
(2763.33618164, -5414.39111328, 671.568627451)
(2763.36450195, -5414.36279297, 671.568627451)
(2763.39282227, -5414.33447266, 671.568627451)
(2763.42114258, -5414.30615234, 671.568627451)
(2763.44946289, -5414.27783203, 671.568627451)
(2763.4777832, -5414.24951172, 671.568627451)
(2763.50610352, -5414.22119141, 671.568627451)
(2763.53442383, -5414.19287109, 671.568627451)
(2763.56274414, -5414.16455078, 671.568627451)
(2763.59106445, -5414.13623047, 671.568627451)
(2763.61938477, -5414.10791016, 671.568627451)
(2763.64770508, -5414.07958984, 671.568627451)
(2763.67602539, -5414.05126953, 671.568627451)
(2763.7043457, -5414.02294922, 671.568627451)
(2763.73266602, -5413.99462891, 671.568627451)
(2763.76098633, -5413.96630859, 671.568627451)
(2763.78930664, -5413.93798828, 671.568627451)
(2763.81762695, -5413.90966797, 671.568627451)
(2763.84594727, -5413.88134766, 671.568627451)
(2763.87426758, -5413.85302734, 671.568627451)
(2763.90258789, -5413.82470703, 671.568627451)
(2763.9309082, -5413.79638672, 671.568627451)
(2763.95922852, -5413.76806641, 671.568627451)
(2763.98754883, -5413.73974609, 671.568627451)
(2764.01586914, -5413.71142578, 671.568627451)
(2764.04418945, -5413.68310547, 671.568627451)
(2764.07250977, -5413.65478516, 671.568627451)
(2764.10083008, -5413.62646484, 671.568627451)
(2764.12915039, -5413.59814453, 671.568627451)
(2764.1574707, -5413.56982422, 671.568627451)
(2764.18579102, -5413.54150391, 671.568627451)
(2764.21411133, -5413.51318359, 671.568627451)
(2764.24243164, -5413.48486328, 671.568627451)
(2764.27075195, -5413.45654297, 671.568627451)
(2764.29907227, -5413.42822266, 671.568627451)
(2764.32739258, -5413.39990234, 671.568627451)
(2764.35571289, -5413.37158203, 671.568627451)
(2764.3840332, -5413.34326172, 671.568627451)
(2764.41235352, -5413.31494141, 671.568627451)
(2764.44067383, -5413.28662109, 671.568627451)
(2764.46899414, -5413.25830078, 671.568627451)
(2764.49731445, -5413.22998047, 671.568627451)
(2764.52563477, -5413.20166016, 671.568627451)
(2764.55395508, -5413.17333984, 671.568627451)
(2764.58227539, -5413.14501953, 671.568627451)
(2764.6105957, -5413.11669922, 671.568627451)
(2764.63891602, -5413.08837891, 671.568627451)
(2764.66723633, -5413.06005859, 671.568627451)
(2764.69555664, -5413.03173828, 671.568627451)
(2764.72387695, -5413.00341797, 671.568627451)
(2764.75219727, -5412.97509766, 671.568627451)
(2764.78051758, -5412.94677734, 671.568627451)
(2764.80883789, -5412.91845703, 671.568627451)
(2764.8371582, -5412.89013672, 671.568627451)
(2764.86547852, -5412.86181641, 671.568627451)
(2764.89379883, -5412.83349609, 671.568627451)
(2764.92211914, -5412.80517578, 671.568627451)
(2764.95043945, -5412.77685547, 671.568627451)
(2764.97875977, -5412.74853516, 671.568627451)
(2765.00708008, -5412.72021484, 671.568627451)
(2765.03540039, -5412.69189453, 671.568627451)
(2765.06396484, -5412.66357422, 671.568627451)
(2765.0925293, -5412.63525391, 671.568627451)
(2765.12084961, -5412.60693359, 671.568627451)
(2765.14916992, -5412.57861328, 671.568627451)
(2765.17749023, -5412.55029297, 671.568627451)
(2765.20581055, -5412.52197266, 671.568627451)
(2765.23413086, -5412.49365234, 671.568627451)
(2765.26245117, -5412.46533203, 671.568627451)
(2765.29077148, -5412.43701172, 671.568627451)
(2765.3190918, -5412.40869141, 671.568627451)
(2765.34741211, -5412.38037109, 671.568627451)
(2765.37573242, -5412.35205078, 671.568627451)
(2765.40405273, -5412.32373047, 671.568627451)
(2765.43237305, -5412.29541016, 671.568627451)
(2765.46069336, -5412.26708984, 671.568627451)
(2765.48901367, -5412.23876953, 671.568627451)
(2765.51733398, -5412.21044922, 671.568627451)
(2765.5456543, -5412.18212891, 671.568627451)
(2765.57397461, -5412.15380859, 671.568627451)
(2765.60229492, -5412.12548828, 671.568627451)
(2765.63061523, -5412.09716797, 671.568627451)
(2765.65893555, -5412.06884766, 671.568627451)
(2765.68725586, -5412.04052734, 671.568627451)
(2765.71557617, -5412.01220703, 671.568627451)
(2765.74389648, -5411.98388672, 671.568627451)
(2765.7722168, -5411.95556641, 671.568627451)
(2765.80053711, -5411.92724609, 671.568627451)
(2765.82885742, -5411.89892578, 671.568627451)
(2765.85717773, -5411.87060547, 671.568627451)
(2765.88549805, -5411.84228516, 671.568627451)
(2765.91381836, -5411.81396484, 671.568627451)
(2765.94213867, -5411.78564453, 671.568627451)
(2765.97045898, -5411.75732422, 671.568627451)
(2765.9987793, -5411.72900391, 671.568627451)
(2766.02709961, -5411.70068359, 671.568627451)
(2766.05541992, -5411.67236328, 671.568627451)
(2766.08374023, -5411.64404297, 671.568627451)
(2766.11206055, -5411.61572266, 671.568627451)
(2766.14038086, -5411.58740234, 671.568627451)
(2766.16870117, -5411.55908203, 671.568627451)
(2766.19702148, -5411.53076172, 671.568627451)
(2766.2253418, -5411.50244141, 671.568627451)
(2766.25366211, -5411.47412109, 671.568627451)
(2766.28198242, -5411.44580078, 671.568627451)
(2766.31030273, -5411.41748047, 671.568627451)
(2766.33862305, -5411.38916016, 671.568627451)
(2766.36694336, -5411.36083984, 671.568627451)
(2766.39526367, -5411.33251953, 671.568627451)
(2766.42358398, -5411.30419922, 671.568627451)
(2766.4519043, -5411.27587891, 671.568627451)
(2766.48022461, -5411.24755859, 671.568627451)
(2766.50854492, -5411.21923828, 671.568627451)
(2766.53686523, -5411.19091797, 671.568627451)
(2766.56518555, -5411.16259766, 671.568627451)
(2766.59350586, -5411.13427734, 671.568627451)
(2766.62182617, -5411.10595703, 671.568627451)
(2766.65014648, -5411.07763672, 671.568627451)
(2766.6784668, -5411.04931641, 671.568627451)
(2766.70678711, -5411.02099609, 671.568627451)
(2766.73510742, -5410.99267578, 671.568627451)
(2766.76342773, -5410.96435547, 671.568627451)
(2766.79174805, -5410.93603516, 671.568627451)
(2766.82006836, -5410.90771484, 671.568627451)
(2766.84838867, -5410.87939453, 671.568627451)
(2766.87670898, -5410.85107422, 671.568627451)
(2766.9050293, -5410.82275391, 671.568627451)
(2766.93334961, -5410.79443359, 671.568627451)
(2766.96166992, -5410.76611328, 671.568627451)
(2766.98999023, -5410.73779297, 671.568627451)
(2767.01831055, -5410.70947266, 671.568627451)
(2767.046875, -5410.68115234, 671.568627451)
(2767.07519531, -5410.65283203, 671.568627451)
(2767.10351562, -5410.62451172, 671.568627451)
(2767.13183594, -5410.59619141, 671.568627451)
(2767.16015625, -5410.56787109, 671.568627451)
(2767.18847656, -5410.53955078, 671.568627451)
(2767.21679688, -5410.51123047, 671.568627451)
(2767.24511719, -5410.48291016, 671.568627451)
(2767.2734375, -5410.45458984, 671.568627451)
(2767.30175781, -5410.42626953, 671.568627451)
(2767.33007812, -5410.39794922, 671.568627451)
(2767.35839844, -5410.36962891, 671.568627451)
(2767.38671875, -5410.34130859, 671.568627451)
(2767.41503906, -5410.31298828, 671.568627451)
(2767.44335938, -5410.28466797, 671.568627451)
(2767.47167969, -5410.25634766, 671.568627451)
(2767.5, -5410.22802734, 671.568627451)
(2767.52832031, -5410.19970703, 671.568627451)
(2767.55664062, -5410.17138672, 671.568627451)
(2767.58496094, -5410.14306641, 671.568627451)
(2767.61328125, -5410.11474609, 671.568627451)
(2767.64160156, -5410.08642578, 671.568627451)
(2767.66992188, -5410.05810547, 671.568627451)
(2767.69824219, -5410.02978516, 671.568627451)
(2767.7265625, -5410.00146484, 671.568627451)
(2767.75488281, -5409.97314453, 671.568627451)
(2767.78320312, -5409.94482422, 671.568627451)
(2767.81152344, -5409.91650391, 671.568627451)
(2767.83984375, -5409.88818359, 671.568627451)
(2767.86816406, -5409.85986328, 671.568627451)
(2767.89648438, -5409.83154297, 671.568627451)
(2767.92480469, -5409.80322266, 671.568627451)
(2767.953125, -5409.77490234, 671.568627451)
(2767.98144531, -5409.74658203, 671.568627451)
(2768.00976562, -5409.71826172, 671.568627451)
(2768.03808594, -5409.68994141, 671.568627451)
(2768.06640625, -5409.66162109, 671.568627451)
(2768.09472656, -5409.63330078, 671.568627451)
(2768.12304688, -5409.60498047, 671.568627451)
(2768.15136719, -5409.57666016, 671.568627451)
(2768.1796875, -5409.54833984, 671.568627451)
(2768.20800781, -5409.52001953, 671.568627451)
(2768.23632812, -5409.49169922, 671.568627451)
(2768.26464844, -5409.46337891, 671.568627451)
(2768.29296875, -5409.43505859, 671.568627451)
(2768.32128906, -5409.40673828, 671.568627451)
(2768.34960938, -5409.37841797, 671.568627451)
(2768.37792969, -5409.35009766, 671.568627451)
(2768.40625, -5409.32177734, 671.568627451)
(2768.43457031, -5409.29345703, 671.568627451)
(2768.46289062, -5409.26513672, 671.568627451)
(2768.49121094, -5409.23681641, 671.568627451)
(2768.51953125, -5409.20849609, 671.568627451)
(2768.54785156, -5409.18017578, 671.568627451)
(2768.57617188, -5409.15185547, 671.568627451)
(2768.60449219, -5409.12353516, 671.568627451)
(2768.63500977, -5409.09765625, 671.568627451)
(2768.66748047, -5409.07421875, 671.568627451)
(2768.70166016, -5409.05322266, 671.568627451)
(2768.73730469, -5409.03515625, 671.568627451)
(2768.77441406, -5409.02001953, 671.568627451)
(2768.8125, -5409.0078125, 671.568627451)
(2768.84960938, -5408.99267578, 671.568627451)
(2768.88525391, -5408.97460938, 671.568627451)
(2768.91943359, -5408.95361328, 671.568627451)
(2768.95166016, -5408.93017578, 671.568627451)
(2768.98217773, -5408.90429688, 671.568627451)
(2769.01049805, -5408.87597656, 671.568627451)
(2769.03637695, -5408.84570312, 671.568627451)
(2769.06079102, -5408.81396484, 671.568627451)
(2769.08520508, -5408.78222656, 671.568627451)
(2769.11206055, -5408.75244141, 671.568627451)
(2769.14111328, -5408.72509766, 671.568627451)
(2769.17236328, -5408.70019531, 671.568627451)
(2769.20556641, -5408.67773438, 671.568627451)
(2769.24023438, -5408.65820312, 671.568627451)
(2769.27661133, -5408.64160156, 671.568627451)
(2769.31420898, -5408.62792969, 671.568627451)
(2769.3527832, -5408.6171875, 671.568627451)
(2769.39208984, -5408.609375, 671.568627451)
(2769.43188477, -5408.60449219, 671.568627451)
(2769.47192383, -5408.60253906, 671.568627451)
(2769.51196289, -5408.60351562, 671.568627451)
(2769.55175781, -5408.60742188, 671.568627451)
(2769.59106445, -5408.61425781, 671.568627451)
(2769.63085938, -5408.61816406, 671.568627451)
(2769.67089844, -5408.61914062, 671.568627451)
(2769.7109375, -5408.6171875, 671.568627451)
(2769.75073242, -5408.61230469, 671.568627451)
(2769.79003906, -5408.60449219, 671.568627451)
(2769.82861328, -5408.59375, 671.568627451)
(2769.86621094, -5408.58007812, 671.568627451)
(2769.90258789, -5408.56347656, 671.568627451)
(2769.9375, -5408.54394531, 671.568627451)
(2769.97070312, -5408.52197266, 671.568627451)
(2770.00219727, -5408.49755859, 671.568627451)
(2770.03173828, -5408.47070312, 671.568627451)
(2770.05908203, -5408.44140625, 671.568627451)
(2770.08398438, -5408.41015625, 671.568627451)
(2770.10644531, -5408.37695312, 671.568627451)
(2770.1262207, -5408.34228516, 671.568627451)
(2770.14331055, -5408.30615234, 671.568627451)
(2770.1574707, -5408.26855469, 671.568627451)
(2770.16870117, -5408.22998047, 671.568627451)
(2770.17749023, -5408.19091797, 671.568627451)
(2770.1862793, -5408.15185547, 671.568627451)
(2770.19506836, -5408.11279297, 671.568627451)
(2770.20385742, -5408.07373047, 671.568627451)
(2770.21264648, -5408.03466797, 671.568627451)
(2770.22143555, -5407.99560547, 671.568627451)
(2770.23022461, -5407.95654297, 671.568627451)
(2770.23901367, -5407.91748047, 671.568627451)
(2770.24780273, -5407.87841797, 671.568627451)
(2770.2565918, -5407.83935547, 671.568627451)
(2770.26538086, -5407.80029297, 671.568627451)
(2770.27416992, -5407.76123047, 671.568627451)
(2770.28295898, -5407.72216797, 671.568627451)
(2770.29174805, -5407.68310547, 671.568627451)
(2770.30053711, -5407.64404297, 671.568627451)
(2770.30932617, -5407.60498047, 671.568627451)
(2770.31811523, -5407.56591797, 671.568627451)
(2770.3269043, -5407.52685547, 671.568627451)
(2770.33569336, -5407.48779297, 671.568627451)
(2770.34448242, -5407.44873047, 671.568627451)
(2770.35327148, -5407.40966797, 671.568627451)
(2770.36206055, -5407.37060547, 671.568627451)
(2770.37084961, -5407.33154297, 671.568627451)
(2770.37963867, -5407.29248047, 671.568627451)
(2770.38842773, -5407.25341797, 671.568627451)
(2770.3972168, -5407.21435547, 671.568627451)
(2770.40600586, -5407.17529297, 671.568627451)
(2770.41479492, -5407.13623047, 671.568627451)
(2770.42358398, -5407.09716797, 671.568627451)
(2770.43237305, -5407.05810547, 671.568627451)
(2770.44116211, -5407.01904297, 671.568627451)
(2770.44995117, -5406.97998047, 671.568627451)
(2770.45874023, -5406.94091797, 671.568627451)
(2770.4675293, -5406.90185547, 671.568627451)
(2770.47631836, -5406.86279297, 671.568627451)
(2770.48510742, -5406.82373047, 671.568627451)
(2770.49389648, -5406.78466797, 671.568627451)
(2770.50268555, -5406.74560547, 671.568627451)
(2770.51147461, -5406.70654297, 671.568627451)
(2770.52026367, -5406.66748047, 671.568627451)
(2770.52905273, -5406.62841797, 671.568627451)
(2770.5378418, -5406.58935547, 671.568627451)
(2770.54663086, -5406.55029297, 671.568627451)
(2770.55541992, -5406.51123047, 671.568627451)
(2770.56420898, -5406.47216797, 671.568627451)
(2770.57299805, -5406.43310547, 671.568627451)
(2770.58178711, -5406.39404297, 671.568627451)
(2770.59057617, -5406.35498047, 671.568627451)
(2770.59936523, -5406.31591797, 671.568627451)
(2770.6081543, -5406.27685547, 671.568627451)
(2770.61694336, -5406.23779297, 671.568627451)
(2770.62573242, -5406.19873047, 671.568627451)
(2770.63452148, -5406.15966797, 671.568627451)
(2770.64331055, -5406.12060547, 671.568627451)
(2770.65209961, -5406.08154297, 671.568627451)
(2770.66088867, -5406.04248047, 671.568627451)
(2770.66967773, -5406.00341797, 671.568627451)
(2770.6784668, -5405.96435547, 671.568627451)
(2770.68725586, -5405.92529297, 671.568627451)
(2770.69604492, -5405.88623047, 671.568627451)
(2770.70483398, -5405.84716797, 671.568627451)
(2770.71362305, -5405.80810547, 671.568627451)
(2770.72241211, -5405.76904297, 671.568627451)
(2770.73120117, -5405.72998047, 671.568627451)
(2770.73999023, -5405.69091797, 671.568627451)
(2770.7487793, -5405.65185547, 671.568627451)
(2770.75756836, -5405.61279297, 671.568627451)
(2770.76635742, -5405.57373047, 671.568627451)
(2770.77514648, -5405.53466797, 671.568627451)
(2770.78393555, -5405.49560547, 671.568627451)
(2770.79272461, -5405.45654297, 671.568627451)
(2770.80151367, -5405.41748047, 671.568627451)
(2770.81030273, -5405.37841797, 671.568627451)
(2770.8190918, -5405.33935547, 671.568627451)
(2770.82788086, -5405.30029297, 671.568627451)
(2770.83666992, -5405.26123047, 671.568627451)
(2770.84545898, -5405.22216797, 671.568627451)
(2770.85424805, -5405.18310547, 671.568627451)
(2770.86303711, -5405.14404297, 671.568627451)
(2770.87158203, -5405.10498047, 671.568627451)
(2770.88012695, -5405.06591797, 671.568627451)
(2770.88867188, -5405.02685547, 671.568627451)
(2770.89746094, -5404.98779297, 671.568627451)
(2770.90625, -5404.94873047, 671.568627451)
(2770.91503906, -5404.90966797, 671.568627451)
(2770.92358398, -5404.87060547, 671.568627451)
(2770.93212891, -5404.83154297, 671.568627451)
(2770.94067383, -5404.79248047, 671.568627451)
(2770.94946289, -5404.75341797, 671.568627451)
(2770.95825195, -5404.71435547, 671.568627451)
(2770.96704102, -5404.67529297, 671.568627451)
(2770.97558594, -5404.63623047, 671.568627451)
(2770.98413086, -5404.59716797, 671.568627451)
(2770.99267578, -5404.55810547, 671.568627451)
(2771.00146484, -5404.51904297, 671.568627451)
(2771.01025391, -5404.47998047, 671.568627451)
(2771.01904297, -5404.44091797, 671.568627451)
(2771.02758789, -5404.40185547, 671.568627451)
(2771.03613281, -5404.36279297, 671.568627451)
(2771.04467773, -5404.32373047, 671.568627451)
(2771.0534668, -5404.28466797, 671.568627451)
(2771.06225586, -5404.24560547, 671.568627451)
(2771.07104492, -5404.20654297, 671.568627451)
(2771.07983398, -5404.16748047, 671.568627451)
(2771.08837891, -5404.12841797, 671.568627451)
(2771.09692383, -5404.08935547, 671.568627451)
(2771.10546875, -5404.05029297, 671.568627451)
(2771.11425781, -5404.01123047, 671.568627451)
(2771.12304688, -5403.97216797, 671.568627451)
(2771.13183594, -5403.93310547, 671.568627451)
(2771.14038086, -5403.89404297, 671.568627451)
(2771.14892578, -5403.85498047, 671.568627451)
(2771.1574707, -5403.81591797, 671.568627451)
(2771.16625977, -5403.77685547, 671.568627451)
(2771.17504883, -5403.73779297, 671.568627451)
(2771.18383789, -5403.69873047, 671.568627451)
(2771.19238281, -5403.65966797, 671.568627451)
(2771.20092773, -5403.62060547, 671.568627451)
(2771.20947266, -5403.58154297, 671.568627451)
(2771.21826172, -5403.54248047, 671.568627451)
(2771.22705078, -5403.50341797, 671.568627451)
(2771.23583984, -5403.46435547, 671.568627451)
(2771.24438477, -5403.42529297, 671.568627451)
(2771.25292969, -5403.38623047, 671.568627451)
(2771.26147461, -5403.34716797, 671.568627451)
(2771.27026367, -5403.30810547, 671.568627451)
(2771.27905273, -5403.26904297, 671.568627451)
(2771.2878418, -5403.22998047, 671.568627451)
(2771.29638672, -5403.19091797, 671.568627451)
(2771.30493164, -5403.15185547, 671.568627451)
(2771.31347656, -5403.11279297, 671.568627451)
(2771.32226562, -5403.07373047, 671.568627451)
(2771.32788086, -5403.03417969, 671.568627451)
(2771.33032227, -5402.99414062, 671.568627451)
(2771.33276367, -5402.95410156, 671.568627451)
(2771.33520508, -5402.9140625, 671.568627451)
(2771.33764648, -5402.87402344, 671.568627451)
(2771.34008789, -5402.83398438, 671.568627451)
(2771.3425293, -5402.79394531, 671.568627451)
(2771.3449707, -5402.75390625, 671.568627451)
(2771.34741211, -5402.71386719, 671.568627451)
(2771.34985352, -5402.67382812, 671.568627451)
(2771.35229492, -5402.63378906, 671.568627451)
(2771.35473633, -5402.59375, 671.568627451)
(2771.35717773, -5402.55371094, 671.568627451)
(2771.35961914, -5402.51367188, 671.568627451)
(2771.36206055, -5402.47363281, 671.568627451)
(2771.36450195, -5402.43359375, 671.568627451)
(2771.36694336, -5402.39355469, 671.568627451)
(2771.36938477, -5402.35351562, 671.568627451)
(2771.37182617, -5402.31347656, 671.568627451)
(2771.37426758, -5402.2734375, 671.568627451)
(2771.37670898, -5402.23339844, 671.568627451)
(2771.37915039, -5402.19335938, 671.568627451)
(2771.3815918, -5402.15332031, 671.568627451)
(2771.3840332, -5402.11328125, 671.568627451)
(2771.38647461, -5402.07324219, 671.568627451)
(2771.38891602, -5402.03320312, 671.568627451)
(2771.39135742, -5401.99316406, 671.568627451)
(2771.39379883, -5401.953125, 671.568627451)
(2771.39599609, -5401.91308594, 671.568627451)
(2771.39819336, -5401.87304688, 671.568627451)
(2771.40039062, -5401.83300781, 671.568627451)
(2771.40283203, -5401.79296875, 671.568627451)
(2771.40527344, -5401.75292969, 671.568627451)
(2771.40771484, -5401.71289062, 671.568627451)
(2771.40991211, -5401.67285156, 671.568627451)
(2771.41210938, -5401.6328125, 671.568627451)
(2771.41430664, -5401.59277344, 671.568627451)
(2771.41674805, -5401.55273438, 671.568627451)
(2771.41918945, -5401.51269531, 671.568627451)
(2771.42163086, -5401.47265625, 671.568627451)
(2771.42407227, -5401.43261719, 671.568627451)
(2771.42626953, -5401.39257812, 671.568627451)
(2771.4284668, -5401.35253906, 671.568627451)
(2771.43066406, -5401.3125, 671.568627451)
(2771.43310547, -5401.27246094, 671.568627451)
(2771.43554688, -5401.23242188, 671.568627451)
(2771.43798828, -5401.19238281, 671.568627451)
(2771.44018555, -5401.15234375, 671.568627451)
(2771.44238281, -5401.11230469, 671.568627451)
(2771.44311523, -5401.07226562, 671.568627451)
(2771.44384766, -5401.03222656, 671.568627451)
(2771.44458008, -5400.9921875, 671.568627451)
(2771.4453125, -5400.95214844, 671.568627451)
(2771.44604492, -5400.91210938, 671.568627451)
(2771.44677734, -5400.87207031, 671.568627451)
(2771.44750977, -5400.83203125, 671.568627451)
(2771.44824219, -5400.79199219, 671.568627451)
(2771.44897461, -5400.75195312, 671.568627451)
(2771.44970703, -5400.71191406, 671.568627451)
(2771.45043945, -5400.671875, 671.568627451)
(2771.45092773, -5400.63183594, 671.568627451)
(2771.45141602, -5400.59179688, 671.568627451)
(2771.4519043, -5400.55175781, 671.568627451)
(2771.45263672, -5400.51171875, 671.568627451)
(2771.45336914, -5400.47167969, 671.568627451)
(2771.45410156, -5400.43164062, 671.568627451)
(2771.45458984, -5400.39160156, 671.568627451)
(2771.45507812, -5400.3515625, 671.568627451)
(2771.45556641, -5400.31152344, 671.568627451)
(2771.45629883, -5400.27148438, 671.568627451)
(2771.45703125, -5400.23144531, 671.568627451)
(2771.45776367, -5400.19140625, 671.568627451)
(2771.45825195, -5400.15136719, 671.568627451)
(2771.45874023, -5400.11132812, 671.568627451)
(2771.45922852, -5400.07128906, 671.568627451)
(2771.45996094, -5400.03125, 671.568627451)
(2771.46069336, -5399.99121094, 671.568627451)
(2771.46142578, -5399.95117188, 671.568627451)
(2771.46191406, -5399.91113281, 671.568627451)
(2771.46240234, -5399.87109375, 671.568627451)
(2771.46289062, -5399.83105469, 671.568627451)
(2771.46362305, -5399.79101562, 671.568627451)
(2771.46435547, -5399.75097656, 671.568627451)
(2771.46508789, -5399.7109375, 671.568627451)
(2771.46557617, -5399.67089844, 671.568627451)
(2771.46606445, -5399.63085938, 671.568627451)
(2771.46655273, -5399.59082031, 671.568627451)
(2771.46728516, -5399.55078125, 671.568627451)
(2771.46801758, -5399.51074219, 671.568627451)
(2771.46875, -5399.47070312, 671.568627451)
(2771.46923828, -5399.43066406, 671.568627451)
(2771.46972656, -5399.390625, 671.568627451)
(2771.47021484, -5399.35058594, 671.568627451)
(2771.47094727, -5399.31054688, 671.568627451)
(2771.47167969, -5399.27050781, 671.568627451)
(2771.47241211, -5399.23046875, 671.568627451)
(2771.47290039, -5399.19042969, 671.568627451)
(2771.47338867, -5399.15039062, 671.568627451)
(2771.47363281, -5399.11035156, 671.568627451)
(2771.47387695, -5399.0703125, 671.568627451)
(2771.47412109, -5399.03027344, 671.568627451)
(2771.47436523, -5398.99023438, 671.568627451)
(2771.47460938, -5398.95019531, 671.568627451)
(2771.47485352, -5398.91015625, 671.568627451)
(2771.47509766, -5398.87011719, 671.568627451)
(2771.4753418, -5398.83007812, 671.568627451)
(2771.47558594, -5398.79003906, 671.568627451)
(2771.47583008, -5398.75, 671.568627451)
(2771.47607422, -5398.70996094, 671.568627451)
(2771.47631836, -5398.66992188, 671.568627451)
(2771.4765625, -5398.62988281, 671.568627451)
(2771.47680664, -5398.58984375, 671.568627451)
(2771.47705078, -5398.54980469, 671.568627451)
(2771.47729492, -5398.50976562, 671.568627451)
(2771.47753906, -5398.46972656, 671.568627451)
(2771.4777832, -5398.4296875, 671.568627451)
(2771.47802734, -5398.38964844, 671.568627451)
(2771.47827148, -5398.34960938, 671.568627451)
(2771.47851562, -5398.30957031, 671.568627451)
(2771.47875977, -5398.26953125, 671.568627451)
(2771.47900391, -5398.22949219, 671.568627451)
(2771.47924805, -5398.18945312, 671.568627451)
(2771.47949219, -5398.14941406, 671.568627451)
(2771.47949219, -5398.109375, 671.568627451)
(2771.47949219, -5398.06933594, 671.568627451)
(2771.47949219, -5398.02929688, 671.568627451)
(2771.47973633, -5397.98925781, 671.568627451)
(2771.47998047, -5397.94921875, 671.568627451)
(2771.48022461, -5397.90917969, 671.568627451)
(2771.48022461, -5397.86914062, 671.568627451)
(2771.48022461, -5397.82910156, 671.568627451)
(2771.48022461, -5397.7890625, 671.568627451)
(2771.48046875, -5397.74902344, 671.568627451)
(2771.48071289, -5397.70898438, 671.568627451)
(2771.48095703, -5397.66894531, 671.568627451)
(2771.48095703, -5397.62890625, 671.568627451)
(2771.48095703, -5397.58886719, 671.568627451)
(2771.48095703, -5397.54882812, 671.568627451)
(2771.48120117, -5397.50878906, 671.568627451)
(2771.48144531, -5397.46875, 671.568627451)
(2771.48168945, -5397.42871094, 671.568627451)
(2771.48168945, -5397.38867188, 671.568627451)
(2771.48168945, -5397.34863281, 671.568627451)
(2771.48168945, -5397.30859375, 671.568627451)
(2771.48193359, -5397.26855469, 671.568627451)
(2771.48217773, -5397.22851562, 671.568627451)
(2771.48217773, -5397.18847656, 671.568627451)
(2771.48217773, -5397.1484375, 671.568627451)
(2771.48217773, -5397.10839844, 671.568627451)
(2771.48217773, -5397.06835938, 671.568627451)
(2771.48217773, -5397.02832031, 671.568627451)
(2771.48217773, -5396.98828125, 671.568627451)
(2771.48217773, -5396.94824219, 671.568627451)
(2771.48217773, -5396.90820312, 671.568627451)
(2771.48217773, -5396.86816406, 671.568627451)
(2771.48217773, -5396.828125, 671.568627451)
(2771.48217773, -5396.78808594, 671.568627451)
(2771.48217773, -5396.74804688, 671.568627451)
(2771.48217773, -5396.70800781, 671.568627451)
(2771.48217773, -5396.66796875, 671.568627451)
(2771.48217773, -5396.62792969, 671.568627451)
(2771.48217773, -5396.58789062, 671.568627451)
(2771.48217773, -5396.54785156, 671.568627451)
(2771.48217773, -5396.5078125, 671.568627451)
(2771.48217773, -5396.46777344, 671.568627451)
(2771.48217773, -5396.42773438, 671.568627451)
(2771.48217773, -5396.38769531, 671.568627451)
(2771.48217773, -5396.34765625, 671.568627451)
(2771.48217773, -5396.30761719, 671.568627451)
(2771.48217773, -5396.26757812, 671.568627451)
(2771.48217773, -5396.22753906, 671.568627451)
(2771.48217773, -5396.1875, 671.568627451)
(2771.48217773, -5396.14746094, 671.568627451)
(2771.48217773, -5396.10742188, 671.568627451)
(2771.48217773, -5396.06738281, 671.568627451)
(2771.48217773, -5396.02734375, 671.568627451)
(2771.48217773, -5395.98730469, 671.568627451)
(2771.48217773, -5395.94726562, 671.568627451)
(2771.48217773, -5395.90722656, 671.568627451)
(2771.48217773, -5395.8671875, 671.568627451)
(2771.48217773, -5395.82714844, 671.568627451)
(2771.48217773, -5395.78710938, 671.568627451)
(2771.48217773, -5395.74707031, 671.568627451)
(2771.48217773, -5395.70703125, 671.568627451)
(2771.48217773, -5395.66699219, 671.568627451)
(2771.48217773, -5395.62695312, 671.568627451)
(2771.48217773, -5395.58691406, 671.568627451)
(2771.48217773, -5395.546875, 671.568627451)
(2771.48217773, -5395.50683594, 671.568627451)
(2771.48217773, -5395.46679688, 671.568627451)
(2771.48217773, -5395.42675781, 671.568627451)
(2771.48217773, -5395.38671875, 671.568627451)
(2771.48217773, -5395.34667969, 671.568627451)
(2771.48217773, -5395.30664062, 671.568627451)
(2771.48217773, -5395.26660156, 671.568627451)
(2771.48217773, -5395.2265625, 671.568627451)
(2771.48217773, -5395.18652344, 671.568627451)
(2771.48217773, -5395.14648438, 671.568627451)
(2771.48217773, -5395.10644531, 671.568627451)
(2771.48217773, -5395.06640625, 671.568627451)
(2771.48217773, -5395.02636719, 671.568627451)
(2771.48217773, -5394.98632812, 671.568627451)
(2771.48217773, -5394.94628906, 671.568627451)
(2771.48217773, -5394.90625, 671.568627451)
(2771.48217773, -5394.86621094, 671.568627451)
(2771.48217773, -5394.82617188, 671.568627451)
(2771.48217773, -5394.78613281, 671.568627451)
(2771.48217773, -5394.74609375, 671.568627451)
(2771.48217773, -5394.70605469, 671.568627451)
(2771.48217773, -5394.66601562, 671.568627451)
(2771.48217773, -5394.62597656, 671.568627451)
(2771.48217773, -5394.5859375, 671.568627451)
(2771.48217773, -5394.54589844, 671.568627451)
(2771.48217773, -5394.50585938, 671.568627451)
(2771.48217773, -5394.46582031, 671.568627451)
(2771.48217773, -5394.42578125, 671.568627451)
(2771.48217773, -5394.38574219, 671.568627451)
(2771.48217773, -5394.34570312, 671.568627451)
(2771.48217773, -5394.30566406, 671.568627451)
(2771.48217773, -5394.265625, 671.568627451)
(2771.48217773, -5394.22558594, 671.568627451)
(2771.48217773, -5394.18554688, 671.568627451)
(2771.48217773, -5394.14550781, 671.568627451)
(2771.48217773, -5394.10546875, 671.568627451)
(2771.48217773, -5394.06542969, 671.568627451)
(2771.48217773, -5394.02539062, 671.568627451)
(2771.48217773, -5393.98535156, 671.568627451)
(2771.48217773, -5393.9453125, 671.568627451)
(2771.48217773, -5393.90527344, 671.568627451)
(2771.48217773, -5393.86523438, 671.568627451)
(2771.48217773, -5393.82519531, 671.568627451)
(2771.48217773, -5393.78515625, 671.568627451)
(2771.48217773, -5393.74511719, 671.568627451)
(2771.48217773, -5393.70507812, 671.568627451)
(2771.48217773, -5393.66503906, 671.568627451)
(2771.48217773, -5393.625, 671.568627451)
(2771.48217773, -5393.58496094, 671.568627451)
(2771.48217773, -5393.54492188, 671.568627451)
(2771.48217773, -5393.50488281, 671.568627451)
(2771.48217773, -5393.46484375, 671.568627451)
(2771.48217773, -5393.42480469, 671.568627451)
(2771.48217773, -5393.38476562, 671.568627451)
(2771.48217773, -5393.34472656, 671.568627451)
(2771.48217773, -5393.3046875, 671.568627451)
(2771.48217773, -5393.26464844, 671.568627451)
(2771.48217773, -5393.22460938, 671.568627451)
(2771.48217773, -5393.18457031, 671.568627451)
(2771.48217773, -5393.14453125, 671.568627451)
(2771.48217773, -5393.10449219, 671.568627451)
(2771.48217773, -5393.06445312, 671.568627451)
(2771.48217773, -5393.02441406, 671.568627451)
(2771.48217773, -5392.984375, 671.568627451)
(2771.48217773, -5392.94433594, 671.568627451)
(2771.48217773, -5392.90429688, 671.568627451)
(2771.48217773, -5392.86425781, 671.568627451)
(2771.48217773, -5392.82421875, 671.568627451)
(2771.48217773, -5392.78417969, 671.568627451)
(2771.48217773, -5392.74414062, 671.568627451)
(2771.48217773, -5392.70410156, 671.568627451)
(2771.48217773, -5392.6640625, 671.568627451)
(2771.48217773, -5392.62402344, 671.568627451)
(2771.48217773, -5392.58398438, 671.568627451)
(2771.48217773, -5392.54394531, 671.568627451)
(2771.48217773, -5392.50390625, 671.568627451)
(2771.48217773, -5392.46386719, 671.568627451)
(2771.48217773, -5392.42382812, 671.568627451)
(2771.48217773, -5392.38378906, 671.568627451)
(2771.48217773, -5392.34375, 671.568627451)
(2771.48217773, -5392.30371094, 671.568627451)
(2771.48217773, -5392.26367188, 671.568627451)
(2771.48217773, -5392.22363281, 671.568627451)
(2771.48217773, -5392.18359375, 671.568627451)
(2771.48217773, -5392.14355469, 671.568627451)
(2771.48217773, -5392.10351562, 671.568627451)
(2771.48217773, -5392.06347656, 671.568627451)
(2771.48217773, -5392.0234375, 671.568627451)
(2771.48217773, -5391.98339844, 671.568627451)
(2771.48217773, -5391.94335938, 671.568627451)
(2771.48217773, -5391.90332031, 671.568627451)
(2771.48217773, -5391.86328125, 671.568627451)
(2771.48217773, -5391.82324219, 671.568627451)
(2771.48217773, -5391.78320312, 671.568627451)
(2771.48217773, -5391.74316406, 671.568627451)
(2771.48217773, -5391.703125, 671.568627451)
(2771.48217773, -5391.66308594, 671.568627451)
(2771.48217773, -5391.62304688, 671.568627451)
(2771.48217773, -5391.58300781, 671.568627451)
(2771.48217773, -5391.54296875, 671.568627451)
(2771.48217773, -5391.50292969, 671.568627451)
(2771.48217773, -5391.46289062, 671.568627451)
(2771.48217773, -5391.42285156, 671.568627451)
(2771.48217773, -5391.3828125, 671.568627451)
(2771.48217773, -5391.34277344, 671.568627451)
(2771.48217773, -5391.30273438, 671.568627451)
(2771.48217773, -5391.26269531, 671.568627451)
(2771.48217773, -5391.22265625, 671.568627451)
(2771.48217773, -5391.18261719, 671.568627451)
(2771.48217773, -5391.14257812, 671.568627451)
(2771.48217773, -5391.10253906, 671.568627451)
(2771.48217773, -5391.0625, 671.568627451)
(2771.48217773, -5391.02246094, 671.568627451)
(2771.48217773, -5390.98242188, 671.568627451)
(2771.48217773, -5390.94238281, 671.568627451)
(2771.48217773, -5390.90234375, 671.568627451)
(2771.48217773, -5390.86230469, 671.568627451)
(2771.48217773, -5390.82226562, 671.568627451)
(2771.48217773, -5390.78222656, 671.568627451)
(2771.48217773, -5390.7421875, 671.568627451)
(2771.48217773, -5390.70214844, 671.568627451)
(2771.48217773, -5390.66210938, 671.568627451)
(2771.48217773, -5390.62207031, 671.568627451)
(2771.48217773, -5390.58203125, 671.568627451)
(2771.48217773, -5390.54199219, 671.568627451)
(2771.48217773, -5390.50195312, 671.568627451)
(2771.48217773, -5390.46191406, 671.568627451)
(2771.48217773, -5390.421875, 671.568627451)
(2771.48217773, -5390.38183594, 671.568627451)
(2771.48217773, -5390.34179688, 671.568627451)
(2771.48217773, -5390.30175781, 671.568627451)
(2771.48217773, -5390.26171875, 671.568627451)
(2771.48217773, -5390.22167969, 671.568627451)
(2771.48217773, -5390.18164062, 671.568627451)
(2771.48217773, -5390.14160156, 671.568627451)
(2771.48217773, -5390.1015625, 671.568627451)
(2771.48217773, -5390.06152344, 671.568627451)
(2771.48217773, -5390.02148438, 671.568627451)
(2771.48217773, -5389.98144531, 671.568627451)
(2771.48217773, -5389.94140625, 671.568627451)
(2771.48217773, -5389.90136719, 671.568627451)
(2771.48217773, -5389.86132812, 671.568627451)
(2771.48217773, -5389.82128906, 671.568627451)
(2771.48217773, -5389.78125, 671.568627451)
(2771.48217773, -5389.74121094, 671.568627451)
(2771.48217773, -5389.70117188, 671.568627451)
(2771.48217773, -5389.66113281, 671.568627451)
(2771.48217773, -5389.62109375, 671.568627451)
(2771.48217773, -5389.58105469, 671.568627451)
(2771.48217773, -5389.54101562, 671.568627451)
(2771.48217773, -5389.50097656, 671.568627451)
(2771.48217773, -5389.4609375, 671.568627451)
(2771.48217773, -5389.42089844, 671.568627451)
(2771.48217773, -5389.38085938, 671.568627451)
(2771.48217773, -5389.34082031, 671.568627451)
(2771.48217773, -5389.30078125, 671.568627451)
(2771.48217773, -5389.26074219, 671.568627451)
(2771.48217773, -5389.22070312, 671.568627451)
(2771.48217773, -5389.18066406, 671.568627451)
(2771.48217773, -5389.140625, 671.568627451)
(2771.48217773, -5389.10058594, 671.568627451)
(2771.48217773, -5389.06054688, 671.568627451)
(2771.48217773, -5389.02050781, 671.568627451)
(2771.48217773, -5388.98046875, 671.568627451)
(2771.48217773, -5388.94042969, 671.568627451)
(2771.48217773, -5388.90039062, 671.568627451)
(2771.48217773, -5388.86035156, 671.568627451)
(2771.48217773, -5388.8203125, 671.568627451)
(2771.48217773, -5388.78027344, 671.568627451)
(2771.48217773, -5388.74023438, 671.568627451)
(2771.48217773, -5388.70019531, 671.568627451)
(2771.48217773, -5388.66015625, 671.568627451)
(2771.48217773, -5388.62011719, 671.568627451)
(2771.48217773, -5388.58007812, 671.568627451)
(2771.48217773, -5388.54003906, 671.568627451)
(2771.48217773, -5388.5, 671.568627451)
(2771.48217773, -5388.45996094, 671.568627451)
(2771.48217773, -5388.41992188, 671.568627451)
(2771.48217773, -5388.37988281, 671.568627451)
(2771.48217773, -5388.33984375, 671.568627451)
(2771.48217773, -5388.29980469, 671.568627451)
(2771.48217773, -5388.25976562, 671.568627451)
(2771.48217773, -5388.21972656, 671.568627451)
(2771.48217773, -5388.1796875, 671.568627451)
(2771.48217773, -5388.13964844, 671.568627451)
(2771.48217773, -5388.09960938, 671.568627451)
(2771.48217773, -5388.05957031, 671.568627451)
(2771.48217773, -5388.01953125, 671.568627451)
(2771.48217773, -5387.97949219, 671.568627451)
(2771.48217773, -5387.93945312, 671.568627451)
(2771.48217773, -5387.89941406, 671.568627451)
(2771.48217773, -5387.859375, 671.568627451)
(2771.48217773, -5387.81933594, 671.568627451)
(2771.48217773, -5387.77929688, 671.568627451)
(2771.48217773, -5387.73925781, 671.568627451)
(2771.48217773, -5387.69921875, 671.568627451)
(2771.48217773, -5387.65917969, 671.568627451)
(2771.48217773, -5387.61914062, 671.568627451)
(2771.48217773, -5387.57910156, 671.568627451)
(2771.48217773, -5387.5390625, 671.568627451)
(2771.48217773, -5387.49902344, 671.568627451)
(2771.48217773, -5387.45898438, 671.568627451)
(2771.48217773, -5387.41894531, 671.568627451)
(2771.48217773, -5387.37890625, 671.568627451)
(2771.48217773, -5387.33886719, 671.568627451)
(2771.48217773, -5387.29882812, 671.568627451)
(2771.48217773, -5387.25878906, 671.568627451)
(2771.48217773, -5387.21875, 671.568627451)
(2771.48217773, -5387.17871094, 671.568627451)
(2771.48217773, -5387.13867188, 671.568627451)
(2771.48217773, -5387.09863281, 671.568627451)
(2771.48217773, -5387.05859375, 671.568627451)
(2771.48217773, -5387.01855469, 671.568627451)
(2771.48217773, -5386.97851562, 671.568627451)
(2771.48217773, -5386.93847656, 671.568627451)
(2771.48217773, -5386.8984375, 671.568627451)
(2771.48217773, -5386.85839844, 671.568627451)
(2771.48217773, -5386.81835938, 671.568627451)
(2771.48217773, -5386.77832031, 671.568627451)
(2771.48217773, -5386.73828125, 671.568627451)
(2771.48217773, -5386.69824219, 671.568627451)
(2771.48217773, -5386.65820312, 671.568627451)
(2771.48217773, -5386.61816406, 671.568627451)
(2771.48217773, -5386.578125, 671.568627451)
(2771.48217773, -5386.53808594, 671.568627451)
(2771.48217773, -5386.49804688, 671.568627451)
(2771.48217773, -5386.45800781, 671.568627451)
(2771.48217773, -5386.41796875, 671.568627451)
(2771.48217773, -5386.37792969, 671.568627451)
(2771.48217773, -5386.33789062, 671.568627451)
(2771.48217773, -5386.29785156, 671.568627451)
(2771.48217773, -5386.2578125, 671.568627451)
(2771.48217773, -5386.21777344, 671.568627451)
(2771.48217773, -5386.17773438, 671.568627451)
(2771.48217773, -5386.13769531, 671.568627451)
(2771.48217773, -5386.09765625, 671.568627451)
(2771.48217773, -5386.05761719, 671.568627451)
(2771.48217773, -5386.01757812, 671.568627451)
(2771.48217773, -5385.97753906, 671.568627451)
(2771.48217773, -5385.9375, 671.568627451)
(2771.48217773, -5385.89746094, 671.568627451)
(2771.48217773, -5385.85742188, 671.568627451)
(2771.48217773, -5385.81738281, 671.568627451)
(2771.48217773, -5385.77734375, 671.568627451)
(2771.48217773, -5385.73730469, 671.568627451)
(2771.48217773, -5385.69726562, 671.568627451)
(2771.48217773, -5385.65722656, 671.568627451)
(2771.48217773, -5385.6171875, 671.568627451)
(2771.48217773, -5385.57714844, 671.568627451)
(2771.48217773, -5385.53710938, 671.568627451)
(2771.48217773, -5385.49707031, 671.568627451)
(2771.48217773, -5385.45703125, 671.568627451)
(2771.48217773, -5385.41699219, 671.568627451)
(2771.48217773, -5385.37695312, 671.568627451)
(2771.48217773, -5385.33691406, 671.568627451)
(2771.48217773, -5385.296875, 671.568627451)
(2771.48217773, -5385.25683594, 671.568627451)
(2771.48217773, -5385.21679688, 671.568627451)
(2771.48242188, -5385.17773438, 671.568627451)
(2771.48266602, -5385.13964844, 671.568627451)
(2771.4831543, -5385.10253906, 671.568627451)
(2771.48364258, -5385.06640625, 671.568627451)
(2771.48413086, -5385.03125, 671.568627451)
(2771.48461914, -5384.99707031, 671.568627451)
(2771.48510742, -5384.96289062, 671.568627451)
(2771.48535156, -5384.92724609, 671.568627451)
(2771.48535156, -5384.88916016, 671.568627451)
(2771.48535156, -5384.84960938, 671.568627451)
(2771.48535156, -5384.81054688, 671.568627451)
(2771.48535156, -5384.77197266, 671.568627451)
(2771.48535156, -5384.73388672, 671.568627451)
(2771.48535156, -5384.69628906, 671.568627451)
(2771.48535156, -5384.65917969, 671.568627451)
(2771.48510742, -5384.62207031, 671.568627451)
(2771.48486328, -5384.58544922, 671.568627451)
(2771.48461914, -5384.54931641, 671.568627451)
(2771.484375, -5384.51367188, 671.568627451)
(2771.48413086, -5384.47802734, 671.568627451)
(2771.48388672, -5384.44287109, 671.568627451)
(2771.48364258, -5384.40771484, 671.568627451)
(2771.4831543, -5384.37255859, 671.568627451)
(2771.48266602, -5384.33789062, 671.568627451)
(2771.48217773, -5384.30322266, 671.568627451)
(2771.48168945, -5384.26855469, 671.568627451)
(2771.48120117, -5384.23388672, 671.568627451)
(2771.48071289, -5384.19921875, 671.568627451)
(2771.48022461, -5384.16455078, 671.568627451)
(2771.47973633, -5384.12988281, 671.568627451)
(2771.47924805, -5384.09521484, 671.568627451)
(2771.47875977, -5384.06054688, 671.568627451)
(2771.47827148, -5384.02587891, 671.568627451)
(2771.4777832, -5383.99121094, 671.568627451)
(2771.47753906, -5383.95703125, 671.568627451)
(2771.47705078, -5383.92236328, 671.568627451)
(2771.47680664, -5383.88769531, 671.568627451)
(2771.4765625, -5383.85302734, 671.568627451)
(2771.47631836, -5383.81835938, 671.568627451)
(2771.47607422, -5383.78369141, 671.568627451)
(2771.47558594, -5383.74853516, 671.568627451)
(2771.4753418, -5383.71337891, 671.568627451)
(2771.47509766, -5383.67822266, 671.568627451)
(2771.47485352, -5383.64257812, 671.568627451)
(2771.47460938, -5383.60693359, 671.568627451)
(2771.47436523, -5383.57128906, 671.568627451)
(2771.47412109, -5383.53564453, 671.568627451)
(2771.47363281, -5383.49951172, 671.568627451)
(2771.47314453, -5383.46386719, 671.568627451)
(2771.47265625, -5383.42724609, 671.568627451)
(2771.47216797, -5383.390625, 671.568627451)
(2771.47167969, -5383.35400391, 671.568627451)
(2771.47119141, -5383.31689453, 671.568627451)
(2771.47070312, -5383.27978516, 671.568627451)
(2771.47021484, -5383.24267578, 671.568627451)
(2771.46972656, -5383.20507812, 671.568627451)
(2771.46948242, -5383.16748047, 671.568627451)
(2771.46923828, -5383.12988281, 671.568627451)
(2771.46899414, -5383.09179688, 671.568627451)
(2771.46875, -5383.05371094, 671.568627451)
(2771.46850586, -5383.01513672, 671.568627451)
(2771.46850586, -5382.9765625, 671.568627451)
(2771.46850586, -5382.9375, 671.568627451)
(2771.46850586, -5382.8984375, 671.568627451)
(2771.46875, -5382.85888672, 671.568627451)
(2771.46899414, -5382.81933594, 671.568627451)
(2771.46923828, -5382.77929688, 671.568627451)
(2771.46948242, -5382.73925781, 671.568627451)
(2771.46972656, -5382.69921875, 671.568627451)
(2771.4699707, -5382.65917969, 671.568627451)
(2771.47021484, -5382.61914062, 671.568627451)
(2771.47045898, -5382.57910156, 671.568627451)
(2771.47070312, -5382.5390625, 671.568627451)
(2771.47094727, -5382.49902344, 671.568627451)
(2771.47119141, -5382.45898438, 671.568627451)
(2771.47143555, -5382.41894531, 671.568627451)
(2771.47167969, -5382.37890625, 671.568627451)
(2771.47192383, -5382.33886719, 671.568627451)
(2771.47216797, -5382.29882812, 671.568627451)
(2771.47241211, -5382.25878906, 671.568627451)
(2771.47265625, -5382.21875, 671.568627451)
(2771.47290039, -5382.17871094, 671.568627451)
(2771.47314453, -5382.13867188, 671.568627451)
(2771.47338867, -5382.09863281, 671.568627451)
(2771.47363281, -5382.05859375, 671.568627451)
(2771.47387695, -5382.01855469, 671.568627451)
(2771.47412109, -5381.97851562, 671.568627451)
(2771.47436523, -5381.93847656, 671.568627451)
(2771.47485352, -5381.8984375, 671.568627451)
(2771.4753418, -5381.85839844, 671.568627451)
(2771.47583008, -5381.81835938, 671.568627451)
(2771.47607422, -5381.77832031, 671.568627451)
(2771.47631836, -5381.73828125, 671.568627451)
(2771.4765625, -5381.69824219, 671.568627451)
(2771.47705078, -5381.65820312, 671.568627451)
(2771.47753906, -5381.61816406, 671.568627451)
(2771.47802734, -5381.578125, 671.568627451)
(2771.47802734, -5381.53808594, 671.568627451)
(2771.47802734, -5381.49804688, 671.568627451)
(2771.47802734, -5381.45800781, 671.568627451)
(2771.47802734, -5381.41796875, 671.568627451)
(2771.47802734, -5381.37792969, 671.568627451)
(2771.47802734, -5381.33789062, 671.568627451)
(2771.47802734, -5381.29785156, 671.568627451)
(2771.47802734, -5381.2578125, 671.568627451)
(2771.47802734, -5381.21777344, 671.568627451)
(2771.47802734, -5381.17773438, 671.568627451)
(2771.47802734, -5381.13769531, 671.568627451)
(2771.47802734, -5381.09765625, 671.568627451)
(2771.47802734, -5381.05761719, 671.568627451)
(2771.47802734, -5381.01757812, 671.568627451)
(2771.47802734, -5380.97753906, 671.568627451)
(2771.47802734, -5380.9375, 671.568627451)
(2771.47827148, -5380.89746094, 671.568627451)
(2771.47851562, -5380.85742188, 671.568627451)
(2771.47875977, -5380.81738281, 671.568627451)
(2771.47875977, -5380.77734375, 671.568627451)
(2771.47875977, -5380.73730469, 671.568627451)
(2771.47875977, -5380.69726562, 671.568627451)
(2771.47900391, -5380.65722656, 671.568627451)
(2771.47924805, -5380.6171875, 671.568627451)
(2771.47949219, -5380.57714844, 671.568627451)
(2771.47949219, -5380.53710938, 671.568627451)
(2771.48266602, -5380.49707031, 671.568627451)
(2771.48901367, -5380.45751953, 671.568627451)
(2771.49853516, -5380.41845703, 671.568627451)
(2771.51098633, -5380.38037109, 671.568627451)
(2771.52636719, -5380.34326172, 671.568627451)
(2771.54443359, -5380.30761719, 671.568627451)
(2771.56103516, -5380.27246094, 671.568627451)
(2771.57763672, -5380.23779297, 671.568627451)
(2771.59472656, -5380.20361328, 671.568627451)
(2771.61254883, -5380.16992188, 671.568627451)
(2771.63110352, -5380.13623047, 671.568627451)
(2771.65039062, -5380.10302734, 671.568627451)
(2771.67016602, -5380.06982422, 671.568627451)
(2771.69042969, -5380.03662109, 671.568627451)
(2771.71069336, -5380.00390625, 671.568627451)
(2771.73095703, -5379.97167969, 671.568627451)
(2771.75146484, -5379.93945312, 671.568627451)
(2771.77197266, -5379.90771484, 671.568627451)
(2771.79248047, -5379.87597656, 671.568627451)
(2771.81298828, -5379.84423828, 671.568627451)
(2771.83349609, -5379.81298828, 671.568627451)
(2771.85400391, -5379.78173828, 671.568627451)
(2771.87451172, -5379.75048828, 671.568627451)
(2771.89868164, -5379.72021484, 671.568627451)
(2771.92089844, -5379.68945312, 671.568627451)
(2771.94287109, -5379.65869141, 671.568627451)
(2771.96484375, -5379.62792969, 671.568627451)
(2771.98681641, -5379.59716797, 671.568627451)
(2772.00878906, -5379.56640625, 671.568627451)
(2772.03076172, -5379.53564453, 671.568627451)
(2772.05297852, -5379.50488281, 671.568627451)
(2772.07519531, -5379.47412109, 671.568627451)
(2772.09716797, -5379.44335938, 671.568627451)
(2772.12255859, -5379.41357422, 671.568627451)
(2772.14575195, -5379.38330078, 671.568627451)
(2772.16894531, -5379.35302734, 671.568627451)
(2772.19213867, -5379.32226562, 671.568627451)
(2772.21533203, -5379.29150391, 671.568627451)
(2772.24194336, -5379.26171875, 671.568627451)
(2772.26611328, -5379.23095703, 671.568627451)
(2772.28979492, -5379.19970703, 671.568627451)
(2772.31298828, -5379.16845703, 671.568627451)
(2772.3359375, -5379.13720703, 671.568627451)
(2772.35888672, -5379.10546875, 671.568627451)
(2772.38183594, -5379.07373047, 671.568627451)
(2772.40454102, -5379.04199219, 671.568627451)
(2772.42700195, -5379.00976562, 671.568627451)
(2772.44921875, -5378.97705078, 671.568627451)
(2772.47094727, -5378.94433594, 671.568627451)
(2772.49243164, -5378.91162109, 671.568627451)
(2772.51342773, -5378.87841797, 671.568627451)
(2772.53417969, -5378.84521484, 671.568627451)
(2772.55786133, -5378.81298828, 671.568627451)
(2772.57910156, -5378.77978516, 671.568627451)
(2772.59863281, -5378.74609375, 671.568627451)
(2772.61694336, -5378.71289062, 671.568627451)
(2772.63476562, -5378.67919922, 671.568627451)
(2772.65209961, -5378.64550781, 671.568627451)
(2772.66918945, -5378.61132812, 671.568627451)
(2772.6862793, -5378.57714844, 671.568627451)
(2772.70336914, -5378.54296875, 671.568627451)
(2772.72045898, -5378.50830078, 671.568627451)
(2772.73730469, -5378.47363281, 671.568627451)
(2772.75756836, -5378.43896484, 671.568627451)
(2772.77514648, -5378.40429688, 671.568627451)
(2772.79077148, -5378.36914062, 671.568627451)
(2772.80541992, -5378.33398438, 671.568627451)
(2772.81933594, -5378.29882812, 671.568627451)
(2772.83300781, -5378.26367188, 671.568627451)
(2772.84667969, -5378.22802734, 671.568627451)
(2772.86010742, -5378.19238281, 671.568627451)
(2772.87353516, -5378.15673828, 671.568627451)
(2772.88671875, -5378.12060547, 671.568627451)
(2772.8996582, -5378.08447266, 671.568627451)
(2772.91235352, -5378.04833984, 671.568627451)
(2772.9284668, -5378.01171875, 671.568627451)
(2772.94189453, -5377.97509766, 671.568627451)
(2772.95336914, -5377.93847656, 671.568627451)
(2772.96386719, -5377.90185547, 671.568627451)
(2772.97363281, -5377.86572266, 671.568627451)
(2772.9831543, -5377.82910156, 671.568627451)
(2772.99243164, -5377.79248047, 671.568627451)
(2773.00170898, -5377.75585938, 671.568627451)
(2773.01074219, -5377.71875, 671.568627451)
(2773.01977539, -5377.68164062, 671.568627451)
(2773.02856445, -5377.64453125, 671.568627451)
(2773.03710938, -5377.60693359, 671.568627451)
(2773.04541016, -5377.56933594, 671.568627451)
(2773.05322266, -5377.53173828, 671.568627451)
(2773.06054688, -5377.49414062, 671.568627451)
(2773.06762695, -5377.45654297, 671.568627451)
(2773.07421875, -5377.41845703, 671.568627451)
(2773.08056641, -5377.38085938, 671.568627451)
(2773.08666992, -5377.34277344, 671.568627451)
(2773.09228516, -5377.30517578, 671.568627451)
(2773.09741211, -5377.26708984, 671.568627451)
(2773.10229492, -5377.22900391, 671.568627451)
(2773.10668945, -5377.19091797, 671.568627451)
(2773.11083984, -5377.15283203, 671.568627451)
(2773.11450195, -5377.11474609, 671.568627451)
(2773.11791992, -5377.07666016, 671.568627451)
(2773.12451172, -5377.03710938, 671.568627451)
(2773.12841797, -5376.99853516, 671.568627451)
(2773.13061523, -5376.96044922, 671.568627451)
(2773.13183594, -5376.92236328, 671.568627451)
(2773.13232422, -5376.88476562, 671.568627451)
(2773.13256836, -5376.84716797, 671.568627451)
(2773.13256836, -5376.80957031, 671.568627451)
(2773.13232422, -5376.77148438, 671.568627451)
(2773.13208008, -5376.73339844, 671.568627451)
(2773.1315918, -5376.6953125, 671.568627451)
(2773.13085938, -5376.65722656, 671.568627451)
(2773.12988281, -5376.61914062, 671.568627451)
(2773.12866211, -5376.58056641, 671.568627451)
(2773.12695312, -5376.54248047, 671.568627451)
(2773.125, -5376.50439453, 671.568627451)
(2773.12255859, -5376.46582031, 671.568627451)
(2773.11962891, -5376.42773438, 671.568627451)
(2773.11645508, -5376.38964844, 671.568627451)
(2773.11279297, -5376.3515625, 671.568627451)
(2773.10888672, -5376.31347656, 671.568627451)
(2773.10473633, -5376.27539062, 671.568627451)
(2773.10009766, -5376.23730469, 671.568627451)
(2773.09521484, -5376.19921875, 671.568627451)
(2773.08984375, -5376.16113281, 671.568627451)
(2773.08398438, -5376.12353516, 671.568627451)
(2773.07788086, -5376.0859375, 671.568627451)
(2773.07128906, -5376.04833984, 671.568627451)
(2773.06445312, -5376.01025391, 671.568627451)
(2773.05737305, -5375.97216797, 671.568627451)
(2773.04980469, -5375.93408203, 671.568627451)
(2773.04174805, -5375.89599609, 671.568627451)
(2773.03320312, -5375.85791016, 671.568627451)
(2773.02758789, -5375.81835938, 671.568627451)
(2773.01928711, -5375.77929688, 671.568627451)
(2773.00952148, -5375.74072266, 671.568627451)
(2772.99853516, -5375.70263672, 671.568627451)
(2772.98706055, -5375.66455078, 671.568627451)
(2772.97509766, -5375.62646484, 671.568627451)
(2772.96289062, -5375.58837891, 671.568627451)
(2772.95068359, -5375.55029297, 671.568627451)
(2772.93823242, -5375.51220703, 671.568627451)
(2772.92578125, -5375.47412109, 671.568627451)
(2772.9128418, -5375.43652344, 671.568627451)
(2772.90283203, -5375.39794922, 671.568627451)
(2772.89038086, -5375.35986328, 671.568627451)
(2772.88085938, -5375.32080078, 671.568627451)
(2772.87451172, -5375.28125, 671.568627451)
(2772.87133789, -5375.24121094, 671.568627451)
(2772.87133789, -5375.20117188, 671.568627451)
(2772.87451172, -5375.16113281, 671.568627451)
(2772.88085938, -5375.12158203, 671.568627451)
(2772.89038086, -5375.08251953, 671.568627451)
(2772.90063477, -5375.04394531, 671.568627451)
(2772.91113281, -5375.00537109, 671.568627451)
(2772.92163086, -5374.96679688, 671.568627451)
(2772.93212891, -5374.92822266, 671.568627451)
(2772.94262695, -5374.88964844, 671.568627451)
(2772.953125, -5374.85107422, 671.568627451)
(2772.96337891, -5374.8125, 671.568627451)
(2772.97363281, -5374.77392578, 671.568627451)
(2772.98388672, -5374.73535156, 671.568627451)
(2772.99414062, -5374.69677734, 671.568627451)
(2773.00463867, -5374.65820312, 671.568627451)
(2773.01513672, -5374.61962891, 671.568627451)
(2773.02563477, -5374.58105469, 671.568627451)
(2773.03588867, -5374.54248047, 671.568627451)
(2773.04614258, -5374.50390625, 671.568627451)
(2773.05639648, -5374.46533203, 671.568627451)
(2773.06689453, -5374.42675781, 671.568627451)
(2773.07739258, -5374.38818359, 671.568627451)
(2773.08764648, -5374.34960938, 671.568627451)
(2773.09790039, -5374.31103516, 671.568627451)
(2773.1081543, -5374.27246094, 671.568627451)
(2773.11865234, -5374.23388672, 671.568627451)
(2773.12915039, -5374.1953125, 671.568627451)
(2773.13964844, -5374.15673828, 671.568627451)
(2773.14990234, -5374.11816406, 671.568627451)
(2773.16015625, -5374.07958984, 671.568627451)
(2773.17041016, -5374.04101562, 671.568627451)
(2773.18066406, -5374.00244141, 671.568627451)
(2773.19116211, -5373.96386719, 671.568627451)
(2773.20166016, -5373.92529297, 671.568627451)
(2773.2121582, -5373.88671875, 671.568627451)
(2773.22241211, -5373.84814453, 671.568627451)
(2773.23266602, -5373.80957031, 671.568627451)
(2773.24291992, -5373.77099609, 671.568627451)
(2773.25317383, -5373.73242188, 671.568627451)
(2773.26367188, -5373.69384766, 671.568627451)
(2773.27416992, -5373.65527344, 671.568627451)
(2773.28466797, -5373.61669922, 671.568627451)
(2773.29492188, -5373.578125, 671.568627451)
(2773.30517578, -5373.53955078, 671.568627451)
(2773.31542969, -5373.50097656, 671.568627451)
(2773.32568359, -5373.46240234, 671.568627451)
(2773.33618164, -5373.42382812, 671.568627451)
(2773.34667969, -5373.38525391, 671.568627451)
