(2765.66015625, -5406.25, 671.568627451)
(2765.70019531, -5406.25, 671.568627451)
(2765.74023438, -5406.25, 671.568627451)
(2765.78027344, -5406.25, 671.568627451)
(2765.8203125, -5406.25, 671.568627451)
(2765.86035156, -5406.25, 671.568627451)
(2765.90039062, -5406.25, 671.568627451)
(2765.94042969, -5406.25, 671.568627451)
(2765.98046875, -5406.25, 671.568627451)
(2766.02050781, -5406.25, 671.568627451)
(2766.06054688, -5406.25, 671.568627451)
(2766.10058594, -5406.25, 671.568627451)
(2766.140625, -5406.25, 671.568627451)
(2766.18066406, -5406.25, 671.568627451)
(2766.22070312, -5406.25, 671.568627451)
(2766.26074219, -5406.25, 671.568627451)
(2766.30078125, -5406.25, 671.568627451)
(2766.34082031, -5406.25, 671.568627451)
(2766.38085938, -5406.25, 671.568627451)
(2766.42089844, -5406.25, 671.568627451)
(2766.4609375, -5406.25, 671.568627451)
(2766.50097656, -5406.25, 671.568627451)
(2766.54101562, -5406.25, 671.568627451)
(2766.58105469, -5406.25, 671.568627451)
(2766.62109375, -5406.25, 671.568627451)
(2766.66113281, -5406.25, 671.568627451)
(2766.70117188, -5406.25, 671.568627451)
(2766.74121094, -5406.25, 671.568627451)
(2766.78125, -5406.25, 671.568627451)
(2766.82128906, -5406.25, 671.568627451)
(2766.86132812, -5406.25, 671.568627451)
(2766.90112305, -5406.24707031, 671.568627451)
(2766.94067383, -5406.24121094, 671.568627451)
(2766.97973633, -5406.23242188, 671.568627451)
(2767.01806641, -5406.22070312, 671.568627451)
(2767.05517578, -5406.20605469, 671.568627451)
(2767.09106445, -5406.18847656, 671.568627451)
(2767.12548828, -5406.16796875, 671.568627451)
(2767.15820312, -5406.14501953, 671.568627451)
(2767.18969727, -5406.12060547, 671.568627451)
(2767.22119141, -5406.09619141, 671.568627451)
(2767.25268555, -5406.07177734, 671.568627451)
(2767.28417969, -5406.04736328, 671.568627451)
(2767.31567383, -5406.02294922, 671.568627451)
(2767.34716797, -5405.99853516, 671.568627451)
(2767.37866211, -5405.97412109, 671.568627451)
(2767.41015625, -5405.94970703, 671.568627451)
(2767.44165039, -5405.92529297, 671.568627451)
(2767.47314453, -5405.90087891, 671.568627451)
(2767.50463867, -5405.87646484, 671.568627451)
(2767.53613281, -5405.85205078, 671.568627451)
(2767.56762695, -5405.82763672, 671.568627451)
(2767.59912109, -5405.80322266, 671.568627451)
(2767.63061523, -5405.77880859, 671.568627451)
(2767.66210938, -5405.75439453, 671.568627451)
(2767.69360352, -5405.72998047, 671.568627451)
(2767.72509766, -5405.70556641, 671.568627451)
(2767.7565918, -5405.68115234, 671.568627451)
(2767.78808594, -5405.65673828, 671.568627451)
(2767.81958008, -5405.63232422, 671.568627451)
(2767.85107422, -5405.60791016, 671.568627451)
(2767.88256836, -5405.58349609, 671.568627451)
(2767.9140625, -5405.55908203, 671.568627451)
(2767.94555664, -5405.53466797, 671.568627451)
(2767.97705078, -5405.51025391, 671.568627451)
(2768.00854492, -5405.48583984, 671.568627451)
(2768.04003906, -5405.46142578, 671.568627451)
(2768.0715332, -5405.43701172, 671.568627451)
(2768.10302734, -5405.41259766, 671.568627451)
(2768.13452148, -5405.38818359, 671.568627451)
(2768.16601562, -5405.36376953, 671.568627451)
(2768.19750977, -5405.33935547, 671.568627451)
(2768.22900391, -5405.31494141, 671.568627451)
(2768.26049805, -5405.29052734, 671.568627451)
(2768.29199219, -5405.26611328, 671.568627451)
(2768.32348633, -5405.24169922, 671.568627451)
(2768.35498047, -5405.21728516, 671.568627451)
(2768.38647461, -5405.19287109, 671.568627451)
(2768.41796875, -5405.16845703, 671.568627451)
(2768.44946289, -5405.14404297, 671.568627451)
(2768.48095703, -5405.11962891, 671.568627451)
(2768.51245117, -5405.09472656, 671.568627451)
(2768.54394531, -5405.06982422, 671.568627451)
(2768.57543945, -5405.04492188, 671.568627451)
(2768.60693359, -5405.02050781, 671.568627451)
(2768.63842773, -5404.99609375, 671.568627451)
(2768.66992188, -5404.97167969, 671.568627451)
(2768.70141602, -5404.94677734, 671.568627451)
(2768.73291016, -5404.921875, 671.568627451)
(2768.7644043, -5404.89697266, 671.568627451)
(2768.79589844, -5404.87255859, 671.568627451)
(2768.82739258, -5404.84814453, 671.568627451)
(2768.85888672, -5404.82373047, 671.568627451)
(2768.89038086, -5404.79882812, 671.568627451)
(2768.921875, -5404.77392578, 671.568627451)
(2768.95336914, -5404.74902344, 671.568627451)
(2768.98266602, -5404.72167969, 671.568627451)
(2769.00976562, -5404.69238281, 671.568627451)
(2769.03442383, -5404.66113281, 671.568627451)
(2769.05664062, -5404.62792969, 671.568627451)
(2769.07617188, -5404.59326172, 671.568627451)
(2769.09301758, -5404.55712891, 671.568627451)
(2769.10693359, -5404.51953125, 671.568627451)
(2769.11791992, -5404.48095703, 671.568627451)
(2769.12573242, -5404.44189453, 671.568627451)
(2769.13330078, -5404.40283203, 671.568627451)
(2769.14086914, -5404.36376953, 671.568627451)
(2769.1484375, -5404.32470703, 671.568627451)
(2769.15600586, -5404.28564453, 671.568627451)
(2769.16357422, -5404.24658203, 671.568627451)
(2769.17114258, -5404.20751953, 671.568627451)
(2769.17871094, -5404.16845703, 671.568627451)
(2769.1862793, -5404.12939453, 671.568627451)
(2769.19384766, -5404.09033203, 671.568627451)
(2769.20141602, -5404.05126953, 671.568627451)
(2769.20898438, -5404.01220703, 671.568627451)
(2769.21655273, -5403.97314453, 671.568627451)
(2769.22412109, -5403.93408203, 671.568627451)
(2769.23168945, -5403.89501953, 671.568627451)
(2769.23925781, -5403.85595703, 671.568627451)
(2769.24682617, -5403.81689453, 671.568627451)
(2769.25439453, -5403.77783203, 671.568627451)
(2769.26196289, -5403.73876953, 671.568627451)
(2769.26953125, -5403.69970703, 671.568627451)
(2769.27709961, -5403.66064453, 671.568627451)
(2769.28466797, -5403.62158203, 671.568627451)
(2769.29223633, -5403.58251953, 671.568627451)
(2769.29980469, -5403.54345703, 671.568627451)
(2769.30737305, -5403.50439453, 671.568627451)
(2769.31494141, -5403.46533203, 671.568627451)
(2769.32250977, -5403.42626953, 671.568627451)
(2769.33007812, -5403.38720703, 671.568627451)
(2769.33764648, -5403.34814453, 671.568627451)
(2769.34521484, -5403.30908203, 671.568627451)
(2769.3527832, -5403.27001953, 671.568627451)
(2769.36035156, -5403.23095703, 671.568627451)
(2769.36791992, -5403.19189453, 671.568627451)
(2769.37548828, -5403.15283203, 671.568627451)
(2769.38305664, -5403.11376953, 671.568627451)
(2769.390625, -5403.07470703, 671.568627451)
(2769.39501953, -5403.03515625, 671.568627451)
(2769.3972168, -5402.99511719, 671.568627451)
(2769.39916992, -5402.95507812, 671.568627451)
(2769.40112305, -5402.91503906, 671.568627451)
(2769.40307617, -5402.875, 671.568627451)
(2769.4050293, -5402.83496094, 671.568627451)
(2769.40698242, -5402.79492188, 671.568627451)
(2769.40893555, -5402.75488281, 671.568627451)
(2769.41088867, -5402.71484375, 671.568627451)
(2769.4128418, -5402.67480469, 671.568627451)
(2769.41479492, -5402.63476562, 671.568627451)
(2769.41674805, -5402.59472656, 671.568627451)
(2769.41870117, -5402.5546875, 671.568627451)
(2769.4206543, -5402.51464844, 671.568627451)
(2769.42285156, -5402.47460938, 671.568627451)
(2769.42504883, -5402.43457031, 671.568627451)
(2769.42724609, -5402.39453125, 671.568627451)
(2769.42944336, -5402.35449219, 671.568627451)
(2769.43139648, -5402.31445312, 671.568627451)
(2769.43334961, -5402.27441406, 671.568627451)
(2769.43530273, -5402.234375, 671.568627451)
(2769.4375, -5402.19433594, 671.568627451)
(2769.43969727, -5402.15429688, 671.568627451)
(2769.44189453, -5402.11425781, 671.568627451)
(2769.44384766, -5402.07421875, 671.568627451)
(2769.44580078, -5402.03417969, 671.568627451)
(2769.44775391, -5401.99414062, 671.568627451)
(2769.44995117, -5401.95410156, 671.568627451)
(2769.45214844, -5401.9140625, 671.568627451)
(2769.4543457, -5401.87402344, 671.568627451)
(2769.45629883, -5401.83398438, 671.568627451)
(2769.45825195, -5401.79394531, 671.568627451)
(2769.46020508, -5401.75390625, 671.568627451)
(2769.46240234, -5401.71386719, 671.568627451)
(2769.46459961, -5401.67382812, 671.568627451)
(2769.46679688, -5401.63378906, 671.568627451)
(2769.46875, -5401.59375, 671.568627451)
(2769.47070312, -5401.55371094, 671.568627451)
(2769.47265625, -5401.51367188, 671.568627451)
(2769.47485352, -5401.47363281, 671.568627451)
(2769.47705078, -5401.43359375, 671.568627451)
(2769.47924805, -5401.39355469, 671.568627451)
(2769.48144531, -5401.35351562, 671.568627451)
(2769.48339844, -5401.31347656, 671.568627451)
(2769.48535156, -5401.2734375, 671.568627451)
(2769.48730469, -5401.23339844, 671.568627451)
(2769.48950195, -5401.19335938, 671.568627451)
(2769.49169922, -5401.15332031, 671.568627451)
(2769.49389648, -5401.11328125, 671.568627451)
(2769.49438477, -5401.07324219, 671.568627451)
(2769.49487305, -5401.03320312, 671.568627451)
(2769.49536133, -5400.99316406, 671.568627451)
(2769.49584961, -5400.953125, 671.568627451)
(2769.49633789, -5400.91308594, 671.568627451)
(2769.49682617, -5400.87304688, 671.568627451)
(2769.49731445, -5400.83300781, 671.568627451)
(2769.49780273, -5400.79296875, 671.568627451)
(2769.49829102, -5400.75292969, 671.568627451)
(2769.4987793, -5400.71289062, 671.568627451)
(2769.49926758, -5400.67285156, 671.568627451)
(2769.49975586, -5400.6328125, 671.568627451)
(2769.50024414, -5400.59277344, 671.568627451)
(2769.50073242, -5400.55273438, 671.568627451)
(2769.5012207, -5400.51269531, 671.568627451)
(2769.50170898, -5400.47265625, 671.568627451)
(2769.50219727, -5400.43261719, 671.568627451)
(2769.50268555, -5400.39257812, 671.568627451)
(2769.50317383, -5400.35253906, 671.568627451)
(2769.50366211, -5400.3125, 671.568627451)
(2769.50415039, -5400.27246094, 671.568627451)
(2769.50463867, -5400.23242188, 671.568627451)
(2769.50512695, -5400.19238281, 671.568627451)
(2769.50561523, -5400.15234375, 671.568627451)
(2769.50610352, -5400.11230469, 671.568627451)
(2769.5065918, -5400.07226562, 671.568627451)
(2769.50708008, -5400.03222656, 671.568627451)
(2769.50756836, -5399.9921875, 671.568627451)
(2769.50805664, -5399.95214844, 671.568627451)
(2769.50854492, -5399.91210938, 671.568627451)
(2769.50927734, -5399.87207031, 671.568627451)
(2769.51000977, -5399.83203125, 671.568627451)
(2769.51074219, -5399.79199219, 671.568627451)
(2769.51123047, -5399.75195312, 671.568627451)
(2769.51171875, -5399.71191406, 671.568627451)
(2769.51220703, -5399.671875, 671.568627451)
(2769.51293945, -5399.63183594, 671.568627451)
(2769.51367188, -5399.59179688, 671.568627451)
(2769.5144043, -5399.55175781, 671.568627451)
(2769.51489258, -5399.51171875, 671.568627451)
(2769.51538086, -5399.47167969, 671.568627451)
(2769.51586914, -5399.43164062, 671.568627451)
(2769.51660156, -5399.39160156, 671.568627451)
(2769.51733398, -5399.3515625, 671.568627451)
(2769.51806641, -5399.31152344, 671.568627451)
(2769.51855469, -5399.27148438, 671.568627451)
(2769.51904297, -5399.23144531, 671.568627451)
(2769.51953125, -5399.19140625, 671.568627451)
(2769.52026367, -5399.15136719, 671.568627451)
(2769.52050781, -5399.11132812, 671.568627451)
(2769.52075195, -5399.07128906, 671.568627451)
(2769.52099609, -5399.03125, 671.568627451)
(2769.52124023, -5398.99121094, 671.568627451)
(2769.52148438, -5398.95117188, 671.568627451)
(2769.52172852, -5398.91113281, 671.568627451)
(2769.52197266, -5398.87109375, 671.568627451)
(2769.5222168, -5398.83105469, 671.568627451)
(2769.52246094, -5398.79101562, 671.568627451)
(2769.52270508, -5398.75097656, 671.568627451)
(2769.52294922, -5398.7109375, 671.568627451)
(2769.52319336, -5398.67089844, 671.568627451)
(2769.5234375, -5398.63085938, 671.568627451)
(2769.52368164, -5398.59082031, 671.568627451)
(2769.52392578, -5398.55078125, 671.568627451)
(2769.52416992, -5398.51074219, 671.568627451)
(2769.52441406, -5398.47070312, 671.568627451)
(2769.5246582, -5398.43066406, 671.568627451)
(2769.52490234, -5398.390625, 671.568627451)
(2769.52514648, -5398.35058594, 671.568627451)
(2769.52539062, -5398.31054688, 671.568627451)
(2769.52563477, -5398.27050781, 671.568627451)
(2769.52587891, -5398.23046875, 671.568627451)
(2769.52612305, -5398.19042969, 671.568627451)
(2769.52636719, -5398.15039062, 671.568627451)
(2769.52636719, -5398.11035156, 671.568627451)
(2769.52636719, -5398.0703125, 671.568627451)
(2769.52636719, -5398.03027344, 671.568627451)
(2769.52661133, -5397.99023438, 671.568627451)
(2769.52685547, -5397.95019531, 671.568627451)
(2769.52709961, -5397.91015625, 671.568627451)
(2769.52709961, -5397.87011719, 671.568627451)
(2769.52709961, -5397.83007812, 671.568627451)
(2769.52709961, -5397.79003906, 671.568627451)
(2769.52734375, -5397.75, 671.568627451)
(2769.52758789, -5397.70996094, 671.568627451)
(2769.52783203, -5397.66992188, 671.568627451)
(2769.52783203, -5397.62988281, 671.568627451)
(2769.52783203, -5397.58984375, 671.568627451)
(2769.52783203, -5397.54980469, 671.568627451)
(2769.52807617, -5397.50976562, 671.568627451)
(2769.52832031, -5397.46972656, 671.568627451)
(2769.52856445, -5397.4296875, 671.568627451)
(2769.52856445, -5397.38964844, 671.568627451)
(2769.52856445, -5397.34960938, 671.568627451)
(2769.52856445, -5397.30957031, 671.568627451)
(2769.52880859, -5397.26953125, 671.568627451)
(2769.52905273, -5397.22949219, 671.568627451)
(2769.52905273, -5397.18945312, 671.568627451)
(2769.52905273, -5397.14941406, 671.568627451)
(2769.52905273, -5397.109375, 671.568627451)
(2769.52905273, -5397.06933594, 671.568627451)
(2769.52905273, -5397.02929688, 671.568627451)
(2769.52905273, -5396.98925781, 671.568627451)
(2769.52905273, -5396.94921875, 671.568627451)
(2769.52905273, -5396.90917969, 671.568627451)
(2769.52905273, -5396.86914062, 671.568627451)
(2769.52905273, -5396.82910156, 671.568627451)
(2769.52905273, -5396.7890625, 671.568627451)
(2769.52905273, -5396.74902344, 671.568627451)
(2769.52905273, -5396.70898438, 671.568627451)
(2769.52905273, -5396.66894531, 671.568627451)
(2769.52905273, -5396.62890625, 671.568627451)
(2769.52905273, -5396.58886719, 671.568627451)
(2769.52905273, -5396.54882812, 671.568627451)
(2769.52905273, -5396.50878906, 671.568627451)
(2769.52905273, -5396.46875, 671.568627451)
(2769.52905273, -5396.42871094, 671.568627451)
(2769.52905273, -5396.38867188, 671.568627451)
(2769.52905273, -5396.34863281, 671.568627451)
(2769.52905273, -5396.30859375, 671.568627451)
(2769.52905273, -5396.26855469, 671.568627451)
(2769.52905273, -5396.22851562, 671.568627451)
(2769.52905273, -5396.18847656, 671.568627451)
(2769.52905273, -5396.1484375, 671.568627451)
(2769.52905273, -5396.10839844, 671.568627451)
(2769.52905273, -5396.06835938, 671.568627451)
(2769.52905273, -5396.02832031, 671.568627451)
(2769.52905273, -5395.98828125, 671.568627451)
(2769.52905273, -5395.94824219, 671.568627451)
(2769.52905273, -5395.90820312, 671.568627451)
(2769.52905273, -5395.86816406, 671.568627451)
(2769.52905273, -5395.828125, 671.568627451)
(2769.52905273, -5395.78808594, 671.568627451)
(2769.52905273, -5395.74804688, 671.568627451)
(2769.52905273, -5395.70800781, 671.568627451)
(2769.52905273, -5395.66796875, 671.568627451)
(2769.52905273, -5395.62792969, 671.568627451)
(2769.52905273, -5395.58789062, 671.568627451)
(2769.52905273, -5395.54785156, 671.568627451)
(2769.52905273, -5395.5078125, 671.568627451)
(2769.52905273, -5395.46777344, 671.568627451)
(2769.52905273, -5395.42773438, 671.568627451)
(2769.52905273, -5395.38769531, 671.568627451)
(2769.52905273, -5395.34765625, 671.568627451)
(2769.52905273, -5395.30761719, 671.568627451)
(2769.52905273, -5395.26757812, 671.568627451)
(2769.52905273, -5395.22753906, 671.568627451)
(2769.52905273, -5395.1875, 671.568627451)
(2769.52905273, -5395.14746094, 671.568627451)
(2769.52905273, -5395.10742188, 671.568627451)
(2769.52905273, -5395.06738281, 671.568627451)
(2769.52905273, -5395.02734375, 671.568627451)
(2769.52905273, -5394.98730469, 671.568627451)
(2769.52905273, -5394.94726562, 671.568627451)
(2769.52905273, -5394.90722656, 671.568627451)
(2769.52905273, -5394.8671875, 671.568627451)
(2769.52905273, -5394.82714844, 671.568627451)
(2769.52905273, -5394.78710938, 671.568627451)
(2769.52905273, -5394.74707031, 671.568627451)
(2769.52905273, -5394.70703125, 671.568627451)
(2769.52905273, -5394.66699219, 671.568627451)
(2769.52905273, -5394.62695312, 671.568627451)
(2769.52905273, -5394.58691406, 671.568627451)
(2769.52905273, -5394.546875, 671.568627451)
(2769.52905273, -5394.50683594, 671.568627451)
(2769.52905273, -5394.46679688, 671.568627451)
(2769.52905273, -5394.42675781, 671.568627451)
(2769.52905273, -5394.38671875, 671.568627451)
(2769.52905273, -5394.34667969, 671.568627451)
(2769.52905273, -5394.30664062, 671.568627451)
(2769.52905273, -5394.26660156, 671.568627451)
(2769.52905273, -5394.2265625, 671.568627451)
(2769.52905273, -5394.18652344, 671.568627451)
(2769.52905273, -5394.14648438, 671.568627451)
(2769.52905273, -5394.10644531, 671.568627451)
(2769.52905273, -5394.06640625, 671.568627451)
(2769.52905273, -5394.02636719, 671.568627451)
(2769.52905273, -5393.98632812, 671.568627451)
(2769.52905273, -5393.94628906, 671.568627451)
(2769.52905273, -5393.90625, 671.568627451)
(2769.52905273, -5393.86621094, 671.568627451)
(2769.52905273, -5393.82617188, 671.568627451)
(2769.52905273, -5393.78613281, 671.568627451)
(2769.52905273, -5393.74609375, 671.568627451)
(2769.52905273, -5393.70605469, 671.568627451)
(2769.52905273, -5393.66601562, 671.568627451)
(2769.52905273, -5393.62597656, 671.568627451)
(2769.52905273, -5393.5859375, 671.568627451)
(2769.52905273, -5393.54589844, 671.568627451)
(2769.52905273, -5393.50585938, 671.568627451)
(2769.52905273, -5393.46582031, 671.568627451)
(2769.52905273, -5393.42578125, 671.568627451)
(2769.52905273, -5393.38574219, 671.568627451)
(2769.52905273, -5393.34570312, 671.568627451)
(2769.52905273, -5393.30566406, 671.568627451)
(2769.52905273, -5393.265625, 671.568627451)
(2769.52905273, -5393.22558594, 671.568627451)
(2769.52905273, -5393.18554688, 671.568627451)
(2769.52905273, -5393.14550781, 671.568627451)
(2769.52905273, -5393.10546875, 671.568627451)
(2769.52905273, -5393.06542969, 671.568627451)
(2769.52905273, -5393.02539062, 671.568627451)
(2769.52905273, -5392.98535156, 671.568627451)
(2769.52905273, -5392.9453125, 671.568627451)
(2769.52905273, -5392.90527344, 671.568627451)
(2769.52905273, -5392.86523438, 671.568627451)
(2769.52905273, -5392.82519531, 671.568627451)
(2769.52905273, -5392.78515625, 671.568627451)
(2769.52905273, -5392.74511719, 671.568627451)
(2769.52905273, -5392.70507812, 671.568627451)
(2769.52905273, -5392.66503906, 671.568627451)
(2769.52905273, -5392.625, 671.568627451)
(2769.52905273, -5392.58496094, 671.568627451)
(2769.52905273, -5392.54492188, 671.568627451)
(2769.52905273, -5392.50488281, 671.568627451)
(2769.52905273, -5392.46484375, 671.568627451)
(2769.52905273, -5392.42480469, 671.568627451)
(2769.52905273, -5392.38476562, 671.568627451)
(2769.52905273, -5392.34472656, 671.568627451)
(2769.52905273, -5392.3046875, 671.568627451)
(2769.52905273, -5392.26464844, 671.568627451)
(2769.52905273, -5392.22460938, 671.568627451)
(2769.52905273, -5392.18457031, 671.568627451)
(2769.52905273, -5392.14453125, 671.568627451)
(2769.52905273, -5392.10449219, 671.568627451)
(2769.52905273, -5392.06445312, 671.568627451)
(2769.52905273, -5392.02441406, 671.568627451)
(2769.52905273, -5391.984375, 671.568627451)
(2769.52905273, -5391.94433594, 671.568627451)
(2769.52905273, -5391.90429688, 671.568627451)
(2769.52905273, -5391.86425781, 671.568627451)
(2769.52905273, -5391.82421875, 671.568627451)
(2769.52905273, -5391.78417969, 671.568627451)
(2769.52905273, -5391.74414062, 671.568627451)
(2769.52905273, -5391.70410156, 671.568627451)
(2769.52905273, -5391.6640625, 671.568627451)
(2769.52905273, -5391.62402344, 671.568627451)
(2769.52905273, -5391.58398438, 671.568627451)
(2769.52905273, -5391.54394531, 671.568627451)
(2769.52905273, -5391.50390625, 671.568627451)
(2769.52905273, -5391.46386719, 671.568627451)
(2769.52905273, -5391.42382812, 671.568627451)
(2769.52905273, -5391.38378906, 671.568627451)
(2769.52905273, -5391.34375, 671.568627451)
(2769.52905273, -5391.30371094, 671.568627451)
(2769.52905273, -5391.26367188, 671.568627451)
(2769.52905273, -5391.22363281, 671.568627451)
(2769.52905273, -5391.18359375, 671.568627451)
(2769.52905273, -5391.14355469, 671.568627451)
(2769.52905273, -5391.10351562, 671.568627451)
(2769.52905273, -5391.06347656, 671.568627451)
(2769.52905273, -5391.0234375, 671.568627451)
(2769.52905273, -5390.98339844, 671.568627451)
(2769.52905273, -5390.94335938, 671.568627451)
(2769.52905273, -5390.90332031, 671.568627451)
(2769.52905273, -5390.86328125, 671.568627451)
(2769.52905273, -5390.82324219, 671.568627451)
(2769.52905273, -5390.78320312, 671.568627451)
(2769.52905273, -5390.74316406, 671.568627451)
(2769.52905273, -5390.703125, 671.568627451)
(2769.52905273, -5390.66308594, 671.568627451)
(2769.52905273, -5390.62304688, 671.568627451)
(2769.52905273, -5390.58300781, 671.568627451)
(2769.52905273, -5390.54296875, 671.568627451)
(2769.52905273, -5390.50292969, 671.568627451)
(2769.52905273, -5390.46289062, 671.568627451)
(2769.52905273, -5390.42285156, 671.568627451)
(2769.52905273, -5390.3828125, 671.568627451)
(2769.52905273, -5390.34277344, 671.568627451)
(2769.52905273, -5390.30273438, 671.568627451)
(2769.52905273, -5390.26269531, 671.568627451)
(2769.52905273, -5390.22265625, 671.568627451)
(2769.52905273, -5390.18261719, 671.568627451)
(2769.52905273, -5390.14257812, 671.568627451)
(2769.52905273, -5390.10253906, 671.568627451)
(2769.52905273, -5390.0625, 671.568627451)
(2769.52905273, -5390.02246094, 671.568627451)
(2769.52905273, -5389.98242188, 671.568627451)
(2769.52905273, -5389.94238281, 671.568627451)
(2769.52905273, -5389.90234375, 671.568627451)
(2769.52905273, -5389.86230469, 671.568627451)
(2769.52905273, -5389.82226562, 671.568627451)
(2769.52905273, -5389.78222656, 671.568627451)
(2769.52905273, -5389.7421875, 671.568627451)
(2769.52905273, -5389.70214844, 671.568627451)
(2769.52905273, -5389.66210938, 671.568627451)
(2769.52905273, -5389.62207031, 671.568627451)
(2769.52905273, -5389.58203125, 671.568627451)
(2769.52905273, -5389.54199219, 671.568627451)
(2769.52905273, -5389.50195312, 671.568627451)
(2769.52905273, -5389.46191406, 671.568627451)
(2769.52905273, -5389.421875, 671.568627451)
(2769.52905273, -5389.38183594, 671.568627451)
(2769.52905273, -5389.34179688, 671.568627451)
(2769.52905273, -5389.30175781, 671.568627451)
(2769.52905273, -5389.26171875, 671.568627451)
(2769.52905273, -5389.22167969, 671.568627451)
(2769.52905273, -5389.18164062, 671.568627451)
(2769.52905273, -5389.14160156, 671.568627451)
(2769.52905273, -5389.1015625, 671.568627451)
(2769.52905273, -5389.06152344, 671.568627451)
(2769.52905273, -5389.02148438, 671.568627451)
(2769.52905273, -5388.98144531, 671.568627451)
(2769.52905273, -5388.94140625, 671.568627451)
(2769.52905273, -5388.90136719, 671.568627451)
(2769.52905273, -5388.86132812, 671.568627451)
(2769.52905273, -5388.82128906, 671.568627451)
(2769.52905273, -5388.78125, 671.568627451)
(2769.52905273, -5388.74121094, 671.568627451)
(2769.52905273, -5388.70117188, 671.568627451)
(2769.52905273, -5388.66113281, 671.568627451)
(2769.52905273, -5388.62109375, 671.568627451)
(2769.52905273, -5388.58105469, 671.568627451)
(2769.52905273, -5388.54101562, 671.568627451)
(2769.52905273, -5388.50097656, 671.568627451)
(2769.52905273, -5388.4609375, 671.568627451)
(2769.52905273, -5388.42089844, 671.568627451)
(2769.52905273, -5388.38085938, 671.568627451)
(2769.52905273, -5388.34082031, 671.568627451)
(2769.52905273, -5388.30078125, 671.568627451)
(2769.52905273, -5388.26074219, 671.568627451)
(2769.52905273, -5388.22070312, 671.568627451)
(2769.52905273, -5388.18066406, 671.568627451)
(2769.52905273, -5388.140625, 671.568627451)
(2769.52905273, -5388.10058594, 671.568627451)
(2769.52905273, -5388.06054688, 671.568627451)
(2769.52905273, -5388.02050781, 671.568627451)
(2769.52905273, -5387.98046875, 671.568627451)
(2769.52905273, -5387.94042969, 671.568627451)
(2769.52905273, -5387.90039062, 671.568627451)
(2769.52905273, -5387.86035156, 671.568627451)
(2769.52905273, -5387.8203125, 671.568627451)
(2769.52905273, -5387.78027344, 671.568627451)
(2769.52905273, -5387.74023438, 671.568627451)
(2769.52905273, -5387.70019531, 671.568627451)
(2769.52905273, -5387.66015625, 671.568627451)
(2769.52905273, -5387.62011719, 671.568627451)
(2769.52905273, -5387.58007812, 671.568627451)
(2769.52905273, -5387.54003906, 671.568627451)
(2769.52905273, -5387.5, 671.568627451)
(2769.52905273, -5387.45996094, 671.568627451)
(2769.52905273, -5387.41992188, 671.568627451)
(2769.52905273, -5387.37988281, 671.568627451)
(2769.52905273, -5387.33984375, 671.568627451)
(2769.52905273, -5387.29980469, 671.568627451)
(2769.52905273, -5387.25976562, 671.568627451)
(2769.52905273, -5387.21972656, 671.568627451)
(2769.52905273, -5387.1796875, 671.568627451)
(2769.52905273, -5387.13964844, 671.568627451)
(2769.52905273, -5387.09960938, 671.568627451)
(2769.52905273, -5387.05957031, 671.568627451)
(2769.52905273, -5387.01953125, 671.568627451)
(2769.52905273, -5386.97949219, 671.568627451)
(2769.52905273, -5386.93945312, 671.568627451)
(2769.52905273, -5386.89941406, 671.568627451)
(2769.52905273, -5386.859375, 671.568627451)
(2769.52905273, -5386.81933594, 671.568627451)
(2769.52905273, -5386.77929688, 671.568627451)
(2769.52905273, -5386.73925781, 671.568627451)
(2769.52905273, -5386.69921875, 671.568627451)
(2769.52905273, -5386.65917969, 671.568627451)
(2769.52905273, -5386.61914062, 671.568627451)
(2769.52905273, -5386.57910156, 671.568627451)
(2769.52905273, -5386.5390625, 671.568627451)
(2769.52905273, -5386.49902344, 671.568627451)
(2769.52905273, -5386.45898438, 671.568627451)
(2769.52905273, -5386.41894531, 671.568627451)
(2769.52905273, -5386.37890625, 671.568627451)
(2769.52905273, -5386.33886719, 671.568627451)
(2769.52905273, -5386.29882812, 671.568627451)
(2769.52905273, -5386.25878906, 671.568627451)
(2769.52905273, -5386.21875, 671.568627451)
(2769.52905273, -5386.17871094, 671.568627451)
(2769.52905273, -5386.13867188, 671.568627451)
(2769.52905273, -5386.09863281, 671.568627451)
(2769.52905273, -5386.05859375, 671.568627451)
(2769.52905273, -5386.01855469, 671.568627451)
(2769.52905273, -5385.97851562, 671.568627451)
(2769.52905273, -5385.93847656, 671.568627451)
(2769.52905273, -5385.8984375, 671.568627451)
(2769.52905273, -5385.85839844, 671.568627451)
(2769.52905273, -5385.81835938, 671.568627451)
(2769.52905273, -5385.77832031, 671.568627451)
(2769.52905273, -5385.73828125, 671.568627451)
(2769.52905273, -5385.69824219, 671.568627451)
(2769.52905273, -5385.65820312, 671.568627451)
(2769.52905273, -5385.61816406, 671.568627451)
(2769.52905273, -5385.578125, 671.568627451)
(2769.52905273, -5385.53808594, 671.568627451)
(2769.52905273, -5385.49804688, 671.568627451)
(2769.52905273, -5385.45800781, 671.568627451)
(2769.52905273, -5385.41796875, 671.568627451)
(2769.52905273, -5385.37792969, 671.568627451)
(2769.52905273, -5385.33789062, 671.568627451)
(2769.52905273, -5385.29785156, 671.568627451)
(2769.52905273, -5385.2578125, 671.568627451)
(2769.52905273, -5385.21777344, 671.568627451)
(2769.52905273, -5385.17773438, 671.568627451)
(2769.52905273, -5385.13769531, 671.568627451)
(2769.52905273, -5385.09765625, 671.568627451)
(2769.52905273, -5385.05761719, 671.568627451)
(2769.52905273, -5385.01757812, 671.568627451)
(2769.52905273, -5384.97753906, 671.568627451)
(2769.52905273, -5384.9375, 671.568627451)
(2769.52905273, -5384.89746094, 671.568627451)
(2769.52905273, -5384.85742188, 671.568627451)
(2769.52905273, -5384.81738281, 671.568627451)
(2769.52905273, -5384.77734375, 671.568627451)
(2769.52905273, -5384.73730469, 671.568627451)
(2769.52905273, -5384.69726562, 671.568627451)
(2769.52905273, -5384.65722656, 671.568627451)
(2769.52905273, -5384.6171875, 671.568627451)
(2769.52905273, -5384.57714844, 671.568627451)
(2769.52905273, -5384.53710938, 671.568627451)
(2769.52905273, -5384.49707031, 671.568627451)
(2769.52905273, -5384.45703125, 671.568627451)
(2769.52905273, -5384.41699219, 671.568627451)
(2769.52905273, -5384.37695312, 671.568627451)
(2769.52905273, -5384.33691406, 671.568627451)
(2769.52905273, -5384.296875, 671.568627451)
(2769.52905273, -5384.25683594, 671.568627451)
(2769.52905273, -5384.21679688, 671.568627451)
(2769.52905273, -5384.17675781, 671.568627451)
(2769.52905273, -5384.13671875, 671.568627451)
(2769.52905273, -5384.09667969, 671.568627451)
(2769.52905273, -5384.05664062, 671.568627451)
(2769.52905273, -5384.01660156, 671.568627451)
(2769.52905273, -5383.9765625, 671.568627451)
(2769.52905273, -5383.93652344, 671.568627451)
(2769.52905273, -5383.89648438, 671.568627451)
(2769.52905273, -5383.85644531, 671.568627451)
(2769.52905273, -5383.81640625, 671.568627451)
(2769.52905273, -5383.77636719, 671.568627451)
(2769.52905273, -5383.73632812, 671.568627451)
(2769.52905273, -5383.69628906, 671.568627451)
(2769.52905273, -5383.65625, 671.568627451)
(2769.52905273, -5383.61621094, 671.568627451)
(2769.52905273, -5383.57617188, 671.568627451)
(2769.52905273, -5383.53613281, 671.568627451)
(2769.52905273, -5383.49609375, 671.568627451)
(2769.52905273, -5383.45605469, 671.568627451)
(2769.52905273, -5383.41601562, 671.568627451)
(2769.52905273, -5383.37597656, 671.568627451)
(2769.52905273, -5383.3359375, 671.568627451)
(2769.52905273, -5383.29589844, 671.568627451)
(2769.52905273, -5383.25585938, 671.568627451)
(2769.52905273, -5383.21582031, 671.568627451)
(2769.52905273, -5383.17578125, 671.568627451)
(2769.52905273, -5383.13574219, 671.568627451)
(2769.52905273, -5383.09570312, 671.568627451)
(2769.52905273, -5383.05566406, 671.568627451)
(2769.52905273, -5383.015625, 671.568627451)
(2769.52905273, -5382.97558594, 671.568627451)
(2769.52905273, -5382.93554688, 671.568627451)
(2769.52905273, -5382.89550781, 671.568627451)
(2769.52905273, -5382.85546875, 671.568627451)
(2769.52905273, -5382.81542969, 671.568627451)
(2769.52905273, -5382.77539062, 671.568627451)
(2769.52905273, -5382.73535156, 671.568627451)
(2769.52905273, -5382.6953125, 671.568627451)
(2769.52905273, -5382.65527344, 671.568627451)
(2769.52905273, -5382.61523438, 671.568627451)
(2769.52905273, -5382.57519531, 671.568627451)
(2769.52905273, -5382.53515625, 671.568627451)
(2769.52905273, -5382.49511719, 671.568627451)
(2769.52905273, -5382.45507812, 671.568627451)
(2769.52905273, -5382.41503906, 671.568627451)
(2769.52905273, -5382.375, 671.568627451)
(2769.52905273, -5382.33496094, 671.568627451)
(2769.52905273, -5382.29492188, 671.568627451)
(2769.52905273, -5382.25488281, 671.568627451)
(2769.52905273, -5382.21484375, 671.568627451)
(2769.52905273, -5382.17480469, 671.568627451)
(2769.52905273, -5382.13476562, 671.568627451)
(2769.52905273, -5382.09472656, 671.568627451)
(2769.52905273, -5382.0546875, 671.568627451)
(2769.52905273, -5382.01464844, 671.568627451)
(2769.52905273, -5381.97460938, 671.568627451)
(2769.52905273, -5381.93457031, 671.568627451)
(2769.52905273, -5381.89453125, 671.568627451)
(2769.52905273, -5381.85449219, 671.568627451)
(2769.52905273, -5381.81445312, 671.568627451)
(2769.52905273, -5381.77441406, 671.568627451)
(2769.52905273, -5381.734375, 671.568627451)
(2769.52905273, -5381.69433594, 671.568627451)
(2769.52905273, -5381.65429688, 671.568627451)
(2769.52905273, -5381.61425781, 671.568627451)
(2769.52905273, -5381.57421875, 671.568627451)
(2769.52905273, -5381.53417969, 671.568627451)
(2769.52905273, -5381.49414062, 671.568627451)
(2769.52905273, -5381.45410156, 671.568627451)
(2769.52905273, -5381.4140625, 671.568627451)
(2769.52905273, -5381.37402344, 671.568627451)
(2769.52905273, -5381.33398438, 671.568627451)
(2769.52905273, -5381.29394531, 671.568627451)
(2769.52905273, -5381.25390625, 671.568627451)
(2769.52905273, -5381.21386719, 671.568627451)
(2769.52905273, -5381.17382812, 671.568627451)
(2769.52905273, -5381.13378906, 671.568627451)
(2769.52905273, -5381.09375, 671.568627451)
(2769.52905273, -5381.05371094, 671.568627451)
(2769.52905273, -5381.01367188, 671.568627451)
(2769.52905273, -5380.97363281, 671.568627451)
(2769.52905273, -5380.93359375, 671.568627451)
(2769.52905273, -5380.89355469, 671.568627451)
(2769.52905273, -5380.85351562, 671.568627451)
(2769.52905273, -5380.81347656, 671.568627451)
(2769.52905273, -5380.7734375, 671.568627451)
(2769.52905273, -5380.73339844, 671.568627451)
(2769.52905273, -5380.69335938, 671.568627451)
(2769.52905273, -5380.65332031, 671.568627451)
(2769.52905273, -5380.61328125, 671.568627451)
(2769.52905273, -5380.57324219, 671.568627451)
(2769.52905273, -5380.53320312, 671.568627451)
(2769.52905273, -5380.49316406, 671.568627451)
(2769.52905273, -5380.453125, 671.568627451)
(2769.52905273, -5380.41308594, 671.568627451)
(2769.52905273, -5380.37304688, 671.568627451)
(2769.52905273, -5380.33300781, 671.568627451)
(2769.52905273, -5380.29296875, 671.568627451)
(2769.52905273, -5380.25292969, 671.568627451)
(2769.52905273, -5380.21289062, 671.568627451)
(2769.52905273, -5380.17285156, 671.568627451)
(2769.52905273, -5380.1328125, 671.568627451)
(2769.52905273, -5380.09277344, 671.568627451)
(2769.52905273, -5380.05273438, 671.568627451)
(2769.52905273, -5380.01269531, 671.568627451)
(2769.52905273, -5379.97265625, 671.568627451)
(2769.52905273, -5379.93261719, 671.568627451)
(2769.52905273, -5379.89257812, 671.568627451)
(2769.52905273, -5379.85253906, 671.568627451)
(2769.52905273, -5379.8125, 671.568627451)
(2769.52905273, -5379.77246094, 671.568627451)
(2769.52905273, -5379.73242188, 671.568627451)
(2769.52905273, -5379.69238281, 671.568627451)
(2769.52905273, -5379.65234375, 671.568627451)
(2769.52905273, -5379.61230469, 671.568627451)
(2769.52905273, -5379.57226562, 671.568627451)
(2769.52905273, -5379.53222656, 671.568627451)
(2769.52905273, -5379.4921875, 671.568627451)
(2769.52905273, -5379.45214844, 671.568627451)
(2769.52905273, -5379.41210938, 671.568627451)
(2769.52905273, -5379.37207031, 671.568627451)
(2769.52905273, -5379.33203125, 671.568627451)
(2769.52905273, -5379.29199219, 671.568627451)
(2769.52905273, -5379.25195312, 671.568627451)
(2769.52905273, -5379.21191406, 671.568627451)
(2769.52905273, -5379.171875, 671.568627451)
(2769.52905273, -5379.13183594, 671.568627451)
(2769.52905273, -5379.09179688, 671.568627451)
(2769.52905273, -5379.05175781, 671.568627451)
(2769.52905273, -5379.01171875, 671.568627451)
(2769.52905273, -5378.97167969, 671.568627451)
(2769.52905273, -5378.93164062, 671.568627451)
(2769.52905273, -5378.89160156, 671.568627451)
(2769.52905273, -5378.8515625, 671.568627451)
(2769.52905273, -5378.81152344, 671.568627451)
(2769.52905273, -5378.77148438, 671.568627451)
(2769.52905273, -5378.73144531, 671.568627451)
(2769.52905273, -5378.69140625, 671.568627451)
(2769.52905273, -5378.65136719, 671.568627451)
(2769.52905273, -5378.61132812, 671.568627451)
(2769.52905273, -5378.57128906, 671.568627451)
(2769.52905273, -5378.53125, 671.568627451)
(2769.52905273, -5378.49121094, 671.568627451)
(2769.52905273, -5378.45117188, 671.568627451)
(2769.52905273, -5378.41113281, 671.568627451)
(2769.52905273, -5378.37109375, 671.568627451)
(2769.52905273, -5378.33105469, 671.568627451)
(2769.52905273, -5378.29101562, 671.568627451)
(2769.52905273, -5378.25097656, 671.568627451)
(2769.52905273, -5378.2109375, 671.568627451)
(2769.52905273, -5378.17089844, 671.568627451)
(2769.52905273, -5378.13085938, 671.568627451)
(2769.52905273, -5378.09082031, 671.568627451)
(2769.52905273, -5378.05078125, 671.568627451)
(2769.52905273, -5378.01074219, 671.568627451)
(2769.52905273, -5377.97070312, 671.568627451)
(2769.52905273, -5377.93066406, 671.568627451)
(2769.52905273, -5377.890625, 671.568627451)
(2769.52905273, -5377.85058594, 671.568627451)
(2769.52905273, -5377.81054688, 671.568627451)
(2769.52905273, -5377.77050781, 671.568627451)
(2769.52905273, -5377.73046875, 671.568627451)
(2769.52905273, -5377.69042969, 671.568627451)
(2769.52905273, -5377.65039062, 671.568627451)
(2769.52905273, -5377.61035156, 671.568627451)
(2769.52929688, -5377.5703125, 671.568627451)
(2769.52954102, -5377.53027344, 671.568627451)
(2769.52978516, -5377.49023438, 671.568627451)
(2769.52978516, -5377.45019531, 671.568627451)
(2769.52978516, -5377.41015625, 671.568627451)
(2769.52978516, -5377.37011719, 671.568627451)
(2769.5300293, -5377.33007812, 671.568627451)
(2769.53027344, -5377.29003906, 671.568627451)
