(-18563.4199219, 21582.0, 248.170403587)
(-18563.3398438, 21582.0019531, 248.170403587)
(-18563.2597656, 21582.0039062, 248.170403587)
(-18563.1796875, 21582.0058594, 248.170403587)
(-18563.0996094, 21582.0078125, 248.170403587)
(-18563.0195312, 21582.0097656, 248.170403587)
(-18562.9394531, 21582.0117188, 248.170403587)
(-18562.859375, 21582.0136719, 248.170403587)
(-18562.7792969, 21582.015625, 248.170403587)
(-18562.6992188, 21582.0175781, 248.170403587)
(-18562.6191406, 21582.0195312, 248.170403587)
(-18562.5390625, 21582.0195312, 248.170403587)
(-18562.4589844, 21582.0195312, 248.170403587)
(-18562.3789062, 21582.0195312, 248.170403587)
(-18562.2988281, 21582.0214844, 248.170403587)
(-18562.21875, 21582.0234375, 248.170403587)
(-18562.1386719, 21582.0253906, 248.170403587)
(-18562.0585938, 21582.0253906, 248.170403587)
(-18561.9785156, 21582.0253906, 248.170403587)
(-18561.8984375, 21582.0253906, 248.170403587)
(-18561.8183594, 21582.0253906, 248.170403587)
(-18561.7382812, 21582.0253906, 248.170403587)
(-18561.6582031, 21582.0253906, 248.170403587)
(-18561.578125, 21582.0253906, 248.170403587)
(-18561.4980469, 21582.0253906, 248.170403587)
(-18561.4179688, 21582.0253906, 248.170403587)
(-18561.3378906, 21582.0253906, 248.170403587)
(-18561.2578125, 21582.0253906, 248.170403587)
(-18561.1777344, 21582.0253906, 248.170403587)
(-18561.0976562, 21582.0253906, 248.170403587)
(-18561.0175781, 21582.0253906, 248.170403587)
(-18560.9375, 21582.0253906, 248.170403587)
(-18560.8574219, 21582.0253906, 248.170403587)
(-18560.7773438, 21582.0253906, 248.170403587)
(-18560.6972656, 21582.0253906, 248.170403587)
(-18560.6171875, 21582.0253906, 248.170403587)
(-18560.5371094, 21582.0253906, 248.170403587)
(-18560.4570312, 21582.0253906, 248.170403587)
(-18560.3769531, 21582.0253906, 248.170403587)
(-18560.296875, 21582.0253906, 248.170403587)
(-18560.2167969, 21582.0253906, 248.170403587)
(-18560.1367188, 21582.0253906, 248.170403587)
(-18560.0566406, 21582.0253906, 248.170403587)
(-18559.9765625, 21582.0253906, 248.170403587)
(-18559.8964844, 21582.0253906, 248.170403587)
(-18559.8164062, 21582.0253906, 248.170403587)
(-18559.7363281, 21582.0253906, 248.170403587)
(-18559.65625, 21582.0253906, 248.170403587)
(-18559.5761719, 21582.0253906, 248.170403587)
(-18559.4960938, 21582.0253906, 248.170403587)
(-18559.4160156, 21582.0253906, 248.170403587)
(-18559.3359375, 21582.0253906, 248.170403587)
(-18559.2558594, 21582.0253906, 248.170403587)
(-18559.1757812, 21582.0253906, 248.170403587)
(-18559.0957031, 21582.0253906, 248.170403587)
(-18559.015625, 21582.0253906, 248.170403587)
(-18558.9355469, 21582.0253906, 248.170403587)
(-18558.8554688, 21582.0253906, 248.170403587)
(-18558.7753906, 21582.0253906, 248.170403587)
(-18558.6953125, 21582.0253906, 248.170403587)
(-18558.6152344, 21582.0253906, 248.170403587)
(-18558.5351562, 21582.0253906, 248.170403587)
(-18558.4550781, 21582.0253906, 248.170403587)
(-18558.375, 21582.0253906, 248.170403587)
(-18558.2949219, 21582.0253906, 248.170403587)
(-18558.2148438, 21582.0253906, 248.170403587)
(-18558.1347656, 21582.0253906, 248.170403587)
(-18558.0546875, 21582.0253906, 248.170403587)
(-18557.9746094, 21582.0253906, 248.170403587)
(-18557.8945312, 21582.0253906, 248.170403587)
(-18557.8164062, 21582.0371094, 248.170403587)
(-18557.7402344, 21582.0605469, 248.170403587)
(-18557.6679688, 21582.0957031, 248.170403587)
(-18557.6015625, 21582.140625, 248.170403587)
(-18557.5429688, 21582.1953125, 248.170403587)
(-18557.484375, 21582.25, 248.170403587)
(-18557.4257812, 21582.3046875, 248.170403587)
(-18557.3671875, 21582.359375, 248.170403587)
(-18557.3085938, 21582.4140625, 248.170403587)
(-18557.25, 21582.46875, 248.170403587)
(-18557.1914062, 21582.5234375, 248.170403587)
(-18557.1328125, 21582.578125, 248.170403587)
(-18557.0742188, 21582.6328125, 248.170403587)
(-18557.015625, 21582.6875, 248.170403587)
(-18556.9570312, 21582.7421875, 248.170403587)
(-18556.8984375, 21582.796875, 248.170403587)
(-18556.8398438, 21582.8515625, 248.170403587)
(-18556.78125, 21582.90625, 248.170403587)
(-18556.7226562, 21582.9609375, 248.170403587)
(-18556.6640625, 21583.015625, 248.170403587)
(-18556.6054688, 21583.0703125, 248.170403587)
(-18556.546875, 21583.125, 248.170403587)
(-18556.4882812, 21583.1796875, 248.170403587)
(-18556.4296875, 21583.234375, 248.170403587)
(-18556.3710938, 21583.2890625, 248.170403587)
(-18556.3125, 21583.34375, 248.170403587)
(-18556.2539062, 21583.3984375, 248.170403587)
(-18556.1953125, 21583.453125, 248.170403587)
(-18556.1367188, 21583.5078125, 248.170403587)
(-18556.078125, 21583.5625, 248.170403587)
(-18556.0195312, 21583.6171875, 248.170403587)
(-18555.9609375, 21583.671875, 248.170403587)
(-18555.9023438, 21583.7265625, 248.170403587)
(-18555.84375, 21583.78125, 248.170403587)
(-18555.7851562, 21583.8359375, 248.170403587)
(-18555.7265625, 21583.890625, 248.170403587)
(-18555.6679688, 21583.9453125, 248.170403587)
(-18555.609375, 21584.0, 248.170403587)
(-18555.5507812, 21584.0546875, 248.170403587)
(-18555.4921875, 21584.109375, 248.170403587)
(-18555.4335938, 21584.1640625, 248.170403587)
(-18555.375, 21584.21875, 248.170403587)
(-18555.3164062, 21584.2734375, 248.170403587)
(-18555.2578125, 21584.328125, 248.170403587)
(-18555.1992188, 21584.3828125, 248.170403587)
(-18555.140625, 21584.4375, 248.170403587)
(-18555.0820312, 21584.4921875, 248.170403587)
(-18555.0234375, 21584.546875, 248.170403587)
(-18554.9648438, 21584.6015625, 248.170403587)
(-18554.9082031, 21584.6582031, 248.170403587)
(-18554.8515625, 21584.7148438, 248.170403587)
(-18554.7949219, 21584.7714844, 248.170403587)
(-18554.7382812, 21584.828125, 248.170403587)
(-18554.6816406, 21584.8847656, 248.170403587)
(-18554.625, 21584.9414062, 248.170403587)
(-18554.5683594, 21584.9980469, 248.170403587)
(-18554.5117188, 21585.0546875, 248.170403587)
(-18554.4550781, 21585.1113281, 248.170403587)
(-18554.3984375, 21585.1679688, 248.170403587)
(-18554.3417969, 21585.2246094, 248.170403587)
(-18554.2851562, 21585.28125, 248.170403587)
(-18554.2285156, 21585.3378906, 248.170403587)
(-18554.171875, 21585.3945312, 248.170403587)
(-18554.1152344, 21585.4511719, 248.170403587)
(-18554.0585938, 21585.5078125, 248.170403587)
(-18554.0019531, 21585.5644531, 248.170403587)
(-18553.9453125, 21585.6210938, 248.170403587)
(-18553.8886719, 21585.6777344, 248.170403587)
(-18553.8320312, 21585.734375, 248.170403587)
(-18553.7753906, 21585.7910156, 248.170403587)
(-18553.71875, 21585.8476562, 248.170403587)
(-18553.6621094, 21585.9042969, 248.170403587)
(-18553.6054688, 21585.9609375, 248.170403587)
(-18553.5488281, 21586.0175781, 248.170403587)
(-18553.4921875, 21586.0742188, 248.170403587)
(-18553.4355469, 21586.1308594, 248.170403587)
(-18553.3789062, 21586.1875, 248.170403587)
(-18553.3222656, 21586.2441406, 248.170403587)
(-18553.265625, 21586.3007812, 248.170403587)
(-18553.2089844, 21586.3574219, 248.170403587)
(-18553.1523438, 21586.4121094, 248.170403587)
(-18553.09375, 21586.4667969, 248.170403587)
(-18553.0351562, 21586.5214844, 248.170403587)
(-18552.9785156, 21586.5761719, 248.170403587)
(-18552.921875, 21586.6328125, 248.170403587)
(-18552.8652344, 21586.6894531, 248.170403587)
(-18552.8085938, 21586.7460938, 248.170403587)
(-18552.7519531, 21586.8027344, 248.170403587)
(-18552.6953125, 21586.859375, 248.170403587)
(-18552.6386719, 21586.9160156, 248.170403587)
(-18552.5820312, 21586.9726562, 248.170403587)
(-18552.5253906, 21587.0292969, 248.170403587)
(-18552.46875, 21587.0859375, 248.170403587)
(-18552.4121094, 21587.1425781, 248.170403587)
(-18552.3554688, 21587.1992188, 248.170403587)
(-18552.2988281, 21587.2558594, 248.170403587)
(-18552.2421875, 21587.3125, 248.170403587)
(-18552.1855469, 21587.3691406, 248.170403587)
(-18552.1289062, 21587.4257812, 248.170403587)
(-18552.0722656, 21587.4824219, 248.170403587)
(-18552.015625, 21587.5390625, 248.170403587)
(-18551.9589844, 21587.5957031, 248.170403587)
(-18551.9023438, 21587.6523438, 248.170403587)
(-18551.8457031, 21587.7089844, 248.170403587)
(-18551.7890625, 21587.765625, 248.170403587)
(-18551.7324219, 21587.8222656, 248.170403587)
(-18551.6757812, 21587.8789062, 248.170403587)
(-18551.6191406, 21587.9355469, 248.170403587)
(-18551.5625, 21587.9921875, 248.170403587)
(-18551.5058594, 21588.0488281, 248.170403587)
(-18551.4492188, 21588.1054688, 248.170403587)
(-18551.3925781, 21588.1621094, 248.170403587)
(-18551.3359375, 21588.21875, 248.170403587)
(-18551.2792969, 21588.2753906, 248.170403587)
(-18551.2226562, 21588.3320312, 248.170403587)
(-18551.1660156, 21588.3886719, 248.170403587)
(-18551.109375, 21588.4453125, 248.170403587)
(-18551.0527344, 21588.5019531, 248.170403587)
(-18550.9960938, 21588.5585938, 248.170403587)
(-18550.9394531, 21588.6152344, 248.170403587)
(-18550.8828125, 21588.671875, 248.170403587)
(-18550.8261719, 21588.7285156, 248.170403587)
(-18550.7695312, 21588.7851562, 248.170403587)
(-18550.7128906, 21588.8417969, 248.170403587)
(-18550.65625, 21588.8984375, 248.170403587)
(-18550.5996094, 21588.9550781, 248.170403587)
(-18550.5429688, 21589.0117188, 248.170403587)
(-18550.4863281, 21589.0683594, 248.170403587)
(-18550.4296875, 21589.125, 248.170403587)
(-18550.3730469, 21589.1816406, 248.170403587)
(-18550.3164062, 21589.2382812, 248.170403587)
(-18550.2597656, 21589.2949219, 248.170403587)
(-18550.203125, 21589.3515625, 248.170403587)
(-18550.1464844, 21589.4082031, 248.170403587)
(-18550.0898438, 21589.4648438, 248.170403587)
(-18550.0332031, 21589.5214844, 248.170403587)
(-18549.9765625, 21589.578125, 248.170403587)
(-18549.9199219, 21589.6347656, 248.170403587)
(-18549.8632812, 21589.6914062, 248.170403587)
(-18549.8066406, 21589.7480469, 248.170403587)
(-18549.75, 21589.8046875, 248.170403587)
(-18549.6933594, 21589.8613281, 248.170403587)
(-18549.6367188, 21589.9179688, 248.170403587)
(-18549.5800781, 21589.9746094, 248.170403587)
(-18549.5234375, 21590.03125, 248.170403587)
(-18549.4667969, 21590.0878906, 248.170403587)
(-18549.4101562, 21590.1445312, 248.170403587)
(-18549.3535156, 21590.2011719, 248.170403587)
(-18549.296875, 21590.2578125, 248.170403587)
(-18549.2402344, 21590.3144531, 248.170403587)
(-18549.1835938, 21590.3710938, 248.170403587)
(-18549.1269531, 21590.4277344, 248.170403587)
(-18549.0703125, 21590.484375, 248.170403587)
(-18549.0136719, 21590.5410156, 248.170403587)
(-18548.9570312, 21590.5976562, 248.170403587)
(-18548.9003906, 21590.6542969, 248.170403587)
(-18548.84375, 21590.7109375, 248.170403587)
(-18548.7871094, 21590.7675781, 248.170403587)
(-18548.7304688, 21590.8242188, 248.170403587)
(-18548.6738281, 21590.8808594, 248.170403587)
(-18548.6171875, 21590.9375, 248.170403587)
(-18548.5605469, 21590.9941406, 248.170403587)
(-18548.5039062, 21591.0507812, 248.170403587)
(-18548.4472656, 21591.1074219, 248.170403587)
(-18548.390625, 21591.1640625, 248.170403587)
(-18548.3339844, 21591.2207031, 248.170403587)
(-18548.2773438, 21591.2773438, 248.170403587)
(-18548.2207031, 21591.3339844, 248.170403587)
(-18548.1640625, 21591.390625, 248.170403587)
(-18548.1074219, 21591.4472656, 248.170403587)
(-18548.0507812, 21591.5039062, 248.170403587)
(-18547.9941406, 21591.5605469, 248.170403587)
(-18547.9375, 21591.6171875, 248.170403587)
(-18547.8808594, 21591.6738281, 248.170403587)
(-18547.8242188, 21591.7304688, 248.170403587)
(-18547.7675781, 21591.7871094, 248.170403587)
(-18547.7109375, 21591.84375, 248.170403587)
(-18547.6542969, 21591.9003906, 248.170403587)
(-18547.5976562, 21591.9570312, 248.170403587)
(-18547.5410156, 21592.0136719, 248.170403587)
(-18547.484375, 21592.0703125, 248.170403587)
(-18547.4277344, 21592.1269531, 248.170403587)
(-18547.3710938, 21592.1835938, 248.170403587)
(-18547.3144531, 21592.2402344, 248.170403587)
(-18547.2578125, 21592.296875, 248.170403587)
(-18547.2011719, 21592.3535156, 248.170403587)
(-18547.1445312, 21592.4101562, 248.170403587)
(-18547.0878906, 21592.4667969, 248.170403587)
(-18547.03125, 21592.5234375, 248.170403587)
(-18546.9746094, 21592.5800781, 248.170403587)
(-18546.9179688, 21592.6367188, 248.170403587)
(-18546.8613281, 21592.6933594, 248.170403587)
(-18546.8046875, 21592.75, 248.170403587)
(-18546.7480469, 21592.8066406, 248.170403587)
(-18546.6914062, 21592.8632812, 248.170403587)
(-18546.6347656, 21592.9199219, 248.170403587)
(-18546.578125, 21592.9765625, 248.170403587)
(-18546.5214844, 21593.0332031, 248.170403587)
(-18546.4648438, 21593.0898438, 248.170403587)
(-18546.4082031, 21593.1464844, 248.170403587)
(-18546.3515625, 21593.203125, 248.170403587)
(-18546.2949219, 21593.2597656, 248.170403587)
(-18546.2382812, 21593.3164062, 248.170403587)
(-18546.1816406, 21593.3730469, 248.170403587)
(-18546.125, 21593.4296875, 248.170403587)
(-18546.0683594, 21593.4863281, 248.170403587)
(-18546.0117188, 21593.5429688, 248.170403587)
(-18545.9550781, 21593.5996094, 248.170403587)
(-18545.8984375, 21593.65625, 248.170403587)
(-18545.8417969, 21593.7128906, 248.170403587)
(-18545.7851562, 21593.7695312, 248.170403587)
(-18545.7285156, 21593.8261719, 248.170403587)
(-18545.671875, 21593.8828125, 248.170403587)
(-18545.6152344, 21593.9394531, 248.170403587)
(-18545.5585938, 21593.9960938, 248.170403587)
(-18545.5019531, 21594.0527344, 248.170403587)
(-18545.4453125, 21594.109375, 248.170403587)
(-18545.3886719, 21594.1660156, 248.170403587)
(-18545.3320312, 21594.2226562, 248.170403587)
(-18545.2753906, 21594.2792969, 248.170403587)
(-18545.21875, 21594.3359375, 248.170403587)
(-18545.1621094, 21594.3925781, 248.170403587)
(-18545.1054688, 21594.4492188, 248.170403587)
(-18545.0488281, 21594.5058594, 248.170403587)
(-18544.9921875, 21594.5625, 248.170403587)
(-18544.9355469, 21594.6191406, 248.170403587)
(-18544.8789062, 21594.6757812, 248.170403587)
(-18544.8222656, 21594.7324219, 248.170403587)
(-18544.765625, 21594.7890625, 248.170403587)
(-18544.7089844, 21594.8457031, 248.170403587)
(-18544.6523438, 21594.9023438, 248.170403587)
(-18544.5957031, 21594.9589844, 248.170403587)
(-18544.5390625, 21595.015625, 248.170403587)
(-18544.4824219, 21595.0722656, 248.170403587)
(-18544.4257812, 21595.1289062, 248.170403587)
(-18544.3691406, 21595.1855469, 248.170403587)
(-18544.3125, 21595.2421875, 248.170403587)
(-18544.2558594, 21595.2988281, 248.170403587)
(-18544.1992188, 21595.3554688, 248.170403587)
(-18544.1425781, 21595.4121094, 248.170403587)
(-18544.0859375, 21595.46875, 248.170403587)
(-18544.0292969, 21595.5253906, 248.170403587)
(-18543.9726562, 21595.5820312, 248.170403587)
(-18543.9160156, 21595.6386719, 248.170403587)
(-18543.859375, 21595.6953125, 248.170403587)
(-18543.8027344, 21595.7519531, 248.170403587)
(-18543.7460938, 21595.8085938, 248.170403587)
(-18543.6894531, 21595.8652344, 248.170403587)
(-18543.6328125, 21595.921875, 248.170403587)
(-18543.5761719, 21595.9785156, 248.170403587)
(-18543.5195312, 21596.0351562, 248.170403587)
(-18543.4628906, 21596.0917969, 248.170403587)
(-18543.40625, 21596.1484375, 248.170403587)
(-18543.3496094, 21596.2050781, 248.170403587)
(-18543.2929688, 21596.2617188, 248.170403587)
(-18543.2363281, 21596.3183594, 248.170403587)
(-18543.1796875, 21596.375, 248.170403587)
(-18543.1230469, 21596.4316406, 248.170403587)
(-18543.0664062, 21596.4882812, 248.170403587)
(-18543.0097656, 21596.5449219, 248.170403587)
(-18542.953125, 21596.6015625, 248.170403587)
(-18542.8964844, 21596.6582031, 248.170403587)
(-18542.8398438, 21596.7148438, 248.170403587)
(-18542.7832031, 21596.7714844, 248.170403587)
(-18542.7265625, 21596.828125, 248.170403587)
(-18542.6699219, 21596.8847656, 248.170403587)
(-18542.6132812, 21596.9414062, 248.170403587)
(-18542.5566406, 21596.9980469, 248.170403587)
(-18542.5, 21597.0546875, 248.170403587)
(-18542.4433594, 21597.1113281, 248.170403587)
(-18542.3867188, 21597.1679688, 248.170403587)
(-18542.3300781, 21597.2246094, 248.170403587)
(-18542.2734375, 21597.28125, 248.170403587)
(-18542.2167969, 21597.3378906, 248.170403587)
(-18542.1601562, 21597.3945312, 248.170403587)
(-18542.1035156, 21597.4511719, 248.170403587)
(-18542.046875, 21597.5078125, 248.170403587)
(-18541.9902344, 21597.5644531, 248.170403587)
(-18541.9335938, 21597.6210938, 248.170403587)
(-18541.8769531, 21597.6777344, 248.170403587)
(-18541.8203125, 21597.734375, 248.170403587)
(-18541.7636719, 21597.7910156, 248.170403587)
(-18541.7070312, 21597.8476562, 248.170403587)
(-18541.6503906, 21597.9042969, 248.170403587)
(-18541.59375, 21597.9609375, 248.170403587)
(-18541.5371094, 21598.0175781, 248.170403587)
(-18541.4804688, 21598.0742188, 248.170403587)
(-18541.4238281, 21598.1308594, 248.170403587)
(-18541.3671875, 21598.1875, 248.170403587)
(-18541.3105469, 21598.2441406, 248.170403587)
(-18541.2539062, 21598.3007812, 248.170403587)
(-18541.1972656, 21598.3574219, 248.170403587)
(-18541.140625, 21598.4140625, 248.170403587)
(-18541.0839844, 21598.4707031, 248.170403587)
(-18541.0273438, 21598.5273438, 248.170403587)
(-18540.9707031, 21598.5839844, 248.170403587)
(-18540.9140625, 21598.640625, 248.170403587)
(-18540.8574219, 21598.6972656, 248.170403587)
(-18540.8007812, 21598.7539062, 248.170403587)
(-18540.7441406, 21598.8105469, 248.170403587)
(-18540.6875, 21598.8671875, 248.170403587)
(-18540.6308594, 21598.9238281, 248.170403587)
(-18540.5742188, 21598.9804688, 248.170403587)
(-18540.5175781, 21599.0371094, 248.170403587)
(-18540.4609375, 21599.09375, 248.170403587)
(-18540.4042969, 21599.1503906, 248.170403587)
(-18540.3476562, 21599.2070312, 248.170403587)
(-18540.2910156, 21599.2636719, 248.170403587)
(-18540.234375, 21599.3203125, 248.170403587)
(-18540.1777344, 21599.3769531, 248.170403587)
(-18540.1210938, 21599.4335938, 248.170403587)
(-18540.0644531, 21599.4902344, 248.170403587)
(-18540.0078125, 21599.546875, 248.170403587)
(-18539.9511719, 21599.6035156, 248.170403587)
(-18539.8945312, 21599.6601562, 248.170403587)
(-18539.8378906, 21599.7167969, 248.170403587)
(-18539.78125, 21599.7734375, 248.170403587)
(-18539.7246094, 21599.8300781, 248.170403587)
(-18539.6679688, 21599.8867188, 248.170403587)
(-18539.6113281, 21599.9433594, 248.170403587)
(-18539.5546875, 21600.0, 248.170403587)
(-18539.4980469, 21600.0566406, 248.170403587)
(-18539.4414062, 21600.1132812, 248.170403587)
(-18539.3847656, 21600.1699219, 248.170403587)
(-18539.328125, 21600.2265625, 248.170403587)
(-18539.2714844, 21600.2832031, 248.170403587)
(-18539.2148438, 21600.3398438, 248.170403587)
(-18539.1582031, 21600.3964844, 248.170403587)
(-18539.1015625, 21600.453125, 248.170403587)
(-18539.0449219, 21600.5097656, 248.170403587)
(-18538.9882812, 21600.5664062, 248.170403587)
(-18538.9316406, 21600.6230469, 248.170403587)
(-18538.875, 21600.6796875, 248.170403587)
(-18538.8183594, 21600.7363281, 248.170403587)
(-18538.7617188, 21600.7929688, 248.170403587)
(-18538.7050781, 21600.8496094, 248.170403587)
(-18538.6484375, 21600.90625, 248.170403587)
(-18538.5917969, 21600.9628906, 248.170403587)
(-18538.5351562, 21601.0195312, 248.170403587)
(-18538.4785156, 21601.0761719, 248.170403587)
(-18538.421875, 21601.1328125, 248.170403587)
(-18538.3652344, 21601.1894531, 248.170403587)
(-18538.3085938, 21601.2460938, 248.170403587)
(-18538.2519531, 21601.3027344, 248.170403587)
(-18538.1953125, 21601.359375, 248.170403587)
(-18538.1386719, 21601.4160156, 248.170403587)
(-18538.0820312, 21601.4726562, 248.170403587)
(-18538.0253906, 21601.5292969, 248.170403587)
(-18537.96875, 21601.5859375, 248.170403587)
(-18537.9121094, 21601.6425781, 248.170403587)
(-18537.8554688, 21601.6992188, 248.170403587)
(-18537.7988281, 21601.7558594, 248.170403587)
(-18537.7421875, 21601.8125, 248.170403587)
(-18537.6855469, 21601.8691406, 248.170403587)
(-18537.6289062, 21601.9257812, 248.170403587)
(-18537.5722656, 21601.9824219, 248.170403587)
(-18537.515625, 21602.0390625, 248.170403587)
(-18537.4589844, 21602.0957031, 248.170403587)
(-18537.4023438, 21602.1523438, 248.170403587)
(-18537.3457031, 21602.2089844, 248.170403587)
(-18537.2890625, 21602.265625, 248.170403587)
(-18537.2324219, 21602.3222656, 248.170403587)
(-18537.1757812, 21602.3789062, 248.170403587)
(-18537.1191406, 21602.4355469, 248.170403587)
(-18537.0625, 21602.4921875, 248.170403587)
(-18537.0058594, 21602.5488281, 248.170403587)
(-18536.9492188, 21602.6054688, 248.170403587)
(-18536.8925781, 21602.6621094, 248.170403587)
(-18536.8359375, 21602.71875, 248.170403587)
(-18536.7792969, 21602.7753906, 248.170403587)
(-18536.7226562, 21602.8320312, 248.170403587)
(-18536.6660156, 21602.8886719, 248.170403587)
(-18536.609375, 21602.9453125, 248.170403587)
(-18536.5527344, 21603.0019531, 248.170403587)
(-18536.4960938, 21603.0585938, 248.170403587)
(-18536.4394531, 21603.1152344, 248.170403587)
(-18536.3828125, 21603.171875, 248.170403587)
(-18536.3261719, 21603.2285156, 248.170403587)
(-18536.2695312, 21603.2851562, 248.170403587)
(-18536.2128906, 21603.3417969, 248.170403587)
(-18536.15625, 21603.3984375, 248.170403587)
(-18536.0996094, 21603.4550781, 248.170403587)
(-18536.0429688, 21603.5117188, 248.170403587)
(-18535.9863281, 21603.5683594, 248.170403587)
(-18535.9296875, 21603.625, 248.170403587)
(-18535.8730469, 21603.6816406, 248.170403587)
(-18535.8164062, 21603.7382812, 248.170403587)
(-18535.7597656, 21603.7949219, 248.170403587)
(-18535.703125, 21603.8515625, 248.170403587)
(-18535.6464844, 21603.9082031, 248.170403587)
(-18535.5898438, 21603.9648438, 248.170403587)
(-18535.5332031, 21604.0214844, 248.170403587)
(-18535.4765625, 21604.078125, 248.170403587)
(-18535.4199219, 21604.1347656, 248.170403587)
(-18535.3632812, 21604.1914062, 248.170403587)
(-18535.3066406, 21604.2480469, 248.170403587)
(-18535.25, 21604.3046875, 248.170403587)
(-18535.1933594, 21604.3613281, 248.170403587)
(-18535.1367188, 21604.4179688, 248.170403587)
(-18535.0800781, 21604.4746094, 248.170403587)
(-18535.0234375, 21604.53125, 248.170403587)
(-18534.9667969, 21604.5878906, 248.170403587)
(-18534.9101562, 21604.6445312, 248.170403587)
(-18534.8535156, 21604.7011719, 248.170403587)
(-18534.796875, 21604.7578125, 248.170403587)
(-18534.7402344, 21604.8144531, 248.170403587)
(-18534.6835938, 21604.8710938, 248.170403587)
(-18534.6269531, 21604.9277344, 248.170403587)
(-18534.5703125, 21604.984375, 248.170403587)
(-18534.5136719, 21605.0410156, 248.170403587)
(-18534.4570312, 21605.0976562, 248.170403587)
(-18534.4003906, 21605.1542969, 248.170403587)
(-18534.34375, 21605.2109375, 248.170403587)
(-18534.2871094, 21605.2675781, 248.170403587)
(-18534.2304688, 21605.3242188, 248.170403587)
(-18534.1738281, 21605.3808594, 248.170403587)
(-18534.1171875, 21605.4375, 248.170403587)
(-18534.0605469, 21605.4941406, 248.170403587)
(-18534.0039062, 21605.5507812, 248.170403587)
(-18533.9472656, 21605.6074219, 248.170403587)
(-18533.890625, 21605.6640625, 248.170403587)
(-18533.8339844, 21605.7207031, 248.170403587)
(-18533.7773438, 21605.7773438, 248.170403587)
(-18533.7207031, 21605.8339844, 248.170403587)
(-18533.6640625, 21605.890625, 248.170403587)
(-18533.6074219, 21605.9472656, 248.170403587)
(-18533.5507812, 21606.0039062, 248.170403587)
(-18533.4941406, 21606.0605469, 248.170403587)
(-18533.4375, 21606.1171875, 248.170403587)
(-18533.3808594, 21606.1738281, 248.170403587)
(-18533.3242188, 21606.2304688, 248.170403587)
(-18533.2675781, 21606.2871094, 248.170403587)
(-18533.2109375, 21606.34375, 248.170403587)
(-18533.1542969, 21606.4003906, 248.170403587)
(-18533.0976562, 21606.4570312, 248.170403587)
(-18533.0410156, 21606.5136719, 248.170403587)
(-18532.984375, 21606.5703125, 248.170403587)
(-18532.9277344, 21606.6269531, 248.170403587)
(-18532.8710938, 21606.6835938, 248.170403587)
(-18532.8144531, 21606.7402344, 248.170403587)
(-18532.7578125, 21606.796875, 248.170403587)
(-18532.7011719, 21606.8535156, 248.170403587)
(-18532.6445312, 21606.9101562, 248.170403587)
(-18532.5878906, 21606.9667969, 248.170403587)
(-18532.53125, 21607.0234375, 248.170403587)
(-18532.4746094, 21607.0800781, 248.170403587)
(-18532.4179688, 21607.1367188, 248.170403587)
(-18532.3613281, 21607.1933594, 248.170403587)
(-18532.3046875, 21607.25, 248.170403587)
(-18532.2480469, 21607.3066406, 248.170403587)
(-18532.1914062, 21607.3632812, 248.170403587)
(-18532.1347656, 21607.4199219, 248.170403587)
(-18532.078125, 21607.4765625, 248.170403587)
(-18532.0214844, 21607.5332031, 248.170403587)
(-18531.9648438, 21607.5898438, 248.170403587)
(-18531.9082031, 21607.6464844, 248.170403587)
(-18531.8515625, 21607.703125, 248.170403587)
(-18531.7949219, 21607.7597656, 248.170403587)
(-18531.7382812, 21607.8164062, 248.170403587)
(-18531.6816406, 21607.8730469, 248.170403587)
(-18531.625, 21607.9296875, 248.170403587)
(-18531.5683594, 21607.9863281, 248.170403587)
(-18531.5117188, 21608.0429688, 248.170403587)
(-18531.4550781, 21608.0996094, 248.170403587)
(-18531.3984375, 21608.15625, 248.170403587)
(-18531.3417969, 21608.2128906, 248.170403587)
(-18531.2851562, 21608.2695312, 248.170403587)
(-18531.2285156, 21608.3261719, 248.170403587)
(-18531.171875, 21608.3828125, 248.170403587)
(-18531.1152344, 21608.4394531, 248.170403587)
(-18531.0585938, 21608.4960938, 248.170403587)
(-18531.0019531, 21608.5527344, 248.170403587)
(-18530.9453125, 21608.609375, 248.170403587)
(-18530.8886719, 21608.6660156, 248.170403587)
(-18530.8320312, 21608.7226562, 248.170403587)
(-18530.7753906, 21608.7792969, 248.170403587)
(-18530.71875, 21608.8359375, 248.170403587)
(-18530.6621094, 21608.8925781, 248.170403587)
(-18530.6054688, 21608.9492188, 248.170403587)
(-18530.5488281, 21609.0058594, 248.170403587)
(-18530.4921875, 21609.0625, 248.170403587)
(-18530.4355469, 21609.1191406, 248.170403587)
(-18530.3789062, 21609.1757812, 248.170403587)
(-18530.3222656, 21609.2324219, 248.170403587)
(-18530.265625, 21609.2890625, 248.170403587)
(-18530.2089844, 21609.3457031, 248.170403587)
(-18530.1523438, 21609.4023438, 248.170403587)
(-18530.0957031, 21609.4589844, 248.170403587)
(-18530.0390625, 21609.515625, 248.170403587)
(-18529.9824219, 21609.5722656, 248.170403587)
(-18529.9257812, 21609.6289062, 248.170403587)
(-18529.8691406, 21609.6855469, 248.170403587)
(-18529.8125, 21609.7421875, 248.170403587)
(-18529.7558594, 21609.7988281, 248.170403587)
(-18529.6992188, 21609.8554688, 248.170403587)
(-18529.6425781, 21609.9121094, 248.170403587)
(-18529.5859375, 21609.96875, 248.170403587)
(-18529.5292969, 21610.0253906, 248.170403587)
(-18529.4726562, 21610.0820312, 248.170403587)
(-18529.4160156, 21610.1386719, 248.170403587)
(-18529.359375, 21610.1953125, 248.170403587)
(-18529.3027344, 21610.2519531, 248.170403587)
(-18529.2460938, 21610.3085938, 248.170403587)
(-18529.1894531, 21610.3652344, 248.170403587)
(-18529.1328125, 21610.421875, 248.170403587)
(-18529.0761719, 21610.4785156, 248.170403587)
(-18529.0195312, 21610.5351562, 248.170403587)
(-18528.9628906, 21610.5917969, 248.170403587)
(-18528.90625, 21610.6484375, 248.170403587)
(-18528.8496094, 21610.7050781, 248.170403587)
(-18528.7929688, 21610.7617188, 248.170403587)
(-18528.7363281, 21610.8183594, 248.170403587)
(-18528.6796875, 21610.875, 248.170403587)
(-18528.6230469, 21610.9316406, 248.170403587)
(-18528.5664062, 21610.9882812, 248.170403587)
(-18528.5097656, 21611.0449219, 248.170403587)
(-18528.453125, 21611.1015625, 248.170403587)
(-18528.3964844, 21611.1582031, 248.170403587)
(-18528.3398438, 21611.2148438, 248.170403587)
(-18528.2832031, 21611.2714844, 248.170403587)
(-18528.2265625, 21611.328125, 248.170403587)
(-18528.1699219, 21611.3847656, 248.170403587)
(-18528.1132812, 21611.4414062, 248.170403587)
(-18528.0566406, 21611.4980469, 248.170403587)
(-18528.0, 21611.5546875, 248.170403587)
(-18527.9433594, 21611.6113281, 248.170403587)
(-18527.8867188, 21611.6679688, 248.170403587)
(-18527.8300781, 21611.7246094, 248.170403587)
(-18527.7734375, 21611.78125, 248.170403587)
(-18527.7167969, 21611.8378906, 248.170403587)
(-18527.6601562, 21611.8945312, 248.170403587)
(-18527.6035156, 21611.9511719, 248.170403587)
(-18527.546875, 21612.0078125, 248.170403587)
(-18527.4902344, 21612.0644531, 248.170403587)
(-18527.4335938, 21612.1210938, 248.170403587)
(-18527.3769531, 21612.1777344, 248.170403587)
(-18527.3203125, 21612.234375, 248.170403587)
(-18527.2636719, 21612.2910156, 248.170403587)
(-18527.2070312, 21612.3476562, 248.170403587)
(-18527.1503906, 21612.4042969, 248.170403587)
(-18527.09375, 21612.4609375, 248.170403587)
(-18527.0371094, 21612.5175781, 248.170403587)
(-18526.9804688, 21612.5742188, 248.170403587)
(-18526.9238281, 21612.6308594, 248.170403587)
(-18526.8671875, 21612.6875, 248.170403587)
(-18526.8105469, 21612.7441406, 248.170403587)
(-18526.7539062, 21612.8007812, 248.170403587)
(-18526.6972656, 21612.8574219, 248.170403587)
(-18526.640625, 21612.9140625, 248.170403587)
(-18526.5839844, 21612.9707031, 248.170403587)
(-18526.5273438, 21613.0273438, 248.170403587)
(-18526.4707031, 21613.0839844, 248.170403587)
(-18526.4140625, 21613.140625, 248.170403587)
(-18526.3574219, 21613.1972656, 248.170403587)
(-18526.3007812, 21613.2539062, 248.170403587)
(-18526.2441406, 21613.3105469, 248.170403587)
(-18526.1875, 21613.3671875, 248.170403587)
(-18526.1308594, 21613.4238281, 248.170403587)
(-18526.0742188, 21613.4804688, 248.170403587)
(-18526.0175781, 21613.5371094, 248.170403587)
(-18525.9609375, 21613.59375, 248.170403587)
(-18525.9042969, 21613.6503906, 248.170403587)
(-18525.8476562, 21613.7070312, 248.170403587)
(-18525.7910156, 21613.7636719, 248.170403587)
(-18525.734375, 21613.8203125, 248.170403587)
(-18525.6777344, 21613.8769531, 248.170403587)
(-18525.6210938, 21613.9335938, 248.170403587)
(-18525.5644531, 21613.9902344, 248.170403587)
(-18525.5078125, 21614.046875, 248.170403587)
(-18525.4511719, 21614.1035156, 248.170403587)
(-18525.3945312, 21614.1601562, 248.170403587)
(-18525.3378906, 21614.2167969, 248.170403587)
(-18525.28125, 21614.2734375, 248.170403587)
(-18525.2246094, 21614.3300781, 248.170403587)
(-18525.1679688, 21614.3867188, 248.170403587)
(-18525.1113281, 21614.4433594, 248.170403587)
(-18525.0546875, 21614.5, 248.170403587)
(-18524.9980469, 21614.5566406, 248.170403587)
(-18524.9414062, 21614.6132812, 248.170403587)
(-18524.8847656, 21614.6699219, 248.170403587)
(-18524.828125, 21614.7265625, 248.170403587)
(-18524.7714844, 21614.7832031, 248.170403587)
(-18524.7148438, 21614.8398438, 248.170403587)
(-18524.6582031, 21614.8964844, 248.170403587)
(-18524.6015625, 21614.953125, 248.170403587)
(-18524.5449219, 21615.0097656, 248.170403587)
(-18524.4882812, 21615.0664062, 248.170403587)
(-18524.4316406, 21615.1230469, 248.170403587)
(-18524.375, 21615.1796875, 248.170403587)
(-18524.3183594, 21615.2363281, 248.170403587)
(-18524.2617188, 21615.2929688, 248.170403587)
(-18524.2050781, 21615.3496094, 248.170403587)
(-18524.1484375, 21615.40625, 248.170403587)
(-18524.0917969, 21615.4628906, 248.170403587)
(-18524.0351562, 21615.5195312, 248.170403587)
(-18523.9785156, 21615.5761719, 248.170403587)
(-18523.921875, 21615.6328125, 248.170403587)
(-18523.8652344, 21615.6894531, 248.170403587)
(-18523.8085938, 21615.7460938, 248.170403587)
(-18523.7519531, 21615.8027344, 248.170403587)
(-18523.6953125, 21615.859375, 248.170403587)
(-18523.6386719, 21615.9160156, 248.170403587)
(-18523.5820312, 21615.9726562, 248.170403587)
(-18523.5253906, 21616.0292969, 248.170403587)
(-18523.46875, 21616.0859375, 248.170403587)
(-18523.4121094, 21616.1425781, 248.170403587)
(-18523.3554688, 21616.1992188, 248.170403587)
(-18523.2988281, 21616.2558594, 248.170403587)
(-18523.2421875, 21616.3125, 248.170403587)
(-18523.1855469, 21616.3691406, 248.170403587)
(-18523.1289062, 21616.4257812, 248.170403587)
(-18523.0722656, 21616.4824219, 248.170403587)
(-18523.015625, 21616.5390625, 248.170403587)
(-18522.9589844, 21616.5957031, 248.170403587)
(-18522.9023438, 21616.6523438, 248.170403587)
(-18522.8457031, 21616.7089844, 248.170403587)
(-18522.7890625, 21616.765625, 248.170403587)
(-18522.7324219, 21616.8222656, 248.170403587)
(-18522.6757812, 21616.8789062, 248.170403587)
(-18522.6191406, 21616.9355469, 248.170403587)
(-18522.5625, 21616.9921875, 248.170403587)
(-18522.5058594, 21617.0488281, 248.170403587)
(-18522.4492188, 21617.1054688, 248.170403587)
(-18522.3925781, 21617.1621094, 248.170403587)
(-18522.3359375, 21617.21875, 248.170403587)
(-18522.2792969, 21617.2753906, 248.170403587)
(-18522.2226562, 21617.3320312, 248.170403587)
(-18522.1660156, 21617.3886719, 248.170403587)
(-18522.109375, 21617.4453125, 248.170403587)
(-18522.0527344, 21617.5019531, 248.170403587)
(-18521.9960938, 21617.5585938, 248.170403587)
(-18521.9394531, 21617.6152344, 248.170403587)
(-18521.8828125, 21617.671875, 248.170403587)
(-18521.8261719, 21617.7285156, 248.170403587)
(-18521.7695312, 21617.7851562, 248.170403587)
(-18521.7128906, 21617.8417969, 248.170403587)
(-18521.65625, 21617.8984375, 248.170403587)
(-18521.5996094, 21617.9550781, 248.170403587)
(-18521.5429688, 21618.0117188, 248.170403587)
(-18521.4863281, 21618.0683594, 248.170403587)
(-18521.4296875, 21618.125, 248.170403587)
(-18521.3730469, 21618.1816406, 248.170403587)
(-18521.3164062, 21618.2382812, 248.170403587)
(-18521.2597656, 21618.2949219, 248.170403587)
(-18521.203125, 21618.3515625, 248.170403587)
(-18521.1464844, 21618.4082031, 248.170403587)
(-18521.0898438, 21618.4648438, 248.170403587)
(-18521.0332031, 21618.5214844, 248.170403587)
(-18520.9765625, 21618.578125, 248.170403587)
(-18520.9199219, 21618.6347656, 248.170403587)
(-18520.8632812, 21618.6914062, 248.170403587)
(-18520.8066406, 21618.7480469, 248.170403587)
(-18520.75, 21618.8046875, 248.170403587)
(-18520.6933594, 21618.8613281, 248.170403587)
(-18520.6367188, 21618.9179688, 248.170403587)
(-18520.5800781, 21618.9746094, 248.170403587)
(-18520.5234375, 21619.03125, 248.170403587)
(-18520.4667969, 21619.0878906, 248.170403587)
(-18520.4101562, 21619.1445312, 248.170403587)
(-18520.3535156, 21619.2011719, 248.170403587)
(-18520.296875, 21619.2578125, 248.170403587)
(-18520.2402344, 21619.3144531, 248.170403587)
(-18520.1835938, 21619.3710938, 248.170403587)
(-18520.1269531, 21619.4277344, 248.170403587)
(-18520.0703125, 21619.484375, 248.170403587)
(-18520.0136719, 21619.5410156, 248.170403587)
(-18519.9570312, 21619.5976562, 248.170403587)
(-18519.9003906, 21619.6542969, 248.170403587)
(-18519.84375, 21619.7109375, 248.170403587)
(-18519.7871094, 21619.7675781, 248.170403587)
(-18519.7304688, 21619.8242188, 248.170403587)
(-18519.6738281, 21619.8808594, 248.170403587)
(-18519.6171875, 21619.9375, 248.170403587)
(-18519.5605469, 21619.9941406, 248.170403587)
(-18519.5039062, 21620.0507812, 248.170403587)
(-18519.4472656, 21620.1074219, 248.170403587)
(-18519.390625, 21620.1640625, 248.170403587)
(-18519.3339844, 21620.2207031, 248.170403587)
(-18519.2773438, 21620.2773438, 248.170403587)
(-18519.2207031, 21620.3339844, 248.170403587)
(-18519.1640625, 21620.390625, 248.170403587)
(-18519.1074219, 21620.4472656, 248.170403587)
(-18519.0507812, 21620.5039062, 248.170403587)
(-18518.9941406, 21620.5605469, 248.170403587)
(-18518.9375, 21620.6171875, 248.170403587)
(-18518.8808594, 21620.6738281, 248.170403587)
(-18518.8242188, 21620.7304688, 248.170403587)
(-18518.7675781, 21620.7871094, 248.170403587)
(-18518.7109375, 21620.84375, 248.170403587)
(-18518.6542969, 21620.9003906, 248.170403587)
(-18518.5976562, 21620.9570312, 248.170403587)
(-18518.5410156, 21621.0136719, 248.170403587)
(-18518.484375, 21621.0703125, 248.170403587)
(-18518.4277344, 21621.1269531, 248.170403587)
(-18518.3710938, 21621.1835938, 248.170403587)
(-18518.3144531, 21621.2402344, 248.170403587)
(-18518.2578125, 21621.296875, 248.170403587)
(-18518.2011719, 21621.3535156, 248.170403587)
(-18518.1445312, 21621.4101562, 248.170403587)
(-18518.0878906, 21621.4667969, 248.170403587)
(-18518.03125, 21621.5234375, 248.170403587)
(-18517.9746094, 21621.5800781, 248.170403587)
(-18517.9179688, 21621.6367188, 248.170403587)
(-18517.8613281, 21621.6933594, 248.170403587)
(-18517.8046875, 21621.75, 248.170403587)
(-18517.7480469, 21621.8066406, 248.170403587)
(-18517.6914062, 21621.8632812, 248.170403587)
(-18517.6347656, 21621.9199219, 248.170403587)
(-18517.578125, 21621.9765625, 248.170403587)
(-18517.5214844, 21622.0332031, 248.170403587)
(-18517.4648438, 21622.0898438, 248.170403587)
(-18517.4082031, 21622.1464844, 248.170403587)
(-18517.3515625, 21622.203125, 248.170403587)
(-18517.2949219, 21622.2597656, 248.170403587)
(-18517.2382812, 21622.3164062, 248.170403587)
(-18517.1816406, 21622.3730469, 248.170403587)
(-18517.125, 21622.4296875, 248.170403587)
(-18517.0683594, 21622.4863281, 248.170403587)
(-18517.0117188, 21622.5429688, 248.170403587)
(-18516.9550781, 21622.5996094, 248.170403587)
(-18516.8984375, 21622.65625, 248.170403587)
(-18516.8417969, 21622.7128906, 248.170403587)
(-18516.7851562, 21622.7695312, 248.170403587)
(-18516.7285156, 21622.8261719, 248.170403587)
(-18516.671875, 21622.8828125, 248.170403587)
(-18516.6152344, 21622.9394531, 248.170403587)
(-18516.5585938, 21622.9960938, 248.170403587)
(-18516.5019531, 21623.0527344, 248.170403587)
(-18516.4453125, 21623.109375, 248.170403587)
(-18516.3886719, 21623.1660156, 248.170403587)
(-18516.3320312, 21623.2226562, 248.170403587)
(-18516.2753906, 21623.2792969, 248.170403587)
(-18516.21875, 21623.3359375, 248.170403587)
(-18516.1621094, 21623.3925781, 248.170403587)
(-18516.1054688, 21623.4492188, 248.170403587)
(-18516.0488281, 21623.5058594, 248.170403587)
(-18515.9921875, 21623.5625, 248.170403587)
(-18515.9355469, 21623.6191406, 248.170403587)
(-18515.8789062, 21623.6757812, 248.170403587)
(-18515.8222656, 21623.7324219, 248.170403587)
(-18515.765625, 21623.7890625, 248.170403587)
(-18515.7089844, 21623.8457031, 248.170403587)
(-18515.6523438, 21623.9023438, 248.170403587)
(-18515.5957031, 21623.9589844, 248.170403587)
(-18515.5390625, 21624.015625, 248.170403587)
(-18515.4824219, 21624.0722656, 248.170403587)
(-18515.4257812, 21624.1289062, 248.170403587)
(-18515.3691406, 21624.1855469, 248.170403587)
(-18515.3125, 21624.2421875, 248.170403587)
(-18515.2558594, 21624.2988281, 248.170403587)
(-18515.1992188, 21624.3554688, 248.170403587)
(-18515.1425781, 21624.4121094, 248.170403587)
(-18515.0859375, 21624.46875, 248.170403587)
(-18515.0292969, 21624.5253906, 248.170403587)
(-18514.9726562, 21624.5820312, 248.170403587)
(-18514.9160156, 21624.6386719, 248.170403587)
(-18514.859375, 21624.6953125, 248.170403587)
(-18514.8027344, 21624.7519531, 248.170403587)
(-18514.7460938, 21624.8085938, 248.170403587)
(-18514.6894531, 21624.8652344, 248.170403587)
(-18514.6328125, 21624.921875, 248.170403587)
(-18514.5761719, 21624.9785156, 248.170403587)
(-18514.5195312, 21625.0351562, 248.170403587)
(-18514.4628906, 21625.0917969, 248.170403587)
(-18514.40625, 21625.1484375, 248.170403587)
(-18514.3496094, 21625.2050781, 248.170403587)
(-18514.2929688, 21625.2617188, 248.170403587)
(-18514.2363281, 21625.3183594, 248.170403587)
(-18514.1796875, 21625.375, 248.170403587)
(-18514.1230469, 21625.4316406, 248.170403587)
(-18514.0664062, 21625.4882812, 248.170403587)
(-18514.0097656, 21625.5449219, 248.170403587)
(-18513.953125, 21625.6015625, 248.170403587)
(-18513.8964844, 21625.6582031, 248.170403587)
(-18513.8398438, 21625.7148438, 248.170403587)
(-18513.7832031, 21625.7714844, 248.170403587)
(-18513.7265625, 21625.828125, 248.170403587)
(-18513.6699219, 21625.8847656, 248.170403587)
(-18513.6132812, 21625.9414062, 248.170403587)
(-18513.5566406, 21625.9980469, 248.170403587)
(-18513.5, 21626.0546875, 248.170403587)
(-18513.4433594, 21626.1113281, 248.170403587)
(-18513.3867188, 21626.1679688, 248.170403587)
(-18513.3300781, 21626.2246094, 248.170403587)
(-18513.2734375, 21626.28125, 248.170403587)
(-18513.2167969, 21626.3378906, 248.170403587)
(-18513.1601562, 21626.3945312, 248.170403587)
(-18513.1035156, 21626.4511719, 248.170403587)
(-18513.046875, 21626.5078125, 248.170403587)
(-18512.9902344, 21626.5644531, 248.170403587)
(-18512.9335938, 21626.6210938, 248.170403587)
(-18512.8769531, 21626.6777344, 248.170403587)
(-18512.8203125, 21626.734375, 248.170403587)
(-18512.7636719, 21626.7910156, 248.170403587)
(-18512.7070312, 21626.8476562, 248.170403587)
(-18512.6503906, 21626.9042969, 248.170403587)
(-18512.59375, 21626.9609375, 248.170403587)
(-18512.5371094, 21627.0175781, 248.170403587)
(-18512.4804688, 21627.0742188, 248.170403587)
(-18512.4238281, 21627.1308594, 248.170403587)
(-18512.3671875, 21627.1875, 248.170403587)
(-18512.3105469, 21627.2441406, 248.170403587)
(-18512.2539062, 21627.3007812, 248.170403587)
(-18512.1972656, 21627.3574219, 248.170403587)
(-18512.140625, 21627.4140625, 248.170403587)
(-18512.0839844, 21627.4707031, 248.170403587)
(-18512.0273438, 21627.5273438, 248.170403587)
(-18511.9707031, 21627.5839844, 248.170403587)
(-18511.9140625, 21627.640625, 248.170403587)
(-18511.8574219, 21627.6972656, 248.170403587)
(-18511.8007812, 21627.7539062, 248.170403587)
(-18511.7441406, 21627.8105469, 248.170403587)
(-18511.6875, 21627.8671875, 248.170403587)
(-18511.6308594, 21627.9238281, 248.170403587)
(-18511.5742188, 21627.9804688, 248.170403587)
(-18511.5175781, 21628.0371094, 248.170403587)
(-18511.4609375, 21628.09375, 248.170403587)
(-18511.4042969, 21628.1503906, 248.170403587)
(-18511.3476562, 21628.2070312, 248.170403587)
(-18511.2910156, 21628.2636719, 248.170403587)
(-18511.234375, 21628.3203125, 248.170403587)
(-18511.1777344, 21628.3769531, 248.170403587)
(-18511.1210938, 21628.4335938, 248.170403587)
(-18511.0644531, 21628.4902344, 248.170403587)
(-18511.0078125, 21628.546875, 248.170403587)
(-18510.9511719, 21628.6035156, 248.170403587)
(-18510.8945312, 21628.6601562, 248.170403587)
(-18510.8378906, 21628.7167969, 248.170403587)
(-18510.78125, 21628.7734375, 248.170403587)
(-18510.7246094, 21628.8300781, 248.170403587)
(-18510.6679688, 21628.8867188, 248.170403587)
(-18510.6113281, 21628.9433594, 248.170403587)
(-18510.5546875, 21629.0, 248.170403587)
(-18510.4980469, 21629.0566406, 248.170403587)
(-18510.4414062, 21629.1132812, 248.170403587)
(-18510.3847656, 21629.1699219, 248.170403587)
(-18510.328125, 21629.2265625, 248.170403587)
(-18510.2714844, 21629.2832031, 248.170403587)
(-18510.2148438, 21629.3398438, 248.170403587)
(-18510.1582031, 21629.3964844, 248.170403587)
(-18510.1015625, 21629.453125, 248.170403587)
(-18510.0449219, 21629.5097656, 248.170403587)
(-18509.9882812, 21629.5664062, 248.170403587)
(-18509.9316406, 21629.6230469, 248.170403587)
(-18509.875, 21629.6796875, 248.170403587)
(-18509.8183594, 21629.7363281, 248.170403587)
(-18509.7617188, 21629.7929688, 248.170403587)
(-18509.7050781, 21629.8496094, 248.170403587)
(-18509.6484375, 21629.90625, 248.170403587)
(-18509.5917969, 21629.9628906, 248.170403587)
(-18509.5351562, 21630.0195312, 248.170403587)
(-18509.4785156, 21630.0761719, 248.170403587)
(-18509.421875, 21630.1328125, 248.170403587)
(-18509.3652344, 21630.1894531, 248.170403587)
(-18509.3085938, 21630.2460938, 248.170403587)
(-18509.2519531, 21630.3027344, 248.170403587)
(-18509.1953125, 21630.359375, 248.170403587)
(-18509.1386719, 21630.4160156, 248.170403587)
(-18509.0820312, 21630.4726562, 248.170403587)
(-18509.0253906, 21630.5292969, 248.170403587)
(-18508.96875, 21630.5859375, 248.170403587)
(-18508.9121094, 21630.6425781, 248.170403587)
(-18508.8554688, 21630.6992188, 248.170403587)
(-18508.7988281, 21630.7558594, 248.170403587)
(-18508.7421875, 21630.8125, 248.170403587)
(-18508.6855469, 21630.8691406, 248.170403587)
(-18508.6289062, 21630.9257812, 248.170403587)
(-18508.5722656, 21630.9824219, 248.170403587)
(-18508.515625, 21631.0390625, 248.170403587)
(-18508.4589844, 21631.0957031, 248.170403587)
(-18508.4023438, 21631.1523438, 248.170403587)
(-18508.3457031, 21631.2089844, 248.170403587)
(-18508.2890625, 21631.265625, 248.170403587)
(-18508.2324219, 21631.3222656, 248.170403587)
(-18508.1757812, 21631.3789062, 248.170403587)
(-18508.1191406, 21631.4355469, 248.170403587)
(-18508.0625, 21631.4921875, 248.170403587)
(-18508.0058594, 21631.5488281, 248.170403587)
(-18507.9492188, 21631.6054688, 248.170403587)
(-18507.8925781, 21631.6621094, 248.170403587)
(-18507.8359375, 21631.71875, 248.170403587)
(-18507.7792969, 21631.7753906, 248.170403587)
(-18507.7226562, 21631.8320312, 248.170403587)
(-18507.6660156, 21631.8886719, 248.170403587)
(-18507.609375, 21631.9453125, 248.170403587)
(-18507.5527344, 21632.0019531, 248.170403587)
(-18507.4960938, 21632.0585938, 248.170403587)
(-18507.4394531, 21632.1152344, 248.170403587)
(-18507.3828125, 21632.171875, 248.170403587)
(-18507.3261719, 21632.2285156, 248.170403587)
(-18507.2695312, 21632.2851562, 248.170403587)
(-18507.2128906, 21632.3417969, 248.170403587)
(-18507.15625, 21632.3984375, 248.170403587)
(-18507.0996094, 21632.4550781, 248.170403587)
(-18507.0429688, 21632.5117188, 248.170403587)
(-18506.9863281, 21632.5683594, 248.170403587)
(-18506.9296875, 21632.625, 248.170403587)
(-18506.8730469, 21632.6816406, 248.170403587)
(-18506.8164062, 21632.7382812, 248.170403587)
(-18506.7597656, 21632.7949219, 248.170403587)
(-18506.703125, 21632.8515625, 248.170403587)
(-18506.6464844, 21632.9082031, 248.170403587)
(-18506.5898438, 21632.9648438, 248.170403587)
(-18506.5332031, 21633.0214844, 248.170403587)
(-18506.4765625, 21633.078125, 248.170403587)
(-18506.4199219, 21633.1347656, 248.170403587)
(-18506.3632812, 21633.1914062, 248.170403587)
(-18506.3066406, 21633.2480469, 248.170403587)
(-18506.25, 21633.3046875, 248.170403587)
(-18506.1933594, 21633.3613281, 248.170403587)
(-18506.1367188, 21633.4179688, 248.170403587)
(-18506.0800781, 21633.4746094, 248.170403587)
(-18506.0234375, 21633.53125, 248.170403587)
(-18505.9667969, 21633.5878906, 248.170403587)
(-18505.9101562, 21633.6445312, 248.170403587)
(-18505.8535156, 21633.7011719, 248.170403587)
(-18505.796875, 21633.7578125, 248.170403587)
(-18505.7402344, 21633.8144531, 248.170403587)
(-18505.6835938, 21633.8710938, 248.170403587)
(-18505.6269531, 21633.9277344, 248.170403587)
(-18505.5703125, 21633.984375, 248.170403587)
(-18505.5136719, 21634.0410156, 248.170403587)
(-18505.4570312, 21634.0976562, 248.170403587)
(-18505.4003906, 21634.1542969, 248.170403587)
(-18505.34375, 21634.2109375, 248.170403587)
(-18505.2871094, 21634.2675781, 248.170403587)
(-18505.2304688, 21634.3242188, 248.170403587)
(-18505.1738281, 21634.3808594, 248.170403587)
(-18505.1171875, 21634.4375, 248.170403587)
(-18505.0605469, 21634.4941406, 248.170403587)
(-18505.0039062, 21634.5507812, 248.170403587)
(-18504.9472656, 21634.6074219, 248.170403587)
(-18504.890625, 21634.6640625, 248.170403587)
(-18504.8339844, 21634.7207031, 248.170403587)
(-18504.7773438, 21634.7773438, 248.170403587)
(-18504.7207031, 21634.8339844, 248.170403587)
(-18504.6640625, 21634.890625, 248.170403587)
(-18504.6074219, 21634.9472656, 248.170403587)
(-18504.5507812, 21635.0039062, 248.170403587)
(-18504.4941406, 21635.0605469, 248.170403587)
(-18504.4375, 21635.1171875, 248.170403587)
(-18504.3808594, 21635.1738281, 248.170403587)
(-18504.3242188, 21635.2304688, 248.170403587)
(-18504.2675781, 21635.2871094, 248.170403587)
(-18504.2109375, 21635.34375, 248.170403587)
(-18504.1542969, 21635.4003906, 248.170403587)
(-18504.0976562, 21635.4570312, 248.170403587)
(-18504.0410156, 21635.5136719, 248.170403587)
(-18503.984375, 21635.5703125, 248.170403587)
(-18503.9277344, 21635.6269531, 248.170403587)
(-18503.8710938, 21635.6835938, 248.170403587)
(-18503.8144531, 21635.7402344, 248.170403587)
(-18503.7578125, 21635.796875, 248.170403587)
(-18503.7011719, 21635.8535156, 248.170403587)
(-18503.6445312, 21635.9101562, 248.170403587)
(-18503.5878906, 21635.9667969, 248.170403587)
(-18503.53125, 21636.0234375, 248.170403587)
(-18503.4746094, 21636.0800781, 248.170403587)
(-18503.4179688, 21636.1367188, 248.170403587)
(-18503.3613281, 21636.1933594, 248.170403587)
(-18503.3046875, 21636.25, 248.170403587)
(-18503.2480469, 21636.3066406, 248.170403587)
(-18503.1914062, 21636.3632812, 248.170403587)
(-18503.1347656, 21636.4199219, 248.170403587)
(-18503.078125, 21636.4765625, 248.170403587)
(-18503.0214844, 21636.5332031, 248.170403587)
(-18502.9648438, 21636.5898438, 248.170403587)
(-18502.9082031, 21636.6464844, 248.170403587)
(-18502.8515625, 21636.703125, 248.170403587)
(-18502.7949219, 21636.7597656, 248.170403587)
(-18502.7382812, 21636.8164062, 248.170403587)
(-18502.6816406, 21636.8730469, 248.170403587)
(-18502.625, 21636.9296875, 248.170403587)
(-18502.5683594, 21636.9863281, 248.170403587)
(-18502.5117188, 21637.0429688, 248.170403587)
(-18502.4550781, 21637.0996094, 248.170403587)
(-18502.3984375, 21637.15625, 248.170403587)
(-18502.3417969, 21637.2128906, 248.170403587)
(-18502.2851562, 21637.2695312, 248.170403587)
(-18502.2285156, 21637.3261719, 248.170403587)
(-18502.171875, 21637.3828125, 248.170403587)
(-18502.1152344, 21637.4394531, 248.170403587)
(-18502.0585938, 21637.4960938, 248.170403587)
(-18502.0019531, 21637.5527344, 248.170403587)
(-18501.9453125, 21637.609375, 248.170403587)
(-18501.8886719, 21637.6660156, 248.170403587)
(-18501.8320312, 21637.7226562, 248.170403587)
(-18501.7753906, 21637.7792969, 248.170403587)
(-18501.71875, 21637.8359375, 248.170403587)
(-18501.6621094, 21637.8925781, 248.170403587)
(-18501.6054688, 21637.9492188, 248.170403587)
(-18501.5488281, 21638.0058594, 248.170403587)
(-18501.4921875, 21638.0625, 248.170403587)
(-18501.4355469, 21638.1191406, 248.170403587)
(-18501.3789062, 21638.1757812, 248.170403587)
(-18501.3222656, 21638.2324219, 248.170403587)
(-18501.265625, 21638.2890625, 248.170403587)
(-18501.2089844, 21638.3457031, 248.170403587)
(-18501.1523438, 21638.4023438, 248.170403587)
(-18501.0957031, 21638.4589844, 248.170403587)
(-18501.0390625, 21638.515625, 248.170403587)
(-18500.9824219, 21638.5722656, 248.170403587)
(-18500.9257812, 21638.6289062, 248.170403587)
(-18500.8691406, 21638.6855469, 248.170403587)
(-18500.8125, 21638.7421875, 248.170403587)
(-18500.7558594, 21638.7988281, 248.170403587)
(-18500.6992188, 21638.8554688, 248.170403587)
(-18500.6425781, 21638.9121094, 248.170403587)
(-18500.5859375, 21638.96875, 248.170403587)
(-18500.5292969, 21639.0253906, 248.170403587)
(-18500.4726562, 21639.0820312, 248.170403587)
(-18500.4160156, 21639.1386719, 248.170403587)
(-18500.359375, 21639.1953125, 248.170403587)
(-18500.3027344, 21639.2519531, 248.170403587)
(-18500.2460938, 21639.3085938, 248.170403587)
(-18500.1894531, 21639.3652344, 248.170403587)
(-18500.1328125, 21639.421875, 248.170403587)
(-18500.0761719, 21639.4785156, 248.170403587)
(-18500.0195312, 21639.5351562, 248.170403587)
(-18499.9628906, 21639.5917969, 248.170403587)
(-18499.90625, 21639.6484375, 248.170403587)
(-18499.8496094, 21639.7050781, 248.170403587)
(-18499.7929688, 21639.7617188, 248.170403587)
(-18499.7363281, 21639.8183594, 248.170403587)
(-18499.6796875, 21639.875, 248.170403587)
(-18499.6230469, 21639.9316406, 248.170403587)
(-18499.5664062, 21639.9882812, 248.170403587)
(-18499.5097656, 21640.0449219, 248.170403587)
(-18499.453125, 21640.1015625, 248.170403587)
(-18499.3964844, 21640.1582031, 248.170403587)
(-18499.3398438, 21640.2148438, 248.170403587)
(-18499.2832031, 21640.2714844, 248.170403587)
(-18499.2265625, 21640.328125, 248.170403587)
(-18499.1699219, 21640.3847656, 248.170403587)
(-18499.1132812, 21640.4414062, 248.170403587)
(-18499.0566406, 21640.4980469, 248.170403587)
(-18499.0, 21640.5546875, 248.170403587)
(-18498.9433594, 21640.6113281, 248.170403587)
(-18498.8867188, 21640.6679688, 248.170403587)
(-18498.8300781, 21640.7246094, 248.170403587)
(-18498.7734375, 21640.78125, 248.170403587)
(-18498.7167969, 21640.8378906, 248.170403587)
(-18498.6601562, 21640.8945312, 248.170403587)
(-18498.6035156, 21640.9511719, 248.170403587)
(-18498.546875, 21641.0078125, 248.170403587)
(-18498.4902344, 21641.0644531, 248.170403587)
(-18498.4335938, 21641.1210938, 248.170403587)
(-18498.3769531, 21641.1777344, 248.170403587)
(-18498.3203125, 21641.234375, 248.170403587)
(-18498.2636719, 21641.2910156, 248.170403587)
(-18498.2070312, 21641.3476562, 248.170403587)
(-18498.1503906, 21641.4042969, 248.170403587)
(-18498.09375, 21641.4609375, 248.170403587)
(-18498.0371094, 21641.5175781, 248.170403587)
(-18497.9804688, 21641.5742188, 248.170403587)
(-18497.9238281, 21641.6308594, 248.170403587)
(-18497.8671875, 21641.6875, 248.170403587)
(-18497.8105469, 21641.7441406, 248.170403587)
(-18497.7539062, 21641.8007812, 248.170403587)
(-18497.6972656, 21641.8574219, 248.170403587)
(-18497.640625, 21641.9140625, 248.170403587)
(-18497.5839844, 21641.9707031, 248.170403587)
(-18497.5273438, 21642.0273438, 248.170403587)
(-18497.4707031, 21642.0839844, 248.170403587)
(-18497.4140625, 21642.140625, 248.170403587)
(-18497.3574219, 21642.1972656, 248.170403587)
(-18497.3007812, 21642.2539062, 248.170403587)
(-18497.2441406, 21642.3105469, 248.170403587)
(-18497.1875, 21642.3671875, 248.170403587)
(-18497.1308594, 21642.4238281, 248.170403587)
(-18497.0742188, 21642.4804688, 248.170403587)
(-18497.0175781, 21642.5371094, 248.170403587)
(-18496.9609375, 21642.59375, 248.170403587)
(-18496.9042969, 21642.6503906, 248.170403587)
(-18496.8476562, 21642.7070312, 248.170403587)
(-18496.7910156, 21642.7636719, 248.170403587)
(-18496.734375, 21642.8203125, 248.170403587)
(-18496.6777344, 21642.8769531, 248.170403587)
(-18496.6210938, 21642.9335938, 248.170403587)
(-18496.5644531, 21642.9902344, 248.170403587)
(-18496.5078125, 21643.046875, 248.170403587)
(-18496.4511719, 21643.1035156, 248.170403587)
(-18496.3945312, 21643.1601562, 248.170403587)
(-18496.3378906, 21643.2167969, 248.170403587)
(-18496.28125, 21643.2734375, 248.170403587)
(-18496.2246094, 21643.3300781, 248.170403587)
(-18496.1679688, 21643.3867188, 248.170403587)
(-18496.1113281, 21643.4433594, 248.170403587)
(-18496.0546875, 21643.5, 248.170403587)
(-18495.9980469, 21643.5566406, 248.170403587)
(-18495.9414062, 21643.6132812, 248.170403587)
(-18495.8847656, 21643.6699219, 248.170403587)
(-18495.828125, 21643.7265625, 248.170403587)
(-18495.7714844, 21643.7832031, 248.170403587)
(-18495.7148438, 21643.8398438, 248.170403587)
(-18495.6582031, 21643.8964844, 248.170403587)
(-18495.6015625, 21643.953125, 248.170403587)
(-18495.5449219, 21644.0097656, 248.170403587)
(-18495.4882812, 21644.0664062, 248.170403587)
(-18495.4316406, 21644.1230469, 248.170403587)
(-18495.375, 21644.1796875, 248.170403587)
(-18495.3183594, 21644.2363281, 248.170403587)
(-18495.2617188, 21644.2929688, 248.170403587)
(-18495.2050781, 21644.3496094, 248.170403587)
(-18495.1484375, 21644.40625, 248.170403587)
(-18495.0917969, 21644.4628906, 248.170403587)
(-18495.0351562, 21644.5195312, 248.170403587)
(-18494.9785156, 21644.5761719, 248.170403587)
(-18494.921875, 21644.6328125, 248.170403587)
(-18494.8652344, 21644.6894531, 248.170403587)
(-18494.8085938, 21644.7460938, 248.170403587)
(-18494.7519531, 21644.8027344, 248.170403587)
(-18494.6953125, 21644.859375, 248.170403587)
(-18494.6386719, 21644.9160156, 248.170403587)
(-18494.5820312, 21644.9726562, 248.170403587)
(-18494.5253906, 21645.0292969, 248.170403587)
(-18494.46875, 21645.0859375, 248.170403587)
(-18494.4121094, 21645.1425781, 248.170403587)
(-18494.3554688, 21645.1992188, 248.170403587)
(-18494.2988281, 21645.2558594, 248.170403587)
(-18494.2421875, 21645.3125, 248.170403587)
(-18494.1855469, 21645.3691406, 248.170403587)
(-18494.1289062, 21645.4257812, 248.170403587)
(-18494.0722656, 21645.4824219, 248.170403587)
(-18494.015625, 21645.5390625, 248.170403587)
(-18493.9589844, 21645.5957031, 248.170403587)
(-18493.9023438, 21645.6523438, 248.170403587)
(-18493.8457031, 21645.7089844, 248.170403587)
(-18493.7890625, 21645.765625, 248.170403587)
(-18493.7324219, 21645.8222656, 248.170403587)
(-18493.6757812, 21645.8789062, 248.170403587)
(-18493.6191406, 21645.9355469, 248.170403587)
(-18493.5625, 21645.9921875, 248.170403587)
(-18493.5058594, 21646.0488281, 248.170403587)
(-18493.4492188, 21646.1054688, 248.170403587)
(-18493.3925781, 21646.1621094, 248.170403587)
(-18493.3359375, 21646.21875, 248.170403587)
(-18493.2792969, 21646.2753906, 248.170403587)
(-18493.2226562, 21646.3320312, 248.170403587)
(-18493.1660156, 21646.3886719, 248.170403587)
(-18493.109375, 21646.4453125, 248.170403587)
(-18493.0527344, 21646.5019531, 248.170403587)
(-18492.9960938, 21646.5585938, 248.170403587)
(-18492.9394531, 21646.6152344, 248.170403587)
(-18492.8828125, 21646.671875, 248.170403587)
(-18492.8261719, 21646.7285156, 248.170403587)
(-18492.7695312, 21646.7851562, 248.170403587)
(-18492.7128906, 21646.8417969, 248.170403587)
(-18492.65625, 21646.8984375, 248.170403587)
(-18492.5996094, 21646.9550781, 248.170403587)
(-18492.5429688, 21647.0117188, 248.170403587)
(-18492.4863281, 21647.0683594, 248.170403587)
(-18492.4296875, 21647.125, 248.170403587)
(-18492.3730469, 21647.1816406, 248.170403587)
(-18492.3164062, 21647.2382812, 248.170403587)
(-18492.2597656, 21647.2949219, 248.170403587)
(-18492.203125, 21647.3515625, 248.170403587)
(-18492.1464844, 21647.4082031, 248.170403587)
(-18492.0898438, 21647.4648438, 248.170403587)
(-18492.0332031, 21647.5214844, 248.170403587)
(-18491.9765625, 21647.578125, 248.170403587)
(-18491.9199219, 21647.6347656, 248.170403587)
(-18491.8632812, 21647.6914062, 248.170403587)
(-18491.8066406, 21647.7480469, 248.170403587)
(-18491.75, 21647.8046875, 248.170403587)
(-18491.6933594, 21647.8613281, 248.170403587)
(-18491.6367188, 21647.9179688, 248.170403587)
(-18491.5800781, 21647.9746094, 248.170403587)
(-18491.5234375, 21648.03125, 248.170403587)
(-18491.4667969, 21648.0878906, 248.170403587)
(-18491.4101562, 21648.1445312, 248.170403587)
(-18491.3535156, 21648.2011719, 248.170403587)
(-18491.296875, 21648.2578125, 248.170403587)
(-18491.2402344, 21648.3144531, 248.170403587)
(-18491.1835938, 21648.3710938, 248.170403587)
(-18491.1269531, 21648.4277344, 248.170403587)
(-18491.0703125, 21648.484375, 248.170403587)
(-18491.0136719, 21648.5410156, 248.170403587)
(-18490.9570312, 21648.5976562, 248.170403587)
(-18490.9003906, 21648.6542969, 248.170403587)
(-18490.84375, 21648.7109375, 248.170403587)
(-18490.7871094, 21648.7675781, 248.170403587)
(-18490.7304688, 21648.8242188, 248.170403587)
(-18490.6738281, 21648.8808594, 248.170403587)
(-18490.6171875, 21648.9375, 248.170403587)
(-18490.5605469, 21648.9941406, 248.170403587)
(-18490.5039062, 21649.0507812, 248.170403587)
(-18490.4472656, 21649.1074219, 248.170403587)
(-18490.390625, 21649.1640625, 248.170403587)
(-18490.3339844, 21649.2207031, 248.170403587)
(-18490.2773438, 21649.2773438, 248.170403587)
(-18490.2207031, 21649.3339844, 248.170403587)
(-18490.1640625, 21649.390625, 248.170403587)
(-18490.1074219, 21649.4472656, 248.170403587)
(-18490.0507812, 21649.5039062, 248.170403587)
(-18489.9941406, 21649.5605469, 248.170403587)
(-18489.9375, 21649.6171875, 248.170403587)
(-18489.8808594, 21649.6738281, 248.170403587)
(-18489.8242188, 21649.7304688, 248.170403587)
(-18489.7675781, 21649.7871094, 248.170403587)
(-18489.7109375, 21649.84375, 248.170403587)
(-18489.6542969, 21649.9003906, 248.170403587)
(-18489.5976562, 21649.9570312, 248.170403587)
(-18489.5410156, 21650.0136719, 248.170403587)
(-18489.484375, 21650.0703125, 248.170403587)
(-18489.4277344, 21650.1269531, 248.170403587)
(-18489.3710938, 21650.1835938, 248.170403587)
(-18489.3144531, 21650.2402344, 248.170403587)
(-18489.2578125, 21650.296875, 248.170403587)
(-18489.2011719, 21650.3535156, 248.170403587)
(-18489.1445312, 21650.4101562, 248.170403587)
(-18489.0878906, 21650.4667969, 248.170403587)
(-18489.03125, 21650.5234375, 248.170403587)
(-18488.9746094, 21650.5800781, 248.170403587)
(-18488.9179688, 21650.6367188, 248.170403587)
(-18488.8613281, 21650.6933594, 248.170403587)
(-18488.8046875, 21650.75, 248.170403587)
(-18488.7480469, 21650.8066406, 248.170403587)
(-18488.6914062, 21650.8632812, 248.170403587)
(-18488.6347656, 21650.9199219, 248.170403587)
(-18488.578125, 21650.9765625, 248.170403587)
(-18488.5214844, 21651.0332031, 248.170403587)
(-18488.4648438, 21651.0898438, 248.170403587)
(-18488.4082031, 21651.1464844, 248.170403587)
(-18488.3515625, 21651.203125, 248.170403587)
(-18488.2949219, 21651.2597656, 248.170403587)
(-18488.2382812, 21651.3164062, 248.170403587)
(-18488.1816406, 21651.3730469, 248.170403587)
(-18488.125, 21651.4296875, 248.170403587)
(-18488.0683594, 21651.4863281, 248.170403587)
(-18488.0117188, 21651.5429688, 248.170403587)
(-18487.9550781, 21651.5996094, 248.170403587)
(-18487.8984375, 21651.65625, 248.170403587)
(-18487.8417969, 21651.7128906, 248.170403587)
(-18487.7851562, 21651.7695312, 248.170403587)
(-18487.7285156, 21651.8261719, 248.170403587)
(-18487.671875, 21651.8828125, 248.170403587)
(-18487.6152344, 21651.9394531, 248.170403587)
(-18487.5585938, 21651.9960938, 248.170403587)
(-18487.5019531, 21652.0527344, 248.170403587)
(-18487.4453125, 21652.109375, 248.170403587)
(-18487.3886719, 21652.1660156, 248.170403587)
(-18487.3320312, 21652.2226562, 248.170403587)
(-18487.2753906, 21652.2792969, 248.170403587)
(-18487.21875, 21652.3359375, 248.170403587)
(-18487.1621094, 21652.3925781, 248.170403587)
(-18487.1054688, 21652.4492188, 248.170403587)
(-18487.0488281, 21652.5058594, 248.170403587)
(-18486.9921875, 21652.5625, 248.170403587)
(-18486.9355469, 21652.6191406, 248.170403587)
(-18486.8789062, 21652.6757812, 248.170403587)
(-18486.8222656, 21652.7324219, 248.170403587)
(-18486.765625, 21652.7890625, 248.170403587)
(-18486.7089844, 21652.8457031, 248.170403587)
(-18486.6523438, 21652.9023438, 248.170403587)
(-18486.5957031, 21652.9589844, 248.170403587)
(-18486.5390625, 21653.015625, 248.170403587)
(-18486.4824219, 21653.0722656, 248.170403587)
(-18486.4257812, 21653.1289062, 248.170403587)
(-18486.3691406, 21653.1855469, 248.170403587)
(-18486.3125, 21653.2421875, 248.170403587)
(-18486.2558594, 21653.2988281, 248.170403587)
(-18486.1992188, 21653.3554688, 248.170403587)
(-18486.1425781, 21653.4121094, 248.170403587)
(-18486.0859375, 21653.46875, 248.170403587)
(-18486.0292969, 21653.5253906, 248.170403587)
(-18485.9726562, 21653.5820312, 248.170403587)
(-18485.9160156, 21653.6386719, 248.170403587)
(-18485.859375, 21653.6953125, 248.170403587)
(-18485.8027344, 21653.7519531, 248.170403587)
(-18485.7460938, 21653.8085938, 248.170403587)
(-18485.6894531, 21653.8652344, 248.170403587)
(-18485.6328125, 21653.921875, 248.170403587)
(-18485.5761719, 21653.9785156, 248.170403587)
(-18485.5195312, 21654.0351562, 248.170403587)
(-18485.4628906, 21654.0917969, 248.170403587)
(-18485.40625, 21654.1484375, 248.170403587)
(-18485.3496094, 21654.2050781, 248.170403587)
(-18485.2929688, 21654.2617188, 248.170403587)
(-18485.2363281, 21654.3183594, 248.170403587)
(-18485.1796875, 21654.375, 248.170403587)
(-18485.1230469, 21654.4316406, 248.170403587)
(-18485.0664062, 21654.4882812, 248.170403587)
(-18485.0097656, 21654.5449219, 248.170403587)
(-18484.953125, 21654.6015625, 248.170403587)
(-18484.8964844, 21654.6582031, 248.170403587)
(-18484.8398438, 21654.7148438, 248.170403587)
(-18484.7832031, 21654.7714844, 248.170403587)
(-18484.7265625, 21654.828125, 248.170403587)
(-18484.6699219, 21654.8847656, 248.170403587)
(-18484.6132812, 21654.9414062, 248.170403587)
(-18484.5566406, 21654.9980469, 248.170403587)
(-18484.5, 21655.0546875, 248.170403587)
(-18484.4433594, 21655.1113281, 248.170403587)
(-18484.3867188, 21655.1679688, 248.170403587)
(-18484.3300781, 21655.2246094, 248.170403587)
(-18484.2734375, 21655.28125, 248.170403587)
(-18484.2167969, 21655.3378906, 248.170403587)
(-18484.1601562, 21655.3945312, 248.170403587)
(-18484.1035156, 21655.4511719, 248.170403587)
(-18484.046875, 21655.5078125, 248.170403587)
(-18483.9902344, 21655.5644531, 248.170403587)
(-18483.9335938, 21655.6210938, 248.170403587)
(-18483.8769531, 21655.6777344, 248.170403587)
(-18483.8203125, 21655.734375, 248.170403587)
(-18483.7636719, 21655.7910156, 248.170403587)
(-18483.7070312, 21655.8476562, 248.170403587)
(-18483.6503906, 21655.9042969, 248.170403587)
(-18483.59375, 21655.9609375, 248.170403587)
(-18483.5371094, 21656.0175781, 248.170403587)
(-18483.4804688, 21656.0742188, 248.170403587)
(-18483.4238281, 21656.1308594, 248.170403587)
(-18483.3671875, 21656.1875, 248.170403587)
(-18483.3105469, 21656.2441406, 248.170403587)
(-18483.2539062, 21656.3007812, 248.170403587)
(-18483.1972656, 21656.3574219, 248.170403587)
(-18483.140625, 21656.4140625, 248.170403587)
(-18483.0839844, 21656.4707031, 248.170403587)
(-18483.0273438, 21656.5273438, 248.170403587)
(-18482.9707031, 21656.5839844, 248.170403587)
(-18482.9140625, 21656.640625, 248.170403587)
(-18482.8574219, 21656.6972656, 248.170403587)
(-18482.8007812, 21656.7539062, 248.170403587)
(-18482.7441406, 21656.8105469, 248.170403587)
(-18482.6875, 21656.8671875, 248.170403587)
(-18482.6308594, 21656.9238281, 248.170403587)
(-18482.5742188, 21656.9804688, 248.170403587)
(-18482.5175781, 21657.0371094, 248.170403587)
(-18482.4609375, 21657.09375, 248.170403587)
(-18482.4042969, 21657.1503906, 248.170403587)
(-18482.3476562, 21657.2070312, 248.170403587)
(-18482.2910156, 21657.2636719, 248.170403587)
(-18482.234375, 21657.3203125, 248.170403587)
(-18482.1777344, 21657.3769531, 248.170403587)
(-18482.1210938, 21657.4335938, 248.170403587)
(-18482.0644531, 21657.4902344, 248.170403587)
(-18482.0078125, 21657.546875, 248.170403587)
(-18481.9511719, 21657.6035156, 248.170403587)
(-18481.8945312, 21657.6601562, 248.170403587)
(-18481.8378906, 21657.7167969, 248.170403587)
(-18481.78125, 21657.7734375, 248.170403587)
(-18481.7246094, 21657.8300781, 248.170403587)
(-18481.6679688, 21657.8867188, 248.170403587)
(-18481.6113281, 21657.9433594, 248.170403587)
(-18481.5546875, 21658.0, 248.170403587)
(-18481.4980469, 21658.0566406, 248.170403587)
(-18481.4414062, 21658.1132812, 248.170403587)
(-18481.3847656, 21658.1699219, 248.170403587)
(-18481.328125, 21658.2265625, 248.170403587)
(-18481.2714844, 21658.2832031, 248.170403587)
(-18481.2148438, 21658.3398438, 248.170403587)
(-18481.1582031, 21658.3964844, 248.170403587)
(-18481.1015625, 21658.453125, 248.170403587)
(-18481.0449219, 21658.5097656, 248.170403587)
(-18480.9882812, 21658.5664062, 248.170403587)
(-18480.9316406, 21658.6230469, 248.170403587)
(-18480.875, 21658.6796875, 248.170403587)
(-18480.8183594, 21658.7363281, 248.170403587)
(-18480.7617188, 21658.7929688, 248.170403587)
(-18480.7050781, 21658.8496094, 248.170403587)
(-18480.6484375, 21658.90625, 248.170403587)
(-18480.5917969, 21658.9628906, 248.170403587)
(-18480.5351562, 21659.0195312, 248.170403587)
(-18480.4785156, 21659.0761719, 248.170403587)
(-18480.421875, 21659.1328125, 248.170403587)
(-18480.3652344, 21659.1894531, 248.170403587)
(-18480.3085938, 21659.2460938, 248.170403587)
(-18480.2519531, 21659.3027344, 248.170403587)
(-18480.1953125, 21659.359375, 248.170403587)
(-18480.1386719, 21659.4160156, 248.170403587)
(-18480.0820312, 21659.4726562, 248.170403587)
(-18480.0253906, 21659.5292969, 248.170403587)
(-18479.96875, 21659.5859375, 248.170403587)
(-18479.9121094, 21659.6425781, 248.170403587)
(-18479.8554688, 21659.6992188, 248.170403587)
(-18479.7988281, 21659.7558594, 248.170403587)
(-18479.7421875, 21659.8125, 248.170403587)
(-18479.6855469, 21659.8691406, 248.170403587)
(-18479.6289062, 21659.9257812, 248.170403587)
(-18479.5722656, 21659.9824219, 248.170403587)
(-18479.515625, 21660.0390625, 248.170403587)
(-18479.4589844, 21660.0957031, 248.170403587)
(-18479.4023438, 21660.1523438, 248.170403587)
(-18479.3457031, 21660.2089844, 248.170403587)
(-18479.2890625, 21660.265625, 248.170403587)
(-18479.2324219, 21660.3222656, 248.170403587)
(-18479.1757812, 21660.3789062, 248.170403587)
(-18479.1191406, 21660.4355469, 248.170403587)
(-18479.0625, 21660.4921875, 248.170403587)
(-18479.0058594, 21660.5488281, 248.170403587)
(-18478.9492188, 21660.6054688, 248.170403587)
(-18478.8925781, 21660.6621094, 248.170403587)
(-18478.8359375, 21660.71875, 248.170403587)
(-18478.7792969, 21660.7753906, 248.170403587)
(-18478.7226562, 21660.8320312, 248.170403587)
(-18478.6660156, 21660.8886719, 248.170403587)
(-18478.609375, 21660.9453125, 248.170403587)
(-18478.5527344, 21661.0019531, 248.170403587)
(-18478.4960938, 21661.0585938, 248.170403587)
(-18478.4394531, 21661.1152344, 248.170403587)
(-18478.3828125, 21661.171875, 248.170403587)
(-18478.3261719, 21661.2285156, 248.170403587)
(-18478.2695312, 21661.2851562, 248.170403587)
(-18478.2128906, 21661.3417969, 248.170403587)
(-18478.15625, 21661.3984375, 248.170403587)
(-18478.0996094, 21661.4550781, 248.170403587)
(-18478.0429688, 21661.5117188, 248.170403587)
(-18477.9863281, 21661.5683594, 248.170403587)
(-18477.9296875, 21661.625, 248.170403587)
(-18477.8730469, 21661.6816406, 248.170403587)
(-18477.8164062, 21661.7382812, 248.170403587)
(-18477.7597656, 21661.7949219, 248.170403587)
(-18477.703125, 21661.8515625, 248.170403587)
(-18477.6464844, 21661.9082031, 248.170403587)
(-18477.5898438, 21661.9648438, 248.170403587)
(-18477.5332031, 21662.0214844, 248.170403587)
(-18477.4765625, 21662.078125, 248.170403587)
(-18477.4199219, 21662.1347656, 248.170403587)
(-18477.3632812, 21662.1914062, 248.170403587)
(-18477.3066406, 21662.2480469, 248.170403587)
(-18477.25, 21662.3046875, 248.170403587)
(-18477.1933594, 21662.3613281, 248.170403587)
(-18477.1367188, 21662.4179688, 248.170403587)
(-18477.0800781, 21662.4746094, 248.170403587)
(-18477.0234375, 21662.53125, 248.170403587)
(-18476.9667969, 21662.5878906, 248.170403587)
(-18476.9101562, 21662.6445312, 248.170403587)
(-18476.8535156, 21662.7011719, 248.170403587)
(-18476.796875, 21662.7578125, 248.170403587)
(-18476.7402344, 21662.8144531, 248.170403587)
(-18476.6835938, 21662.8710938, 248.170403587)
(-18476.6269531, 21662.9277344, 248.170403587)
(-18476.5703125, 21662.984375, 248.170403587)
(-18476.5136719, 21663.0410156, 248.170403587)
(-18476.4570312, 21663.0976562, 248.170403587)
(-18476.4003906, 21663.1542969, 248.170403587)
(-18476.34375, 21663.2109375, 248.170403587)
(-18476.2871094, 21663.2675781, 248.170403587)
(-18476.2304688, 21663.3242188, 248.170403587)
(-18476.1738281, 21663.3808594, 248.170403587)
(-18476.1171875, 21663.4375, 248.170403587)
(-18476.0605469, 21663.4941406, 248.170403587)
(-18476.0039062, 21663.5507812, 248.170403587)
(-18475.9472656, 21663.6074219, 248.170403587)
(-18475.890625, 21663.6640625, 248.170403587)
(-18475.8339844, 21663.7207031, 248.170403587)
(-18475.7773438, 21663.7773438, 248.170403587)
(-18475.7207031, 21663.8339844, 248.170403587)
(-18475.6640625, 21663.890625, 248.170403587)
(-18475.6074219, 21663.9472656, 248.170403587)
(-18475.5507812, 21664.0039062, 248.170403587)
(-18475.4941406, 21664.0605469, 248.170403587)
(-18475.4375, 21664.1171875, 248.170403587)
(-18475.3808594, 21664.1738281, 248.170403587)
(-18475.3242188, 21664.2304688, 248.170403587)
(-18475.2675781, 21664.2871094, 248.170403587)
(-18475.2109375, 21664.34375, 248.170403587)
(-18475.1542969, 21664.4003906, 248.170403587)
(-18475.0976562, 21664.4570312, 248.170403587)
(-18475.0410156, 21664.5136719, 248.170403587)
(-18474.984375, 21664.5703125, 248.170403587)
(-18474.9277344, 21664.6269531, 248.170403587)
(-18474.8710938, 21664.6835938, 248.170403587)
(-18474.8144531, 21664.7402344, 248.170403587)
(-18474.7578125, 21664.796875, 248.170403587)
(-18474.7011719, 21664.8535156, 248.170403587)
(-18474.6445312, 21664.9101562, 248.170403587)
(-18474.5878906, 21664.9667969, 248.170403587)
(-18474.53125, 21665.0234375, 248.170403587)
(-18474.4746094, 21665.0800781, 248.170403587)
(-18474.4179688, 21665.1367188, 248.170403587)
(-18474.3613281, 21665.1933594, 248.170403587)
(-18474.3046875, 21665.25, 248.170403587)
(-18474.2480469, 21665.3066406, 248.170403587)
(-18474.1914062, 21665.3632812, 248.170403587)
(-18474.1347656, 21665.4199219, 248.170403587)
(-18474.078125, 21665.4765625, 248.170403587)
(-18474.0214844, 21665.5332031, 248.170403587)
(-18473.9648438, 21665.5898438, 248.170403587)
(-18473.9082031, 21665.6464844, 248.170403587)
(-18473.8515625, 21665.703125, 248.170403587)
(-18473.7949219, 21665.7597656, 248.170403587)
(-18473.7382812, 21665.8164062, 248.170403587)
(-18473.6816406, 21665.8730469, 248.170403587)
(-18473.625, 21665.9296875, 248.170403587)
(-18473.5683594, 21665.9863281, 248.170403587)
(-18473.5117188, 21666.0429688, 248.170403587)
(-18473.4550781, 21666.0996094, 248.170403587)
(-18473.3984375, 21666.15625, 248.170403587)
(-18473.3417969, 21666.2128906, 248.170403587)
(-18473.2851562, 21666.2695312, 248.170403587)
(-18473.2285156, 21666.3261719, 248.170403587)
(-18473.171875, 21666.3828125, 248.170403587)
(-18473.1152344, 21666.4394531, 248.170403587)
(-18473.0585938, 21666.4960938, 248.170403587)
(-18473.0019531, 21666.5527344, 248.170403587)
(-18472.9453125, 21666.609375, 248.170403587)
(-18472.8886719, 21666.6660156, 248.170403587)
(-18472.8320312, 21666.7226562, 248.170403587)
(-18472.7753906, 21666.7792969, 248.170403587)
(-18472.71875, 21666.8359375, 248.170403587)
(-18472.6621094, 21666.8925781, 248.170403587)
(-18472.6054688, 21666.9492188, 248.170403587)
(-18472.5488281, 21667.0058594, 248.170403587)
(-18472.4921875, 21667.0625, 248.170403587)
(-18472.4355469, 21667.1191406, 248.170403587)
(-18472.3789062, 21667.1757812, 248.170403587)
(-18472.3222656, 21667.2324219, 248.170403587)
(-18472.265625, 21667.2890625, 248.170403587)
(-18472.2089844, 21667.3457031, 248.170403587)
(-18472.1523438, 21667.4023438, 248.170403587)
(-18472.0957031, 21667.4589844, 248.170403587)
(-18472.03125, 21667.5058594, 248.170403587)
(-18471.9609375, 21667.5429688, 248.170403587)
(-18471.8847656, 21667.5683594, 248.170403587)
(-18471.8066406, 21667.5820312, 248.170403587)
(-18471.7265625, 21667.5859375, 248.170403587)
(-18471.6464844, 21667.5898438, 248.170403587)
(-18471.5664062, 21667.59375, 248.170403587)
(-18471.4863281, 21667.5976562, 248.170403587)
(-18471.40625, 21667.6015625, 248.170403587)
(-18471.3261719, 21667.6054688, 248.170403587)
(-18471.2460938, 21667.609375, 248.170403587)
(-18471.1660156, 21667.6132812, 248.170403587)
(-18471.0859375, 21667.6171875, 248.170403587)
(-18471.0058594, 21667.6210938, 248.170403587)
(-18470.9257812, 21667.625, 248.170403587)
(-18470.8457031, 21667.6289062, 248.170403587)
(-18470.765625, 21667.6328125, 248.170403587)
(-18470.6855469, 21667.6367188, 248.170403587)
(-18470.6054688, 21667.640625, 248.170403587)
(-18470.5253906, 21667.6464844, 248.170403587)
(-18470.4453125, 21667.6523438, 248.170403587)
(-18470.3652344, 21667.6582031, 248.170403587)
(-18470.2851562, 21667.6621094, 248.170403587)
(-18470.2050781, 21667.6660156, 248.170403587)
(-18470.125, 21667.6660156, 248.170403587)
(-18470.0449219, 21667.6660156, 248.170403587)
(-18469.9648438, 21667.6660156, 248.170403587)
(-18469.8847656, 21667.6660156, 248.170403587)
(-18469.8046875, 21667.6660156, 248.170403587)
(-18469.7246094, 21667.6660156, 248.170403587)
(-18469.6445312, 21667.6660156, 248.170403587)
(-18469.5644531, 21667.6660156, 248.170403587)
(-18469.484375, 21667.6660156, 248.170403587)
(-18469.4042969, 21667.6679688, 248.170403587)
(-18469.3242188, 21667.6699219, 248.170403587)
(-18469.2441406, 21667.671875, 248.170403587)
(-18469.1640625, 21667.671875, 248.170403587)
(-18469.0839844, 21667.671875, 248.170403587)
(-18469.0039062, 21667.671875, 248.170403587)
(-18468.9238281, 21667.6738281, 248.170403587)
(-18468.84375, 21667.6757812, 248.170403587)
(-18468.7636719, 21667.6777344, 248.170403587)
(-18468.6835938, 21667.6777344, 248.170403587)
(-18468.6035156, 21667.6777344, 248.170403587)
(-18468.5234375, 21667.6777344, 248.170403587)
(-18468.4433594, 21667.6796875, 248.170403587)
(-18468.3632812, 21667.6816406, 248.170403587)
(-18468.2832031, 21667.6835938, 248.170403587)
(-18468.203125, 21667.6835938, 248.170403587)
(-18468.1230469, 21667.6835938, 248.170403587)
(-18468.0429688, 21667.6835938, 248.170403587)
(-18467.9628906, 21667.6835938, 248.170403587)
(-18467.8828125, 21667.6835938, 248.170403587)
(-18467.8027344, 21667.6835938, 248.170403587)
(-18467.7226562, 21667.6835938, 248.170403587)
(-18467.6425781, 21667.6835938, 248.170403587)
(-18467.5625, 21667.6835938, 248.170403587)
(-18467.4824219, 21667.6835938, 248.170403587)
(-18467.4023438, 21667.6835938, 248.170403587)
(-18467.3222656, 21667.6835938, 248.170403587)
(-18467.2421875, 21667.6835938, 248.170403587)
(-18467.1621094, 21667.6835938, 248.170403587)
(-18467.0820312, 21667.6835938, 248.170403587)
(-18467.0019531, 21667.6835938, 248.170403587)
(-18466.921875, 21667.6835938, 248.170403587)
(-18466.8417969, 21667.6835938, 248.170403587)
(-18466.7617188, 21667.6835938, 248.170403587)
(-18466.6816406, 21667.6835938, 248.170403587)
(-18466.6015625, 21667.6835938, 248.170403587)
(-18466.5214844, 21667.6835938, 248.170403587)
(-18466.4414062, 21667.6835938, 248.170403587)
(-18466.3613281, 21667.6835938, 248.170403587)
(-18466.28125, 21667.6835938, 248.170403587)
(-18466.2011719, 21667.6835938, 248.170403587)
(-18466.1210938, 21667.6835938, 248.170403587)
(-18466.0410156, 21667.6835938, 248.170403587)
(-18465.9609375, 21667.6835938, 248.170403587)
(-18465.8808594, 21667.6835938, 248.170403587)
(-18465.8007812, 21667.6835938, 248.170403587)
(-18465.7207031, 21667.6835938, 248.170403587)
(-18465.640625, 21667.6835938, 248.170403587)
(-18465.5605469, 21667.6835938, 248.170403587)
(-18465.4804688, 21667.6835938, 248.170403587)
(-18465.4003906, 21667.6835938, 248.170403587)
(-18465.3203125, 21667.6835938, 248.170403587)
(-18465.2402344, 21667.6835938, 248.170403587)
(-18465.1601562, 21667.6835938, 248.170403587)
(-18465.0800781, 21667.6835938, 248.170403587)
(-18465.0, 21667.6835938, 248.170403587)
(-18464.9199219, 21667.6835938, 248.170403587)
(-18464.8398438, 21667.6835938, 248.170403587)
(-18464.7597656, 21667.6835938, 248.170403587)
(-18464.6796875, 21667.6835938, 248.170403587)
(-18464.5996094, 21667.6835938, 248.170403587)
(-18464.5195312, 21667.6835938, 248.170403587)
(-18464.4394531, 21667.6835938, 248.170403587)
(-18464.359375, 21667.6835938, 248.170403587)
(-18464.2792969, 21667.6835938, 248.170403587)
(-18464.1992188, 21667.6835938, 248.170403587)
(-18464.1191406, 21667.6835938, 248.170403587)
(-18464.0390625, 21667.6835938, 248.170403587)
(-18463.9589844, 21667.6835938, 248.170403587)
(-18463.8789062, 21667.6835938, 248.170403587)
(-18463.7988281, 21667.6835938, 248.170403587)
(-18463.71875, 21667.6835938, 248.170403587)
(-18463.6386719, 21667.6835938, 248.170403587)
(-18463.5585938, 21667.6835938, 248.170403587)
(-18463.4785156, 21667.6835938, 248.170403587)
(-18463.3984375, 21667.6835938, 248.170403587)
(-18463.3183594, 21667.6835938, 248.170403587)
(-18463.2382812, 21667.6835938, 248.170403587)
(-18463.1582031, 21667.6835938, 248.170403587)
(-18463.078125, 21667.6835938, 248.170403587)
(-18462.9980469, 21667.6835938, 248.170403587)
(-18462.9179688, 21667.6835938, 248.170403587)
(-18462.8378906, 21667.6835938, 248.170403587)
(-18462.7578125, 21667.6835938, 248.170403587)
(-18462.6777344, 21667.6835938, 248.170403587)
(-18462.5976562, 21667.6835938, 248.170403587)
(-18462.5175781, 21667.6835938, 248.170403587)
(-18462.4375, 21667.6835938, 248.170403587)
(-18462.3574219, 21667.6835938, 248.170403587)
(-18462.2773438, 21667.6835938, 248.170403587)
(-18462.1972656, 21667.6835938, 248.170403587)
(-18462.1171875, 21667.6835938, 248.170403587)
(-18462.0371094, 21667.6835938, 248.170403587)
(-18461.9570312, 21667.6835938, 248.170403587)
(-18461.8769531, 21667.6835938, 248.170403587)
(-18461.796875, 21667.6835938, 248.170403587)
(-18461.7167969, 21667.6835938, 248.170403587)
(-18461.6367188, 21667.6835938, 248.170403587)
(-18461.5566406, 21667.6835938, 248.170403587)
(-18461.4765625, 21667.6835938, 248.170403587)
(-18461.3964844, 21667.6835938, 248.170403587)
(-18461.3164062, 21667.6835938, 248.170403587)
(-18461.2363281, 21667.6835938, 248.170403587)
(-18461.15625, 21667.6835938, 248.170403587)
(-18461.0761719, 21667.6835938, 248.170403587)
(-18460.9960938, 21667.6835938, 248.170403587)
(-18460.9160156, 21667.6835938, 248.170403587)
(-18460.8359375, 21667.6835938, 248.170403587)
(-18460.7558594, 21667.6835938, 248.170403587)
(-18460.6757812, 21667.6835938, 248.170403587)
(-18460.5957031, 21667.6835938, 248.170403587)
(-18460.515625, 21667.6835938, 248.170403587)
(-18460.4355469, 21667.6835938, 248.170403587)
(-18460.3554688, 21667.6835938, 248.170403587)
(-18460.2753906, 21667.6835938, 248.170403587)
(-18460.1953125, 21667.6835938, 248.170403587)
(-18460.1152344, 21667.6835938, 248.170403587)
(-18460.0351562, 21667.6835938, 248.170403587)
