(-18589.4199219, 21578.0, 248.170403587)
(-18589.3398438, 21578.0019531, 248.170403587)
(-18589.2597656, 21578.0039062, 248.170403587)
(-18589.1796875, 21578.0058594, 248.170403587)
(-18589.0996094, 21578.0078125, 248.170403587)
(-18589.0195312, 21578.0097656, 248.170403587)
(-18588.9394531, 21578.0117188, 248.170403587)
(-18588.859375, 21578.0136719, 248.170403587)
(-18588.7792969, 21578.015625, 248.170403587)
(-18588.6992188, 21578.0175781, 248.170403587)
(-18588.6191406, 21578.0195312, 248.170403587)
(-18588.5390625, 21578.0195312, 248.170403587)
(-18588.4589844, 21578.0195312, 248.170403587)
(-18588.3789062, 21578.0195312, 248.170403587)
(-18588.2988281, 21578.0214844, 248.170403587)
(-18588.21875, 21578.0234375, 248.170403587)
(-18588.1386719, 21578.0253906, 248.170403587)
(-18588.0585938, 21578.0253906, 248.170403587)
(-18587.9785156, 21578.0253906, 248.170403587)
(-18587.8984375, 21578.0253906, 248.170403587)
(-18587.8203125, 21578.0371094, 248.170403587)
(-18587.7441406, 21578.0605469, 248.170403587)
(-18587.671875, 21578.0957031, 248.170403587)
(-18587.6054688, 21578.140625, 248.170403587)
(-18587.546875, 21578.1933594, 248.170403587)
(-18587.4882812, 21578.2460938, 248.170403587)
(-18587.4296875, 21578.2988281, 248.170403587)
(-18587.3710938, 21578.3515625, 248.170403587)
(-18587.3125, 21578.4042969, 248.170403587)
(-18587.2539062, 21578.4570312, 248.170403587)
(-18587.1953125, 21578.5097656, 248.170403587)
(-18587.1367188, 21578.5625, 248.170403587)
(-18587.078125, 21578.6152344, 248.170403587)
(-18587.0195312, 21578.6699219, 248.170403587)
(-18586.9609375, 21578.7246094, 248.170403587)
(-18586.9023438, 21578.7773438, 248.170403587)
(-18586.84375, 21578.8300781, 248.170403587)
(-18586.7851562, 21578.8828125, 248.170403587)
(-18586.7265625, 21578.9355469, 248.170403587)
(-18586.6679688, 21578.9882812, 248.170403587)
(-18586.609375, 21579.0410156, 248.170403587)
(-18586.5507812, 21579.09375, 248.170403587)
(-18586.4921875, 21579.1464844, 248.170403587)
(-18586.4335938, 21579.1992188, 248.170403587)
(-18586.375, 21579.2539062, 248.170403587)
(-18586.3164062, 21579.3085938, 248.170403587)
(-18586.2578125, 21579.3613281, 248.170403587)
(-18586.1992188, 21579.4140625, 248.170403587)
(-18586.140625, 21579.4667969, 248.170403587)
(-18586.0820312, 21579.5195312, 248.170403587)
(-18586.0234375, 21579.5722656, 248.170403587)
(-18585.9648438, 21579.625, 248.170403587)
(-18585.90625, 21579.6777344, 248.170403587)
(-18585.8476562, 21579.7304688, 248.170403587)
(-18585.7890625, 21579.7832031, 248.170403587)
(-18585.7324219, 21579.8398438, 248.170403587)
(-18585.6757812, 21579.8964844, 248.170403587)
(-18585.6191406, 21579.953125, 248.170403587)
(-18585.5625, 21580.0097656, 248.170403587)
(-18585.5058594, 21580.0664062, 248.170403587)
(-18585.4492188, 21580.1230469, 248.170403587)
(-18585.3925781, 21580.1796875, 248.170403587)
(-18585.3359375, 21580.2363281, 248.170403587)
(-18585.2792969, 21580.2929688, 248.170403587)
(-18585.2226562, 21580.3496094, 248.170403587)
(-18585.1660156, 21580.40625, 248.170403587)
(-18585.109375, 21580.4628906, 248.170403587)
(-18585.0527344, 21580.5195312, 248.170403587)
(-18584.9960938, 21580.5761719, 248.170403587)
(-18584.9394531, 21580.6328125, 248.170403587)
(-18584.8828125, 21580.6894531, 248.170403587)
(-18584.8261719, 21580.7460938, 248.170403587)
(-18584.7695312, 21580.8027344, 248.170403587)
(-18584.7128906, 21580.859375, 248.170403587)
(-18584.65625, 21580.9160156, 248.170403587)
(-18584.5996094, 21580.9726562, 248.170403587)
(-18584.5429688, 21581.0292969, 248.170403587)
(-18584.4863281, 21581.0859375, 248.170403587)
(-18584.4296875, 21581.1425781, 248.170403587)
(-18584.3730469, 21581.1992188, 248.170403587)
(-18584.3164062, 21581.2558594, 248.170403587)
(-18584.2597656, 21581.3125, 248.170403587)
(-18584.203125, 21581.3671875, 248.170403587)
(-18584.1464844, 21581.421875, 248.170403587)
(-18584.0898438, 21581.4765625, 248.170403587)
(-18584.0332031, 21581.53125, 248.170403587)
(-18583.9765625, 21581.5859375, 248.170403587)
(-18583.9199219, 21581.640625, 248.170403587)
(-18583.8632812, 21581.6953125, 248.170403587)
(-18583.8066406, 21581.75, 248.170403587)
(-18583.75, 21581.8046875, 248.170403587)
(-18583.7011719, 21581.8691406, 248.170403587)
(-18583.6542969, 21581.9335938, 248.170403587)
(-18583.6074219, 21581.9980469, 248.170403587)
(-18583.5605469, 21582.0625, 248.170403587)
(-18583.5136719, 21582.1269531, 248.170403587)
(-18583.4667969, 21582.1914062, 248.170403587)
(-18583.4199219, 21582.2558594, 248.170403587)
(-18583.3730469, 21582.3203125, 248.170403587)
(-18583.3261719, 21582.3847656, 248.170403587)
(-18583.2792969, 21582.4492188, 248.170403587)
(-18583.2324219, 21582.5136719, 248.170403587)
(-18583.1855469, 21582.578125, 248.170403587)
(-18583.1386719, 21582.6425781, 248.170403587)
(-18583.0917969, 21582.7070312, 248.170403587)
(-18583.0449219, 21582.7714844, 248.170403587)
(-18582.9980469, 21582.8359375, 248.170403587)
(-18582.9511719, 21582.9003906, 248.170403587)
(-18582.9042969, 21582.9648438, 248.170403587)
(-18582.8574219, 21583.0292969, 248.170403587)
(-18582.8105469, 21583.09375, 248.170403587)
(-18582.7636719, 21583.1582031, 248.170403587)
(-18582.7167969, 21583.2226562, 248.170403587)
(-18582.6699219, 21583.2871094, 248.170403587)
(-18582.6230469, 21583.3515625, 248.170403587)
(-18582.5761719, 21583.4160156, 248.170403587)
(-18582.5292969, 21583.4804688, 248.170403587)
(-18582.4824219, 21583.5449219, 248.170403587)
(-18582.4355469, 21583.609375, 248.170403587)
(-18582.3886719, 21583.6738281, 248.170403587)
(-18582.3417969, 21583.7382812, 248.170403587)
(-18582.2949219, 21583.8027344, 248.170403587)
(-18582.2480469, 21583.8671875, 248.170403587)
(-18582.2011719, 21583.9316406, 248.170403587)
(-18582.1542969, 21583.9960938, 248.170403587)
(-18582.1074219, 21584.0605469, 248.170403587)
(-18582.0605469, 21584.125, 248.170403587)
(-18582.0136719, 21584.1894531, 248.170403587)
(-18581.9667969, 21584.2539062, 248.170403587)
(-18581.9199219, 21584.3183594, 248.170403587)
(-18581.8730469, 21584.3828125, 248.170403587)
(-18581.8242188, 21584.4472656, 248.170403587)
(-18581.7753906, 21584.5117188, 248.170403587)
(-18581.7265625, 21584.5761719, 248.170403587)
(-18581.671875, 21584.6347656, 248.170403587)
(-18581.6171875, 21584.6914062, 248.170403587)
(-18581.5605469, 21584.7480469, 248.170403587)
(-18581.5039062, 21584.8046875, 248.170403587)
(-18581.4492188, 21584.8613281, 248.170403587)
(-18581.3945312, 21584.9179688, 248.170403587)
(-18581.3398438, 21584.9746094, 248.170403587)
(-18581.2851562, 21585.03125, 248.170403587)
(-18581.2304688, 21585.0878906, 248.170403587)
(-18581.1757812, 21585.1445312, 248.170403587)
(-18581.1210938, 21585.2011719, 248.170403587)
(-18581.0664062, 21585.2578125, 248.170403587)
(-18581.0117188, 21585.3144531, 248.170403587)
(-18580.9570312, 21585.3710938, 248.170403587)
(-18580.9023438, 21585.4277344, 248.170403587)
(-18580.8476562, 21585.484375, 248.170403587)
(-18580.7929688, 21585.5410156, 248.170403587)
(-18580.7382812, 21585.5976562, 248.170403587)
(-18580.6816406, 21585.6542969, 248.170403587)
(-18580.625, 21585.7109375, 248.170403587)
(-18580.5703125, 21585.7675781, 248.170403587)
(-18580.515625, 21585.8242188, 248.170403587)
(-18580.4609375, 21585.8808594, 248.170403587)
(-18580.40625, 21585.9375, 248.170403587)
(-18580.3515625, 21585.9941406, 248.170403587)
(-18580.296875, 21586.0507812, 248.170403587)
(-18580.2421875, 21586.1074219, 248.170403587)
(-18580.1875, 21586.1640625, 248.170403587)
(-18580.1328125, 21586.2207031, 248.170403587)
(-18580.078125, 21586.2773438, 248.170403587)
(-18580.0234375, 21586.3339844, 248.170403587)
(-18579.96875, 21586.390625, 248.170403587)
(-18579.9140625, 21586.4472656, 248.170403587)
(-18579.859375, 21586.5039062, 248.170403587)
(-18579.8046875, 21586.5605469, 248.170403587)
(-18579.75, 21586.6171875, 248.170403587)
(-18579.6933594, 21586.6738281, 248.170403587)
(-18579.6367188, 21586.7304688, 248.170403587)
(-18579.5800781, 21586.7871094, 248.170403587)
(-18579.5234375, 21586.84375, 248.170403587)
(-18579.4667969, 21586.9003906, 248.170403587)
(-18579.4101562, 21586.9570312, 248.170403587)
(-18579.3535156, 21587.0136719, 248.170403587)
(-18579.296875, 21587.0703125, 248.170403587)
(-18579.2402344, 21587.1269531, 248.170403587)
(-18579.1835938, 21587.1835938, 248.170403587)
(-18579.1269531, 21587.2402344, 248.170403587)
(-18579.0703125, 21587.296875, 248.170403587)
(-18579.0136719, 21587.3535156, 248.170403587)
(-18578.9570312, 21587.4101562, 248.170403587)
(-18578.9003906, 21587.4667969, 248.170403587)
(-18578.84375, 21587.5234375, 248.170403587)
(-18578.7871094, 21587.5800781, 248.170403587)
(-18578.7304688, 21587.6367188, 248.170403587)
(-18578.6738281, 21587.6933594, 248.170403587)
(-18578.6171875, 21587.75, 248.170403587)
(-18578.5605469, 21587.8066406, 248.170403587)
(-18578.5039062, 21587.8632812, 248.170403587)
(-18578.4472656, 21587.9199219, 248.170403587)
(-18578.390625, 21587.9765625, 248.170403587)
(-18578.3339844, 21588.0332031, 248.170403587)
(-18578.2773438, 21588.0898438, 248.170403587)
(-18578.2207031, 21588.1464844, 248.170403587)
(-18578.1640625, 21588.203125, 248.170403587)
(-18578.1074219, 21588.2597656, 248.170403587)
(-18578.0507812, 21588.3164062, 248.170403587)
(-18577.9941406, 21588.3730469, 248.170403587)
(-18577.9375, 21588.4296875, 248.170403587)
(-18577.8808594, 21588.4863281, 248.170403587)
(-18577.8242188, 21588.5429688, 248.170403587)
(-18577.7675781, 21588.5996094, 248.170403587)
(-18577.7109375, 21588.65625, 248.170403587)
(-18577.6542969, 21588.7128906, 248.170403587)
(-18577.5976562, 21588.7695312, 248.170403587)
(-18577.5410156, 21588.8261719, 248.170403587)
(-18577.484375, 21588.8828125, 248.170403587)
(-18577.4277344, 21588.9394531, 248.170403587)
(-18577.3710938, 21588.9960938, 248.170403587)
(-18577.3144531, 21589.0527344, 248.170403587)
(-18577.2578125, 21589.109375, 248.170403587)
(-18577.2011719, 21589.1660156, 248.170403587)
(-18577.1445312, 21589.2226562, 248.170403587)
(-18577.0878906, 21589.2792969, 248.170403587)
(-18577.03125, 21589.3359375, 248.170403587)
(-18576.9746094, 21589.3925781, 248.170403587)
(-18576.9179688, 21589.4492188, 248.170403587)
(-18576.8613281, 21589.5058594, 248.170403587)
(-18576.8046875, 21589.5625, 248.170403587)
(-18576.7480469, 21589.6191406, 248.170403587)
(-18576.6914062, 21589.6757812, 248.170403587)
(-18576.6347656, 21589.7324219, 248.170403587)
(-18576.578125, 21589.7890625, 248.170403587)
(-18576.5214844, 21589.8457031, 248.170403587)
(-18576.4648438, 21589.9023438, 248.170403587)
(-18576.4082031, 21589.9589844, 248.170403587)
(-18576.3515625, 21590.015625, 248.170403587)
(-18576.2949219, 21590.0722656, 248.170403587)
(-18576.2382812, 21590.1289062, 248.170403587)
(-18576.1816406, 21590.1855469, 248.170403587)
(-18576.125, 21590.2421875, 248.170403587)
(-18576.0683594, 21590.2988281, 248.170403587)
(-18576.0117188, 21590.3554688, 248.170403587)
(-18575.9550781, 21590.4121094, 248.170403587)
(-18575.8984375, 21590.46875, 248.170403587)
(-18575.8417969, 21590.5253906, 248.170403587)
(-18575.7851562, 21590.5820312, 248.170403587)
(-18575.7285156, 21590.6386719, 248.170403587)
(-18575.671875, 21590.6953125, 248.170403587)
(-18575.6152344, 21590.7519531, 248.170403587)
(-18575.5585938, 21590.8085938, 248.170403587)
(-18575.5019531, 21590.8652344, 248.170403587)
(-18575.4453125, 21590.921875, 248.170403587)
(-18575.3886719, 21590.9785156, 248.170403587)
(-18575.3320312, 21591.0351562, 248.170403587)
(-18575.2753906, 21591.0917969, 248.170403587)
(-18575.21875, 21591.1484375, 248.170403587)
(-18575.1621094, 21591.2050781, 248.170403587)
(-18575.1054688, 21591.2617188, 248.170403587)
(-18575.0488281, 21591.3183594, 248.170403587)
(-18574.9921875, 21591.375, 248.170403587)
(-18574.9355469, 21591.4316406, 248.170403587)
(-18574.8789062, 21591.4882812, 248.170403587)
(-18574.8222656, 21591.5449219, 248.170403587)
(-18574.765625, 21591.6015625, 248.170403587)
(-18574.7089844, 21591.6582031, 248.170403587)
(-18574.6523438, 21591.7148438, 248.170403587)
(-18574.5957031, 21591.7714844, 248.170403587)
(-18574.5390625, 21591.828125, 248.170403587)
(-18574.4824219, 21591.8847656, 248.170403587)
(-18574.4257812, 21591.9414062, 248.170403587)
(-18574.3691406, 21591.9980469, 248.170403587)
(-18574.3125, 21592.0546875, 248.170403587)
(-18574.2558594, 21592.1113281, 248.170403587)
(-18574.1992188, 21592.1679688, 248.170403587)
(-18574.1425781, 21592.2246094, 248.170403587)
(-18574.0859375, 21592.28125, 248.170403587)
(-18574.0292969, 21592.3378906, 248.170403587)
(-18573.9726562, 21592.3945312, 248.170403587)
(-18573.9160156, 21592.4511719, 248.170403587)
(-18573.859375, 21592.5078125, 248.170403587)
(-18573.8027344, 21592.5644531, 248.170403587)
(-18573.7460938, 21592.6210938, 248.170403587)
(-18573.6894531, 21592.6777344, 248.170403587)
(-18573.6328125, 21592.734375, 248.170403587)
(-18573.5761719, 21592.7910156, 248.170403587)
(-18573.5195312, 21592.8476562, 248.170403587)
(-18573.4628906, 21592.9042969, 248.170403587)
(-18573.40625, 21592.9609375, 248.170403587)
(-18573.3496094, 21593.0175781, 248.170403587)
(-18573.2929688, 21593.0742188, 248.170403587)
(-18573.2363281, 21593.1308594, 248.170403587)
(-18573.1796875, 21593.1875, 248.170403587)
(-18573.1230469, 21593.2441406, 248.170403587)
(-18573.0664062, 21593.3007812, 248.170403587)
(-18573.0097656, 21593.3574219, 248.170403587)
(-18572.953125, 21593.4140625, 248.170403587)
(-18572.8964844, 21593.4707031, 248.170403587)
(-18572.8398438, 21593.5273438, 248.170403587)
(-18572.7832031, 21593.5839844, 248.170403587)
(-18572.7265625, 21593.640625, 248.170403587)
(-18572.6699219, 21593.6972656, 248.170403587)
(-18572.6132812, 21593.7539062, 248.170403587)
(-18572.5566406, 21593.8105469, 248.170403587)
(-18572.5, 21593.8671875, 248.170403587)
(-18572.4433594, 21593.9238281, 248.170403587)
(-18572.3867188, 21593.9804688, 248.170403587)
(-18572.3300781, 21594.0371094, 248.170403587)
(-18572.2734375, 21594.09375, 248.170403587)
(-18572.2167969, 21594.1503906, 248.170403587)
(-18572.1601562, 21594.2070312, 248.170403587)
(-18572.1035156, 21594.2636719, 248.170403587)
(-18572.046875, 21594.3203125, 248.170403587)
(-18571.9902344, 21594.3769531, 248.170403587)
(-18571.9335938, 21594.4335938, 248.170403587)
(-18571.8769531, 21594.4902344, 248.170403587)
(-18571.8203125, 21594.546875, 248.170403587)
(-18571.7636719, 21594.6035156, 248.170403587)
(-18571.7070312, 21594.6601562, 248.170403587)
(-18571.6503906, 21594.7167969, 248.170403587)
(-18571.59375, 21594.7734375, 248.170403587)
(-18571.5371094, 21594.8300781, 248.170403587)
(-18571.4804688, 21594.8867188, 248.170403587)
(-18571.4238281, 21594.9433594, 248.170403587)
(-18571.3671875, 21595.0, 248.170403587)
(-18571.3105469, 21595.0566406, 248.170403587)
(-18571.2539062, 21595.1132812, 248.170403587)
(-18571.1972656, 21595.1699219, 248.170403587)
(-18571.140625, 21595.2265625, 248.170403587)
(-18571.0839844, 21595.2832031, 248.170403587)
(-18571.0273438, 21595.3398438, 248.170403587)
(-18570.9707031, 21595.3964844, 248.170403587)
(-18570.9140625, 21595.453125, 248.170403587)
(-18570.8574219, 21595.5097656, 248.170403587)
(-18570.8007812, 21595.5664062, 248.170403587)
(-18570.7441406, 21595.6230469, 248.170403587)
(-18570.6875, 21595.6796875, 248.170403587)
(-18570.6308594, 21595.7363281, 248.170403587)
(-18570.5742188, 21595.7929688, 248.170403587)
(-18570.5175781, 21595.8496094, 248.170403587)
(-18570.4609375, 21595.90625, 248.170403587)
(-18570.4042969, 21595.9628906, 248.170403587)
(-18570.3476562, 21596.0195312, 248.170403587)
(-18570.2910156, 21596.0761719, 248.170403587)
(-18570.234375, 21596.1328125, 248.170403587)
(-18570.1777344, 21596.1894531, 248.170403587)
(-18570.1210938, 21596.2460938, 248.170403587)
(-18570.0644531, 21596.3027344, 248.170403587)
(-18570.0078125, 21596.359375, 248.170403587)
(-18569.9511719, 21596.4160156, 248.170403587)
(-18569.8945312, 21596.4726562, 248.170403587)
(-18569.8378906, 21596.5292969, 248.170403587)
(-18569.78125, 21596.5859375, 248.170403587)
(-18569.7246094, 21596.6425781, 248.170403587)
(-18569.6679688, 21596.6992188, 248.170403587)
(-18569.6113281, 21596.7558594, 248.170403587)
(-18569.5546875, 21596.8125, 248.170403587)
(-18569.4980469, 21596.8691406, 248.170403587)
(-18569.4414062, 21596.9257812, 248.170403587)
(-18569.3847656, 21596.9824219, 248.170403587)
(-18569.328125, 21597.0390625, 248.170403587)
(-18569.2714844, 21597.0957031, 248.170403587)
(-18569.2148438, 21597.1523438, 248.170403587)
(-18569.1582031, 21597.2089844, 248.170403587)
(-18569.1015625, 21597.265625, 248.170403587)
(-18569.0449219, 21597.3222656, 248.170403587)
(-18568.9882812, 21597.3789062, 248.170403587)
(-18568.9316406, 21597.4355469, 248.170403587)
(-18568.875, 21597.4921875, 248.170403587)
(-18568.8183594, 21597.5488281, 248.170403587)
(-18568.7617188, 21597.6054688, 248.170403587)
(-18568.7050781, 21597.6621094, 248.170403587)
(-18568.6484375, 21597.71875, 248.170403587)
(-18568.5917969, 21597.7753906, 248.170403587)
(-18568.5351562, 21597.8320312, 248.170403587)
(-18568.4785156, 21597.8886719, 248.170403587)
(-18568.421875, 21597.9453125, 248.170403587)
(-18568.3652344, 21598.0019531, 248.170403587)
(-18568.3085938, 21598.0585938, 248.170403587)
(-18568.2519531, 21598.1152344, 248.170403587)
(-18568.1953125, 21598.171875, 248.170403587)
(-18568.1386719, 21598.2285156, 248.170403587)
(-18568.0820312, 21598.2851562, 248.170403587)
(-18568.0253906, 21598.3417969, 248.170403587)
(-18567.96875, 21598.3984375, 248.170403587)
(-18567.9121094, 21598.4550781, 248.170403587)
(-18567.8554688, 21598.5117188, 248.170403587)
(-18567.7988281, 21598.5683594, 248.170403587)
(-18567.7421875, 21598.625, 248.170403587)
(-18567.6855469, 21598.6816406, 248.170403587)
(-18567.6289062, 21598.7382812, 248.170403587)
(-18567.5722656, 21598.7949219, 248.170403587)
(-18567.515625, 21598.8515625, 248.170403587)
(-18567.4589844, 21598.9082031, 248.170403587)
(-18567.4023438, 21598.9648438, 248.170403587)
(-18567.3457031, 21599.0214844, 248.170403587)
(-18567.2890625, 21599.078125, 248.170403587)
(-18567.2324219, 21599.1347656, 248.170403587)
(-18567.1757812, 21599.1914062, 248.170403587)
(-18567.1191406, 21599.2480469, 248.170403587)
(-18567.0625, 21599.3046875, 248.170403587)
(-18567.0058594, 21599.3613281, 248.170403587)
(-18566.9492188, 21599.4179688, 248.170403587)
(-18566.8925781, 21599.4746094, 248.170403587)
(-18566.8359375, 21599.53125, 248.170403587)
(-18566.7792969, 21599.5878906, 248.170403587)
(-18566.7226562, 21599.6445312, 248.170403587)
(-18566.6660156, 21599.7011719, 248.170403587)
(-18566.609375, 21599.7578125, 248.170403587)
(-18566.5527344, 21599.8144531, 248.170403587)
(-18566.4960938, 21599.8710938, 248.170403587)
(-18566.4394531, 21599.9277344, 248.170403587)
(-18566.3828125, 21599.984375, 248.170403587)
(-18566.3261719, 21600.0410156, 248.170403587)
(-18566.2695312, 21600.0976562, 248.170403587)
(-18566.2128906, 21600.1542969, 248.170403587)
(-18566.15625, 21600.2109375, 248.170403587)
(-18566.0996094, 21600.2675781, 248.170403587)
(-18566.0429688, 21600.3242188, 248.170403587)
(-18565.9863281, 21600.3808594, 248.170403587)
(-18565.9296875, 21600.4375, 248.170403587)
(-18565.8730469, 21600.4941406, 248.170403587)
(-18565.8164062, 21600.5507812, 248.170403587)
(-18565.7597656, 21600.6074219, 248.170403587)
(-18565.703125, 21600.6640625, 248.170403587)
(-18565.6464844, 21600.7207031, 248.170403587)
(-18565.5898438, 21600.7773438, 248.170403587)
(-18565.5332031, 21600.8339844, 248.170403587)
(-18565.4765625, 21600.890625, 248.170403587)
(-18565.4199219, 21600.9472656, 248.170403587)
(-18565.3632812, 21601.0039062, 248.170403587)
(-18565.3066406, 21601.0605469, 248.170403587)
(-18565.25, 21601.1171875, 248.170403587)
(-18565.1933594, 21601.1738281, 248.170403587)
(-18565.1367188, 21601.2304688, 248.170403587)
(-18565.0800781, 21601.2871094, 248.170403587)
(-18565.0234375, 21601.34375, 248.170403587)
(-18564.9667969, 21601.4003906, 248.170403587)
(-18564.9101562, 21601.4570312, 248.170403587)
(-18564.8535156, 21601.5136719, 248.170403587)
(-18564.796875, 21601.5703125, 248.170403587)
(-18564.7402344, 21601.6269531, 248.170403587)
(-18564.6835938, 21601.6835938, 248.170403587)
(-18564.6269531, 21601.7402344, 248.170403587)
(-18564.5703125, 21601.796875, 248.170403587)
(-18564.5136719, 21601.8535156, 248.170403587)
(-18564.4570312, 21601.9101562, 248.170403587)
(-18564.4003906, 21601.9667969, 248.170403587)
(-18564.34375, 21602.0234375, 248.170403587)
(-18564.2871094, 21602.0800781, 248.170403587)
(-18564.2304688, 21602.1367188, 248.170403587)
(-18564.1738281, 21602.1933594, 248.170403587)
(-18564.1171875, 21602.25, 248.170403587)
(-18564.0605469, 21602.3066406, 248.170403587)
(-18564.0039062, 21602.3632812, 248.170403587)
(-18563.9472656, 21602.4199219, 248.170403587)
(-18563.890625, 21602.4765625, 248.170403587)
(-18563.8339844, 21602.5332031, 248.170403587)
(-18563.7773438, 21602.5898438, 248.170403587)
(-18563.7207031, 21602.6464844, 248.170403587)
(-18563.6640625, 21602.703125, 248.170403587)
(-18563.6074219, 21602.7597656, 248.170403587)
(-18563.5507812, 21602.8164062, 248.170403587)
(-18563.4941406, 21602.8730469, 248.170403587)
(-18563.4375, 21602.9296875, 248.170403587)
(-18563.3808594, 21602.9863281, 248.170403587)
(-18563.3242188, 21603.0429688, 248.170403587)
(-18563.2675781, 21603.0996094, 248.170403587)
(-18563.2109375, 21603.15625, 248.170403587)
(-18563.1542969, 21603.2128906, 248.170403587)
(-18563.0976562, 21603.2695312, 248.170403587)
(-18563.0410156, 21603.3261719, 248.170403587)
(-18562.984375, 21603.3828125, 248.170403587)
(-18562.9277344, 21603.4394531, 248.170403587)
(-18562.8710938, 21603.4960938, 248.170403587)
(-18562.8144531, 21603.5527344, 248.170403587)
(-18562.7578125, 21603.609375, 248.170403587)
(-18562.7011719, 21603.6660156, 248.170403587)
(-18562.6445312, 21603.7226562, 248.170403587)
(-18562.5878906, 21603.7792969, 248.170403587)
(-18562.53125, 21603.8359375, 248.170403587)
(-18562.4746094, 21603.8925781, 248.170403587)
(-18562.4179688, 21603.9492188, 248.170403587)
(-18562.3613281, 21604.0058594, 248.170403587)
(-18562.3046875, 21604.0625, 248.170403587)
(-18562.2480469, 21604.1191406, 248.170403587)
(-18562.1914062, 21604.1757812, 248.170403587)
(-18562.1347656, 21604.2324219, 248.170403587)
(-18562.078125, 21604.2890625, 248.170403587)
(-18562.0214844, 21604.3457031, 248.170403587)
(-18561.9648438, 21604.4023438, 248.170403587)
(-18561.9082031, 21604.4589844, 248.170403587)
(-18561.8515625, 21604.515625, 248.170403587)
(-18561.7949219, 21604.5722656, 248.170403587)
(-18561.7382812, 21604.6289062, 248.170403587)
(-18561.6816406, 21604.6855469, 248.170403587)
(-18561.625, 21604.7421875, 248.170403587)
(-18561.5683594, 21604.7988281, 248.170403587)
(-18561.5117188, 21604.8554688, 248.170403587)
(-18561.4550781, 21604.9121094, 248.170403587)
(-18561.3984375, 21604.96875, 248.170403587)
(-18561.3417969, 21605.0253906, 248.170403587)
(-18561.2851562, 21605.0820312, 248.170403587)
(-18561.2285156, 21605.1386719, 248.170403587)
(-18561.171875, 21605.1953125, 248.170403587)
(-18561.1152344, 21605.2519531, 248.170403587)
(-18561.0585938, 21605.3085938, 248.170403587)
(-18561.0019531, 21605.3652344, 248.170403587)
(-18560.9453125, 21605.421875, 248.170403587)
(-18560.8886719, 21605.4785156, 248.170403587)
(-18560.8320312, 21605.5351562, 248.170403587)
(-18560.7753906, 21605.5917969, 248.170403587)
(-18560.71875, 21605.6484375, 248.170403587)
(-18560.6621094, 21605.7050781, 248.170403587)
(-18560.6054688, 21605.7617188, 248.170403587)
(-18560.5488281, 21605.8183594, 248.170403587)
(-18560.4921875, 21605.875, 248.170403587)
(-18560.4355469, 21605.9316406, 248.170403587)
(-18560.3789062, 21605.9882812, 248.170403587)
(-18560.3222656, 21606.0449219, 248.170403587)
(-18560.265625, 21606.1015625, 248.170403587)
(-18560.2089844, 21606.1582031, 248.170403587)
(-18560.1523438, 21606.2148438, 248.170403587)
(-18560.0957031, 21606.2714844, 248.170403587)
(-18560.0390625, 21606.328125, 248.170403587)
(-18559.9824219, 21606.3847656, 248.170403587)
(-18559.9257812, 21606.4414062, 248.170403587)
(-18559.8691406, 21606.4980469, 248.170403587)
(-18559.8125, 21606.5546875, 248.170403587)
(-18559.7558594, 21606.6113281, 248.170403587)
(-18559.6992188, 21606.6679688, 248.170403587)
(-18559.6425781, 21606.7246094, 248.170403587)
(-18559.5859375, 21606.78125, 248.170403587)
(-18559.5292969, 21606.8378906, 248.170403587)
(-18559.4726562, 21606.8945312, 248.170403587)
(-18559.4160156, 21606.9511719, 248.170403587)
(-18559.359375, 21607.0078125, 248.170403587)
(-18559.3027344, 21607.0644531, 248.170403587)
(-18559.2460938, 21607.1210938, 248.170403587)
(-18559.1894531, 21607.1777344, 248.170403587)
(-18559.1328125, 21607.234375, 248.170403587)
(-18559.0761719, 21607.2910156, 248.170403587)
(-18559.0195312, 21607.3476562, 248.170403587)
(-18558.9628906, 21607.4042969, 248.170403587)
(-18558.90625, 21607.4609375, 248.170403587)
(-18558.8496094, 21607.5175781, 248.170403587)
(-18558.7929688, 21607.5742188, 248.170403587)
(-18558.7363281, 21607.6308594, 248.170403587)
(-18558.6796875, 21607.6875, 248.170403587)
(-18558.6230469, 21607.7441406, 248.170403587)
(-18558.5664062, 21607.8007812, 248.170403587)
(-18558.5097656, 21607.8574219, 248.170403587)
(-18558.453125, 21607.9140625, 248.170403587)
(-18558.3964844, 21607.9707031, 248.170403587)
(-18558.3398438, 21608.0273438, 248.170403587)
(-18558.2832031, 21608.0839844, 248.170403587)
(-18558.2265625, 21608.140625, 248.170403587)
(-18558.1699219, 21608.1972656, 248.170403587)
(-18558.1132812, 21608.2539062, 248.170403587)
(-18558.0566406, 21608.3105469, 248.170403587)
(-18558.0, 21608.3671875, 248.170403587)
(-18557.9433594, 21608.4238281, 248.170403587)
(-18557.8867188, 21608.4804688, 248.170403587)
(-18557.8300781, 21608.5371094, 248.170403587)
(-18557.7734375, 21608.59375, 248.170403587)
(-18557.7089844, 21608.640625, 248.170403587)
(-18557.6445312, 21608.6875, 248.170403587)
(-18557.5800781, 21608.734375, 248.170403587)
(-18557.515625, 21608.78125, 248.170403587)
(-18557.4511719, 21608.828125, 248.170403587)
(-18557.3867188, 21608.875, 248.170403587)
(-18557.3222656, 21608.921875, 248.170403587)
(-18557.2578125, 21608.96875, 248.170403587)
(-18557.1933594, 21609.015625, 248.170403587)
(-18557.1289062, 21609.0625, 248.170403587)
(-18557.0644531, 21609.109375, 248.170403587)
(-18557.0, 21609.15625, 248.170403587)
(-18556.9355469, 21609.203125, 248.170403587)
(-18556.8710938, 21609.25, 248.170403587)
(-18556.8066406, 21609.296875, 248.170403587)
(-18556.7421875, 21609.34375, 248.170403587)
(-18556.6777344, 21609.390625, 248.170403587)
(-18556.6132812, 21609.4375, 248.170403587)
(-18556.5488281, 21609.484375, 248.170403587)
(-18556.484375, 21609.53125, 248.170403587)
(-18556.4199219, 21609.578125, 248.170403587)
(-18556.3554688, 21609.625, 248.170403587)
(-18556.2910156, 21609.671875, 248.170403587)
(-18556.2265625, 21609.71875, 248.170403587)
(-18556.1621094, 21609.765625, 248.170403587)
(-18556.0976562, 21609.8125, 248.170403587)
(-18556.0332031, 21609.859375, 248.170403587)
(-18555.96875, 21609.90625, 248.170403587)
(-18555.9042969, 21609.953125, 248.170403587)
(-18555.8398438, 21610.0, 248.170403587)
(-18555.7753906, 21610.046875, 248.170403587)
(-18555.7109375, 21610.09375, 248.170403587)
(-18555.6464844, 21610.1425781, 248.170403587)
(-18555.5820312, 21610.1914062, 248.170403587)
(-18555.5175781, 21610.2402344, 248.170403587)
(-18555.453125, 21610.2890625, 248.170403587)
(-18555.3886719, 21610.3359375, 248.170403587)
(-18555.3242188, 21610.3828125, 248.170403587)
(-18555.2597656, 21610.4316406, 248.170403587)
(-18555.1953125, 21610.4804688, 248.170403587)
(-18555.1308594, 21610.5292969, 248.170403587)
(-18555.0664062, 21610.5761719, 248.170403587)
(-18555.0019531, 21610.6230469, 248.170403587)
(-18554.9433594, 21610.6777344, 248.170403587)
(-18554.8867188, 21610.7324219, 248.170403587)
(-18554.8300781, 21610.7871094, 248.170403587)
(-18554.7734375, 21610.8417969, 248.170403587)
(-18554.7167969, 21610.8964844, 248.170403587)
(-18554.6601562, 21610.9511719, 248.170403587)
(-18554.6035156, 21611.0058594, 248.170403587)
(-18554.546875, 21611.0605469, 248.170403587)
(-18554.4902344, 21611.1152344, 248.170403587)
(-18554.4335938, 21611.1699219, 248.170403587)
(-18554.3769531, 21611.2246094, 248.170403587)
(-18554.3203125, 21611.2792969, 248.170403587)
(-18554.2636719, 21611.3339844, 248.170403587)
(-18554.2070312, 21611.3886719, 248.170403587)
(-18554.1503906, 21611.4433594, 248.170403587)
(-18554.09375, 21611.4980469, 248.170403587)
(-18554.0371094, 21611.5527344, 248.170403587)
(-18553.9804688, 21611.6074219, 248.170403587)
(-18553.9238281, 21611.6621094, 248.170403587)
(-18553.8671875, 21611.7167969, 248.170403587)
(-18553.8105469, 21611.7714844, 248.170403587)
(-18553.7539062, 21611.8261719, 248.170403587)
(-18553.6972656, 21611.8808594, 248.170403587)
(-18553.640625, 21611.9375, 248.170403587)
(-18553.5839844, 21611.9941406, 248.170403587)
(-18553.5273438, 21612.0488281, 248.170403587)
(-18553.4707031, 21612.1035156, 248.170403587)
(-18553.4140625, 21612.1582031, 248.170403587)
(-18553.3574219, 21612.2128906, 248.170403587)
(-18553.3007812, 21612.2675781, 248.170403587)
(-18553.2441406, 21612.3222656, 248.170403587)
(-18553.1875, 21612.3769531, 248.170403587)
(-18553.1308594, 21612.4316406, 248.170403587)
(-18553.0742188, 21612.4863281, 248.170403587)
(-18553.0175781, 21612.5410156, 248.170403587)
(-18552.9609375, 21612.5957031, 248.170403587)
(-18552.9042969, 21612.6523438, 248.170403587)
(-18552.8476562, 21612.7089844, 248.170403587)
(-18552.7910156, 21612.765625, 248.170403587)
(-18552.734375, 21612.8222656, 248.170403587)
(-18552.6777344, 21612.8789062, 248.170403587)
(-18552.6210938, 21612.9355469, 248.170403587)
(-18552.5644531, 21612.9921875, 248.170403587)
(-18552.5078125, 21613.0488281, 248.170403587)
(-18552.4511719, 21613.1054688, 248.170403587)
(-18552.3945312, 21613.1621094, 248.170403587)
(-18552.3378906, 21613.21875, 248.170403587)
(-18552.28125, 21613.2753906, 248.170403587)
(-18552.2246094, 21613.3320312, 248.170403587)
(-18552.1679688, 21613.3886719, 248.170403587)
(-18552.1113281, 21613.4453125, 248.170403587)
(-18552.0546875, 21613.5019531, 248.170403587)
(-18551.9980469, 21613.5585938, 248.170403587)
(-18551.9414062, 21613.6152344, 248.170403587)
(-18551.8847656, 21613.671875, 248.170403587)
(-18551.828125, 21613.7285156, 248.170403587)
(-18551.7714844, 21613.7851562, 248.170403587)
(-18551.7148438, 21613.8417969, 248.170403587)
(-18551.6582031, 21613.8984375, 248.170403587)
(-18551.6015625, 21613.9550781, 248.170403587)
(-18551.5449219, 21614.0117188, 248.170403587)
(-18551.4882812, 21614.0683594, 248.170403587)
(-18551.4316406, 21614.125, 248.170403587)
(-18551.375, 21614.1816406, 248.170403587)
(-18551.3183594, 21614.2382812, 248.170403587)
(-18551.2617188, 21614.2949219, 248.170403587)
(-18551.2050781, 21614.3515625, 248.170403587)
(-18551.1484375, 21614.4082031, 248.170403587)
(-18551.0917969, 21614.4648438, 248.170403587)
(-18551.0351562, 21614.5214844, 248.170403587)
(-18550.9785156, 21614.578125, 248.170403587)
(-18550.921875, 21614.6347656, 248.170403587)
(-18550.8652344, 21614.6914062, 248.170403587)
(-18550.8085938, 21614.7480469, 248.170403587)
(-18550.7519531, 21614.8046875, 248.170403587)
(-18550.6953125, 21614.8613281, 248.170403587)
(-18550.6386719, 21614.9179688, 248.170403587)
(-18550.5820312, 21614.9746094, 248.170403587)
(-18550.5253906, 21615.03125, 248.170403587)
(-18550.46875, 21615.0878906, 248.170403587)
(-18550.4121094, 21615.1445312, 248.170403587)
(-18550.3554688, 21615.2011719, 248.170403587)
(-18550.2988281, 21615.2578125, 248.170403587)
(-18550.2421875, 21615.3144531, 248.170403587)
(-18550.1855469, 21615.3710938, 248.170403587)
(-18550.1289062, 21615.4277344, 248.170403587)
(-18550.0722656, 21615.484375, 248.170403587)
(-18550.015625, 21615.5410156, 248.170403587)
(-18549.9589844, 21615.5976562, 248.170403587)
(-18549.9023438, 21615.6542969, 248.170403587)
(-18549.8457031, 21615.7109375, 248.170403587)
(-18549.7890625, 21615.7675781, 248.170403587)
(-18549.7324219, 21615.8242188, 248.170403587)
(-18549.6757812, 21615.8808594, 248.170403587)
(-18549.6191406, 21615.9375, 248.170403587)
(-18549.5625, 21615.9941406, 248.170403587)
(-18549.5058594, 21616.0507812, 248.170403587)
(-18549.4492188, 21616.1074219, 248.170403587)
(-18549.3925781, 21616.1640625, 248.170403587)
(-18549.3359375, 21616.2207031, 248.170403587)
(-18549.2792969, 21616.2773438, 248.170403587)
(-18549.2226562, 21616.3339844, 248.170403587)
(-18549.1660156, 21616.390625, 248.170403587)
(-18549.109375, 21616.4472656, 248.170403587)
(-18549.0527344, 21616.5039062, 248.170403587)
(-18548.9960938, 21616.5605469, 248.170403587)
(-18548.9394531, 21616.6171875, 248.170403587)
(-18548.8828125, 21616.6738281, 248.170403587)
(-18548.8261719, 21616.7304688, 248.170403587)
(-18548.7695312, 21616.7871094, 248.170403587)
(-18548.7128906, 21616.84375, 248.170403587)
(-18548.65625, 21616.9003906, 248.170403587)
(-18548.5996094, 21616.9570312, 248.170403587)
(-18548.5429688, 21617.0136719, 248.170403587)
(-18548.4863281, 21617.0703125, 248.170403587)
(-18548.4296875, 21617.1269531, 248.170403587)
(-18548.3730469, 21617.1835938, 248.170403587)
(-18548.3164062, 21617.2402344, 248.170403587)
(-18548.2597656, 21617.296875, 248.170403587)
(-18548.203125, 21617.3535156, 248.170403587)
(-18548.1464844, 21617.4101562, 248.170403587)
(-18548.0898438, 21617.4667969, 248.170403587)
(-18548.0332031, 21617.5234375, 248.170403587)
(-18547.9765625, 21617.5800781, 248.170403587)
(-18547.9199219, 21617.6367188, 248.170403587)
(-18547.8632812, 21617.6933594, 248.170403587)
(-18547.8066406, 21617.75, 248.170403587)
(-18547.75, 21617.8066406, 248.170403587)
(-18547.6933594, 21617.8632812, 248.170403587)
(-18547.6367188, 21617.9199219, 248.170403587)
(-18547.5800781, 21617.9765625, 248.170403587)
(-18547.5234375, 21618.0332031, 248.170403587)
(-18547.4667969, 21618.0898438, 248.170403587)
(-18547.4101562, 21618.1464844, 248.170403587)
(-18547.3535156, 21618.203125, 248.170403587)
(-18547.296875, 21618.2597656, 248.170403587)
(-18547.2402344, 21618.3164062, 248.170403587)
(-18547.1835938, 21618.3730469, 248.170403587)
(-18547.1269531, 21618.4296875, 248.170403587)
(-18547.0703125, 21618.4863281, 248.170403587)
(-18547.0136719, 21618.5429688, 248.170403587)
(-18546.9570312, 21618.5996094, 248.170403587)
(-18546.9003906, 21618.65625, 248.170403587)
(-18546.84375, 21618.7128906, 248.170403587)
(-18546.7871094, 21618.7695312, 248.170403587)
(-18546.7304688, 21618.8261719, 248.170403587)
(-18546.6738281, 21618.8828125, 248.170403587)
(-18546.6171875, 21618.9394531, 248.170403587)
(-18546.5605469, 21618.9960938, 248.170403587)
(-18546.5039062, 21619.0527344, 248.170403587)
(-18546.4472656, 21619.109375, 248.170403587)
(-18546.390625, 21619.1660156, 248.170403587)
(-18546.3339844, 21619.2226562, 248.170403587)
(-18546.2773438, 21619.2792969, 248.170403587)
(-18546.2207031, 21619.3359375, 248.170403587)
(-18546.1640625, 21619.3925781, 248.170403587)
(-18546.1074219, 21619.4492188, 248.170403587)
(-18546.0507812, 21619.5058594, 248.170403587)
(-18545.9941406, 21619.5625, 248.170403587)
(-18545.9375, 21619.6191406, 248.170403587)
(-18545.8808594, 21619.6757812, 248.170403587)
(-18545.8242188, 21619.7324219, 248.170403587)
(-18545.7675781, 21619.7890625, 248.170403587)
(-18545.7109375, 21619.8457031, 248.170403587)
(-18545.6542969, 21619.9023438, 248.170403587)
(-18545.5976562, 21619.9589844, 248.170403587)
(-18545.5410156, 21620.015625, 248.170403587)
(-18545.484375, 21620.0722656, 248.170403587)
(-18545.4277344, 21620.1289062, 248.170403587)
(-18545.3710938, 21620.1855469, 248.170403587)
(-18545.3144531, 21620.2421875, 248.170403587)
(-18545.2578125, 21620.2988281, 248.170403587)
(-18545.2011719, 21620.3554688, 248.170403587)
(-18545.1445312, 21620.4121094, 248.170403587)
(-18545.0878906, 21620.46875, 248.170403587)
(-18545.03125, 21620.5253906, 248.170403587)
(-18544.9746094, 21620.5820312, 248.170403587)
(-18544.9179688, 21620.6386719, 248.170403587)
(-18544.8613281, 21620.6953125, 248.170403587)
(-18544.8046875, 21620.7519531, 248.170403587)
(-18544.7480469, 21620.8085938, 248.170403587)
(-18544.6914062, 21620.8652344, 248.170403587)
(-18544.6347656, 21620.921875, 248.170403587)
(-18544.578125, 21620.9785156, 248.170403587)
(-18544.5214844, 21621.0351562, 248.170403587)
(-18544.4648438, 21621.0917969, 248.170403587)
(-18544.4082031, 21621.1484375, 248.170403587)
(-18544.3515625, 21621.2050781, 248.170403587)
(-18544.2949219, 21621.2617188, 248.170403587)
(-18544.2382812, 21621.3183594, 248.170403587)
(-18544.1816406, 21621.375, 248.170403587)
(-18544.125, 21621.4316406, 248.170403587)
(-18544.0683594, 21621.4882812, 248.170403587)
(-18544.0117188, 21621.5449219, 248.170403587)
(-18543.9550781, 21621.6015625, 248.170403587)
(-18543.8984375, 21621.6582031, 248.170403587)
(-18543.8417969, 21621.7148438, 248.170403587)
(-18543.7851562, 21621.7714844, 248.170403587)
(-18543.7285156, 21621.828125, 248.170403587)
(-18543.671875, 21621.8847656, 248.170403587)
(-18543.6152344, 21621.9414062, 248.170403587)
(-18543.5585938, 21621.9980469, 248.170403587)
(-18543.5019531, 21622.0546875, 248.170403587)
(-18543.4453125, 21622.1113281, 248.170403587)
(-18543.3886719, 21622.1679688, 248.170403587)
(-18543.3320312, 21622.2246094, 248.170403587)
(-18543.2753906, 21622.28125, 248.170403587)
(-18543.21875, 21622.3378906, 248.170403587)
(-18543.1621094, 21622.3945312, 248.170403587)
(-18543.1054688, 21622.4511719, 248.170403587)
(-18543.0488281, 21622.5078125, 248.170403587)
(-18542.9921875, 21622.5644531, 248.170403587)
(-18542.9355469, 21622.6210938, 248.170403587)
(-18542.8789062, 21622.6777344, 248.170403587)
(-18542.8222656, 21622.734375, 248.170403587)
(-18542.765625, 21622.7910156, 248.170403587)
(-18542.7089844, 21622.8476562, 248.170403587)
(-18542.6523438, 21622.9042969, 248.170403587)
(-18542.5957031, 21622.9609375, 248.170403587)
(-18542.5390625, 21623.0175781, 248.170403587)
(-18542.4824219, 21623.0742188, 248.170403587)
(-18542.4257812, 21623.1308594, 248.170403587)
(-18542.3691406, 21623.1875, 248.170403587)
(-18542.3125, 21623.2441406, 248.170403587)
(-18542.2558594, 21623.3007812, 248.170403587)
(-18542.1992188, 21623.3574219, 248.170403587)
(-18542.1425781, 21623.4140625, 248.170403587)
(-18542.0859375, 21623.4707031, 248.170403587)
(-18542.0292969, 21623.5273438, 248.170403587)
(-18541.9726562, 21623.5839844, 248.170403587)
(-18541.9160156, 21623.640625, 248.170403587)
(-18541.859375, 21623.6972656, 248.170403587)
(-18541.8027344, 21623.7539062, 248.170403587)
(-18541.7460938, 21623.8105469, 248.170403587)
(-18541.6894531, 21623.8671875, 248.170403587)
(-18541.6328125, 21623.9238281, 248.170403587)
(-18541.5761719, 21623.9804688, 248.170403587)
(-18541.5195312, 21624.0371094, 248.170403587)
(-18541.4628906, 21624.09375, 248.170403587)
(-18541.40625, 21624.1503906, 248.170403587)
(-18541.3496094, 21624.2070312, 248.170403587)
(-18541.2929688, 21624.2636719, 248.170403587)
(-18541.2363281, 21624.3203125, 248.170403587)
(-18541.1796875, 21624.3769531, 248.170403587)
(-18541.1230469, 21624.4335938, 248.170403587)
(-18541.0664062, 21624.4902344, 248.170403587)
(-18541.0097656, 21624.546875, 248.170403587)
(-18540.953125, 21624.6035156, 248.170403587)
(-18540.8964844, 21624.6601562, 248.170403587)
(-18540.8398438, 21624.7167969, 248.170403587)
(-18540.7832031, 21624.7734375, 248.170403587)
(-18540.7265625, 21624.8300781, 248.170403587)
(-18540.6699219, 21624.8867188, 248.170403587)
(-18540.6132812, 21624.9433594, 248.170403587)
(-18540.5566406, 21625.0, 248.170403587)
(-18540.5, 21625.0566406, 248.170403587)
(-18540.4433594, 21625.1132812, 248.170403587)
(-18540.3867188, 21625.1699219, 248.170403587)
(-18540.3300781, 21625.2265625, 248.170403587)
(-18540.2734375, 21625.2832031, 248.170403587)
(-18540.2167969, 21625.3398438, 248.170403587)
(-18540.1601562, 21625.3964844, 248.170403587)
(-18540.1035156, 21625.453125, 248.170403587)
(-18540.046875, 21625.5097656, 248.170403587)
(-18539.9902344, 21625.5664062, 248.170403587)
(-18539.9335938, 21625.6230469, 248.170403587)
(-18539.8769531, 21625.6796875, 248.170403587)
(-18539.8203125, 21625.7363281, 248.170403587)
(-18539.7636719, 21625.7929688, 248.170403587)
(-18539.7070312, 21625.8496094, 248.170403587)
(-18539.6503906, 21625.90625, 248.170403587)
(-18539.59375, 21625.9628906, 248.170403587)
(-18539.5371094, 21626.0195312, 248.170403587)
(-18539.4804688, 21626.0761719, 248.170403587)
(-18539.4238281, 21626.1328125, 248.170403587)
(-18539.3671875, 21626.1894531, 248.170403587)
(-18539.3105469, 21626.2460938, 248.170403587)
(-18539.2539062, 21626.3027344, 248.170403587)
(-18539.1972656, 21626.359375, 248.170403587)
(-18539.140625, 21626.4160156, 248.170403587)
(-18539.0839844, 21626.4726562, 248.170403587)
(-18539.0273438, 21626.5292969, 248.170403587)
(-18538.9707031, 21626.5859375, 248.170403587)
(-18538.9140625, 21626.6425781, 248.170403587)
(-18538.8574219, 21626.6992188, 248.170403587)
(-18538.8007812, 21626.7558594, 248.170403587)
(-18538.7441406, 21626.8125, 248.170403587)
(-18538.6875, 21626.8691406, 248.170403587)
(-18538.6308594, 21626.9257812, 248.170403587)
(-18538.5742188, 21626.9824219, 248.170403587)
(-18538.5175781, 21627.0390625, 248.170403587)
(-18538.4609375, 21627.0957031, 248.170403587)
(-18538.4042969, 21627.1523438, 248.170403587)
(-18538.3476562, 21627.2089844, 248.170403587)
(-18538.2910156, 21627.265625, 248.170403587)
(-18538.234375, 21627.3222656, 248.170403587)
(-18538.1777344, 21627.3789062, 248.170403587)
(-18538.1210938, 21627.4355469, 248.170403587)
(-18538.0644531, 21627.4921875, 248.170403587)
(-18538.0078125, 21627.5488281, 248.170403587)
(-18537.9511719, 21627.6054688, 248.170403587)
(-18537.8945312, 21627.6621094, 248.170403587)
(-18537.8378906, 21627.71875, 248.170403587)
(-18537.78125, 21627.7753906, 248.170403587)
(-18537.7246094, 21627.8320312, 248.170403587)
(-18537.6679688, 21627.8886719, 248.170403587)
(-18537.6113281, 21627.9453125, 248.170403587)
(-18537.5546875, 21628.0019531, 248.170403587)
(-18537.4980469, 21628.0585938, 248.170403587)
(-18537.4414062, 21628.1152344, 248.170403587)
(-18537.3847656, 21628.171875, 248.170403587)
(-18537.328125, 21628.2285156, 248.170403587)
(-18537.2714844, 21628.2851562, 248.170403587)
(-18537.2148438, 21628.3417969, 248.170403587)
(-18537.1582031, 21628.3984375, 248.170403587)
(-18537.1015625, 21628.4550781, 248.170403587)
(-18537.0449219, 21628.5117188, 248.170403587)
(-18536.9882812, 21628.5683594, 248.170403587)
(-18536.9316406, 21628.625, 248.170403587)
(-18536.875, 21628.6816406, 248.170403587)
(-18536.8183594, 21628.7382812, 248.170403587)
(-18536.7617188, 21628.7949219, 248.170403587)
(-18536.7050781, 21628.8515625, 248.170403587)
(-18536.6484375, 21628.9082031, 248.170403587)
(-18536.5917969, 21628.9648438, 248.170403587)
(-18536.5351562, 21629.0214844, 248.170403587)
(-18536.4785156, 21629.078125, 248.170403587)
(-18536.421875, 21629.1347656, 248.170403587)
(-18536.3652344, 21629.1914062, 248.170403587)
(-18536.3085938, 21629.2480469, 248.170403587)
(-18536.2519531, 21629.3046875, 248.170403587)
(-18536.1953125, 21629.3613281, 248.170403587)
(-18536.1386719, 21629.4179688, 248.170403587)
(-18536.0820312, 21629.4746094, 248.170403587)
(-18536.0253906, 21629.53125, 248.170403587)
(-18535.96875, 21629.5878906, 248.170403587)
(-18535.9121094, 21629.6445312, 248.170403587)
(-18535.8554688, 21629.7011719, 248.170403587)
(-18535.7988281, 21629.7578125, 248.170403587)
(-18535.7421875, 21629.8144531, 248.170403587)
(-18535.6855469, 21629.8710938, 248.170403587)
(-18535.6289062, 21629.9277344, 248.170403587)
(-18535.5722656, 21629.984375, 248.170403587)
(-18535.515625, 21630.0410156, 248.170403587)
(-18535.4589844, 21630.0976562, 248.170403587)
(-18535.4023438, 21630.1542969, 248.170403587)
(-18535.3457031, 21630.2109375, 248.170403587)
(-18535.2890625, 21630.2675781, 248.170403587)
(-18535.2324219, 21630.3242188, 248.170403587)
(-18535.1757812, 21630.3808594, 248.170403587)
(-18535.1191406, 21630.4375, 248.170403587)
(-18535.0625, 21630.4941406, 248.170403587)
(-18535.0058594, 21630.5507812, 248.170403587)
(-18534.9492188, 21630.6074219, 248.170403587)
(-18534.9023438, 21630.671875, 248.170403587)
(-18534.8554688, 21630.7363281, 248.170403587)
(-18534.8085938, 21630.8007812, 248.170403587)
(-18534.7617188, 21630.8652344, 248.170403587)
(-18534.7148438, 21630.9296875, 248.170403587)
(-18534.6679688, 21630.9941406, 248.170403587)
(-18534.6210938, 21631.0585938, 248.170403587)
(-18534.5742188, 21631.1230469, 248.170403587)
(-18534.5273438, 21631.1875, 248.170403587)
(-18534.4804688, 21631.2519531, 248.170403587)
(-18534.4335938, 21631.3164062, 248.170403587)
(-18534.3867188, 21631.3808594, 248.170403587)
(-18534.3398438, 21631.4453125, 248.170403587)
(-18534.2929688, 21631.5097656, 248.170403587)
(-18534.2460938, 21631.5742188, 248.170403587)
(-18534.1992188, 21631.6386719, 248.170403587)
(-18534.1523438, 21631.703125, 248.170403587)
(-18534.1054688, 21631.7675781, 248.170403587)
(-18534.0585938, 21631.8320312, 248.170403587)
(-18534.0117188, 21631.8964844, 248.170403587)
(-18533.9648438, 21631.9609375, 248.170403587)
(-18533.9179688, 21632.0253906, 248.170403587)
(-18533.8710938, 21632.0898438, 248.170403587)
(-18533.8242188, 21632.1542969, 248.170403587)
(-18533.7773438, 21632.21875, 248.170403587)
(-18533.7304688, 21632.2832031, 248.170403587)
(-18533.6835938, 21632.3476562, 248.170403587)
(-18533.6367188, 21632.4121094, 248.170403587)
(-18533.5898438, 21632.4765625, 248.170403587)
(-18533.5429688, 21632.5410156, 248.170403587)
(-18533.4960938, 21632.6054688, 248.170403587)
(-18533.4492188, 21632.6699219, 248.170403587)
(-18533.4003906, 21632.734375, 248.170403587)
(-18533.3515625, 21632.7988281, 248.170403587)
(-18533.3027344, 21632.8632812, 248.170403587)
(-18533.2539062, 21632.9277344, 248.170403587)
(-18533.2050781, 21632.9921875, 248.170403587)
(-18533.1582031, 21633.0566406, 248.170403587)
(-18533.1113281, 21633.1210938, 248.170403587)
(-18533.0644531, 21633.1855469, 248.170403587)
(-18533.015625, 21633.25, 248.170403587)
(-18532.9667969, 21633.3144531, 248.170403587)
(-18532.9179688, 21633.3789062, 248.170403587)
(-18532.8632812, 21633.4375, 248.170403587)
(-18532.8085938, 21633.4941406, 248.170403587)
(-18532.7539062, 21633.5507812, 248.170403587)
(-18532.6992188, 21633.6074219, 248.170403587)
(-18532.6445312, 21633.6640625, 248.170403587)
(-18532.5898438, 21633.7207031, 248.170403587)
(-18532.5351562, 21633.7773438, 248.170403587)
(-18532.4804688, 21633.8339844, 248.170403587)
(-18532.4257812, 21633.890625, 248.170403587)
(-18532.3710938, 21633.9472656, 248.170403587)
(-18532.3164062, 21634.0039062, 248.170403587)
(-18532.2617188, 21634.0605469, 248.170403587)
(-18532.2070312, 21634.1171875, 248.170403587)
(-18532.1523438, 21634.1738281, 248.170403587)
(-18532.0976562, 21634.2304688, 248.170403587)
(-18532.0429688, 21634.2871094, 248.170403587)
(-18531.9882812, 21634.34375, 248.170403587)
(-18531.9335938, 21634.4003906, 248.170403587)
(-18531.8789062, 21634.4570312, 248.170403587)
(-18531.8242188, 21634.5136719, 248.170403587)
(-18531.7695312, 21634.5703125, 248.170403587)
(-18531.7148438, 21634.6269531, 248.170403587)
(-18531.6601562, 21634.6835938, 248.170403587)
(-18531.6054688, 21634.7402344, 248.170403587)
(-18531.5488281, 21634.796875, 248.170403587)
(-18531.4921875, 21634.8535156, 248.170403587)
(-18531.4375, 21634.9101562, 248.170403587)
(-18531.3828125, 21634.9667969, 248.170403587)
(-18531.328125, 21635.0234375, 248.170403587)
(-18531.2734375, 21635.0800781, 248.170403587)
(-18531.21875, 21635.1367188, 248.170403587)
(-18531.1640625, 21635.1933594, 248.170403587)
(-18531.109375, 21635.25, 248.170403587)
(-18531.0546875, 21635.3066406, 248.170403587)
(-18531.0, 21635.3632812, 248.170403587)
(-18530.9453125, 21635.4199219, 248.170403587)
(-18530.8886719, 21635.4765625, 248.170403587)
(-18530.8320312, 21635.5332031, 248.170403587)
(-18530.7753906, 21635.5898438, 248.170403587)
(-18530.71875, 21635.6464844, 248.170403587)
(-18530.6621094, 21635.703125, 248.170403587)
(-18530.6054688, 21635.7597656, 248.170403587)
(-18530.5488281, 21635.8164062, 248.170403587)
(-18530.4921875, 21635.8730469, 248.170403587)
(-18530.4355469, 21635.9296875, 248.170403587)
(-18530.3789062, 21635.9863281, 248.170403587)
(-18530.3222656, 21636.0429688, 248.170403587)
(-18530.265625, 21636.0996094, 248.170403587)
(-18530.2089844, 21636.15625, 248.170403587)
(-18530.1523438, 21636.2128906, 248.170403587)
(-18530.0957031, 21636.2695312, 248.170403587)
(-18530.0390625, 21636.3261719, 248.170403587)
(-18529.9824219, 21636.3828125, 248.170403587)
(-18529.9257812, 21636.4394531, 248.170403587)
(-18529.8691406, 21636.4960938, 248.170403587)
(-18529.8125, 21636.5527344, 248.170403587)
(-18529.7558594, 21636.609375, 248.170403587)
(-18529.6992188, 21636.6660156, 248.170403587)
(-18529.6425781, 21636.7226562, 248.170403587)
(-18529.5859375, 21636.7792969, 248.170403587)
(-18529.5292969, 21636.8359375, 248.170403587)
(-18529.4726562, 21636.8925781, 248.170403587)
(-18529.4160156, 21636.9492188, 248.170403587)
(-18529.359375, 21637.0058594, 248.170403587)
(-18529.3027344, 21637.0625, 248.170403587)
(-18529.2460938, 21637.1191406, 248.170403587)
(-18529.1894531, 21637.1757812, 248.170403587)
(-18529.1328125, 21637.2324219, 248.170403587)
(-18529.0761719, 21637.2890625, 248.170403587)
(-18529.0195312, 21637.3457031, 248.170403587)
(-18528.9628906, 21637.4023438, 248.170403587)
(-18528.90625, 21637.4589844, 248.170403587)
(-18528.8496094, 21637.515625, 248.170403587)
(-18528.7929688, 21637.5722656, 248.170403587)
(-18528.7363281, 21637.6289062, 248.170403587)
(-18528.6796875, 21637.6855469, 248.170403587)
(-18528.6230469, 21637.7421875, 248.170403587)
(-18528.5664062, 21637.7988281, 248.170403587)
(-18528.5097656, 21637.8554688, 248.170403587)
(-18528.453125, 21637.9121094, 248.170403587)
(-18528.3964844, 21637.96875, 248.170403587)
(-18528.3398438, 21638.0253906, 248.170403587)
(-18528.2832031, 21638.0820312, 248.170403587)
(-18528.2265625, 21638.1386719, 248.170403587)
(-18528.1699219, 21638.1953125, 248.170403587)
(-18528.1132812, 21638.2519531, 248.170403587)
(-18528.0566406, 21638.3085938, 248.170403587)
(-18528.0, 21638.3652344, 248.170403587)
(-18527.9433594, 21638.421875, 248.170403587)
(-18527.8867188, 21638.4785156, 248.170403587)
(-18527.8300781, 21638.5351562, 248.170403587)
(-18527.7734375, 21638.5917969, 248.170403587)
(-18527.7167969, 21638.6484375, 248.170403587)
(-18527.6601562, 21638.7050781, 248.170403587)
(-18527.6035156, 21638.7617188, 248.170403587)
(-18527.546875, 21638.8183594, 248.170403587)
(-18527.4902344, 21638.875, 248.170403587)
(-18527.4335938, 21638.9316406, 248.170403587)
(-18527.3769531, 21638.9882812, 248.170403587)
(-18527.3203125, 21639.0449219, 248.170403587)
(-18527.2636719, 21639.1015625, 248.170403587)
(-18527.2070312, 21639.1582031, 248.170403587)
(-18527.1503906, 21639.2148438, 248.170403587)
(-18527.09375, 21639.2714844, 248.170403587)
(-18527.0371094, 21639.328125, 248.170403587)
(-18526.9804688, 21639.3847656, 248.170403587)
(-18526.9238281, 21639.4414062, 248.170403587)
(-18526.8671875, 21639.4980469, 248.170403587)
(-18526.8105469, 21639.5546875, 248.170403587)
(-18526.7539062, 21639.6113281, 248.170403587)
(-18526.6972656, 21639.6679688, 248.170403587)
(-18526.640625, 21639.7246094, 248.170403587)
(-18526.5839844, 21639.78125, 248.170403587)
(-18526.5273438, 21639.8378906, 248.170403587)
(-18526.4707031, 21639.8945312, 248.170403587)
(-18526.4140625, 21639.9511719, 248.170403587)
(-18526.3574219, 21640.0078125, 248.170403587)
(-18526.3007812, 21640.0644531, 248.170403587)
(-18526.2441406, 21640.1210938, 248.170403587)
(-18526.1875, 21640.1777344, 248.170403587)
(-18526.1308594, 21640.234375, 248.170403587)
(-18526.0742188, 21640.2910156, 248.170403587)
(-18526.0175781, 21640.3476562, 248.170403587)
(-18525.9609375, 21640.4042969, 248.170403587)
(-18525.9042969, 21640.4609375, 248.170403587)
(-18525.8476562, 21640.5175781, 248.170403587)
(-18525.7910156, 21640.5742188, 248.170403587)
(-18525.734375, 21640.6308594, 248.170403587)
(-18525.6777344, 21640.6875, 248.170403587)
(-18525.6210938, 21640.7441406, 248.170403587)
(-18525.5644531, 21640.8007812, 248.170403587)
(-18525.5078125, 21640.8574219, 248.170403587)
(-18525.4511719, 21640.9140625, 248.170403587)
(-18525.3945312, 21640.9707031, 248.170403587)
(-18525.3378906, 21641.0273438, 248.170403587)
(-18525.28125, 21641.0839844, 248.170403587)
(-18525.2246094, 21641.140625, 248.170403587)
(-18525.1679688, 21641.1972656, 248.170403587)
(-18525.1113281, 21641.2539062, 248.170403587)
(-18525.0546875, 21641.3105469, 248.170403587)
(-18524.9980469, 21641.3671875, 248.170403587)
(-18524.9414062, 21641.4238281, 248.170403587)
(-18524.8847656, 21641.4804688, 248.170403587)
(-18524.828125, 21641.5371094, 248.170403587)
(-18524.7714844, 21641.59375, 248.170403587)
(-18524.7148438, 21641.6503906, 248.170403587)
(-18524.6582031, 21641.7070312, 248.170403587)
(-18524.6015625, 21641.7636719, 248.170403587)
(-18524.5449219, 21641.8203125, 248.170403587)
(-18524.4882812, 21641.8769531, 248.170403587)
(-18524.4316406, 21641.9335938, 248.170403587)
(-18524.375, 21641.9902344, 248.170403587)
(-18524.3183594, 21642.046875, 248.170403587)
(-18524.2617188, 21642.1035156, 248.170403587)
(-18524.2050781, 21642.1601562, 248.170403587)
(-18524.1484375, 21642.2167969, 248.170403587)
(-18524.0917969, 21642.2734375, 248.170403587)
(-18524.0351562, 21642.3300781, 248.170403587)
(-18523.9785156, 21642.3867188, 248.170403587)
(-18523.921875, 21642.4433594, 248.170403587)
(-18523.8652344, 21642.5, 248.170403587)
(-18523.8085938, 21642.5566406, 248.170403587)
(-18523.7519531, 21642.6132812, 248.170403587)
(-18523.6953125, 21642.6699219, 248.170403587)
(-18523.6386719, 21642.7265625, 248.170403587)
(-18523.5820312, 21642.7832031, 248.170403587)
(-18523.5253906, 21642.8398438, 248.170403587)
(-18523.46875, 21642.8964844, 248.170403587)
(-18523.4121094, 21642.953125, 248.170403587)
(-18523.3554688, 21643.0097656, 248.170403587)
(-18523.2988281, 21643.0664062, 248.170403587)
(-18523.2421875, 21643.1230469, 248.170403587)
(-18523.1855469, 21643.1796875, 248.170403587)
(-18523.1289062, 21643.2363281, 248.170403587)
(-18523.0722656, 21643.2929688, 248.170403587)
(-18523.015625, 21643.3496094, 248.170403587)
(-18522.9589844, 21643.40625, 248.170403587)
(-18522.9023438, 21643.4628906, 248.170403587)
(-18522.8457031, 21643.5195312, 248.170403587)
(-18522.7890625, 21643.5761719, 248.170403587)
(-18522.7324219, 21643.6328125, 248.170403587)
(-18522.6757812, 21643.6894531, 248.170403587)
(-18522.6191406, 21643.7460938, 248.170403587)
(-18522.5625, 21643.8027344, 248.170403587)
(-18522.5058594, 21643.859375, 248.170403587)
(-18522.4492188, 21643.9160156, 248.170403587)
(-18522.3925781, 21643.9726562, 248.170403587)
(-18522.3359375, 21644.0292969, 248.170403587)
(-18522.2792969, 21644.0859375, 248.170403587)
(-18522.2226562, 21644.1425781, 248.170403587)
(-18522.1660156, 21644.1992188, 248.170403587)
(-18522.109375, 21644.2558594, 248.170403587)
(-18522.0527344, 21644.3125, 248.170403587)
(-18521.9960938, 21644.3691406, 248.170403587)
(-18521.9394531, 21644.4257812, 248.170403587)
(-18521.8828125, 21644.4824219, 248.170403587)
(-18521.8261719, 21644.5390625, 248.170403587)
(-18521.7695312, 21644.5957031, 248.170403587)
(-18521.7128906, 21644.6523438, 248.170403587)
(-18521.65625, 21644.7089844, 248.170403587)
(-18521.5996094, 21644.765625, 248.170403587)
(-18521.5429688, 21644.8222656, 248.170403587)
(-18521.4863281, 21644.8789062, 248.170403587)
(-18521.4296875, 21644.9355469, 248.170403587)
(-18521.3730469, 21644.9921875, 248.170403587)
(-18521.3164062, 21645.0488281, 248.170403587)
(-18521.2597656, 21645.1054688, 248.170403587)
(-18521.203125, 21645.1621094, 248.170403587)
(-18521.1464844, 21645.21875, 248.170403587)
(-18521.0898438, 21645.2753906, 248.170403587)
(-18521.0332031, 21645.3320312, 248.170403587)
(-18520.9765625, 21645.3886719, 248.170403587)
(-18520.9199219, 21645.4453125, 248.170403587)
(-18520.8632812, 21645.5019531, 248.170403587)
(-18520.8066406, 21645.5585938, 248.170403587)
(-18520.75, 21645.6152344, 248.170403587)
(-18520.6933594, 21645.671875, 248.170403587)
(-18520.6367188, 21645.7285156, 248.170403587)
(-18520.5800781, 21645.7851562, 248.170403587)
(-18520.5234375, 21645.8417969, 248.170403587)
(-18520.4667969, 21645.8984375, 248.170403587)
(-18520.4101562, 21645.9550781, 248.170403587)
(-18520.3535156, 21646.0117188, 248.170403587)
(-18520.296875, 21646.0683594, 248.170403587)
(-18520.2402344, 21646.125, 248.170403587)
(-18520.1835938, 21646.1816406, 248.170403587)
(-18520.1269531, 21646.2382812, 248.170403587)
(-18520.0703125, 21646.2949219, 248.170403587)
(-18520.0136719, 21646.3515625, 248.170403587)
(-18519.9570312, 21646.4082031, 248.170403587)
(-18519.9003906, 21646.4648438, 248.170403587)
(-18519.84375, 21646.5214844, 248.170403587)
(-18519.7871094, 21646.578125, 248.170403587)
(-18519.7304688, 21646.6347656, 248.170403587)
(-18519.6738281, 21646.6914062, 248.170403587)
(-18519.6171875, 21646.7480469, 248.170403587)
(-18519.5605469, 21646.8046875, 248.170403587)
(-18519.5039062, 21646.8613281, 248.170403587)
(-18519.4472656, 21646.9179688, 248.170403587)
(-18519.390625, 21646.9746094, 248.170403587)
(-18519.3339844, 21647.03125, 248.170403587)
(-18519.2773438, 21647.0878906, 248.170403587)
(-18519.2207031, 21647.1445312, 248.170403587)
(-18519.1640625, 21647.2011719, 248.170403587)
(-18519.1074219, 21647.2578125, 248.170403587)
(-18519.0507812, 21647.3144531, 248.170403587)
(-18518.9941406, 21647.3710938, 248.170403587)
(-18518.9375, 21647.4277344, 248.170403587)
(-18518.8808594, 21647.484375, 248.170403587)
(-18518.8242188, 21647.5410156, 248.170403587)
(-18518.7675781, 21647.5976562, 248.170403587)
(-18518.7109375, 21647.6542969, 248.170403587)
(-18518.6542969, 21647.7109375, 248.170403587)
(-18518.5976562, 21647.7675781, 248.170403587)
(-18518.5410156, 21647.8242188, 248.170403587)
(-18518.484375, 21647.8808594, 248.170403587)
(-18518.4277344, 21647.9375, 248.170403587)
(-18518.3710938, 21647.9941406, 248.170403587)
(-18518.3144531, 21648.0507812, 248.170403587)
(-18518.2578125, 21648.1074219, 248.170403587)
(-18518.2011719, 21648.1640625, 248.170403587)
(-18518.1445312, 21648.2207031, 248.170403587)
(-18518.0878906, 21648.2773438, 248.170403587)
(-18518.03125, 21648.3339844, 248.170403587)
(-18517.9746094, 21648.390625, 248.170403587)
(-18517.9179688, 21648.4472656, 248.170403587)
(-18517.8613281, 21648.5039062, 248.170403587)
(-18517.8046875, 21648.5605469, 248.170403587)
(-18517.7480469, 21648.6171875, 248.170403587)
(-18517.6914062, 21648.6738281, 248.170403587)
(-18517.6347656, 21648.7304688, 248.170403587)
(-18517.578125, 21648.7871094, 248.170403587)
(-18517.5214844, 21648.84375, 248.170403587)
(-18517.4648438, 21648.9003906, 248.170403587)
(-18517.4082031, 21648.9570312, 248.170403587)
(-18517.3515625, 21649.0136719, 248.170403587)
(-18517.2949219, 21649.0703125, 248.170403587)
(-18517.2382812, 21649.1269531, 248.170403587)
(-18517.1816406, 21649.1835938, 248.170403587)
(-18517.125, 21649.2402344, 248.170403587)
(-18517.0683594, 21649.296875, 248.170403587)
(-18517.0117188, 21649.3535156, 248.170403587)
(-18516.9550781, 21649.4101562, 248.170403587)
(-18516.8984375, 21649.4667969, 248.170403587)
(-18516.8417969, 21649.5234375, 248.170403587)
(-18516.7851562, 21649.5800781, 248.170403587)
(-18516.7285156, 21649.6367188, 248.170403587)
(-18516.671875, 21649.6933594, 248.170403587)
(-18516.6152344, 21649.75, 248.170403587)
(-18516.5585938, 21649.8066406, 248.170403587)
(-18516.5019531, 21649.8632812, 248.170403587)
(-18516.4453125, 21649.9199219, 248.170403587)
(-18516.3886719, 21649.9765625, 248.170403587)
(-18516.3320312, 21650.0332031, 248.170403587)
(-18516.2753906, 21650.0898438, 248.170403587)
(-18516.21875, 21650.1464844, 248.170403587)
(-18516.1621094, 21650.203125, 248.170403587)
(-18516.1054688, 21650.2597656, 248.170403587)
(-18516.0488281, 21650.3164062, 248.170403587)
(-18515.9921875, 21650.3730469, 248.170403587)
(-18515.9355469, 21650.4296875, 248.170403587)
(-18515.8789062, 21650.4863281, 248.170403587)
(-18515.8222656, 21650.5429688, 248.170403587)
(-18515.765625, 21650.5996094, 248.170403587)
(-18515.7089844, 21650.65625, 248.170403587)
(-18515.6523438, 21650.7128906, 248.170403587)
(-18515.5957031, 21650.7695312, 248.170403587)
(-18515.5390625, 21650.8261719, 248.170403587)
(-18515.4824219, 21650.8828125, 248.170403587)
(-18515.4257812, 21650.9394531, 248.170403587)
(-18515.3691406, 21650.9960938, 248.170403587)
(-18515.3125, 21651.0527344, 248.170403587)
(-18515.2558594, 21651.109375, 248.170403587)
(-18515.1992188, 21651.1660156, 248.170403587)
(-18515.1425781, 21651.2226562, 248.170403587)
(-18515.0859375, 21651.2792969, 248.170403587)
(-18515.0292969, 21651.3359375, 248.170403587)
(-18514.9726562, 21651.3925781, 248.170403587)
(-18514.9160156, 21651.4492188, 248.170403587)
(-18514.859375, 21651.5058594, 248.170403587)
(-18514.8027344, 21651.5625, 248.170403587)
(-18514.7460938, 21651.6191406, 248.170403587)
(-18514.6894531, 21651.6757812, 248.170403587)
(-18514.6328125, 21651.7324219, 248.170403587)
(-18514.5761719, 21651.7890625, 248.170403587)
(-18514.5195312, 21651.8457031, 248.170403587)
(-18514.4628906, 21651.9023438, 248.170403587)
(-18514.40625, 21651.9589844, 248.170403587)
(-18514.3496094, 21652.015625, 248.170403587)
(-18514.2929688, 21652.0722656, 248.170403587)
(-18514.2363281, 21652.1289062, 248.170403587)
(-18514.1796875, 21652.1855469, 248.170403587)
(-18514.1230469, 21652.2421875, 248.170403587)
(-18514.0664062, 21652.2988281, 248.170403587)
(-18514.0097656, 21652.3554688, 248.170403587)
(-18513.953125, 21652.4121094, 248.170403587)
(-18513.8964844, 21652.46875, 248.170403587)
(-18513.8398438, 21652.5253906, 248.170403587)
(-18513.7832031, 21652.5820312, 248.170403587)
(-18513.7265625, 21652.6386719, 248.170403587)
(-18513.6699219, 21652.6953125, 248.170403587)
(-18513.6132812, 21652.7519531, 248.170403587)
(-18513.5566406, 21652.8085938, 248.170403587)
(-18513.5, 21652.8652344, 248.170403587)
(-18513.4433594, 21652.921875, 248.170403587)
(-18513.3867188, 21652.9785156, 248.170403587)
(-18513.3300781, 21653.0351562, 248.170403587)
(-18513.2734375, 21653.0917969, 248.170403587)
(-18513.2167969, 21653.1484375, 248.170403587)
(-18513.1601562, 21653.2050781, 248.170403587)
(-18513.1035156, 21653.2617188, 248.170403587)
(-18513.046875, 21653.3183594, 248.170403587)
(-18512.9902344, 21653.375, 248.170403587)
(-18512.9335938, 21653.4316406, 248.170403587)
(-18512.8769531, 21653.4882812, 248.170403587)
(-18512.8203125, 21653.5449219, 248.170403587)
(-18512.7636719, 21653.6015625, 248.170403587)
(-18512.7070312, 21653.6582031, 248.170403587)
(-18512.6503906, 21653.7148438, 248.170403587)
(-18512.59375, 21653.7714844, 248.170403587)
(-18512.5371094, 21653.828125, 248.170403587)
(-18512.4804688, 21653.8847656, 248.170403587)
(-18512.4238281, 21653.9414062, 248.170403587)
(-18512.3671875, 21653.9980469, 248.170403587)
(-18512.3105469, 21654.0546875, 248.170403587)
(-18512.2539062, 21654.1113281, 248.170403587)
(-18512.1972656, 21654.1679688, 248.170403587)
(-18512.140625, 21654.2246094, 248.170403587)
(-18512.0839844, 21654.28125, 248.170403587)
(-18512.0273438, 21654.3378906, 248.170403587)
(-18511.9707031, 21654.3945312, 248.170403587)
(-18511.9140625, 21654.4511719, 248.170403587)
(-18511.8574219, 21654.5078125, 248.170403587)
(-18511.8007812, 21654.5644531, 248.170403587)
(-18511.7441406, 21654.6210938, 248.170403587)
(-18511.6875, 21654.6777344, 248.170403587)
(-18511.6308594, 21654.734375, 248.170403587)
(-18511.5742188, 21654.7910156, 248.170403587)
(-18511.5175781, 21654.8476562, 248.170403587)
(-18511.4609375, 21654.9042969, 248.170403587)
(-18511.4042969, 21654.9609375, 248.170403587)
(-18511.3476562, 21655.0175781, 248.170403587)
(-18511.2910156, 21655.0742188, 248.170403587)
(-18511.234375, 21655.1308594, 248.170403587)
(-18511.1777344, 21655.1875, 248.170403587)
(-18511.1210938, 21655.2441406, 248.170403587)
(-18511.0644531, 21655.3007812, 248.170403587)
(-18511.0078125, 21655.3574219, 248.170403587)
(-18510.9511719, 21655.4140625, 248.170403587)
(-18510.8945312, 21655.4707031, 248.170403587)
(-18510.8378906, 21655.5273438, 248.170403587)
(-18510.78125, 21655.5839844, 248.170403587)
(-18510.7246094, 21655.640625, 248.170403587)
(-18510.6679688, 21655.6972656, 248.170403587)
(-18510.6113281, 21655.7539062, 248.170403587)
(-18510.5546875, 21655.8105469, 248.170403587)
(-18510.4980469, 21655.8671875, 248.170403587)
(-18510.4414062, 21655.9238281, 248.170403587)
(-18510.3847656, 21655.9804688, 248.170403587)
(-18510.328125, 21656.0371094, 248.170403587)
(-18510.2714844, 21656.09375, 248.170403587)
(-18510.2148438, 21656.1503906, 248.170403587)
(-18510.1582031, 21656.2070312, 248.170403587)
(-18510.1015625, 21656.2636719, 248.170403587)
(-18510.0449219, 21656.3203125, 248.170403587)
(-18509.9882812, 21656.3769531, 248.170403587)
(-18509.9316406, 21656.4335938, 248.170403587)
(-18509.875, 21656.4902344, 248.170403587)
(-18509.8183594, 21656.546875, 248.170403587)
(-18509.7617188, 21656.6035156, 248.170403587)
(-18509.7050781, 21656.6601562, 248.170403587)
(-18509.6484375, 21656.7167969, 248.170403587)
(-18509.5917969, 21656.7734375, 248.170403587)
(-18509.5351562, 21656.8300781, 248.170403587)
(-18509.4785156, 21656.8867188, 248.170403587)
(-18509.421875, 21656.9433594, 248.170403587)
(-18509.3652344, 21657.0, 248.170403587)
(-18509.3085938, 21657.0566406, 248.170403587)
(-18509.2519531, 21657.1132812, 248.170403587)
(-18509.1953125, 21657.1699219, 248.170403587)
(-18509.1386719, 21657.2265625, 248.170403587)
(-18509.0820312, 21657.2832031, 248.170403587)
(-18509.0253906, 21657.3398438, 248.170403587)
(-18508.96875, 21657.3964844, 248.170403587)
(-18508.9121094, 21657.453125, 248.170403587)
(-18508.8476562, 21657.5, 248.170403587)
(-18508.7832031, 21657.546875, 248.170403587)
(-18508.71875, 21657.59375, 248.170403587)
(-18508.6542969, 21657.640625, 248.170403587)
(-18508.5898438, 21657.6875, 248.170403587)
(-18508.5253906, 21657.734375, 248.170403587)
(-18508.4609375, 21657.78125, 248.170403587)
(-18508.3964844, 21657.828125, 248.170403587)
(-18508.3320312, 21657.875, 248.170403587)
(-18508.2675781, 21657.921875, 248.170403587)
(-18508.203125, 21657.96875, 248.170403587)
(-18508.1386719, 21658.015625, 248.170403587)
(-18508.0742188, 21658.0625, 248.170403587)
(-18508.0097656, 21658.109375, 248.170403587)
(-18507.9453125, 21658.15625, 248.170403587)
(-18507.8808594, 21658.203125, 248.170403587)
(-18507.8164062, 21658.25, 248.170403587)
(-18507.7519531, 21658.296875, 248.170403587)
(-18507.6875, 21658.34375, 248.170403587)
(-18507.6230469, 21658.390625, 248.170403587)
(-18507.5585938, 21658.4375, 248.170403587)
(-18507.4941406, 21658.484375, 248.170403587)
(-18507.4296875, 21658.53125, 248.170403587)
(-18507.3652344, 21658.578125, 248.170403587)
(-18507.3007812, 21658.625, 248.170403587)
(-18507.2363281, 21658.671875, 248.170403587)
(-18507.171875, 21658.71875, 248.170403587)
(-18507.1074219, 21658.765625, 248.170403587)
(-18507.0429688, 21658.8125, 248.170403587)
(-18506.9785156, 21658.859375, 248.170403587)
(-18506.9140625, 21658.90625, 248.170403587)
(-18506.8496094, 21658.953125, 248.170403587)
(-18506.7851562, 21659.0, 248.170403587)
(-18506.7207031, 21659.046875, 248.170403587)
(-18506.65625, 21659.09375, 248.170403587)
(-18506.5917969, 21659.140625, 248.170403587)
(-18506.5273438, 21659.1875, 248.170403587)
(-18506.4628906, 21659.2363281, 248.170403587)
(-18506.3984375, 21659.2851562, 248.170403587)
(-18506.3339844, 21659.3339844, 248.170403587)
(-18506.2695312, 21659.3808594, 248.170403587)
(-18506.2050781, 21659.4277344, 248.170403587)
(-18506.140625, 21659.4765625, 248.170403587)
(-18506.0703125, 21659.5136719, 248.170403587)
(-18505.9941406, 21659.5390625, 248.170403587)
(-18505.9160156, 21659.5527344, 248.170403587)
(-18505.8359375, 21659.5585938, 248.170403587)
(-18505.7558594, 21659.5644531, 248.170403587)
(-18505.6757812, 21659.5703125, 248.170403587)
(-18505.5957031, 21659.5761719, 248.170403587)
(-18505.515625, 21659.5820312, 248.170403587)
(-18505.4355469, 21659.5878906, 248.170403587)
(-18505.3554688, 21659.59375, 248.170403587)
(-18505.2753906, 21659.5996094, 248.170403587)
(-18505.1953125, 21659.6054688, 248.170403587)
(-18505.1152344, 21659.6113281, 248.170403587)
(-18505.0351562, 21659.6171875, 248.170403587)
(-18504.9550781, 21659.6210938, 248.170403587)
(-18504.875, 21659.625, 248.170403587)
(-18504.7949219, 21659.6289062, 248.170403587)
(-18504.7148438, 21659.6347656, 248.170403587)
(-18504.6347656, 21659.640625, 248.170403587)
(-18504.5546875, 21659.6464844, 248.170403587)
(-18504.4746094, 21659.6503906, 248.170403587)
(-18504.3945312, 21659.6542969, 248.170403587)
(-18504.3144531, 21659.6582031, 248.170403587)
(-18504.234375, 21659.6640625, 248.170403587)
(-18504.1542969, 21659.6640625, 248.170403587)
(-18504.0742188, 21659.6640625, 248.170403587)
(-18503.9941406, 21659.6640625, 248.170403587)
(-18503.9140625, 21659.6640625, 248.170403587)
(-18503.8339844, 21659.6640625, 248.170403587)
(-18503.7539062, 21659.6640625, 248.170403587)
(-18503.6738281, 21659.6640625, 248.170403587)
(-18503.59375, 21659.6660156, 248.170403587)
(-18503.5136719, 21659.6679688, 248.170403587)
(-18503.4335938, 21659.6699219, 248.170403587)
(-18503.3535156, 21659.6699219, 248.170403587)
(-18503.2734375, 21659.6699219, 248.170403587)
(-18503.1933594, 21659.6699219, 248.170403587)
(-18503.1132812, 21659.671875, 248.170403587)
(-18503.0332031, 21659.6738281, 248.170403587)
(-18502.953125, 21659.6757812, 248.170403587)
(-18502.8730469, 21659.6757812, 248.170403587)
(-18502.7929688, 21659.6757812, 248.170403587)
(-18502.7128906, 21659.6757812, 248.170403587)
(-18502.6328125, 21659.6777344, 248.170403587)
(-18502.5527344, 21659.6796875, 248.170403587)
(-18502.4726562, 21659.6816406, 248.170403587)
(-18502.3925781, 21659.6816406, 248.170403587)
(-18502.3125, 21659.6816406, 248.170403587)
(-18502.2324219, 21659.6816406, 248.170403587)
(-18502.1523438, 21659.6816406, 248.170403587)
(-18502.0722656, 21659.6816406, 248.170403587)
(-18501.9921875, 21659.6816406, 248.170403587)
(-18501.9121094, 21659.6816406, 248.170403587)
(-18501.8320312, 21659.6816406, 248.170403587)
(-18501.7519531, 21659.6816406, 248.170403587)
(-18501.671875, 21659.6816406, 248.170403587)
(-18501.5917969, 21659.6816406, 248.170403587)
(-18501.5117188, 21659.6816406, 248.170403587)
(-18501.4316406, 21659.6816406, 248.170403587)
(-18501.3515625, 21659.6816406, 248.170403587)
(-18501.2714844, 21659.6816406, 248.170403587)
(-18501.1914062, 21659.6816406, 248.170403587)
(-18501.1113281, 21659.6816406, 248.170403587)
(-18501.03125, 21659.6816406, 248.170403587)
(-18500.9511719, 21659.6816406, 248.170403587)
(-18500.8710938, 21659.6816406, 248.170403587)
(-18500.7910156, 21659.6816406, 248.170403587)
(-18500.7109375, 21659.6816406, 248.170403587)
(-18500.6308594, 21659.6816406, 248.170403587)
(-18500.5507812, 21659.6816406, 248.170403587)
(-18500.4707031, 21659.6816406, 248.170403587)
(-18500.390625, 21659.6816406, 248.170403587)
(-18500.3105469, 21659.6816406, 248.170403587)
(-18500.2304688, 21659.6816406, 248.170403587)
(-18500.1503906, 21659.6816406, 248.170403587)
(-18500.0703125, 21659.6816406, 248.170403587)
(-18499.9902344, 21659.6816406, 248.170403587)
(-18499.9101562, 21659.6816406, 248.170403587)
(-18499.8300781, 21659.6816406, 248.170403587)
(-18499.75, 21659.6816406, 248.170403587)
(-18499.6699219, 21659.6816406, 248.170403587)
(-18499.5898438, 21659.6816406, 248.170403587)
(-18499.5097656, 21659.6816406, 248.170403587)
(-18499.4296875, 21659.6816406, 248.170403587)
(-18499.3496094, 21659.6816406, 248.170403587)
(-18499.2695312, 21659.6816406, 248.170403587)
(-18499.1894531, 21659.6816406, 248.170403587)
(-18499.109375, 21659.6816406, 248.170403587)
(-18499.0292969, 21659.6816406, 248.170403587)
(-18498.9492188, 21659.6816406, 248.170403587)
(-18498.8691406, 21659.6816406, 248.170403587)
(-18498.7890625, 21659.6816406, 248.170403587)
(-18498.7089844, 21659.6816406, 248.170403587)
(-18498.6289062, 21659.6816406, 248.170403587)
(-18498.5488281, 21659.6816406, 248.170403587)
(-18498.46875, 21659.6816406, 248.170403587)
(-18498.3886719, 21659.6816406, 248.170403587)
(-18498.3085938, 21659.6816406, 248.170403587)
(-18498.2285156, 21659.6816406, 248.170403587)
(-18498.1484375, 21659.6816406, 248.170403587)
(-18498.0683594, 21659.6816406, 248.170403587)
(-18497.9882812, 21659.6816406, 248.170403587)
(-18497.9082031, 21659.6816406, 248.170403587)
(-18497.828125, 21659.6816406, 248.170403587)
(-18497.7480469, 21659.6816406, 248.170403587)
(-18497.6679688, 21659.6816406, 248.170403587)
(-18497.5878906, 21659.6816406, 248.170403587)
(-18497.5078125, 21659.6816406, 248.170403587)
(-18497.4277344, 21659.6816406, 248.170403587)
(-18497.3476562, 21659.6816406, 248.170403587)
(-18497.2675781, 21659.6816406, 248.170403587)
(-18497.1875, 21659.6816406, 248.170403587)
(-18497.1074219, 21659.6816406, 248.170403587)
(-18497.0273438, 21659.6816406, 248.170403587)
(-18496.9472656, 21659.6816406, 248.170403587)
(-18496.8671875, 21659.6816406, 248.170403587)
(-18496.7871094, 21659.6816406, 248.170403587)
(-18496.7070312, 21659.6816406, 248.170403587)
(-18496.6269531, 21659.6816406, 248.170403587)
(-18496.546875, 21659.6816406, 248.170403587)
(-18496.4667969, 21659.6816406, 248.170403587)
(-18496.3867188, 21659.6816406, 248.170403587)
(-18496.3066406, 21659.6816406, 248.170403587)
(-18496.2265625, 21659.6816406, 248.170403587)
(-18496.1464844, 21659.6816406, 248.170403587)
(-18496.0664062, 21659.6816406, 248.170403587)
(-18495.9863281, 21659.6816406, 248.170403587)
(-18495.9082031, 21659.6699219, 248.170403587)
(-18495.8320312, 21659.6464844, 248.170403587)
(-18495.7597656, 21659.6113281, 248.170403587)
(-18495.6835938, 21659.5878906, 248.170403587)
(-18495.6035156, 21659.5761719, 248.170403587)
(-18495.5273438, 21659.5527344, 248.170403587)
(-18495.4550781, 21659.5175781, 248.170403587)
(-18495.3886719, 21659.4726562, 248.170403587)
(-18495.3300781, 21659.4179688, 248.170403587)
(-18495.28125, 21659.3554688, 248.170403587)
(-18495.2421875, 21659.2851562, 248.170403587)
(-18495.1933594, 21659.2226562, 248.170403587)
(-18495.1542969, 21659.1523438, 248.170403587)
(-18495.1054688, 21659.0898438, 248.170403587)
(-18495.046875, 21659.0351562, 248.170403587)
(-18494.9980469, 21658.9726562, 248.170403587)
(-18494.9394531, 21658.9179688, 248.170403587)
(-18494.890625, 21658.8554688, 248.170403587)
(-18494.8320312, 21658.8007812, 248.170403587)
(-18494.7832031, 21658.7382812, 248.170403587)
(-18494.7246094, 21658.6835938, 248.170403587)
(-18494.6582031, 21658.6386719, 248.170403587)
(-18494.5996094, 21658.5839844, 248.170403587)
(-18494.5332031, 21658.5390625, 248.170403587)
(-18494.4746094, 21658.484375, 248.170403587)
(-18494.4082031, 21658.4394531, 248.170403587)
(-18494.3496094, 21658.3847656, 248.170403587)
(-18494.2832031, 21658.3398438, 248.170403587)
(-18494.2109375, 21658.3066406, 248.170403587)
(-18494.1445312, 21658.2617188, 248.170403587)
(-18494.0722656, 21658.2285156, 248.170403587)
(-18494.0058594, 21658.1835938, 248.170403587)
(-18493.9335938, 21658.1503906, 248.170403587)
(-18493.8671875, 21658.1054688, 248.170403587)
(-18493.7949219, 21658.0722656, 248.170403587)
(-18493.71875, 21658.0507812, 248.170403587)
(-18493.6464844, 21658.0175781, 248.170403587)
(-18493.5703125, 21657.9960938, 248.170403587)
(-18493.4980469, 21657.9628906, 248.170403587)
(-18493.421875, 21657.9414062, 248.170403587)
(-18493.3417969, 21657.9316406, 248.170403587)
(-18493.265625, 21657.9101562, 248.170403587)
(-18493.1855469, 21657.9003906, 248.170403587)
(-18493.109375, 21657.8789062, 248.170403587)
(-18493.0292969, 21657.8691406, 248.170403587)
(-18492.9492188, 21657.8710938, 248.170403587)
(-18492.8710938, 21657.8847656, 248.170403587)
(-18492.7949219, 21657.9101562, 248.170403587)
(-18492.7246094, 21657.9472656, 248.170403587)
(-18492.65625, 21657.9882812, 248.170403587)
(-18492.5878906, 21658.0292969, 248.170403587)
(-18492.5195312, 21658.0703125, 248.170403587)
(-18492.4511719, 21658.1113281, 248.170403587)
(-18492.3828125, 21658.1523438, 248.170403587)
(-18492.3144531, 21658.1933594, 248.170403587)
(-18492.2460938, 21658.234375, 248.170403587)
(-18492.1777344, 21658.2753906, 248.170403587)
(-18492.109375, 21658.3164062, 248.170403587)
(-18492.0410156, 21658.3574219, 248.170403587)
(-18491.9726562, 21658.3984375, 248.170403587)
(-18491.9042969, 21658.4394531, 248.170403587)
(-18491.8359375, 21658.4804688, 248.170403587)
(-18491.7675781, 21658.5214844, 248.170403587)
(-18491.6992188, 21658.5625, 248.170403587)
(-18491.6308594, 21658.6035156, 248.170403587)
(-18491.5625, 21658.6445312, 248.170403587)
(-18491.4941406, 21658.6855469, 248.170403587)
(-18491.4257812, 21658.7265625, 248.170403587)
(-18491.3574219, 21658.7675781, 248.170403587)
(-18491.2890625, 21658.8085938, 248.170403587)
(-18491.2207031, 21658.8496094, 248.170403587)
(-18491.1523438, 21658.890625, 248.170403587)
(-18491.0839844, 21658.9316406, 248.170403587)
(-18491.015625, 21658.9726562, 248.170403587)
(-18490.9472656, 21659.015625, 248.170403587)
(-18490.8789062, 21659.0585938, 248.170403587)
(-18490.8105469, 21659.1015625, 248.170403587)
(-18490.7421875, 21659.1445312, 248.170403587)
(-18490.6738281, 21659.1855469, 248.170403587)
(-18490.6054688, 21659.2265625, 248.170403587)
(-18490.5371094, 21659.2675781, 248.170403587)
(-18490.46875, 21659.3105469, 248.170403587)
(-18490.4003906, 21659.3535156, 248.170403587)
(-18490.3320312, 21659.3964844, 248.170403587)
(-18490.2636719, 21659.4394531, 248.170403587)
(-18490.1953125, 21659.4804688, 248.170403587)
(-18490.1269531, 21659.5214844, 248.170403587)
(-18490.0585938, 21659.5625, 248.170403587)
(-18489.9902344, 21659.6054688, 248.170403587)
