(-18581.4199219, 21552.0, 248.170403587)
(-18581.3398438, 21552.0019531, 248.170403587)
(-18581.2597656, 21552.0039062, 248.170403587)
(-18581.1796875, 21552.0058594, 248.170403587)
(-18581.0996094, 21552.0078125, 248.170403587)
(-18581.0195312, 21552.0097656, 248.170403587)
(-18580.9394531, 21552.0117188, 248.170403587)
(-18580.859375, 21552.0136719, 248.170403587)
(-18580.7792969, 21552.015625, 248.170403587)
(-18580.6992188, 21552.0175781, 248.170403587)
(-18580.6191406, 21552.0195312, 248.170403587)
(-18580.5390625, 21552.0195312, 248.170403587)
(-18580.4589844, 21552.0195312, 248.170403587)
(-18580.3789062, 21552.0195312, 248.170403587)
(-18580.2988281, 21552.0214844, 248.170403587)
(-18580.21875, 21552.0234375, 248.170403587)
(-18580.1386719, 21552.0253906, 248.170403587)
(-18580.0585938, 21552.0253906, 248.170403587)
(-18579.9785156, 21552.0253906, 248.170403587)
(-18579.8984375, 21552.0253906, 248.170403587)
(-18579.8203125, 21552.0371094, 248.170403587)
(-18579.7441406, 21552.0605469, 248.170403587)
(-18579.671875, 21552.0957031, 248.170403587)
(-18579.6054688, 21552.140625, 248.170403587)
(-18579.546875, 21552.1933594, 248.170403587)
(-18579.4882812, 21552.2460938, 248.170403587)
(-18579.4296875, 21552.2988281, 248.170403587)
(-18579.3710938, 21552.3515625, 248.170403587)
(-18579.3125, 21552.4042969, 248.170403587)
(-18579.2539062, 21552.4570312, 248.170403587)
(-18579.1953125, 21552.5097656, 248.170403587)
(-18579.1367188, 21552.5625, 248.170403587)
(-18579.078125, 21552.6152344, 248.170403587)
(-18579.0195312, 21552.6699219, 248.170403587)
(-18578.9609375, 21552.7246094, 248.170403587)
(-18578.9023438, 21552.7773438, 248.170403587)
(-18578.84375, 21552.8300781, 248.170403587)
(-18578.7851562, 21552.8828125, 248.170403587)
(-18578.7265625, 21552.9355469, 248.170403587)
(-18578.6679688, 21552.9882812, 248.170403587)
(-18578.609375, 21553.0410156, 248.170403587)
(-18578.5507812, 21553.09375, 248.170403587)
(-18578.4921875, 21553.1464844, 248.170403587)
(-18578.4335938, 21553.1992188, 248.170403587)
(-18578.375, 21553.2539062, 248.170403587)
(-18578.3164062, 21553.3085938, 248.170403587)
(-18578.2578125, 21553.3613281, 248.170403587)
(-18578.1992188, 21553.4140625, 248.170403587)
(-18578.140625, 21553.4667969, 248.170403587)
(-18578.0820312, 21553.5195312, 248.170403587)
(-18578.0234375, 21553.5722656, 248.170403587)
(-18577.9648438, 21553.625, 248.170403587)
(-18577.90625, 21553.6777344, 248.170403587)
(-18577.8476562, 21553.7304688, 248.170403587)
(-18577.7890625, 21553.7832031, 248.170403587)
(-18577.7324219, 21553.8398438, 248.170403587)
(-18577.6757812, 21553.8964844, 248.170403587)
(-18577.6191406, 21553.953125, 248.170403587)
(-18577.5625, 21554.0097656, 248.170403587)
(-18577.5058594, 21554.0664062, 248.170403587)
(-18577.4492188, 21554.1230469, 248.170403587)
(-18577.3925781, 21554.1796875, 248.170403587)
(-18577.3359375, 21554.2363281, 248.170403587)
(-18577.2792969, 21554.2929688, 248.170403587)
(-18577.2226562, 21554.3496094, 248.170403587)
(-18577.1660156, 21554.40625, 248.170403587)
(-18577.109375, 21554.4628906, 248.170403587)
(-18577.0527344, 21554.5195312, 248.170403587)
(-18576.9960938, 21554.5761719, 248.170403587)
(-18576.9394531, 21554.6328125, 248.170403587)
(-18576.8828125, 21554.6894531, 248.170403587)
(-18576.8261719, 21554.7460938, 248.170403587)
(-18576.7695312, 21554.8027344, 248.170403587)
(-18576.7128906, 21554.859375, 248.170403587)
(-18576.65625, 21554.9160156, 248.170403587)
(-18576.5996094, 21554.9726562, 248.170403587)
(-18576.5429688, 21555.0292969, 248.170403587)
(-18576.4863281, 21555.0859375, 248.170403587)
(-18576.4296875, 21555.1425781, 248.170403587)
(-18576.3730469, 21555.1992188, 248.170403587)
(-18576.3164062, 21555.2558594, 248.170403587)
(-18576.2597656, 21555.3125, 248.170403587)
(-18576.203125, 21555.3671875, 248.170403587)
(-18576.1464844, 21555.421875, 248.170403587)
(-18576.0898438, 21555.4765625, 248.170403587)
(-18576.0332031, 21555.53125, 248.170403587)
(-18575.9765625, 21555.5859375, 248.170403587)
(-18575.9199219, 21555.640625, 248.170403587)
(-18575.8632812, 21555.6953125, 248.170403587)
(-18575.8066406, 21555.75, 248.170403587)
(-18575.75, 21555.8046875, 248.170403587)
(-18575.6933594, 21555.8613281, 248.170403587)
(-18575.6367188, 21555.9179688, 248.170403587)
(-18575.5800781, 21555.9746094, 248.170403587)
(-18575.5234375, 21556.03125, 248.170403587)
(-18575.4667969, 21556.0878906, 248.170403587)
(-18575.4101562, 21556.1445312, 248.170403587)
(-18575.3535156, 21556.2011719, 248.170403587)
(-18575.296875, 21556.2578125, 248.170403587)
(-18575.2402344, 21556.3144531, 248.170403587)
(-18575.1835938, 21556.3710938, 248.170403587)
(-18575.1269531, 21556.4277344, 248.170403587)
(-18575.0703125, 21556.484375, 248.170403587)
(-18575.0136719, 21556.5410156, 248.170403587)
(-18574.9570312, 21556.5976562, 248.170403587)
(-18574.9003906, 21556.6542969, 248.170403587)
(-18574.84375, 21556.7109375, 248.170403587)
(-18574.7871094, 21556.7675781, 248.170403587)
(-18574.7304688, 21556.8242188, 248.170403587)
(-18574.6738281, 21556.8808594, 248.170403587)
(-18574.6171875, 21556.9375, 248.170403587)
(-18574.5605469, 21556.9941406, 248.170403587)
(-18574.5039062, 21557.0507812, 248.170403587)
(-18574.4472656, 21557.1074219, 248.170403587)
(-18574.390625, 21557.1640625, 248.170403587)
(-18574.3339844, 21557.2207031, 248.170403587)
(-18574.2773438, 21557.2773438, 248.170403587)
(-18574.2207031, 21557.3339844, 248.170403587)
(-18574.1640625, 21557.390625, 248.170403587)
(-18574.1074219, 21557.4472656, 248.170403587)
(-18574.0507812, 21557.5039062, 248.170403587)
(-18573.9941406, 21557.5605469, 248.170403587)
(-18573.9375, 21557.6171875, 248.170403587)
(-18573.8808594, 21557.6738281, 248.170403587)
(-18573.8242188, 21557.7304688, 248.170403587)
(-18573.7675781, 21557.7871094, 248.170403587)
(-18573.7109375, 21557.84375, 248.170403587)
(-18573.6542969, 21557.9003906, 248.170403587)
(-18573.5976562, 21557.9570312, 248.170403587)
(-18573.5410156, 21558.0136719, 248.170403587)
(-18573.484375, 21558.0703125, 248.170403587)
(-18573.4277344, 21558.1269531, 248.170403587)
(-18573.3710938, 21558.1835938, 248.170403587)
(-18573.3144531, 21558.2402344, 248.170403587)
(-18573.2578125, 21558.296875, 248.170403587)
(-18573.2011719, 21558.3535156, 248.170403587)
(-18573.1445312, 21558.4101562, 248.170403587)
(-18573.0878906, 21558.4667969, 248.170403587)
(-18573.03125, 21558.5234375, 248.170403587)
(-18572.9746094, 21558.5800781, 248.170403587)
(-18572.9179688, 21558.6367188, 248.170403587)
(-18572.8613281, 21558.6933594, 248.170403587)
(-18572.8046875, 21558.75, 248.170403587)
(-18572.7480469, 21558.8066406, 248.170403587)
(-18572.6914062, 21558.8632812, 248.170403587)
(-18572.6347656, 21558.9199219, 248.170403587)
(-18572.578125, 21558.9765625, 248.170403587)
(-18572.5214844, 21559.0332031, 248.170403587)
(-18572.4648438, 21559.0898438, 248.170403587)
(-18572.4082031, 21559.1464844, 248.170403587)
(-18572.3515625, 21559.203125, 248.170403587)
(-18572.2949219, 21559.2597656, 248.170403587)
(-18572.2382812, 21559.3164062, 248.170403587)
(-18572.1816406, 21559.3730469, 248.170403587)
(-18572.125, 21559.4296875, 248.170403587)
(-18572.0683594, 21559.4863281, 248.170403587)
(-18572.0117188, 21559.5429688, 248.170403587)
(-18571.9550781, 21559.5996094, 248.170403587)
(-18571.8984375, 21559.65625, 248.170403587)
(-18571.8417969, 21559.7128906, 248.170403587)
(-18571.7851562, 21559.7695312, 248.170403587)
(-18571.7285156, 21559.8261719, 248.170403587)
(-18571.671875, 21559.8828125, 248.170403587)
(-18571.6152344, 21559.9394531, 248.170403587)
(-18571.5585938, 21559.9960938, 248.170403587)
(-18571.5019531, 21560.0527344, 248.170403587)
(-18571.4453125, 21560.109375, 248.170403587)
(-18571.3886719, 21560.1660156, 248.170403587)
(-18571.3320312, 21560.2226562, 248.170403587)
(-18571.2753906, 21560.2792969, 248.170403587)
(-18571.21875, 21560.3359375, 248.170403587)
(-18571.1621094, 21560.3925781, 248.170403587)
(-18571.1054688, 21560.4492188, 248.170403587)
(-18571.0488281, 21560.5058594, 248.170403587)
(-18570.9921875, 21560.5625, 248.170403587)
(-18570.9355469, 21560.6191406, 248.170403587)
(-18570.8789062, 21560.6757812, 248.170403587)
(-18570.8222656, 21560.7324219, 248.170403587)
(-18570.765625, 21560.7890625, 248.170403587)
(-18570.7089844, 21560.8457031, 248.170403587)
(-18570.6523438, 21560.9023438, 248.170403587)
(-18570.5957031, 21560.9589844, 248.170403587)
(-18570.5390625, 21561.015625, 248.170403587)
(-18570.4824219, 21561.0722656, 248.170403587)
(-18570.4257812, 21561.1289062, 248.170403587)
(-18570.3691406, 21561.1855469, 248.170403587)
(-18570.3125, 21561.2421875, 248.170403587)
(-18570.2558594, 21561.2988281, 248.170403587)
(-18570.1992188, 21561.3554688, 248.170403587)
(-18570.1425781, 21561.4121094, 248.170403587)
(-18570.0859375, 21561.46875, 248.170403587)
(-18570.0292969, 21561.5253906, 248.170403587)
(-18569.9726562, 21561.5820312, 248.170403587)
(-18569.9160156, 21561.6386719, 248.170403587)
(-18569.859375, 21561.6953125, 248.170403587)
(-18569.8027344, 21561.7519531, 248.170403587)
(-18569.7460938, 21561.8085938, 248.170403587)
(-18569.6894531, 21561.8652344, 248.170403587)
(-18569.6328125, 21561.921875, 248.170403587)
(-18569.5761719, 21561.9785156, 248.170403587)
(-18569.5195312, 21562.0351562, 248.170403587)
(-18569.4628906, 21562.0917969, 248.170403587)
(-18569.40625, 21562.1484375, 248.170403587)
(-18569.3496094, 21562.2050781, 248.170403587)
(-18569.2929688, 21562.2617188, 248.170403587)
(-18569.2363281, 21562.3183594, 248.170403587)
(-18569.1796875, 21562.375, 248.170403587)
(-18569.1230469, 21562.4316406, 248.170403587)
(-18569.0664062, 21562.4882812, 248.170403587)
(-18569.0097656, 21562.5449219, 248.170403587)
(-18568.953125, 21562.6015625, 248.170403587)
(-18568.8964844, 21562.6582031, 248.170403587)
(-18568.8398438, 21562.7148438, 248.170403587)
(-18568.7832031, 21562.7714844, 248.170403587)
(-18568.7265625, 21562.828125, 248.170403587)
(-18568.6699219, 21562.8847656, 248.170403587)
(-18568.6132812, 21562.9414062, 248.170403587)
(-18568.5566406, 21562.9980469, 248.170403587)
(-18568.5, 21563.0546875, 248.170403587)
(-18568.4433594, 21563.1113281, 248.170403587)
(-18568.3867188, 21563.1679688, 248.170403587)
(-18568.3300781, 21563.2246094, 248.170403587)
(-18568.2734375, 21563.28125, 248.170403587)
(-18568.2167969, 21563.3378906, 248.170403587)
(-18568.1601562, 21563.3945312, 248.170403587)
(-18568.1035156, 21563.4511719, 248.170403587)
(-18568.046875, 21563.5078125, 248.170403587)
(-18567.9902344, 21563.5644531, 248.170403587)
(-18567.9335938, 21563.6210938, 248.170403587)
(-18567.8769531, 21563.6777344, 248.170403587)
(-18567.8203125, 21563.734375, 248.170403587)
(-18567.7636719, 21563.7910156, 248.170403587)
(-18567.7070312, 21563.8476562, 248.170403587)
(-18567.6503906, 21563.9042969, 248.170403587)
(-18567.59375, 21563.9609375, 248.170403587)
(-18567.5371094, 21564.0175781, 248.170403587)
(-18567.4804688, 21564.0742188, 248.170403587)
(-18567.4238281, 21564.1308594, 248.170403587)
(-18567.3671875, 21564.1875, 248.170403587)
(-18567.3105469, 21564.2441406, 248.170403587)
(-18567.2539062, 21564.3007812, 248.170403587)
(-18567.1972656, 21564.3574219, 248.170403587)
(-18567.140625, 21564.4140625, 248.170403587)
(-18567.0839844, 21564.4707031, 248.170403587)
(-18567.0273438, 21564.5273438, 248.170403587)
(-18566.9707031, 21564.5839844, 248.170403587)
(-18566.9140625, 21564.640625, 248.170403587)
(-18566.8574219, 21564.6972656, 248.170403587)
(-18566.8007812, 21564.7539062, 248.170403587)
(-18566.7441406, 21564.8105469, 248.170403587)
(-18566.6875, 21564.8671875, 248.170403587)
(-18566.6308594, 21564.9238281, 248.170403587)
(-18566.5742188, 21564.9804688, 248.170403587)
(-18566.5175781, 21565.0371094, 248.170403587)
(-18566.4609375, 21565.09375, 248.170403587)
(-18566.4042969, 21565.1503906, 248.170403587)
(-18566.3476562, 21565.2070312, 248.170403587)
(-18566.2910156, 21565.2636719, 248.170403587)
(-18566.234375, 21565.3203125, 248.170403587)
(-18566.1777344, 21565.3769531, 248.170403587)
(-18566.1210938, 21565.4335938, 248.170403587)
(-18566.0644531, 21565.4902344, 248.170403587)
(-18566.0078125, 21565.546875, 248.170403587)
(-18565.9511719, 21565.6035156, 248.170403587)
(-18565.8945312, 21565.6601562, 248.170403587)
(-18565.8378906, 21565.7167969, 248.170403587)
(-18565.78125, 21565.7734375, 248.170403587)
(-18565.7246094, 21565.8300781, 248.170403587)
(-18565.6679688, 21565.8867188, 248.170403587)
(-18565.6113281, 21565.9433594, 248.170403587)
(-18565.5546875, 21566.0, 248.170403587)
(-18565.4980469, 21566.0566406, 248.170403587)
(-18565.4414062, 21566.1132812, 248.170403587)
(-18565.3847656, 21566.1699219, 248.170403587)
(-18565.328125, 21566.2265625, 248.170403587)
(-18565.2714844, 21566.2832031, 248.170403587)
(-18565.2148438, 21566.3398438, 248.170403587)
(-18565.1582031, 21566.3964844, 248.170403587)
(-18565.1015625, 21566.453125, 248.170403587)
(-18565.0449219, 21566.5097656, 248.170403587)
(-18564.9882812, 21566.5664062, 248.170403587)
(-18564.9316406, 21566.6230469, 248.170403587)
(-18564.875, 21566.6796875, 248.170403587)
(-18564.8183594, 21566.7363281, 248.170403587)
(-18564.7617188, 21566.7929688, 248.170403587)
(-18564.7050781, 21566.8496094, 248.170403587)
(-18564.6484375, 21566.90625, 248.170403587)
(-18564.5917969, 21566.9628906, 248.170403587)
(-18564.5351562, 21567.0195312, 248.170403587)
(-18564.4785156, 21567.0761719, 248.170403587)
(-18564.421875, 21567.1328125, 248.170403587)
(-18564.3652344, 21567.1894531, 248.170403587)
(-18564.3085938, 21567.2460938, 248.170403587)
(-18564.2519531, 21567.3027344, 248.170403587)
(-18564.1953125, 21567.359375, 248.170403587)
(-18564.1386719, 21567.4160156, 248.170403587)
(-18564.0820312, 21567.4726562, 248.170403587)
(-18564.0253906, 21567.5292969, 248.170403587)
(-18563.96875, 21567.5859375, 248.170403587)
(-18563.9121094, 21567.6425781, 248.170403587)
(-18563.8554688, 21567.6992188, 248.170403587)
(-18563.7988281, 21567.7558594, 248.170403587)
(-18563.7421875, 21567.8125, 248.170403587)
(-18563.6855469, 21567.8691406, 248.170403587)
(-18563.6289062, 21567.9257812, 248.170403587)
(-18563.5722656, 21567.9824219, 248.170403587)
(-18563.515625, 21568.0390625, 248.170403587)
(-18563.4589844, 21568.0957031, 248.170403587)
(-18563.4023438, 21568.1523438, 248.170403587)
(-18563.3457031, 21568.2089844, 248.170403587)
(-18563.2890625, 21568.265625, 248.170403587)
(-18563.2324219, 21568.3222656, 248.170403587)
(-18563.1757812, 21568.3789062, 248.170403587)
(-18563.1191406, 21568.4355469, 248.170403587)
(-18563.0625, 21568.4921875, 248.170403587)
(-18563.0058594, 21568.5488281, 248.170403587)
(-18562.9492188, 21568.6054688, 248.170403587)
(-18562.8925781, 21568.6621094, 248.170403587)
(-18562.8359375, 21568.71875, 248.170403587)
(-18562.7792969, 21568.7753906, 248.170403587)
(-18562.7226562, 21568.8320312, 248.170403587)
(-18562.6660156, 21568.8886719, 248.170403587)
(-18562.609375, 21568.9453125, 248.170403587)
(-18562.5527344, 21569.0019531, 248.170403587)
(-18562.4960938, 21569.0585938, 248.170403587)
(-18562.4394531, 21569.1152344, 248.170403587)
(-18562.3828125, 21569.171875, 248.170403587)
(-18562.3261719, 21569.2285156, 248.170403587)
(-18562.2695312, 21569.2851562, 248.170403587)
(-18562.2128906, 21569.3417969, 248.170403587)
(-18562.15625, 21569.3984375, 248.170403587)
(-18562.0996094, 21569.4550781, 248.170403587)
(-18562.0429688, 21569.5117188, 248.170403587)
(-18561.9863281, 21569.5683594, 248.170403587)
(-18561.9296875, 21569.625, 248.170403587)
(-18561.8730469, 21569.6816406, 248.170403587)
(-18561.8164062, 21569.7382812, 248.170403587)
(-18561.7597656, 21569.7949219, 248.170403587)
(-18561.703125, 21569.8515625, 248.170403587)
(-18561.6464844, 21569.9082031, 248.170403587)
(-18561.5898438, 21569.9648438, 248.170403587)
(-18561.5332031, 21570.0214844, 248.170403587)
(-18561.4765625, 21570.078125, 248.170403587)
(-18561.4199219, 21570.1347656, 248.170403587)
(-18561.3632812, 21570.1914062, 248.170403587)
(-18561.3066406, 21570.2480469, 248.170403587)
(-18561.25, 21570.3046875, 248.170403587)
(-18561.1933594, 21570.3613281, 248.170403587)
(-18561.1367188, 21570.4179688, 248.170403587)
(-18561.0800781, 21570.4746094, 248.170403587)
(-18561.0234375, 21570.53125, 248.170403587)
(-18560.9667969, 21570.5878906, 248.170403587)
(-18560.9101562, 21570.6445312, 248.170403587)
(-18560.8535156, 21570.7011719, 248.170403587)
(-18560.796875, 21570.7578125, 248.170403587)
(-18560.7402344, 21570.8144531, 248.170403587)
(-18560.6835938, 21570.8710938, 248.170403587)
(-18560.6269531, 21570.9277344, 248.170403587)
(-18560.5703125, 21570.984375, 248.170403587)
(-18560.5136719, 21571.0410156, 248.170403587)
(-18560.4570312, 21571.0976562, 248.170403587)
(-18560.4003906, 21571.1542969, 248.170403587)
(-18560.34375, 21571.2109375, 248.170403587)
(-18560.2871094, 21571.2675781, 248.170403587)
(-18560.2304688, 21571.3242188, 248.170403587)
(-18560.1738281, 21571.3808594, 248.170403587)
(-18560.1171875, 21571.4375, 248.170403587)
(-18560.0605469, 21571.4941406, 248.170403587)
(-18560.0039062, 21571.5507812, 248.170403587)
(-18559.9472656, 21571.6074219, 248.170403587)
(-18559.890625, 21571.6640625, 248.170403587)
(-18559.8339844, 21571.7207031, 248.170403587)
(-18559.7773438, 21571.7773438, 248.170403587)
(-18559.7207031, 21571.8339844, 248.170403587)
(-18559.6640625, 21571.890625, 248.170403587)
(-18559.6074219, 21571.9472656, 248.170403587)
(-18559.5507812, 21572.0039062, 248.170403587)
(-18559.4941406, 21572.0605469, 248.170403587)
(-18559.4375, 21572.1171875, 248.170403587)
(-18559.3808594, 21572.1738281, 248.170403587)
(-18559.3242188, 21572.2304688, 248.170403587)
(-18559.2675781, 21572.2871094, 248.170403587)
(-18559.2109375, 21572.34375, 248.170403587)
(-18559.1542969, 21572.4003906, 248.170403587)
(-18559.0976562, 21572.4570312, 248.170403587)
(-18559.0410156, 21572.5136719, 248.170403587)
(-18558.984375, 21572.5703125, 248.170403587)
(-18558.9277344, 21572.6269531, 248.170403587)
(-18558.8710938, 21572.6835938, 248.170403587)
(-18558.8144531, 21572.7402344, 248.170403587)
(-18558.7578125, 21572.796875, 248.170403587)
(-18558.7011719, 21572.8535156, 248.170403587)
(-18558.6445312, 21572.9101562, 248.170403587)
(-18558.5878906, 21572.9667969, 248.170403587)
(-18558.53125, 21573.0234375, 248.170403587)
(-18558.4746094, 21573.0800781, 248.170403587)
(-18558.4179688, 21573.1367188, 248.170403587)
(-18558.3613281, 21573.1933594, 248.170403587)
(-18558.3046875, 21573.25, 248.170403587)
(-18558.2480469, 21573.3066406, 248.170403587)
(-18558.1914062, 21573.3632812, 248.170403587)
(-18558.1347656, 21573.4199219, 248.170403587)
(-18558.078125, 21573.4765625, 248.170403587)
(-18558.0214844, 21573.5332031, 248.170403587)
(-18557.9648438, 21573.5898438, 248.170403587)
(-18557.9082031, 21573.6464844, 248.170403587)
(-18557.8515625, 21573.703125, 248.170403587)
(-18557.7949219, 21573.7597656, 248.170403587)
(-18557.7304688, 21573.8066406, 248.170403587)
(-18557.6660156, 21573.8535156, 248.170403587)
(-18557.6015625, 21573.9003906, 248.170403587)
(-18557.5371094, 21573.9472656, 248.170403587)
(-18557.4726562, 21573.9941406, 248.170403587)
(-18557.4082031, 21574.0410156, 248.170403587)
(-18557.34375, 21574.0878906, 248.170403587)
(-18557.2792969, 21574.1347656, 248.170403587)
(-18557.2148438, 21574.1816406, 248.170403587)
(-18557.1503906, 21574.2285156, 248.170403587)
(-18557.0859375, 21574.2753906, 248.170403587)
(-18557.0214844, 21574.3222656, 248.170403587)
(-18556.9570312, 21574.3691406, 248.170403587)
(-18556.8925781, 21574.4160156, 248.170403587)
(-18556.828125, 21574.4628906, 248.170403587)
(-18556.7636719, 21574.5097656, 248.170403587)
(-18556.6992188, 21574.5566406, 248.170403587)
(-18556.6347656, 21574.6035156, 248.170403587)
(-18556.5703125, 21574.6503906, 248.170403587)
(-18556.5058594, 21574.6972656, 248.170403587)
(-18556.4414062, 21574.7441406, 248.170403587)
(-18556.3769531, 21574.7910156, 248.170403587)
(-18556.3125, 21574.8378906, 248.170403587)
(-18556.2480469, 21574.8847656, 248.170403587)
(-18556.1835938, 21574.9316406, 248.170403587)
(-18556.1191406, 21574.9785156, 248.170403587)
(-18556.0546875, 21575.0253906, 248.170403587)
(-18555.9902344, 21575.0722656, 248.170403587)
(-18555.9257812, 21575.1191406, 248.170403587)
(-18555.8613281, 21575.1660156, 248.170403587)
(-18555.796875, 21575.2128906, 248.170403587)
(-18555.7324219, 21575.2597656, 248.170403587)
(-18555.6679688, 21575.3066406, 248.170403587)
(-18555.6035156, 21575.3535156, 248.170403587)
(-18555.5390625, 21575.4003906, 248.170403587)
(-18555.4746094, 21575.4472656, 248.170403587)
(-18555.4101562, 21575.4941406, 248.170403587)
(-18555.3457031, 21575.5410156, 248.170403587)
(-18555.28125, 21575.5878906, 248.170403587)
(-18555.2167969, 21575.6347656, 248.170403587)
(-18555.1523438, 21575.6835938, 248.170403587)
(-18555.0878906, 21575.7324219, 248.170403587)
(-18555.0234375, 21575.78125, 248.170403587)
(-18554.9589844, 21575.828125, 248.170403587)
(-18554.9003906, 21575.8828125, 248.170403587)
(-18554.84375, 21575.9394531, 248.170403587)
(-18554.7871094, 21575.9960938, 248.170403587)
(-18554.7304688, 21576.0527344, 248.170403587)
(-18554.6738281, 21576.109375, 248.170403587)
(-18554.6171875, 21576.1640625, 248.170403587)
(-18554.5605469, 21576.21875, 248.170403587)
(-18554.5039062, 21576.2734375, 248.170403587)
(-18554.4472656, 21576.328125, 248.170403587)
(-18554.390625, 21576.3828125, 248.170403587)
(-18554.3339844, 21576.4375, 248.170403587)
(-18554.2773438, 21576.4921875, 248.170403587)
(-18554.2207031, 21576.546875, 248.170403587)
(-18554.1640625, 21576.6015625, 248.170403587)
(-18554.1074219, 21576.65625, 248.170403587)
(-18554.0507812, 21576.7109375, 248.170403587)
(-18553.9941406, 21576.765625, 248.170403587)
(-18553.9375, 21576.8203125, 248.170403587)
(-18553.8808594, 21576.875, 248.170403587)
(-18553.8242188, 21576.9296875, 248.170403587)
(-18553.7675781, 21576.9863281, 248.170403587)
(-18553.7109375, 21577.0429688, 248.170403587)
(-18553.6542969, 21577.0976562, 248.170403587)
(-18553.5976562, 21577.1523438, 248.170403587)
(-18553.5410156, 21577.2070312, 248.170403587)
(-18553.484375, 21577.2617188, 248.170403587)
(-18553.4277344, 21577.3164062, 248.170403587)
(-18553.3710938, 21577.3710938, 248.170403587)
(-18553.3144531, 21577.4257812, 248.170403587)
(-18553.2578125, 21577.4804688, 248.170403587)
(-18553.2011719, 21577.5351562, 248.170403587)
(-18553.1445312, 21577.5898438, 248.170403587)
(-18553.0878906, 21577.6445312, 248.170403587)
(-18553.03125, 21577.6992188, 248.170403587)
(-18552.9746094, 21577.7539062, 248.170403587)
(-18552.9179688, 21577.8105469, 248.170403587)
(-18552.8613281, 21577.8671875, 248.170403587)
(-18552.8046875, 21577.9238281, 248.170403587)
(-18552.7480469, 21577.9804688, 248.170403587)
(-18552.6914062, 21578.0371094, 248.170403587)
(-18552.6347656, 21578.09375, 248.170403587)
(-18552.578125, 21578.1503906, 248.170403587)
(-18552.5214844, 21578.2070312, 248.170403587)
(-18552.4648438, 21578.2636719, 248.170403587)
(-18552.4082031, 21578.3203125, 248.170403587)
(-18552.3515625, 21578.3769531, 248.170403587)
(-18552.2949219, 21578.4335938, 248.170403587)
(-18552.2382812, 21578.4902344, 248.170403587)
(-18552.1816406, 21578.546875, 248.170403587)
(-18552.125, 21578.6035156, 248.170403587)
(-18552.0683594, 21578.6601562, 248.170403587)
(-18552.0117188, 21578.7167969, 248.170403587)
(-18551.9550781, 21578.7734375, 248.170403587)
(-18551.8984375, 21578.8300781, 248.170403587)
(-18551.8417969, 21578.8867188, 248.170403587)
(-18551.7851562, 21578.9433594, 248.170403587)
(-18551.7285156, 21579.0, 248.170403587)
(-18551.671875, 21579.0566406, 248.170403587)
(-18551.6152344, 21579.1132812, 248.170403587)
(-18551.5585938, 21579.1699219, 248.170403587)
(-18551.5019531, 21579.2265625, 248.170403587)
(-18551.4453125, 21579.2832031, 248.170403587)
(-18551.3886719, 21579.3398438, 248.170403587)
(-18551.3320312, 21579.3964844, 248.170403587)
(-18551.2753906, 21579.453125, 248.170403587)
(-18551.21875, 21579.5097656, 248.170403587)
(-18551.1621094, 21579.5664062, 248.170403587)
(-18551.1054688, 21579.6230469, 248.170403587)
(-18551.0488281, 21579.6796875, 248.170403587)
(-18550.9921875, 21579.7363281, 248.170403587)
(-18550.9355469, 21579.7929688, 248.170403587)
(-18550.8789062, 21579.8496094, 248.170403587)
(-18550.8222656, 21579.90625, 248.170403587)
(-18550.765625, 21579.9628906, 248.170403587)
(-18550.7089844, 21580.0195312, 248.170403587)
(-18550.6523438, 21580.0761719, 248.170403587)
(-18550.5957031, 21580.1328125, 248.170403587)
(-18550.5390625, 21580.1894531, 248.170403587)
(-18550.4824219, 21580.2460938, 248.170403587)
(-18550.4257812, 21580.3027344, 248.170403587)
(-18550.3691406, 21580.359375, 248.170403587)
(-18550.3125, 21580.4160156, 248.170403587)
(-18550.2558594, 21580.4726562, 248.170403587)
(-18550.1992188, 21580.5292969, 248.170403587)
(-18550.1425781, 21580.5859375, 248.170403587)
(-18550.0859375, 21580.6425781, 248.170403587)
(-18550.0292969, 21580.6992188, 248.170403587)
(-18549.9726562, 21580.7558594, 248.170403587)
(-18549.9160156, 21580.8125, 248.170403587)
(-18549.859375, 21580.8691406, 248.170403587)
(-18549.8027344, 21580.9257812, 248.170403587)
(-18549.7460938, 21580.9824219, 248.170403587)
(-18549.6894531, 21581.0390625, 248.170403587)
(-18549.6328125, 21581.0957031, 248.170403587)
(-18549.5761719, 21581.1523438, 248.170403587)
(-18549.5195312, 21581.2089844, 248.170403587)
(-18549.4628906, 21581.265625, 248.170403587)
(-18549.40625, 21581.3222656, 248.170403587)
(-18549.3496094, 21581.3789062, 248.170403587)
(-18549.2929688, 21581.4355469, 248.170403587)
(-18549.2363281, 21581.4921875, 248.170403587)
(-18549.1796875, 21581.5488281, 248.170403587)
(-18549.1230469, 21581.6054688, 248.170403587)
(-18549.0664062, 21581.6621094, 248.170403587)
(-18549.0097656, 21581.71875, 248.170403587)
(-18548.953125, 21581.7753906, 248.170403587)
(-18548.90625, 21581.8398438, 248.170403587)
(-18548.859375, 21581.9042969, 248.170403587)
(-18548.8125, 21581.96875, 248.170403587)
(-18548.765625, 21582.0332031, 248.170403587)
(-18548.71875, 21582.0976562, 248.170403587)
(-18548.671875, 21582.1621094, 248.170403587)
(-18548.625, 21582.2265625, 248.170403587)
(-18548.578125, 21582.2910156, 248.170403587)
(-18548.53125, 21582.3554688, 248.170403587)
(-18548.484375, 21582.4199219, 248.170403587)
(-18548.4375, 21582.484375, 248.170403587)
(-18548.390625, 21582.5488281, 248.170403587)
(-18548.34375, 21582.6132812, 248.170403587)
(-18548.296875, 21582.6777344, 248.170403587)
(-18548.25, 21582.7421875, 248.170403587)
(-18548.203125, 21582.8066406, 248.170403587)
(-18548.15625, 21582.8710938, 248.170403587)
(-18548.109375, 21582.9355469, 248.170403587)
(-18548.0625, 21583.0, 248.170403587)
(-18548.015625, 21583.0644531, 248.170403587)
(-18547.96875, 21583.1289062, 248.170403587)
(-18547.921875, 21583.1933594, 248.170403587)
(-18547.875, 21583.2578125, 248.170403587)
(-18547.828125, 21583.3222656, 248.170403587)
(-18547.78125, 21583.3867188, 248.170403587)
(-18547.734375, 21583.4511719, 248.170403587)
(-18547.6875, 21583.515625, 248.170403587)
(-18547.640625, 21583.5800781, 248.170403587)
(-18547.59375, 21583.6445312, 248.170403587)
(-18547.546875, 21583.7089844, 248.170403587)
(-18547.5, 21583.7734375, 248.170403587)
(-18547.4511719, 21583.8378906, 248.170403587)
(-18547.4023438, 21583.9023438, 248.170403587)
(-18547.3535156, 21583.9667969, 248.170403587)
(-18547.3046875, 21584.03125, 248.170403587)
(-18547.2578125, 21584.0957031, 248.170403587)
(-18547.2109375, 21584.1601562, 248.170403587)
(-18547.1621094, 21584.2246094, 248.170403587)
(-18547.1132812, 21584.2890625, 248.170403587)
(-18547.0644531, 21584.3535156, 248.170403587)
(-18547.015625, 21584.4179688, 248.170403587)
(-18546.96875, 21584.4824219, 248.170403587)
(-18546.921875, 21584.546875, 248.170403587)
(-18546.8671875, 21584.6054688, 248.170403587)
(-18546.8125, 21584.6621094, 248.170403587)
(-18546.7578125, 21584.71875, 248.170403587)
(-18546.703125, 21584.7753906, 248.170403587)
(-18546.6484375, 21584.8320312, 248.170403587)
(-18546.59375, 21584.8886719, 248.170403587)
(-18546.5390625, 21584.9453125, 248.170403587)
(-18546.484375, 21585.0019531, 248.170403587)
(-18546.4296875, 21585.0585938, 248.170403587)
(-18546.375, 21585.1152344, 248.170403587)
(-18546.3203125, 21585.171875, 248.170403587)
(-18546.265625, 21585.2285156, 248.170403587)
(-18546.2109375, 21585.2851562, 248.170403587)
(-18546.15625, 21585.3417969, 248.170403587)
(-18546.1015625, 21585.3984375, 248.170403587)
(-18546.046875, 21585.4550781, 248.170403587)
(-18545.9921875, 21585.5117188, 248.170403587)
(-18545.9375, 21585.5683594, 248.170403587)
(-18545.8828125, 21585.625, 248.170403587)
(-18545.828125, 21585.6816406, 248.170403587)
(-18545.7734375, 21585.7382812, 248.170403587)
(-18545.71875, 21585.7949219, 248.170403587)
(-18545.6640625, 21585.8515625, 248.170403587)
(-18545.6074219, 21585.9082031, 248.170403587)
(-18545.5507812, 21585.9648438, 248.170403587)
(-18545.4960938, 21586.0214844, 248.170403587)
(-18545.4414062, 21586.078125, 248.170403587)
(-18545.3867188, 21586.1347656, 248.170403587)
(-18545.3320312, 21586.1914062, 248.170403587)
(-18545.2773438, 21586.2480469, 248.170403587)
(-18545.2226562, 21586.3046875, 248.170403587)
(-18545.1679688, 21586.3613281, 248.170403587)
(-18545.1132812, 21586.4179688, 248.170403587)
(-18545.0585938, 21586.4746094, 248.170403587)
(-18545.0039062, 21586.53125, 248.170403587)
(-18544.9492188, 21586.5878906, 248.170403587)
(-18544.8925781, 21586.6445312, 248.170403587)
(-18544.8359375, 21586.7011719, 248.170403587)
(-18544.7792969, 21586.7578125, 248.170403587)
(-18544.7226562, 21586.8144531, 248.170403587)
(-18544.6660156, 21586.8710938, 248.170403587)
(-18544.609375, 21586.9277344, 248.170403587)
(-18544.5527344, 21586.984375, 248.170403587)
(-18544.4960938, 21587.0410156, 248.170403587)
(-18544.4394531, 21587.0976562, 248.170403587)
(-18544.3828125, 21587.1542969, 248.170403587)
(-18544.3261719, 21587.2109375, 248.170403587)
(-18544.2695312, 21587.2675781, 248.170403587)
(-18544.2128906, 21587.3242188, 248.170403587)
(-18544.15625, 21587.3808594, 248.170403587)
(-18544.0996094, 21587.4375, 248.170403587)
(-18544.0429688, 21587.4941406, 248.170403587)
(-18543.9863281, 21587.5507812, 248.170403587)
(-18543.9296875, 21587.6074219, 248.170403587)
(-18543.8730469, 21587.6640625, 248.170403587)
(-18543.8164062, 21587.7207031, 248.170403587)
(-18543.7597656, 21587.7773438, 248.170403587)
(-18543.703125, 21587.8339844, 248.170403587)
(-18543.6464844, 21587.890625, 248.170403587)
(-18543.5898438, 21587.9472656, 248.170403587)
(-18543.5332031, 21588.0039062, 248.170403587)
(-18543.4765625, 21588.0605469, 248.170403587)
(-18543.4199219, 21588.1171875, 248.170403587)
(-18543.3632812, 21588.1738281, 248.170403587)
(-18543.3066406, 21588.2304688, 248.170403587)
(-18543.25, 21588.2871094, 248.170403587)
(-18543.1933594, 21588.34375, 248.170403587)
(-18543.1367188, 21588.4003906, 248.170403587)
(-18543.0800781, 21588.4570312, 248.170403587)
(-18543.0234375, 21588.5136719, 248.170403587)
(-18542.9667969, 21588.5703125, 248.170403587)
(-18542.9101562, 21588.6269531, 248.170403587)
(-18542.8535156, 21588.6835938, 248.170403587)
(-18542.796875, 21588.7402344, 248.170403587)
(-18542.7402344, 21588.796875, 248.170403587)
(-18542.6835938, 21588.8535156, 248.170403587)
(-18542.6269531, 21588.9101562, 248.170403587)
(-18542.5703125, 21588.9667969, 248.170403587)
(-18542.5136719, 21589.0234375, 248.170403587)
(-18542.4570312, 21589.0800781, 248.170403587)
(-18542.4003906, 21589.1367188, 248.170403587)
(-18542.34375, 21589.1933594, 248.170403587)
(-18542.2871094, 21589.25, 248.170403587)
(-18542.2304688, 21589.3066406, 248.170403587)
(-18542.1738281, 21589.3632812, 248.170403587)
(-18542.1171875, 21589.4199219, 248.170403587)
(-18542.0605469, 21589.4765625, 248.170403587)
(-18542.0039062, 21589.5332031, 248.170403587)
(-18541.9472656, 21589.5898438, 248.170403587)
(-18541.890625, 21589.6464844, 248.170403587)
(-18541.8339844, 21589.703125, 248.170403587)
(-18541.7773438, 21589.7597656, 248.170403587)
(-18541.7207031, 21589.8164062, 248.170403587)
(-18541.6640625, 21589.8730469, 248.170403587)
(-18541.6074219, 21589.9296875, 248.170403587)
(-18541.5507812, 21589.9863281, 248.170403587)
(-18541.4941406, 21590.0429688, 248.170403587)
(-18541.4375, 21590.0996094, 248.170403587)
(-18541.3808594, 21590.15625, 248.170403587)
(-18541.3242188, 21590.2128906, 248.170403587)
(-18541.2675781, 21590.2695312, 248.170403587)
(-18541.2109375, 21590.3261719, 248.170403587)
(-18541.1542969, 21590.3828125, 248.170403587)
(-18541.0976562, 21590.4394531, 248.170403587)
(-18541.0410156, 21590.4960938, 248.170403587)
(-18540.984375, 21590.5527344, 248.170403587)
(-18540.9277344, 21590.609375, 248.170403587)
(-18540.8710938, 21590.6660156, 248.170403587)
(-18540.8144531, 21590.7226562, 248.170403587)
(-18540.7578125, 21590.7792969, 248.170403587)
(-18540.7011719, 21590.8359375, 248.170403587)
(-18540.6445312, 21590.8925781, 248.170403587)
(-18540.5878906, 21590.9492188, 248.170403587)
(-18540.53125, 21591.0058594, 248.170403587)
(-18540.4746094, 21591.0625, 248.170403587)
(-18540.4179688, 21591.1191406, 248.170403587)
(-18540.3613281, 21591.1757812, 248.170403587)
(-18540.3046875, 21591.2324219, 248.170403587)
(-18540.2480469, 21591.2890625, 248.170403587)
(-18540.1914062, 21591.3457031, 248.170403587)
(-18540.1347656, 21591.4023438, 248.170403587)
(-18540.078125, 21591.4589844, 248.170403587)
(-18540.0214844, 21591.515625, 248.170403587)
(-18539.9648438, 21591.5722656, 248.170403587)
(-18539.9082031, 21591.6289062, 248.170403587)
(-18539.8515625, 21591.6855469, 248.170403587)
(-18539.7949219, 21591.7421875, 248.170403587)
(-18539.7382812, 21591.7988281, 248.170403587)
(-18539.6816406, 21591.8554688, 248.170403587)
(-18539.625, 21591.9121094, 248.170403587)
(-18539.5683594, 21591.96875, 248.170403587)
(-18539.5117188, 21592.0253906, 248.170403587)
(-18539.4550781, 21592.0820312, 248.170403587)
(-18539.3984375, 21592.1386719, 248.170403587)
(-18539.3417969, 21592.1953125, 248.170403587)
(-18539.2851562, 21592.2519531, 248.170403587)
(-18539.2285156, 21592.3085938, 248.170403587)
(-18539.171875, 21592.3652344, 248.170403587)
(-18539.1152344, 21592.421875, 248.170403587)
(-18539.0585938, 21592.4785156, 248.170403587)
(-18539.0019531, 21592.5351562, 248.170403587)
(-18538.9453125, 21592.5917969, 248.170403587)
(-18538.8886719, 21592.6484375, 248.170403587)
(-18538.8320312, 21592.7050781, 248.170403587)
(-18538.7753906, 21592.7617188, 248.170403587)
(-18538.71875, 21592.8183594, 248.170403587)
(-18538.6621094, 21592.875, 248.170403587)
(-18538.6054688, 21592.9316406, 248.170403587)
(-18538.5488281, 21592.9882812, 248.170403587)
(-18538.4921875, 21593.0449219, 248.170403587)
(-18538.4355469, 21593.1015625, 248.170403587)
(-18538.3789062, 21593.1582031, 248.170403587)
(-18538.3222656, 21593.2148438, 248.170403587)
(-18538.265625, 21593.2714844, 248.170403587)
(-18538.2089844, 21593.328125, 248.170403587)
(-18538.1523438, 21593.3847656, 248.170403587)
(-18538.0957031, 21593.4414062, 248.170403587)
(-18538.0390625, 21593.4980469, 248.170403587)
(-18537.9824219, 21593.5546875, 248.170403587)
(-18537.9257812, 21593.6113281, 248.170403587)
(-18537.8691406, 21593.6679688, 248.170403587)
(-18537.8125, 21593.7246094, 248.170403587)
(-18537.7558594, 21593.78125, 248.170403587)
(-18537.6992188, 21593.8378906, 248.170403587)
(-18537.6425781, 21593.8945312, 248.170403587)
(-18537.5859375, 21593.9511719, 248.170403587)
(-18537.5292969, 21594.0078125, 248.170403587)
(-18537.4726562, 21594.0644531, 248.170403587)
(-18537.4160156, 21594.1210938, 248.170403587)
(-18537.359375, 21594.1777344, 248.170403587)
(-18537.3027344, 21594.234375, 248.170403587)
(-18537.2460938, 21594.2910156, 248.170403587)
(-18537.1894531, 21594.3476562, 248.170403587)
(-18537.1328125, 21594.4042969, 248.170403587)
(-18537.0761719, 21594.4609375, 248.170403587)
(-18537.0195312, 21594.5175781, 248.170403587)
(-18536.9628906, 21594.5742188, 248.170403587)
(-18536.90625, 21594.6308594, 248.170403587)
(-18536.8496094, 21594.6875, 248.170403587)
(-18536.7929688, 21594.7441406, 248.170403587)
(-18536.7363281, 21594.8007812, 248.170403587)
(-18536.6796875, 21594.8574219, 248.170403587)
(-18536.6230469, 21594.9140625, 248.170403587)
(-18536.5664062, 21594.9707031, 248.170403587)
(-18536.5097656, 21595.0273438, 248.170403587)
(-18536.453125, 21595.0839844, 248.170403587)
(-18536.3964844, 21595.140625, 248.170403587)
(-18536.3398438, 21595.1972656, 248.170403587)
(-18536.2832031, 21595.2539062, 248.170403587)
(-18536.2265625, 21595.3105469, 248.170403587)
(-18536.1699219, 21595.3671875, 248.170403587)
(-18536.1132812, 21595.4238281, 248.170403587)
(-18536.0566406, 21595.4804688, 248.170403587)
(-18536.0, 21595.5371094, 248.170403587)
(-18535.9433594, 21595.59375, 248.170403587)
(-18535.8867188, 21595.6503906, 248.170403587)
(-18535.8300781, 21595.7070312, 248.170403587)
(-18535.7734375, 21595.7636719, 248.170403587)
(-18535.7167969, 21595.8203125, 248.170403587)
(-18535.6601562, 21595.8769531, 248.170403587)
(-18535.6035156, 21595.9335938, 248.170403587)
(-18535.546875, 21595.9902344, 248.170403587)
(-18535.4902344, 21596.046875, 248.170403587)
(-18535.4335938, 21596.1035156, 248.170403587)
(-18535.3769531, 21596.1601562, 248.170403587)
(-18535.3203125, 21596.2167969, 248.170403587)
(-18535.2636719, 21596.2734375, 248.170403587)
(-18535.2070312, 21596.3300781, 248.170403587)
(-18535.1503906, 21596.3867188, 248.170403587)
(-18535.09375, 21596.4433594, 248.170403587)
(-18535.0371094, 21596.5, 248.170403587)
(-18534.9804688, 21596.5566406, 248.170403587)
(-18534.9238281, 21596.6132812, 248.170403587)
(-18534.8671875, 21596.6699219, 248.170403587)
(-18534.8105469, 21596.7265625, 248.170403587)
(-18534.7539062, 21596.7832031, 248.170403587)
(-18534.6972656, 21596.8398438, 248.170403587)
(-18534.640625, 21596.8964844, 248.170403587)
(-18534.5839844, 21596.953125, 248.170403587)
(-18534.5273438, 21597.0097656, 248.170403587)
(-18534.4707031, 21597.0664062, 248.170403587)
(-18534.4140625, 21597.1230469, 248.170403587)
(-18534.3574219, 21597.1796875, 248.170403587)
(-18534.3007812, 21597.2363281, 248.170403587)
(-18534.2441406, 21597.2929688, 248.170403587)
(-18534.1875, 21597.3496094, 248.170403587)
(-18534.1308594, 21597.40625, 248.170403587)
(-18534.0742188, 21597.4628906, 248.170403587)
(-18534.0175781, 21597.5195312, 248.170403587)
(-18533.9609375, 21597.5761719, 248.170403587)
(-18533.9042969, 21597.6328125, 248.170403587)
(-18533.8476562, 21597.6894531, 248.170403587)
(-18533.7910156, 21597.7460938, 248.170403587)
(-18533.734375, 21597.8027344, 248.170403587)
(-18533.6777344, 21597.859375, 248.170403587)
(-18533.6210938, 21597.9160156, 248.170403587)
(-18533.5644531, 21597.9726562, 248.170403587)
(-18533.5078125, 21598.0292969, 248.170403587)
(-18533.4511719, 21598.0859375, 248.170403587)
(-18533.3945312, 21598.1425781, 248.170403587)
(-18533.3378906, 21598.1992188, 248.170403587)
(-18533.28125, 21598.2558594, 248.170403587)
(-18533.2246094, 21598.3125, 248.170403587)
(-18533.1679688, 21598.3691406, 248.170403587)
(-18533.1113281, 21598.4257812, 248.170403587)
(-18533.0546875, 21598.4824219, 248.170403587)
(-18532.9980469, 21598.5390625, 248.170403587)
(-18532.9414062, 21598.5957031, 248.170403587)
(-18532.8847656, 21598.6523438, 248.170403587)
(-18532.828125, 21598.7089844, 248.170403587)
(-18532.7714844, 21598.765625, 248.170403587)
(-18532.7148438, 21598.8222656, 248.170403587)
(-18532.6582031, 21598.8789062, 248.170403587)
(-18532.6015625, 21598.9355469, 248.170403587)
(-18532.5449219, 21598.9921875, 248.170403587)
(-18532.4882812, 21599.0488281, 248.170403587)
(-18532.4316406, 21599.1054688, 248.170403587)
(-18532.375, 21599.1621094, 248.170403587)
(-18532.3183594, 21599.21875, 248.170403587)
(-18532.2617188, 21599.2753906, 248.170403587)
(-18532.2050781, 21599.3320312, 248.170403587)
(-18532.1484375, 21599.3886719, 248.170403587)
(-18532.0917969, 21599.4453125, 248.170403587)
(-18532.0351562, 21599.5019531, 248.170403587)
(-18531.9785156, 21599.5585938, 248.170403587)
(-18531.921875, 21599.6152344, 248.170403587)
(-18531.8652344, 21599.671875, 248.170403587)
(-18531.8085938, 21599.7285156, 248.170403587)
(-18531.7519531, 21599.7851562, 248.170403587)
(-18531.6953125, 21599.8417969, 248.170403587)
(-18531.6386719, 21599.8984375, 248.170403587)
(-18531.5820312, 21599.9550781, 248.170403587)
(-18531.5253906, 21600.0117188, 248.170403587)
(-18531.46875, 21600.0683594, 248.170403587)
(-18531.4121094, 21600.125, 248.170403587)
(-18531.3554688, 21600.1816406, 248.170403587)
(-18531.2988281, 21600.2382812, 248.170403587)
(-18531.2421875, 21600.2949219, 248.170403587)
(-18531.1855469, 21600.3515625, 248.170403587)
(-18531.1289062, 21600.4082031, 248.170403587)
(-18531.0722656, 21600.4648438, 248.170403587)
(-18531.015625, 21600.5214844, 248.170403587)
(-18530.9589844, 21600.578125, 248.170403587)
(-18530.9023438, 21600.6347656, 248.170403587)
(-18530.8457031, 21600.6914062, 248.170403587)
(-18530.7890625, 21600.7480469, 248.170403587)
(-18530.7324219, 21600.8046875, 248.170403587)
(-18530.6757812, 21600.8613281, 248.170403587)
(-18530.6191406, 21600.9179688, 248.170403587)
(-18530.5625, 21600.9746094, 248.170403587)
(-18530.5058594, 21601.03125, 248.170403587)
(-18530.4492188, 21601.0878906, 248.170403587)
(-18530.3925781, 21601.1445312, 248.170403587)
(-18530.3359375, 21601.2011719, 248.170403587)
(-18530.2792969, 21601.2578125, 248.170403587)
(-18530.2226562, 21601.3144531, 248.170403587)
(-18530.1660156, 21601.3710938, 248.170403587)
(-18530.109375, 21601.4277344, 248.170403587)
(-18530.0527344, 21601.484375, 248.170403587)
(-18529.9960938, 21601.5410156, 248.170403587)
(-18529.9394531, 21601.5976562, 248.170403587)
(-18529.8828125, 21601.6542969, 248.170403587)
(-18529.8261719, 21601.7109375, 248.170403587)
(-18529.7695312, 21601.7675781, 248.170403587)
(-18529.7128906, 21601.8242188, 248.170403587)
(-18529.65625, 21601.8808594, 248.170403587)
(-18529.5996094, 21601.9375, 248.170403587)
(-18529.5429688, 21601.9941406, 248.170403587)
(-18529.4863281, 21602.0507812, 248.170403587)
(-18529.4296875, 21602.1074219, 248.170403587)
(-18529.3730469, 21602.1640625, 248.170403587)
(-18529.3164062, 21602.2207031, 248.170403587)
(-18529.2597656, 21602.2773438, 248.170403587)
(-18529.203125, 21602.3339844, 248.170403587)
(-18529.1464844, 21602.390625, 248.170403587)
(-18529.0898438, 21602.4472656, 248.170403587)
(-18529.0332031, 21602.5039062, 248.170403587)
(-18528.9765625, 21602.5605469, 248.170403587)
(-18528.9199219, 21602.6171875, 248.170403587)
(-18528.8632812, 21602.6738281, 248.170403587)
(-18528.8066406, 21602.7304688, 248.170403587)
(-18528.75, 21602.7871094, 248.170403587)
(-18528.6933594, 21602.84375, 248.170403587)
(-18528.6367188, 21602.9003906, 248.170403587)
(-18528.5800781, 21602.9570312, 248.170403587)
(-18528.5234375, 21603.0136719, 248.170403587)
(-18528.4667969, 21603.0703125, 248.170403587)
(-18528.4101562, 21603.1269531, 248.170403587)
(-18528.3535156, 21603.1835938, 248.170403587)
(-18528.296875, 21603.2402344, 248.170403587)
(-18528.2402344, 21603.296875, 248.170403587)
(-18528.1835938, 21603.3535156, 248.170403587)
(-18528.1269531, 21603.4101562, 248.170403587)
(-18528.0703125, 21603.4667969, 248.170403587)
(-18528.0136719, 21603.5234375, 248.170403587)
(-18527.9570312, 21603.5800781, 248.170403587)
(-18527.9003906, 21603.6367188, 248.170403587)
(-18527.84375, 21603.6933594, 248.170403587)
(-18527.7871094, 21603.75, 248.170403587)
(-18527.7304688, 21603.8066406, 248.170403587)
(-18527.6738281, 21603.8632812, 248.170403587)
(-18527.6171875, 21603.9199219, 248.170403587)
(-18527.5605469, 21603.9765625, 248.170403587)
(-18527.5039062, 21604.0332031, 248.170403587)
(-18527.4472656, 21604.0898438, 248.170403587)
(-18527.390625, 21604.1464844, 248.170403587)
(-18527.3339844, 21604.203125, 248.170403587)
(-18527.2773438, 21604.2597656, 248.170403587)
(-18527.2207031, 21604.3164062, 248.170403587)
(-18527.1640625, 21604.3730469, 248.170403587)
(-18527.1074219, 21604.4296875, 248.170403587)
(-18527.0507812, 21604.4863281, 248.170403587)
(-18526.9941406, 21604.5429688, 248.170403587)
(-18526.9375, 21604.5996094, 248.170403587)
(-18526.8808594, 21604.65625, 248.170403587)
(-18526.8242188, 21604.7128906, 248.170403587)
(-18526.7675781, 21604.7695312, 248.170403587)
(-18526.7109375, 21604.8261719, 248.170403587)
(-18526.6542969, 21604.8828125, 248.170403587)
(-18526.5976562, 21604.9394531, 248.170403587)
(-18526.5410156, 21604.9960938, 248.170403587)
(-18526.484375, 21605.0527344, 248.170403587)
(-18526.4277344, 21605.109375, 248.170403587)
(-18526.3710938, 21605.1660156, 248.170403587)
(-18526.3144531, 21605.2226562, 248.170403587)
(-18526.2578125, 21605.2792969, 248.170403587)
(-18526.2011719, 21605.3359375, 248.170403587)
(-18526.1445312, 21605.3925781, 248.170403587)
(-18526.0878906, 21605.4492188, 248.170403587)
(-18526.03125, 21605.5058594, 248.170403587)
(-18525.9746094, 21605.5625, 248.170403587)
(-18525.9179688, 21605.6191406, 248.170403587)
(-18525.8613281, 21605.6757812, 248.170403587)
(-18525.8046875, 21605.7324219, 248.170403587)
(-18525.7480469, 21605.7890625, 248.170403587)
(-18525.6914062, 21605.8457031, 248.170403587)
(-18525.6347656, 21605.9023438, 248.170403587)
(-18525.578125, 21605.9589844, 248.170403587)
(-18525.5214844, 21606.015625, 248.170403587)
(-18525.4648438, 21606.0722656, 248.170403587)
(-18525.4082031, 21606.1289062, 248.170403587)
(-18525.3515625, 21606.1855469, 248.170403587)
(-18525.2949219, 21606.2421875, 248.170403587)
(-18525.2382812, 21606.2988281, 248.170403587)
(-18525.1816406, 21606.3554688, 248.170403587)
(-18525.125, 21606.4121094, 248.170403587)
(-18525.0683594, 21606.46875, 248.170403587)
(-18525.0117188, 21606.5253906, 248.170403587)
(-18524.9550781, 21606.5820312, 248.170403587)
(-18524.8984375, 21606.6386719, 248.170403587)
(-18524.8417969, 21606.6953125, 248.170403587)
(-18524.7851562, 21606.7519531, 248.170403587)
(-18524.7285156, 21606.8085938, 248.170403587)
(-18524.671875, 21606.8652344, 248.170403587)
(-18524.6152344, 21606.921875, 248.170403587)
(-18524.5585938, 21606.9785156, 248.170403587)
(-18524.5019531, 21607.0351562, 248.170403587)
(-18524.4453125, 21607.0917969, 248.170403587)
(-18524.3886719, 21607.1484375, 248.170403587)
(-18524.3320312, 21607.2050781, 248.170403587)
(-18524.2753906, 21607.2617188, 248.170403587)
(-18524.21875, 21607.3183594, 248.170403587)
(-18524.1621094, 21607.375, 248.170403587)
(-18524.1054688, 21607.4316406, 248.170403587)
(-18524.0488281, 21607.4882812, 248.170403587)
(-18523.9921875, 21607.5449219, 248.170403587)
(-18523.9355469, 21607.6015625, 248.170403587)
(-18523.8789062, 21607.6582031, 248.170403587)
(-18523.8222656, 21607.7148438, 248.170403587)
(-18523.765625, 21607.7714844, 248.170403587)
(-18523.7089844, 21607.828125, 248.170403587)
(-18523.6523438, 21607.8847656, 248.170403587)
(-18523.5957031, 21607.9414062, 248.170403587)
(-18523.5390625, 21607.9980469, 248.170403587)
(-18523.4824219, 21608.0546875, 248.170403587)
(-18523.4257812, 21608.1113281, 248.170403587)
(-18523.3691406, 21608.1679688, 248.170403587)
(-18523.3125, 21608.2246094, 248.170403587)
(-18523.2558594, 21608.28125, 248.170403587)
(-18523.1992188, 21608.3378906, 248.170403587)
(-18523.1425781, 21608.3945312, 248.170403587)
(-18523.0859375, 21608.4511719, 248.170403587)
(-18523.0292969, 21608.5078125, 248.170403587)
(-18522.9726562, 21608.5644531, 248.170403587)
(-18522.9160156, 21608.6210938, 248.170403587)
(-18522.859375, 21608.6777344, 248.170403587)
(-18522.8027344, 21608.734375, 248.170403587)
(-18522.7460938, 21608.7910156, 248.170403587)
(-18522.6894531, 21608.8476562, 248.170403587)
(-18522.6328125, 21608.9042969, 248.170403587)
(-18522.5761719, 21608.9609375, 248.170403587)
(-18522.5195312, 21609.0175781, 248.170403587)
(-18522.4628906, 21609.0742188, 248.170403587)
(-18522.40625, 21609.1308594, 248.170403587)
(-18522.3496094, 21609.1875, 248.170403587)
(-18522.2929688, 21609.2441406, 248.170403587)
(-18522.2363281, 21609.3007812, 248.170403587)
(-18522.1796875, 21609.3574219, 248.170403587)
(-18522.1230469, 21609.4140625, 248.170403587)
(-18522.0664062, 21609.4707031, 248.170403587)
(-18522.0097656, 21609.5273438, 248.170403587)
(-18521.953125, 21609.5839844, 248.170403587)
(-18521.8964844, 21609.640625, 248.170403587)
(-18521.8398438, 21609.6972656, 248.170403587)
(-18521.7832031, 21609.7539062, 248.170403587)
(-18521.7265625, 21609.8105469, 248.170403587)
(-18521.6699219, 21609.8671875, 248.170403587)
(-18521.6132812, 21609.9238281, 248.170403587)
(-18521.5566406, 21609.9804688, 248.170403587)
(-18521.5, 21610.0371094, 248.170403587)
(-18521.4433594, 21610.09375, 248.170403587)
(-18521.3867188, 21610.1503906, 248.170403587)
(-18521.3300781, 21610.2070312, 248.170403587)
(-18521.2734375, 21610.2636719, 248.170403587)
(-18521.2167969, 21610.3203125, 248.170403587)
(-18521.1601562, 21610.3769531, 248.170403587)
(-18521.1035156, 21610.4335938, 248.170403587)
(-18521.046875, 21610.4902344, 248.170403587)
(-18520.9902344, 21610.546875, 248.170403587)
(-18520.9335938, 21610.6035156, 248.170403587)
(-18520.8769531, 21610.6601562, 248.170403587)
(-18520.8203125, 21610.7167969, 248.170403587)
(-18520.7636719, 21610.7734375, 248.170403587)
(-18520.7070312, 21610.8300781, 248.170403587)
(-18520.6503906, 21610.8867188, 248.170403587)
(-18520.59375, 21610.9433594, 248.170403587)
(-18520.5371094, 21611.0, 248.170403587)
(-18520.4804688, 21611.0566406, 248.170403587)
(-18520.4238281, 21611.1132812, 248.170403587)
(-18520.3671875, 21611.1699219, 248.170403587)
(-18520.3105469, 21611.2265625, 248.170403587)
(-18520.2539062, 21611.2832031, 248.170403587)
(-18520.1972656, 21611.3398438, 248.170403587)
(-18520.140625, 21611.3964844, 248.170403587)
(-18520.0839844, 21611.453125, 248.170403587)
(-18520.0273438, 21611.5097656, 248.170403587)
(-18519.9707031, 21611.5664062, 248.170403587)
(-18519.9140625, 21611.6230469, 248.170403587)
(-18519.8574219, 21611.6796875, 248.170403587)
(-18519.8007812, 21611.7363281, 248.170403587)
(-18519.7441406, 21611.7929688, 248.170403587)
(-18519.6875, 21611.8496094, 248.170403587)
(-18519.6308594, 21611.90625, 248.170403587)
(-18519.5742188, 21611.9628906, 248.170403587)
(-18519.5175781, 21612.0195312, 248.170403587)
(-18519.4609375, 21612.0761719, 248.170403587)
(-18519.4042969, 21612.1328125, 248.170403587)
(-18519.3476562, 21612.1894531, 248.170403587)
(-18519.2910156, 21612.2460938, 248.170403587)
(-18519.234375, 21612.3027344, 248.170403587)
(-18519.1777344, 21612.359375, 248.170403587)
(-18519.1210938, 21612.4160156, 248.170403587)
(-18519.0644531, 21612.4726562, 248.170403587)
(-18519.0078125, 21612.5292969, 248.170403587)
(-18518.9511719, 21612.5859375, 248.170403587)
(-18518.8945312, 21612.6425781, 248.170403587)
(-18518.8378906, 21612.6992188, 248.170403587)
(-18518.78125, 21612.7558594, 248.170403587)
(-18518.7246094, 21612.8125, 248.170403587)
(-18518.6679688, 21612.8691406, 248.170403587)
(-18518.6113281, 21612.9257812, 248.170403587)
(-18518.5546875, 21612.9824219, 248.170403587)
(-18518.4980469, 21613.0390625, 248.170403587)
(-18518.4414062, 21613.0957031, 248.170403587)
(-18518.3847656, 21613.1523438, 248.170403587)
(-18518.328125, 21613.2089844, 248.170403587)
(-18518.2714844, 21613.265625, 248.170403587)
(-18518.2148438, 21613.3222656, 248.170403587)
(-18518.1582031, 21613.3789062, 248.170403587)
(-18518.1015625, 21613.4355469, 248.170403587)
(-18518.0449219, 21613.4921875, 248.170403587)
(-18517.9882812, 21613.5488281, 248.170403587)
(-18517.9316406, 21613.6054688, 248.170403587)
(-18517.875, 21613.6621094, 248.170403587)
(-18517.8183594, 21613.71875, 248.170403587)
(-18517.7617188, 21613.7753906, 248.170403587)
(-18517.7050781, 21613.8320312, 248.170403587)
(-18517.6484375, 21613.8886719, 248.170403587)
(-18517.5917969, 21613.9453125, 248.170403587)
(-18517.5351562, 21614.0019531, 248.170403587)
(-18517.4785156, 21614.0585938, 248.170403587)
(-18517.421875, 21614.1152344, 248.170403587)
(-18517.3652344, 21614.171875, 248.170403587)
(-18517.3085938, 21614.2285156, 248.170403587)
(-18517.2519531, 21614.2851562, 248.170403587)
(-18517.1953125, 21614.3417969, 248.170403587)
(-18517.1386719, 21614.3984375, 248.170403587)
(-18517.0820312, 21614.4550781, 248.170403587)
(-18517.0253906, 21614.5117188, 248.170403587)
(-18516.96875, 21614.5683594, 248.170403587)
(-18516.9121094, 21614.625, 248.170403587)
(-18516.8554688, 21614.6816406, 248.170403587)
(-18516.7988281, 21614.7382812, 248.170403587)
(-18516.7421875, 21614.7949219, 248.170403587)
(-18516.6855469, 21614.8515625, 248.170403587)
(-18516.6289062, 21614.9082031, 248.170403587)
(-18516.5722656, 21614.9648438, 248.170403587)
(-18516.515625, 21615.0214844, 248.170403587)
(-18516.4589844, 21615.078125, 248.170403587)
(-18516.4023438, 21615.1347656, 248.170403587)
(-18516.3457031, 21615.1914062, 248.170403587)
(-18516.2890625, 21615.2480469, 248.170403587)
(-18516.2324219, 21615.3046875, 248.170403587)
(-18516.1757812, 21615.3613281, 248.170403587)
(-18516.1191406, 21615.4179688, 248.170403587)
(-18516.0625, 21615.4746094, 248.170403587)
(-18516.0058594, 21615.53125, 248.170403587)
(-18515.9492188, 21615.5878906, 248.170403587)
(-18515.8925781, 21615.6445312, 248.170403587)
(-18515.8359375, 21615.7011719, 248.170403587)
(-18515.7792969, 21615.7578125, 248.170403587)
(-18515.7226562, 21615.8144531, 248.170403587)
(-18515.6660156, 21615.8710938, 248.170403587)
(-18515.609375, 21615.9277344, 248.170403587)
(-18515.5527344, 21615.984375, 248.170403587)
(-18515.4960938, 21616.0410156, 248.170403587)
(-18515.4394531, 21616.0976562, 248.170403587)
(-18515.3828125, 21616.1542969, 248.170403587)
(-18515.3261719, 21616.2109375, 248.170403587)
(-18515.2695312, 21616.2675781, 248.170403587)
(-18515.2128906, 21616.3242188, 248.170403587)
(-18515.15625, 21616.3808594, 248.170403587)
(-18515.0996094, 21616.4375, 248.170403587)
(-18515.0429688, 21616.4941406, 248.170403587)
(-18514.9863281, 21616.5507812, 248.170403587)
(-18514.9296875, 21616.6074219, 248.170403587)
(-18514.8730469, 21616.6640625, 248.170403587)
(-18514.8164062, 21616.7207031, 248.170403587)
(-18514.7597656, 21616.7773438, 248.170403587)
(-18514.703125, 21616.8339844, 248.170403587)
(-18514.6464844, 21616.890625, 248.170403587)
(-18514.5898438, 21616.9472656, 248.170403587)
(-18514.5332031, 21617.0039062, 248.170403587)
(-18514.4765625, 21617.0605469, 248.170403587)
(-18514.4199219, 21617.1171875, 248.170403587)
(-18514.3632812, 21617.1738281, 248.170403587)
(-18514.3066406, 21617.2304688, 248.170403587)
(-18514.25, 21617.2871094, 248.170403587)
(-18514.1933594, 21617.34375, 248.170403587)
(-18514.1367188, 21617.4003906, 248.170403587)
(-18514.0800781, 21617.4570312, 248.170403587)
(-18514.0234375, 21617.5136719, 248.170403587)
(-18513.9667969, 21617.5703125, 248.170403587)
(-18513.9101562, 21617.6269531, 248.170403587)
(-18513.8535156, 21617.6835938, 248.170403587)
(-18513.796875, 21617.7402344, 248.170403587)
(-18513.7402344, 21617.796875, 248.170403587)
(-18513.6835938, 21617.8535156, 248.170403587)
(-18513.6269531, 21617.9101562, 248.170403587)
(-18513.5703125, 21617.9667969, 248.170403587)
(-18513.5136719, 21618.0234375, 248.170403587)
(-18513.4570312, 21618.0800781, 248.170403587)
(-18513.4003906, 21618.1367188, 248.170403587)
(-18513.34375, 21618.1933594, 248.170403587)
(-18513.2871094, 21618.25, 248.170403587)
(-18513.2304688, 21618.3066406, 248.170403587)
(-18513.1738281, 21618.3632812, 248.170403587)
(-18513.1171875, 21618.4199219, 248.170403587)
(-18513.0605469, 21618.4765625, 248.170403587)
(-18513.0039062, 21618.5332031, 248.170403587)
(-18512.9472656, 21618.5898438, 248.170403587)
(-18512.890625, 21618.6464844, 248.170403587)
(-18512.8339844, 21618.703125, 248.170403587)
(-18512.7773438, 21618.7597656, 248.170403587)
(-18512.7207031, 21618.8164062, 248.170403587)
(-18512.6640625, 21618.8730469, 248.170403587)
(-18512.6074219, 21618.9296875, 248.170403587)
(-18512.5507812, 21618.9863281, 248.170403587)
(-18512.4941406, 21619.0429688, 248.170403587)
(-18512.4375, 21619.0996094, 248.170403587)
(-18512.3808594, 21619.15625, 248.170403587)
(-18512.3242188, 21619.2128906, 248.170403587)
(-18512.2675781, 21619.2695312, 248.170403587)
(-18512.2109375, 21619.3261719, 248.170403587)
(-18512.1542969, 21619.3828125, 248.170403587)
(-18512.0976562, 21619.4394531, 248.170403587)
(-18512.0410156, 21619.4960938, 248.170403587)
(-18511.984375, 21619.5527344, 248.170403587)
(-18511.9277344, 21619.609375, 248.170403587)
(-18511.8710938, 21619.6660156, 248.170403587)
(-18511.8144531, 21619.7226562, 248.170403587)
(-18511.7578125, 21619.7792969, 248.170403587)
(-18511.7011719, 21619.8359375, 248.170403587)
(-18511.6445312, 21619.8925781, 248.170403587)
(-18511.5878906, 21619.9492188, 248.170403587)
(-18511.53125, 21620.0058594, 248.170403587)
(-18511.4746094, 21620.0625, 248.170403587)
(-18511.4179688, 21620.1191406, 248.170403587)
(-18511.3613281, 21620.1757812, 248.170403587)
(-18511.3046875, 21620.2324219, 248.170403587)
(-18511.2480469, 21620.2890625, 248.170403587)
(-18511.1914062, 21620.3457031, 248.170403587)
(-18511.1347656, 21620.4023438, 248.170403587)
(-18511.078125, 21620.4589844, 248.170403587)
(-18511.0214844, 21620.515625, 248.170403587)
(-18510.9648438, 21620.5722656, 248.170403587)
(-18510.9082031, 21620.6289062, 248.170403587)
(-18510.8515625, 21620.6855469, 248.170403587)
(-18510.7949219, 21620.7421875, 248.170403587)
(-18510.7382812, 21620.7988281, 248.170403587)
(-18510.6816406, 21620.8554688, 248.170403587)
(-18510.625, 21620.9121094, 248.170403587)
(-18510.5683594, 21620.96875, 248.170403587)
(-18510.5117188, 21621.0253906, 248.170403587)
(-18510.4550781, 21621.0820312, 248.170403587)
(-18510.3984375, 21621.1386719, 248.170403587)
(-18510.3417969, 21621.1953125, 248.170403587)
(-18510.2851562, 21621.2519531, 248.170403587)
(-18510.2285156, 21621.3085938, 248.170403587)
(-18510.171875, 21621.3652344, 248.170403587)
(-18510.1152344, 21621.421875, 248.170403587)
(-18510.0585938, 21621.4785156, 248.170403587)
(-18510.0019531, 21621.5351562, 248.170403587)
(-18509.9453125, 21621.5917969, 248.170403587)
(-18509.8886719, 21621.6484375, 248.170403587)
(-18509.8320312, 21621.7050781, 248.170403587)
(-18509.7753906, 21621.7617188, 248.170403587)
(-18509.71875, 21621.8183594, 248.170403587)
(-18509.6621094, 21621.875, 248.170403587)
(-18509.6054688, 21621.9316406, 248.170403587)
(-18509.5488281, 21621.9882812, 248.170403587)
(-18509.4921875, 21622.0449219, 248.170403587)
(-18509.4355469, 21622.1015625, 248.170403587)
(-18509.3789062, 21622.1582031, 248.170403587)
(-18509.3222656, 21622.2148438, 248.170403587)
(-18509.265625, 21622.2714844, 248.170403587)
(-18509.2089844, 21622.328125, 248.170403587)
(-18509.1523438, 21622.3847656, 248.170403587)
(-18509.0957031, 21622.4414062, 248.170403587)
(-18509.0390625, 21622.4980469, 248.170403587)
(-18508.9824219, 21622.5546875, 248.170403587)
(-18508.9257812, 21622.6113281, 248.170403587)
(-18508.8613281, 21622.6582031, 248.170403587)
(-18508.796875, 21622.7050781, 248.170403587)
(-18508.7324219, 21622.7519531, 248.170403587)
(-18508.6679688, 21622.7988281, 248.170403587)
(-18508.6035156, 21622.8457031, 248.170403587)
(-18508.5390625, 21622.8925781, 248.170403587)
(-18508.4746094, 21622.9394531, 248.170403587)
(-18508.4101562, 21622.9863281, 248.170403587)
(-18508.3457031, 21623.0332031, 248.170403587)
(-18508.28125, 21623.0800781, 248.170403587)
(-18508.2167969, 21623.1269531, 248.170403587)
(-18508.1523438, 21623.1738281, 248.170403587)
(-18508.0878906, 21623.2207031, 248.170403587)
(-18508.0234375, 21623.2675781, 248.170403587)
(-18507.9589844, 21623.3144531, 248.170403587)
(-18507.8945312, 21623.3613281, 248.170403587)
(-18507.8300781, 21623.4082031, 248.170403587)
(-18507.765625, 21623.4550781, 248.170403587)
(-18507.7011719, 21623.5019531, 248.170403587)
(-18507.6367188, 21623.5488281, 248.170403587)
(-18507.5722656, 21623.5957031, 248.170403587)
(-18507.5078125, 21623.6425781, 248.170403587)
(-18507.4433594, 21623.6894531, 248.170403587)
(-18507.3789062, 21623.7363281, 248.170403587)
(-18507.3144531, 21623.7832031, 248.170403587)
(-18507.25, 21623.8300781, 248.170403587)
(-18507.1855469, 21623.8769531, 248.170403587)
(-18507.1210938, 21623.9238281, 248.170403587)
(-18507.0566406, 21623.9707031, 248.170403587)
(-18506.9921875, 21624.0175781, 248.170403587)
(-18506.9277344, 21624.0644531, 248.170403587)
(-18506.8632812, 21624.1113281, 248.170403587)
(-18506.7988281, 21624.1582031, 248.170403587)
(-18506.734375, 21624.2050781, 248.170403587)
(-18506.6699219, 21624.2519531, 248.170403587)
(-18506.6054688, 21624.3007812, 248.170403587)
(-18506.5410156, 21624.3496094, 248.170403587)
(-18506.4765625, 21624.3984375, 248.170403587)
(-18506.4121094, 21624.4472656, 248.170403587)
(-18506.3476562, 21624.4960938, 248.170403587)
(-18506.2832031, 21624.5429688, 248.170403587)
(-18506.21875, 21624.5898438, 248.170403587)
(-18506.1542969, 21624.6386719, 248.170403587)
(-18506.0957031, 21624.6933594, 248.170403587)
(-18506.0390625, 21624.7480469, 248.170403587)
(-18505.9824219, 21624.8027344, 248.170403587)
(-18505.9257812, 21624.8574219, 248.170403587)
(-18505.8691406, 21624.9121094, 248.170403587)
(-18505.8125, 21624.96875, 248.170403587)
(-18505.7558594, 21625.0253906, 248.170403587)
(-18505.6992188, 21625.0800781, 248.170403587)
(-18505.6425781, 21625.1347656, 248.170403587)
(-18505.5859375, 21625.1894531, 248.170403587)
(-18505.5292969, 21625.2441406, 248.170403587)
(-18505.4726562, 21625.2988281, 248.170403587)
(-18505.4160156, 21625.3535156, 248.170403587)
(-18505.359375, 21625.4082031, 248.170403587)
(-18505.3027344, 21625.4628906, 248.170403587)
(-18505.2460938, 21625.5175781, 248.170403587)
(-18505.1894531, 21625.5722656, 248.170403587)
(-18505.1328125, 21625.6269531, 248.170403587)
(-18505.0761719, 21625.6816406, 248.170403587)
(-18505.0195312, 21625.7363281, 248.170403587)
(-18504.9628906, 21625.7910156, 248.170403587)
(-18504.90625, 21625.8457031, 248.170403587)
(-18504.8496094, 21625.9003906, 248.170403587)
(-18504.7929688, 21625.9550781, 248.170403587)
(-18504.7363281, 21626.0097656, 248.170403587)
(-18504.6796875, 21626.0644531, 248.170403587)
(-18504.6230469, 21626.1210938, 248.170403587)
(-18504.5664062, 21626.1777344, 248.170403587)
(-18504.5097656, 21626.2324219, 248.170403587)
(-18504.453125, 21626.2871094, 248.170403587)
(-18504.3964844, 21626.3417969, 248.170403587)
(-18504.3398438, 21626.3964844, 248.170403587)
(-18504.2832031, 21626.4511719, 248.170403587)
(-18504.2265625, 21626.5058594, 248.170403587)
(-18504.1679688, 21626.5605469, 248.170403587)
(-18504.109375, 21626.6152344, 248.170403587)
(-18504.0527344, 21626.671875, 248.170403587)
(-18503.9960938, 21626.7285156, 248.170403587)
(-18503.9394531, 21626.7851562, 248.170403587)
(-18503.8828125, 21626.8417969, 248.170403587)
(-18503.8261719, 21626.8984375, 248.170403587)
(-18503.7695312, 21626.9550781, 248.170403587)
(-18503.7128906, 21627.0117188, 248.170403587)
(-18503.65625, 21627.0683594, 248.170403587)
(-18503.5996094, 21627.125, 248.170403587)
(-18503.5429688, 21627.1816406, 248.170403587)
(-18503.4863281, 21627.2382812, 248.170403587)
(-18503.4296875, 21627.2949219, 248.170403587)
(-18503.3730469, 21627.3515625, 248.170403587)
(-18503.3164062, 21627.4082031, 248.170403587)
(-18503.2597656, 21627.4648438, 248.170403587)
(-18503.203125, 21627.5214844, 248.170403587)
(-18503.1464844, 21627.578125, 248.170403587)
(-18503.0898438, 21627.6347656, 248.170403587)
(-18503.0332031, 21627.6914062, 248.170403587)
(-18502.9765625, 21627.7480469, 248.170403587)
(-18502.9199219, 21627.8046875, 248.170403587)
(-18502.8632812, 21627.8613281, 248.170403587)
(-18502.8066406, 21627.9179688, 248.170403587)
(-18502.75, 21627.9746094, 248.170403587)
(-18502.6933594, 21628.03125, 248.170403587)
(-18502.6367188, 21628.0878906, 248.170403587)
(-18502.5800781, 21628.1445312, 248.170403587)
(-18502.5234375, 21628.2011719, 248.170403587)
(-18502.4667969, 21628.2578125, 248.170403587)
(-18502.4101562, 21628.3144531, 248.170403587)
(-18502.3535156, 21628.3710938, 248.170403587)
(-18502.296875, 21628.4277344, 248.170403587)
(-18502.2402344, 21628.484375, 248.170403587)
(-18502.1835938, 21628.5410156, 248.170403587)
(-18502.1269531, 21628.5976562, 248.170403587)
(-18502.0703125, 21628.6542969, 248.170403587)
(-18502.0136719, 21628.7109375, 248.170403587)
(-18501.9570312, 21628.7675781, 248.170403587)
(-18501.9003906, 21628.8242188, 248.170403587)
(-18501.84375, 21628.8808594, 248.170403587)
(-18501.7871094, 21628.9375, 248.170403587)
(-18501.7304688, 21628.9941406, 248.170403587)
(-18501.6738281, 21629.0507812, 248.170403587)
(-18501.6171875, 21629.1074219, 248.170403587)
(-18501.5605469, 21629.1640625, 248.170403587)
(-18501.5039062, 21629.2207031, 248.170403587)
(-18501.4472656, 21629.2773438, 248.170403587)
(-18501.390625, 21629.3339844, 248.170403587)
(-18501.3339844, 21629.390625, 248.170403587)
(-18501.2773438, 21629.4472656, 248.170403587)
(-18501.2207031, 21629.5039062, 248.170403587)
(-18501.1640625, 21629.5605469, 248.170403587)
(-18501.1074219, 21629.6171875, 248.170403587)
(-18501.0507812, 21629.6738281, 248.170403587)
(-18500.9941406, 21629.7304688, 248.170403587)
(-18500.9375, 21629.7871094, 248.170403587)
(-18500.8808594, 21629.84375, 248.170403587)
(-18500.8242188, 21629.9003906, 248.170403587)
(-18500.7675781, 21629.9570312, 248.170403587)
(-18500.7109375, 21630.0136719, 248.170403587)
(-18500.6542969, 21630.0703125, 248.170403587)
(-18500.5976562, 21630.1269531, 248.170403587)
(-18500.5410156, 21630.1835938, 248.170403587)
(-18500.484375, 21630.2402344, 248.170403587)
(-18500.4277344, 21630.296875, 248.170403587)
(-18500.3710938, 21630.3535156, 248.170403587)
(-18500.3144531, 21630.4101562, 248.170403587)
(-18500.2578125, 21630.4667969, 248.170403587)
(-18500.2011719, 21630.5234375, 248.170403587)
(-18500.1445312, 21630.5800781, 248.170403587)
(-18500.0976562, 21630.6445312, 248.170403587)
(-18500.0507812, 21630.7089844, 248.170403587)
(-18500.0039062, 21630.7734375, 248.170403587)
(-18499.9570312, 21630.8378906, 248.170403587)
(-18499.9101562, 21630.9023438, 248.170403587)
(-18499.8632812, 21630.9667969, 248.170403587)
(-18499.8164062, 21631.03125, 248.170403587)
(-18499.7695312, 21631.0957031, 248.170403587)
(-18499.7226562, 21631.1601562, 248.170403587)
(-18499.6757812, 21631.2246094, 248.170403587)
(-18499.6289062, 21631.2890625, 248.170403587)
(-18499.5820312, 21631.3535156, 248.170403587)
(-18499.5351562, 21631.4179688, 248.170403587)
(-18499.4882812, 21631.4824219, 248.170403587)
(-18499.4414062, 21631.546875, 248.170403587)
(-18499.3945312, 21631.6113281, 248.170403587)
(-18499.3476562, 21631.6757812, 248.170403587)
(-18499.3007812, 21631.7402344, 248.170403587)
(-18499.2539062, 21631.8046875, 248.170403587)
(-18499.2070312, 21631.8691406, 248.170403587)
(-18499.1601562, 21631.9335938, 248.170403587)
(-18499.1132812, 21631.9980469, 248.170403587)
(-18499.0664062, 21632.0625, 248.170403587)
(-18499.0195312, 21632.1269531, 248.170403587)
(-18498.9726562, 21632.1914062, 248.170403587)
(-18498.9257812, 21632.2558594, 248.170403587)
(-18498.8789062, 21632.3203125, 248.170403587)
(-18498.8320312, 21632.3847656, 248.170403587)
(-18498.7851562, 21632.4492188, 248.170403587)
(-18498.7363281, 21632.5136719, 248.170403587)
(-18498.6875, 21632.578125, 248.170403587)
(-18498.6386719, 21632.6425781, 248.170403587)
(-18498.5898438, 21632.7070312, 248.170403587)
(-18498.5429688, 21632.7714844, 248.170403587)
(-18498.4960938, 21632.8359375, 248.170403587)
(-18498.4492188, 21632.9003906, 248.170403587)
(-18498.4003906, 21632.9648438, 248.170403587)
(-18498.3515625, 21633.0292969, 248.170403587)
(-18498.3027344, 21633.09375, 248.170403587)
(-18498.2539062, 21633.1582031, 248.170403587)
(-18498.2050781, 21633.2226562, 248.170403587)
(-18498.1582031, 21633.2871094, 248.170403587)
(-18498.1113281, 21633.3515625, 248.170403587)
(-18498.0644531, 21633.4160156, 248.170403587)
(-18498.0097656, 21633.4726562, 248.170403587)
(-18497.953125, 21633.5292969, 248.170403587)
(-18497.8964844, 21633.5859375, 248.170403587)
(-18497.8398438, 21633.6425781, 248.170403587)
(-18497.7832031, 21633.6992188, 248.170403587)
(-18497.7285156, 21633.7558594, 248.170403587)
(-18497.6738281, 21633.8125, 248.170403587)
(-18497.6191406, 21633.8691406, 248.170403587)
(-18497.5644531, 21633.9257812, 248.170403587)
(-18497.5097656, 21633.9824219, 248.170403587)
(-18497.4550781, 21634.0390625, 248.170403587)
(-18497.4003906, 21634.0957031, 248.170403587)
(-18497.3457031, 21634.1523438, 248.170403587)
(-18497.2910156, 21634.2089844, 248.170403587)
(-18497.2363281, 21634.265625, 248.170403587)
(-18497.1816406, 21634.3222656, 248.170403587)
(-18497.1269531, 21634.3789062, 248.170403587)
(-18497.0722656, 21634.4355469, 248.170403587)
(-18497.0175781, 21634.4921875, 248.170403587)
(-18496.9609375, 21634.5488281, 248.170403587)
(-18496.9042969, 21634.6054688, 248.170403587)
(-18496.8496094, 21634.6621094, 248.170403587)
(-18496.7949219, 21634.71875, 248.170403587)
(-18496.7402344, 21634.7753906, 248.170403587)
(-18496.6855469, 21634.8320312, 248.170403587)
(-18496.6308594, 21634.8886719, 248.170403587)
(-18496.5761719, 21634.9453125, 248.170403587)
(-18496.5214844, 21635.0019531, 248.170403587)
(-18496.4667969, 21635.0585938, 248.170403587)
(-18496.4121094, 21635.1152344, 248.170403587)
(-18496.3574219, 21635.171875, 248.170403587)
(-18496.3027344, 21635.2285156, 248.170403587)
(-18496.2480469, 21635.2851562, 248.170403587)
(-18496.1933594, 21635.3417969, 248.170403587)
(-18496.1386719, 21635.3984375, 248.170403587)
(-18496.0839844, 21635.4550781, 248.170403587)
(-18496.0273438, 21635.5117188, 248.170403587)
(-18495.9707031, 21635.5683594, 248.170403587)
(-18495.9140625, 21635.625, 248.170403587)
(-18495.8574219, 21635.6816406, 248.170403587)
(-18495.8007812, 21635.7382812, 248.170403587)
(-18495.7441406, 21635.7949219, 248.170403587)
(-18495.6875, 21635.8515625, 248.170403587)
(-18495.6308594, 21635.9082031, 248.170403587)
(-18495.5742188, 21635.9648438, 248.170403587)
(-18495.5175781, 21636.0214844, 248.170403587)
(-18495.4609375, 21636.078125, 248.170403587)
(-18495.4042969, 21636.1347656, 248.170403587)
(-18495.3476562, 21636.1914062, 248.170403587)
(-18495.2910156, 21636.2480469, 248.170403587)
(-18495.234375, 21636.3046875, 248.170403587)
(-18495.1777344, 21636.3613281, 248.170403587)
(-18495.1210938, 21636.4179688, 248.170403587)
(-18495.0644531, 21636.4746094, 248.170403587)
(-18495.0078125, 21636.53125, 248.170403587)
(-18494.9511719, 21636.5878906, 248.170403587)
(-18494.8945312, 21636.6445312, 248.170403587)
(-18494.8378906, 21636.7011719, 248.170403587)
(-18494.78125, 21636.7578125, 248.170403587)
(-18494.7246094, 21636.8144531, 248.170403587)
(-18494.6679688, 21636.8710938, 248.170403587)
(-18494.6113281, 21636.9277344, 248.170403587)
(-18494.5546875, 21636.984375, 248.170403587)
(-18494.4980469, 21637.0410156, 248.170403587)
(-18494.4414062, 21637.0976562, 248.170403587)
(-18494.3847656, 21637.1542969, 248.170403587)
(-18494.328125, 21637.2109375, 248.170403587)
(-18494.2714844, 21637.2675781, 248.170403587)
(-18494.2148438, 21637.3242188, 248.170403587)
(-18494.1582031, 21637.3808594, 248.170403587)
(-18494.1015625, 21637.4375, 248.170403587)
(-18494.0449219, 21637.4941406, 248.170403587)
(-18493.9882812, 21637.5507812, 248.170403587)
(-18493.9316406, 21637.6074219, 248.170403587)
(-18493.875, 21637.6640625, 248.170403587)
(-18493.8183594, 21637.7207031, 248.170403587)
(-18493.7617188, 21637.7773438, 248.170403587)
(-18493.7050781, 21637.8339844, 248.170403587)
(-18493.6484375, 21637.890625, 248.170403587)
(-18493.5917969, 21637.9472656, 248.170403587)
(-18493.5351562, 21638.0039062, 248.170403587)
(-18493.4785156, 21638.0605469, 248.170403587)
(-18493.421875, 21638.1171875, 248.170403587)
(-18493.3652344, 21638.1738281, 248.170403587)
(-18493.3085938, 21638.2304688, 248.170403587)
(-18493.2519531, 21638.2871094, 248.170403587)
(-18493.1953125, 21638.34375, 248.170403587)
(-18493.1386719, 21638.4003906, 248.170403587)
(-18493.0820312, 21638.4570312, 248.170403587)
(-18493.0253906, 21638.5136719, 248.170403587)
(-18492.96875, 21638.5703125, 248.170403587)
(-18492.9121094, 21638.6269531, 248.170403587)
(-18492.8554688, 21638.6835938, 248.170403587)
(-18492.7988281, 21638.7402344, 248.170403587)
(-18492.7421875, 21638.796875, 248.170403587)
(-18492.6855469, 21638.8535156, 248.170403587)
(-18492.6289062, 21638.9101562, 248.170403587)
(-18492.5722656, 21638.9667969, 248.170403587)
(-18492.515625, 21639.0234375, 248.170403587)
(-18492.4589844, 21639.0800781, 248.170403587)
(-18492.4023438, 21639.1367188, 248.170403587)
(-18492.3457031, 21639.1933594, 248.170403587)
(-18492.2890625, 21639.25, 248.170403587)
(-18492.2324219, 21639.3066406, 248.170403587)
(-18492.1757812, 21639.3632812, 248.170403587)
(-18492.1191406, 21639.4199219, 248.170403587)
(-18492.0625, 21639.4765625, 248.170403587)
(-18492.0058594, 21639.5332031, 248.170403587)
(-18491.9492188, 21639.5898438, 248.170403587)
(-18491.8925781, 21639.6464844, 248.170403587)
(-18491.8359375, 21639.703125, 248.170403587)
(-18491.7792969, 21639.7597656, 248.170403587)
(-18491.7226562, 21639.8164062, 248.170403587)
(-18491.6660156, 21639.8730469, 248.170403587)
(-18491.609375, 21639.9296875, 248.170403587)
(-18491.5527344, 21639.9863281, 248.170403587)
(-18491.4960938, 21640.0429688, 248.170403587)
(-18491.4394531, 21640.0996094, 248.170403587)
(-18491.3828125, 21640.15625, 248.170403587)
(-18491.3261719, 21640.2128906, 248.170403587)
(-18491.2695312, 21640.2695312, 248.170403587)
(-18491.2128906, 21640.3261719, 248.170403587)
(-18491.15625, 21640.3828125, 248.170403587)
(-18491.0996094, 21640.4394531, 248.170403587)
(-18491.0429688, 21640.4960938, 248.170403587)
(-18490.9863281, 21640.5527344, 248.170403587)
(-18490.9296875, 21640.609375, 248.170403587)
(-18490.8730469, 21640.6660156, 248.170403587)
(-18490.8164062, 21640.7226562, 248.170403587)
(-18490.7597656, 21640.7792969, 248.170403587)
(-18490.703125, 21640.8359375, 248.170403587)
(-18490.6464844, 21640.8925781, 248.170403587)
(-18490.5898438, 21640.9492188, 248.170403587)
(-18490.5332031, 21641.0058594, 248.170403587)
(-18490.4765625, 21641.0625, 248.170403587)
(-18490.4199219, 21641.1191406, 248.170403587)
(-18490.3632812, 21641.1757812, 248.170403587)
(-18490.3066406, 21641.2324219, 248.170403587)
(-18490.25, 21641.2890625, 248.170403587)
(-18490.1933594, 21641.3457031, 248.170403587)
(-18490.1367188, 21641.4023438, 248.170403587)
(-18490.0800781, 21641.4589844, 248.170403587)
(-18490.0234375, 21641.515625, 248.170403587)
(-18489.9667969, 21641.5722656, 248.170403587)
(-18489.9101562, 21641.6289062, 248.170403587)
(-18489.8535156, 21641.6855469, 248.170403587)
(-18489.796875, 21641.7421875, 248.170403587)
(-18489.7402344, 21641.7988281, 248.170403587)
(-18489.6835938, 21641.8554688, 248.170403587)
(-18489.6269531, 21641.9121094, 248.170403587)
(-18489.5703125, 21641.96875, 248.170403587)
(-18489.5136719, 21642.0253906, 248.170403587)
(-18489.4570312, 21642.0820312, 248.170403587)
(-18489.4003906, 21642.1386719, 248.170403587)
(-18489.34375, 21642.1953125, 248.170403587)
(-18489.2871094, 21642.2519531, 248.170403587)
(-18489.2304688, 21642.3085938, 248.170403587)
(-18489.1738281, 21642.3652344, 248.170403587)
(-18489.1171875, 21642.421875, 248.170403587)
(-18489.0605469, 21642.4785156, 248.170403587)
(-18489.0039062, 21642.5351562, 248.170403587)
(-18488.9472656, 21642.5917969, 248.170403587)
(-18488.890625, 21642.6484375, 248.170403587)
(-18488.8339844, 21642.7050781, 248.170403587)
(-18488.7773438, 21642.7617188, 248.170403587)
(-18488.7207031, 21642.8183594, 248.170403587)
(-18488.6640625, 21642.875, 248.170403587)
(-18488.6074219, 21642.9316406, 248.170403587)
(-18488.5507812, 21642.9882812, 248.170403587)
(-18488.4941406, 21643.0449219, 248.170403587)
(-18488.4375, 21643.1015625, 248.170403587)
(-18488.3808594, 21643.1582031, 248.170403587)
(-18488.3242188, 21643.2148438, 248.170403587)
(-18488.2675781, 21643.2714844, 248.170403587)
(-18488.2109375, 21643.328125, 248.170403587)
(-18488.1542969, 21643.3847656, 248.170403587)
(-18488.0976562, 21643.4414062, 248.170403587)
(-18488.0410156, 21643.4980469, 248.170403587)
(-18487.984375, 21643.5546875, 248.170403587)
(-18487.9277344, 21643.6113281, 248.170403587)
(-18487.8710938, 21643.6679688, 248.170403587)
(-18487.8144531, 21643.7246094, 248.170403587)
(-18487.7578125, 21643.78125, 248.170403587)
(-18487.7011719, 21643.8378906, 248.170403587)
(-18487.6445312, 21643.8945312, 248.170403587)
(-18487.5878906, 21643.9511719, 248.170403587)
(-18487.53125, 21644.0078125, 248.170403587)
(-18487.4746094, 21644.0644531, 248.170403587)
(-18487.4179688, 21644.1210938, 248.170403587)
(-18487.3613281, 21644.1777344, 248.170403587)
(-18487.3046875, 21644.234375, 248.170403587)
(-18487.2480469, 21644.2910156, 248.170403587)
(-18487.1914062, 21644.3476562, 248.170403587)
(-18487.1347656, 21644.4042969, 248.170403587)
(-18487.078125, 21644.4609375, 248.170403587)
(-18487.0214844, 21644.5175781, 248.170403587)
(-18486.9648438, 21644.5742188, 248.170403587)
(-18486.9082031, 21644.6308594, 248.170403587)
(-18486.8515625, 21644.6875, 248.170403587)
(-18486.7949219, 21644.7441406, 248.170403587)
(-18486.7382812, 21644.8007812, 248.170403587)
(-18486.6816406, 21644.8574219, 248.170403587)
(-18486.625, 21644.9140625, 248.170403587)
(-18486.5683594, 21644.9707031, 248.170403587)
(-18486.5117188, 21645.0273438, 248.170403587)
(-18486.4550781, 21645.0839844, 248.170403587)
(-18486.3984375, 21645.140625, 248.170403587)
(-18486.3417969, 21645.1972656, 248.170403587)
(-18486.2851562, 21645.2539062, 248.170403587)
(-18486.2285156, 21645.3105469, 248.170403587)
(-18486.171875, 21645.3671875, 248.170403587)
(-18486.1152344, 21645.4238281, 248.170403587)
(-18486.0585938, 21645.4804688, 248.170403587)
(-18486.0019531, 21645.5371094, 248.170403587)
(-18485.9453125, 21645.59375, 248.170403587)
(-18485.8886719, 21645.6503906, 248.170403587)
(-18485.8320312, 21645.7070312, 248.170403587)
(-18485.7753906, 21645.7636719, 248.170403587)
(-18485.71875, 21645.8203125, 248.170403587)
(-18485.6621094, 21645.8769531, 248.170403587)
(-18485.6054688, 21645.9335938, 248.170403587)
(-18485.5488281, 21645.9902344, 248.170403587)
(-18485.4921875, 21646.046875, 248.170403587)
(-18485.4355469, 21646.1035156, 248.170403587)
(-18485.3789062, 21646.1601562, 248.170403587)
(-18485.3222656, 21646.2167969, 248.170403587)
(-18485.265625, 21646.2734375, 248.170403587)
(-18485.2089844, 21646.3300781, 248.170403587)
(-18485.1523438, 21646.3867188, 248.170403587)
(-18485.0957031, 21646.4433594, 248.170403587)
(-18485.0390625, 21646.5, 248.170403587)
(-18484.9824219, 21646.5566406, 248.170403587)
(-18484.9257812, 21646.6132812, 248.170403587)
(-18484.8691406, 21646.6699219, 248.170403587)
(-18484.8125, 21646.7265625, 248.170403587)
(-18484.7558594, 21646.7832031, 248.170403587)
(-18484.6992188, 21646.8398438, 248.170403587)
(-18484.6425781, 21646.8964844, 248.170403587)
(-18484.5859375, 21646.953125, 248.170403587)
(-18484.5292969, 21647.0097656, 248.170403587)
(-18484.4726562, 21647.0664062, 248.170403587)
(-18484.4160156, 21647.1230469, 248.170403587)
(-18484.359375, 21647.1796875, 248.170403587)
(-18484.3027344, 21647.2363281, 248.170403587)
(-18484.2460938, 21647.2929688, 248.170403587)
(-18484.1894531, 21647.3496094, 248.170403587)
(-18484.1328125, 21647.40625, 248.170403587)
(-18484.0761719, 21647.4628906, 248.170403587)
(-18484.0195312, 21647.5195312, 248.170403587)
(-18483.9628906, 21647.5761719, 248.170403587)
(-18483.90625, 21647.6328125, 248.170403587)
(-18483.8496094, 21647.6894531, 248.170403587)
(-18483.7929688, 21647.7460938, 248.170403587)
(-18483.7363281, 21647.8027344, 248.170403587)
(-18483.6796875, 21647.859375, 248.170403587)
(-18483.6230469, 21647.9160156, 248.170403587)
(-18483.5664062, 21647.9726562, 248.170403587)
(-18483.5097656, 21648.0292969, 248.170403587)
(-18483.453125, 21648.0859375, 248.170403587)
(-18483.3964844, 21648.1425781, 248.170403587)
(-18483.3398438, 21648.1992188, 248.170403587)
(-18483.2832031, 21648.2558594, 248.170403587)
(-18483.2265625, 21648.3125, 248.170403587)
(-18483.1699219, 21648.3691406, 248.170403587)
(-18483.1132812, 21648.4257812, 248.170403587)
(-18483.0566406, 21648.4824219, 248.170403587)
(-18483.0, 21648.5390625, 248.170403587)
(-18482.9433594, 21648.5957031, 248.170403587)
(-18482.8867188, 21648.6523438, 248.170403587)
(-18482.8300781, 21648.7089844, 248.170403587)
(-18482.7734375, 21648.765625, 248.170403587)
(-18482.7167969, 21648.8222656, 248.170403587)
(-18482.6601562, 21648.8789062, 248.170403587)
(-18482.6035156, 21648.9355469, 248.170403587)
(-18482.546875, 21648.9921875, 248.170403587)
(-18482.4902344, 21649.0488281, 248.170403587)
(-18482.4335938, 21649.1054688, 248.170403587)
(-18482.3769531, 21649.1621094, 248.170403587)
(-18482.3203125, 21649.21875, 248.170403587)
(-18482.2636719, 21649.2753906, 248.170403587)
(-18482.2070312, 21649.3320312, 248.170403587)
(-18482.1503906, 21649.3886719, 248.170403587)
(-18482.09375, 21649.4453125, 248.170403587)
(-18482.0371094, 21649.5019531, 248.170403587)
(-18481.9804688, 21649.5585938, 248.170403587)
(-18481.9238281, 21649.6152344, 248.170403587)
(-18481.8671875, 21649.671875, 248.170403587)
(-18481.8105469, 21649.7285156, 248.170403587)
(-18481.7539062, 21649.7851562, 248.170403587)
(-18481.6972656, 21649.8417969, 248.170403587)
(-18481.640625, 21649.8984375, 248.170403587)
(-18481.5839844, 21649.9550781, 248.170403587)
(-18481.5273438, 21650.0117188, 248.170403587)
(-18481.4707031, 21650.0683594, 248.170403587)
(-18481.4140625, 21650.125, 248.170403587)
(-18481.3574219, 21650.1816406, 248.170403587)
(-18481.3007812, 21650.2382812, 248.170403587)
(-18481.2441406, 21650.2949219, 248.170403587)
(-18481.1875, 21650.3515625, 248.170403587)
(-18481.1308594, 21650.4082031, 248.170403587)
(-18481.0742188, 21650.4648438, 248.170403587)
(-18481.0175781, 21650.5214844, 248.170403587)
(-18480.9609375, 21650.578125, 248.170403587)
(-18480.9042969, 21650.6347656, 248.170403587)
(-18480.8476562, 21650.6914062, 248.170403587)
(-18480.7910156, 21650.7480469, 248.170403587)
(-18480.734375, 21650.8046875, 248.170403587)
(-18480.6777344, 21650.8613281, 248.170403587)
(-18480.6210938, 21650.9179688, 248.170403587)
(-18480.5644531, 21650.9746094, 248.170403587)
(-18480.5078125, 21651.03125, 248.170403587)
(-18480.4511719, 21651.0878906, 248.170403587)
(-18480.3945312, 21651.1445312, 248.170403587)
(-18480.3378906, 21651.2011719, 248.170403587)
(-18480.28125, 21651.2578125, 248.170403587)
(-18480.2246094, 21651.3144531, 248.170403587)
(-18480.1679688, 21651.3710938, 248.170403587)
(-18480.1113281, 21651.4277344, 248.170403587)
(-18480.0546875, 21651.484375, 248.170403587)
(-18479.9980469, 21651.5410156, 248.170403587)
(-18479.9414062, 21651.5976562, 248.170403587)
(-18479.8847656, 21651.6542969, 248.170403587)
(-18479.828125, 21651.7109375, 248.170403587)
(-18479.7714844, 21651.7675781, 248.170403587)
(-18479.7148438, 21651.8242188, 248.170403587)
(-18479.6582031, 21651.8808594, 248.170403587)
(-18479.6015625, 21651.9375, 248.170403587)
(-18479.5449219, 21651.9941406, 248.170403587)
(-18479.4882812, 21652.0507812, 248.170403587)
(-18479.4316406, 21652.1074219, 248.170403587)
(-18479.375, 21652.1640625, 248.170403587)
(-18479.3183594, 21652.2207031, 248.170403587)
(-18479.2617188, 21652.2773438, 248.170403587)
(-18479.2050781, 21652.3339844, 248.170403587)
(-18479.1484375, 21652.390625, 248.170403587)
(-18479.0917969, 21652.4472656, 248.170403587)
(-18479.0351562, 21652.5039062, 248.170403587)
(-18478.9785156, 21652.5605469, 248.170403587)
(-18478.921875, 21652.6171875, 248.170403587)
(-18478.8652344, 21652.6738281, 248.170403587)
(-18478.8085938, 21652.7304688, 248.170403587)
(-18478.7519531, 21652.7871094, 248.170403587)
(-18478.6953125, 21652.84375, 248.170403587)
(-18478.6386719, 21652.9003906, 248.170403587)
(-18478.5820312, 21652.9570312, 248.170403587)
(-18478.5253906, 21653.0136719, 248.170403587)
(-18478.46875, 21653.0703125, 248.170403587)
(-18478.4121094, 21653.1269531, 248.170403587)
(-18478.3554688, 21653.1835938, 248.170403587)
(-18478.2988281, 21653.2402344, 248.170403587)
(-18478.2421875, 21653.296875, 248.170403587)
(-18478.1855469, 21653.3535156, 248.170403587)
(-18478.1289062, 21653.4101562, 248.170403587)
(-18478.0644531, 21653.4570312, 248.170403587)
(-18477.9941406, 21653.4941406, 248.170403587)
(-18477.9179688, 21653.5195312, 248.170403587)
(-18477.8398438, 21653.5332031, 248.170403587)
(-18477.7597656, 21653.5390625, 248.170403587)
(-18477.6796875, 21653.5449219, 248.170403587)
(-18477.5996094, 21653.5507812, 248.170403587)
(-18477.5195312, 21653.5566406, 248.170403587)
(-18477.4394531, 21653.5625, 248.170403587)
(-18477.359375, 21653.5683594, 248.170403587)
(-18477.2792969, 21653.5742188, 248.170403587)
(-18477.1992188, 21653.5800781, 248.170403587)
(-18477.1191406, 21653.5859375, 248.170403587)
(-18477.0390625, 21653.5917969, 248.170403587)
(-18476.9589844, 21653.5976562, 248.170403587)
(-18476.8789062, 21653.6035156, 248.170403587)
(-18476.7988281, 21653.609375, 248.170403587)
(-18476.71875, 21653.6152344, 248.170403587)
(-18476.6386719, 21653.6210938, 248.170403587)
(-18476.5585938, 21653.6269531, 248.170403587)
(-18476.4785156, 21653.6328125, 248.170403587)
(-18476.3984375, 21653.640625, 248.170403587)
(-18476.3183594, 21653.6484375, 248.170403587)
(-18476.2382812, 21653.65625, 248.170403587)
(-18476.1582031, 21653.6582031, 248.170403587)
(-18476.078125, 21653.6601562, 248.170403587)
(-18475.9980469, 21653.6621094, 248.170403587)
(-18475.9179688, 21653.6640625, 248.170403587)
(-18475.8378906, 21653.6640625, 248.170403587)
(-18475.7578125, 21653.6640625, 248.170403587)
(-18475.6777344, 21653.6640625, 248.170403587)
(-18475.5976562, 21653.6660156, 248.170403587)
(-18475.5175781, 21653.6679688, 248.170403587)
(-18475.4375, 21653.6699219, 248.170403587)
(-18475.3574219, 21653.6699219, 248.170403587)
(-18475.2773438, 21653.6699219, 248.170403587)
(-18475.1972656, 21653.6699219, 248.170403587)
(-18475.1171875, 21653.671875, 248.170403587)
(-18475.0371094, 21653.6738281, 248.170403587)
(-18474.9570312, 21653.6757812, 248.170403587)
(-18474.8769531, 21653.6757812, 248.170403587)
(-18474.796875, 21653.6757812, 248.170403587)
(-18474.7167969, 21653.6757812, 248.170403587)
(-18474.6367188, 21653.6777344, 248.170403587)
(-18474.5566406, 21653.6796875, 248.170403587)
(-18474.4765625, 21653.6816406, 248.170403587)
(-18474.3964844, 21653.6816406, 248.170403587)
(-18474.3164062, 21653.6816406, 248.170403587)
(-18474.2363281, 21653.6816406, 248.170403587)
(-18474.15625, 21653.6835938, 248.170403587)
(-18474.0761719, 21653.6855469, 248.170403587)
(-18473.9960938, 21653.6875, 248.170403587)
