(-18565.4199219, 21572.0, 248.170403587)
(-18565.3398438, 21572.0019531, 248.170403587)
(-18565.2597656, 21572.0039062, 248.170403587)
(-18565.1796875, 21572.0058594, 248.170403587)
(-18565.0996094, 21572.0078125, 248.170403587)
(-18565.0195312, 21572.0097656, 248.170403587)
(-18564.9394531, 21572.0117188, 248.170403587)
(-18564.859375, 21572.0136719, 248.170403587)
(-18564.7792969, 21572.015625, 248.170403587)
(-18564.6992188, 21572.0175781, 248.170403587)
(-18564.6191406, 21572.0195312, 248.170403587)
(-18564.5390625, 21572.0195312, 248.170403587)
(-18564.4589844, 21572.0195312, 248.170403587)
(-18564.3789062, 21572.0195312, 248.170403587)
(-18564.2988281, 21572.0214844, 248.170403587)
(-18564.21875, 21572.0234375, 248.170403587)
(-18564.1386719, 21572.0253906, 248.170403587)
(-18564.0585938, 21572.0253906, 248.170403587)
(-18563.9785156, 21572.0253906, 248.170403587)
(-18563.8984375, 21572.0253906, 248.170403587)
(-18563.8203125, 21572.0371094, 248.170403587)
(-18563.7441406, 21572.0605469, 248.170403587)
(-18563.671875, 21572.0957031, 248.170403587)
(-18563.6054688, 21572.140625, 248.170403587)
(-18563.546875, 21572.1933594, 248.170403587)
(-18563.4882812, 21572.2460938, 248.170403587)
(-18563.4296875, 21572.2988281, 248.170403587)
(-18563.3710938, 21572.3515625, 248.170403587)
(-18563.3125, 21572.4042969, 248.170403587)
(-18563.2539062, 21572.4570312, 248.170403587)
(-18563.1953125, 21572.5097656, 248.170403587)
(-18563.1367188, 21572.5625, 248.170403587)
(-18563.078125, 21572.6152344, 248.170403587)
(-18563.0195312, 21572.6699219, 248.170403587)
(-18562.9609375, 21572.7246094, 248.170403587)
(-18562.9023438, 21572.7773438, 248.170403587)
(-18562.84375, 21572.8300781, 248.170403587)
(-18562.7851562, 21572.8828125, 248.170403587)
(-18562.7265625, 21572.9355469, 248.170403587)
(-18562.6679688, 21572.9882812, 248.170403587)
(-18562.609375, 21573.0410156, 248.170403587)
(-18562.5507812, 21573.09375, 248.170403587)
(-18562.4921875, 21573.1464844, 248.170403587)
(-18562.4335938, 21573.1992188, 248.170403587)
(-18562.375, 21573.2539062, 248.170403587)
(-18562.3164062, 21573.3085938, 248.170403587)
(-18562.2578125, 21573.3613281, 248.170403587)
(-18562.1992188, 21573.4140625, 248.170403587)
(-18562.140625, 21573.4667969, 248.170403587)
(-18562.0820312, 21573.5195312, 248.170403587)
(-18562.0234375, 21573.5722656, 248.170403587)
(-18561.9648438, 21573.625, 248.170403587)
(-18561.90625, 21573.6777344, 248.170403587)
(-18561.8476562, 21573.7304688, 248.170403587)
(-18561.7890625, 21573.7832031, 248.170403587)
(-18561.7324219, 21573.8398438, 248.170403587)
(-18561.6757812, 21573.8964844, 248.170403587)
(-18561.6191406, 21573.953125, 248.170403587)
(-18561.5625, 21574.0097656, 248.170403587)
(-18561.5058594, 21574.0664062, 248.170403587)
(-18561.4492188, 21574.1230469, 248.170403587)
(-18561.3925781, 21574.1796875, 248.170403587)
(-18561.3359375, 21574.2363281, 248.170403587)
(-18561.2792969, 21574.2929688, 248.170403587)
(-18561.2226562, 21574.3496094, 248.170403587)
(-18561.1660156, 21574.40625, 248.170403587)
(-18561.109375, 21574.4628906, 248.170403587)
(-18561.0527344, 21574.5195312, 248.170403587)
(-18560.9960938, 21574.5761719, 248.170403587)
(-18560.9394531, 21574.6328125, 248.170403587)
(-18560.8828125, 21574.6894531, 248.170403587)
(-18560.8261719, 21574.7460938, 248.170403587)
(-18560.7695312, 21574.8027344, 248.170403587)
(-18560.7128906, 21574.859375, 248.170403587)
(-18560.65625, 21574.9160156, 248.170403587)
(-18560.5996094, 21574.9726562, 248.170403587)
(-18560.5429688, 21575.0292969, 248.170403587)
(-18560.4863281, 21575.0859375, 248.170403587)
(-18560.4296875, 21575.1425781, 248.170403587)
(-18560.3730469, 21575.1992188, 248.170403587)
(-18560.3164062, 21575.2558594, 248.170403587)
(-18560.2597656, 21575.3125, 248.170403587)
(-18560.203125, 21575.3671875, 248.170403587)
(-18560.1464844, 21575.421875, 248.170403587)
(-18560.0898438, 21575.4765625, 248.170403587)
(-18560.0332031, 21575.53125, 248.170403587)
(-18559.9765625, 21575.5859375, 248.170403587)
(-18559.9199219, 21575.640625, 248.170403587)
(-18559.8632812, 21575.6953125, 248.170403587)
(-18559.8066406, 21575.75, 248.170403587)
(-18559.75, 21575.8046875, 248.170403587)
(-18559.6933594, 21575.8613281, 248.170403587)
(-18559.6367188, 21575.9179688, 248.170403587)
(-18559.5800781, 21575.9746094, 248.170403587)
(-18559.5234375, 21576.03125, 248.170403587)
(-18559.4667969, 21576.0878906, 248.170403587)
(-18559.4101562, 21576.1445312, 248.170403587)
(-18559.3535156, 21576.2011719, 248.170403587)
(-18559.296875, 21576.2578125, 248.170403587)
(-18559.2402344, 21576.3144531, 248.170403587)
(-18559.1835938, 21576.3710938, 248.170403587)
(-18559.1269531, 21576.4277344, 248.170403587)
(-18559.0703125, 21576.484375, 248.170403587)
(-18559.0136719, 21576.5410156, 248.170403587)
(-18558.9570312, 21576.5976562, 248.170403587)
(-18558.9003906, 21576.6542969, 248.170403587)
(-18558.84375, 21576.7109375, 248.170403587)
(-18558.7871094, 21576.7675781, 248.170403587)
(-18558.7304688, 21576.8242188, 248.170403587)
(-18558.6738281, 21576.8808594, 248.170403587)
(-18558.6171875, 21576.9375, 248.170403587)
(-18558.5605469, 21576.9941406, 248.170403587)
(-18558.5039062, 21577.0507812, 248.170403587)
(-18558.4472656, 21577.1074219, 248.170403587)
(-18558.390625, 21577.1640625, 248.170403587)
(-18558.3339844, 21577.2207031, 248.170403587)
(-18558.2773438, 21577.2773438, 248.170403587)
(-18558.2207031, 21577.3339844, 248.170403587)
(-18558.1640625, 21577.390625, 248.170403587)
(-18558.1074219, 21577.4472656, 248.170403587)
(-18558.0507812, 21577.5039062, 248.170403587)
(-18557.9941406, 21577.5605469, 248.170403587)
(-18557.9375, 21577.6171875, 248.170403587)
(-18557.8808594, 21577.6738281, 248.170403587)
(-18557.8242188, 21577.7304688, 248.170403587)
(-18557.7675781, 21577.7871094, 248.170403587)
(-18557.703125, 21577.8339844, 248.170403587)
(-18557.6386719, 21577.8808594, 248.170403587)
(-18557.5742188, 21577.9277344, 248.170403587)
(-18557.5097656, 21577.9746094, 248.170403587)
(-18557.4453125, 21578.0214844, 248.170403587)
(-18557.3808594, 21578.0683594, 248.170403587)
(-18557.3164062, 21578.1152344, 248.170403587)
(-18557.2519531, 21578.1621094, 248.170403587)
(-18557.1875, 21578.2089844, 248.170403587)
(-18557.1230469, 21578.2558594, 248.170403587)
(-18557.0585938, 21578.3027344, 248.170403587)
(-18556.9941406, 21578.3496094, 248.170403587)
(-18556.9296875, 21578.3964844, 248.170403587)
(-18556.8652344, 21578.4433594, 248.170403587)
(-18556.8007812, 21578.4902344, 248.170403587)
(-18556.7363281, 21578.5371094, 248.170403587)
(-18556.671875, 21578.5839844, 248.170403587)
(-18556.6074219, 21578.6308594, 248.170403587)
(-18556.5429688, 21578.6777344, 248.170403587)
(-18556.4785156, 21578.7246094, 248.170403587)
(-18556.4140625, 21578.7714844, 248.170403587)
(-18556.3496094, 21578.8183594, 248.170403587)
(-18556.2851562, 21578.8652344, 248.170403587)
(-18556.2207031, 21578.9121094, 248.170403587)
(-18556.15625, 21578.9589844, 248.170403587)
(-18556.0917969, 21579.0058594, 248.170403587)
(-18556.0273438, 21579.0527344, 248.170403587)
(-18555.9628906, 21579.0996094, 248.170403587)
(-18555.8984375, 21579.1464844, 248.170403587)
(-18555.8339844, 21579.1933594, 248.170403587)
(-18555.7695312, 21579.2402344, 248.170403587)
(-18555.7050781, 21579.2871094, 248.170403587)
(-18555.640625, 21579.3339844, 248.170403587)
(-18555.5761719, 21579.3808594, 248.170403587)
(-18555.5117188, 21579.4277344, 248.170403587)
(-18555.4472656, 21579.4746094, 248.170403587)
(-18555.3828125, 21579.5214844, 248.170403587)
(-18555.3183594, 21579.5683594, 248.170403587)
(-18555.2539062, 21579.6152344, 248.170403587)
(-18555.1894531, 21579.6621094, 248.170403587)
(-18555.125, 21579.7089844, 248.170403587)
(-18555.0605469, 21579.7558594, 248.170403587)
(-18554.9960938, 21579.8027344, 248.170403587)
(-18554.9375, 21579.8574219, 248.170403587)
(-18554.8808594, 21579.9121094, 248.170403587)
(-18554.8242188, 21579.9667969, 248.170403587)
(-18554.7675781, 21580.0214844, 248.170403587)
(-18554.7109375, 21580.0761719, 248.170403587)
(-18554.6542969, 21580.1308594, 248.170403587)
(-18554.5976562, 21580.1855469, 248.170403587)
(-18554.5410156, 21580.2402344, 248.170403587)
(-18554.484375, 21580.2949219, 248.170403587)
(-18554.4277344, 21580.3496094, 248.170403587)
(-18554.3710938, 21580.4042969, 248.170403587)
(-18554.3144531, 21580.4589844, 248.170403587)
(-18554.2578125, 21580.5136719, 248.170403587)
(-18554.2011719, 21580.5683594, 248.170403587)
(-18554.1445312, 21580.6230469, 248.170403587)
(-18554.0878906, 21580.6777344, 248.170403587)
(-18554.03125, 21580.7324219, 248.170403587)
(-18553.9746094, 21580.7871094, 248.170403587)
(-18553.9179688, 21580.8417969, 248.170403587)
(-18553.8613281, 21580.8964844, 248.170403587)
(-18553.8046875, 21580.9511719, 248.170403587)
(-18553.7480469, 21581.0058594, 248.170403587)
(-18553.6914062, 21581.0605469, 248.170403587)
(-18553.6347656, 21581.1152344, 248.170403587)
(-18553.578125, 21581.1699219, 248.170403587)
(-18553.5214844, 21581.2246094, 248.170403587)
(-18553.4648438, 21581.2792969, 248.170403587)
(-18553.4082031, 21581.3339844, 248.170403587)
(-18553.3515625, 21581.3886719, 248.170403587)
(-18553.2949219, 21581.4433594, 248.170403587)
(-18553.2382812, 21581.4980469, 248.170403587)
(-18553.1816406, 21581.5527344, 248.170403587)
(-18553.125, 21581.6074219, 248.170403587)
(-18553.0683594, 21581.6621094, 248.170403587)
(-18553.0117188, 21581.7167969, 248.170403587)
(-18552.9550781, 21581.7734375, 248.170403587)
(-18552.9082031, 21581.8378906, 248.170403587)
(-18552.8613281, 21581.9023438, 248.170403587)
(-18552.8144531, 21581.9667969, 248.170403587)
(-18552.7675781, 21582.03125, 248.170403587)
(-18552.7207031, 21582.0957031, 248.170403587)
(-18552.6738281, 21582.1601562, 248.170403587)
(-18552.6269531, 21582.2246094, 248.170403587)
(-18552.5800781, 21582.2890625, 248.170403587)
(-18552.5332031, 21582.3535156, 248.170403587)
(-18552.4863281, 21582.4179688, 248.170403587)
(-18552.4394531, 21582.4824219, 248.170403587)
(-18552.3925781, 21582.546875, 248.170403587)
(-18552.3457031, 21582.6113281, 248.170403587)
(-18552.2988281, 21582.6757812, 248.170403587)
(-18552.2519531, 21582.7402344, 248.170403587)
(-18552.2050781, 21582.8046875, 248.170403587)
(-18552.1582031, 21582.8691406, 248.170403587)
(-18552.1113281, 21582.9335938, 248.170403587)
(-18552.0644531, 21582.9980469, 248.170403587)
(-18552.0175781, 21583.0625, 248.170403587)
(-18551.9707031, 21583.1269531, 248.170403587)
(-18551.9238281, 21583.1914062, 248.170403587)
(-18551.8769531, 21583.2558594, 248.170403587)
(-18551.8300781, 21583.3203125, 248.170403587)
(-18551.7832031, 21583.3847656, 248.170403587)
(-18551.7363281, 21583.4492188, 248.170403587)
(-18551.6894531, 21583.5136719, 248.170403587)
(-18551.6425781, 21583.578125, 248.170403587)
(-18551.5957031, 21583.6425781, 248.170403587)
(-18551.5488281, 21583.7070312, 248.170403587)
(-18551.5, 21583.7714844, 248.170403587)
(-18551.4511719, 21583.8359375, 248.170403587)
(-18551.4023438, 21583.9003906, 248.170403587)
(-18551.3554688, 21583.9648438, 248.170403587)
(-18551.3085938, 21584.0292969, 248.170403587)
(-18551.2597656, 21584.09375, 248.170403587)
(-18551.2109375, 21584.1582031, 248.170403587)
(-18551.1621094, 21584.2226562, 248.170403587)
(-18551.1132812, 21584.2871094, 248.170403587)
(-18551.0664062, 21584.3515625, 248.170403587)
(-18551.0195312, 21584.4160156, 248.170403587)
(-18550.9726562, 21584.4804688, 248.170403587)
(-18550.9238281, 21584.5449219, 248.170403587)
(-18550.8691406, 21584.6035156, 248.170403587)
(-18550.8144531, 21584.6601562, 248.170403587)
(-18550.7597656, 21584.7167969, 248.170403587)
(-18550.7050781, 21584.7734375, 248.170403587)
(-18550.6503906, 21584.8300781, 248.170403587)
(-18550.5957031, 21584.8867188, 248.170403587)
(-18550.5410156, 21584.9433594, 248.170403587)
(-18550.4863281, 21585.0, 248.170403587)
(-18550.4316406, 21585.0566406, 248.170403587)
(-18550.3769531, 21585.1132812, 248.170403587)
(-18550.3222656, 21585.1699219, 248.170403587)
(-18550.2675781, 21585.2265625, 248.170403587)
(-18550.2128906, 21585.2832031, 248.170403587)
(-18550.1582031, 21585.3398438, 248.170403587)
(-18550.1035156, 21585.3964844, 248.170403587)
(-18550.0488281, 21585.453125, 248.170403587)
(-18549.9941406, 21585.5097656, 248.170403587)
(-18549.9394531, 21585.5664062, 248.170403587)
(-18549.8847656, 21585.6230469, 248.170403587)
(-18549.8300781, 21585.6796875, 248.170403587)
(-18549.7753906, 21585.7363281, 248.170403587)
(-18549.7207031, 21585.7929688, 248.170403587)
(-18549.6660156, 21585.8496094, 248.170403587)
(-18549.609375, 21585.90625, 248.170403587)
(-18549.5527344, 21585.9628906, 248.170403587)
(-18549.4980469, 21586.0195312, 248.170403587)
(-18549.4433594, 21586.0761719, 248.170403587)
(-18549.3886719, 21586.1328125, 248.170403587)
(-18549.3339844, 21586.1894531, 248.170403587)
(-18549.2792969, 21586.2460938, 248.170403587)
(-18549.2246094, 21586.3027344, 248.170403587)
(-18549.1699219, 21586.359375, 248.170403587)
(-18549.1152344, 21586.4160156, 248.170403587)
(-18549.0605469, 21586.4726562, 248.170403587)
(-18549.0058594, 21586.5292969, 248.170403587)
(-18548.9511719, 21586.5859375, 248.170403587)
(-18548.8945312, 21586.6425781, 248.170403587)
(-18548.8378906, 21586.6992188, 248.170403587)
(-18548.78125, 21586.7558594, 248.170403587)
(-18548.7246094, 21586.8125, 248.170403587)
(-18548.6679688, 21586.8691406, 248.170403587)
(-18548.6113281, 21586.9257812, 248.170403587)
(-18548.5546875, 21586.9824219, 248.170403587)
(-18548.4980469, 21587.0390625, 248.170403587)
(-18548.4414062, 21587.0957031, 248.170403587)
(-18548.3847656, 21587.1523438, 248.170403587)
(-18548.328125, 21587.2089844, 248.170403587)
(-18548.2714844, 21587.265625, 248.170403587)
(-18548.2148438, 21587.3222656, 248.170403587)
(-18548.1582031, 21587.3789062, 248.170403587)
(-18548.1015625, 21587.4355469, 248.170403587)
(-18548.0449219, 21587.4921875, 248.170403587)
(-18547.9882812, 21587.5488281, 248.170403587)
(-18547.9316406, 21587.6054688, 248.170403587)
(-18547.875, 21587.6621094, 248.170403587)
(-18547.8183594, 21587.71875, 248.170403587)
(-18547.7617188, 21587.7753906, 248.170403587)
(-18547.7050781, 21587.8320312, 248.170403587)
(-18547.6484375, 21587.8886719, 248.170403587)
(-18547.5917969, 21587.9453125, 248.170403587)
(-18547.5351562, 21588.0019531, 248.170403587)
(-18547.4785156, 21588.0585938, 248.170403587)
(-18547.421875, 21588.1152344, 248.170403587)
(-18547.3652344, 21588.171875, 248.170403587)
(-18547.3085938, 21588.2285156, 248.170403587)
(-18547.2519531, 21588.2851562, 248.170403587)
(-18547.1953125, 21588.3417969, 248.170403587)
(-18547.1386719, 21588.3984375, 248.170403587)
(-18547.0820312, 21588.4550781, 248.170403587)
(-18547.0253906, 21588.5117188, 248.170403587)
(-18546.96875, 21588.5683594, 248.170403587)
(-18546.9121094, 21588.625, 248.170403587)
(-18546.8554688, 21588.6816406, 248.170403587)
(-18546.7988281, 21588.7382812, 248.170403587)
(-18546.7421875, 21588.7949219, 248.170403587)
(-18546.6855469, 21588.8515625, 248.170403587)
(-18546.6289062, 21588.9082031, 248.170403587)
(-18546.5722656, 21588.9648438, 248.170403587)
(-18546.515625, 21589.0214844, 248.170403587)
(-18546.4589844, 21589.078125, 248.170403587)
(-18546.4023438, 21589.1347656, 248.170403587)
(-18546.3457031, 21589.1914062, 248.170403587)
(-18546.2890625, 21589.2480469, 248.170403587)
(-18546.2324219, 21589.3046875, 248.170403587)
(-18546.1757812, 21589.3613281, 248.170403587)
(-18546.1191406, 21589.4179688, 248.170403587)
(-18546.0625, 21589.4746094, 248.170403587)
(-18546.0058594, 21589.53125, 248.170403587)
(-18545.9492188, 21589.5878906, 248.170403587)
(-18545.8925781, 21589.6445312, 248.170403587)
(-18545.8359375, 21589.7011719, 248.170403587)
(-18545.7792969, 21589.7578125, 248.170403587)
(-18545.7226562, 21589.8144531, 248.170403587)
(-18545.6660156, 21589.8710938, 248.170403587)
(-18545.609375, 21589.9277344, 248.170403587)
(-18545.5527344, 21589.984375, 248.170403587)
(-18545.4960938, 21590.0410156, 248.170403587)
(-18545.4394531, 21590.0976562, 248.170403587)
(-18545.3828125, 21590.1542969, 248.170403587)
(-18545.3261719, 21590.2109375, 248.170403587)
(-18545.2695312, 21590.2675781, 248.170403587)
(-18545.2128906, 21590.3242188, 248.170403587)
(-18545.15625, 21590.3808594, 248.170403587)
(-18545.0996094, 21590.4375, 248.170403587)
(-18545.0429688, 21590.4941406, 248.170403587)
(-18544.9863281, 21590.5507812, 248.170403587)
(-18544.9296875, 21590.6074219, 248.170403587)
(-18544.8730469, 21590.6640625, 248.170403587)
(-18544.8164062, 21590.7207031, 248.170403587)
(-18544.7597656, 21590.7773438, 248.170403587)
(-18544.703125, 21590.8339844, 248.170403587)
(-18544.6464844, 21590.890625, 248.170403587)
(-18544.5898438, 21590.9472656, 248.170403587)
(-18544.5332031, 21591.0039062, 248.170403587)
(-18544.4765625, 21591.0605469, 248.170403587)
(-18544.4199219, 21591.1171875, 248.170403587)
(-18544.3632812, 21591.1738281, 248.170403587)
(-18544.3066406, 21591.2304688, 248.170403587)
(-18544.25, 21591.2871094, 248.170403587)
(-18544.1933594, 21591.34375, 248.170403587)
(-18544.1367188, 21591.4003906, 248.170403587)
(-18544.0800781, 21591.4570312, 248.170403587)
(-18544.0234375, 21591.5136719, 248.170403587)
(-18543.9667969, 21591.5703125, 248.170403587)
(-18543.9101562, 21591.6269531, 248.170403587)
(-18543.8535156, 21591.6835938, 248.170403587)
(-18543.796875, 21591.7402344, 248.170403587)
(-18543.7402344, 21591.796875, 248.170403587)
(-18543.6835938, 21591.8535156, 248.170403587)
(-18543.6269531, 21591.9101562, 248.170403587)
(-18543.5703125, 21591.9667969, 248.170403587)
(-18543.5136719, 21592.0234375, 248.170403587)
(-18543.4570312, 21592.0800781, 248.170403587)
(-18543.4003906, 21592.1367188, 248.170403587)
(-18543.34375, 21592.1933594, 248.170403587)
(-18543.2871094, 21592.25, 248.170403587)
(-18543.2304688, 21592.3066406, 248.170403587)
(-18543.1738281, 21592.3632812, 248.170403587)
(-18543.1171875, 21592.4199219, 248.170403587)
(-18543.0605469, 21592.4765625, 248.170403587)
(-18543.0039062, 21592.5332031, 248.170403587)
(-18542.9472656, 21592.5898438, 248.170403587)
(-18542.890625, 21592.6464844, 248.170403587)
(-18542.8339844, 21592.703125, 248.170403587)
(-18542.7773438, 21592.7597656, 248.170403587)
(-18542.7207031, 21592.8164062, 248.170403587)
(-18542.6640625, 21592.8730469, 248.170403587)
(-18542.6074219, 21592.9296875, 248.170403587)
(-18542.5507812, 21592.9863281, 248.170403587)
(-18542.4941406, 21593.0429688, 248.170403587)
(-18542.4375, 21593.0996094, 248.170403587)
(-18542.3808594, 21593.15625, 248.170403587)
(-18542.3242188, 21593.2128906, 248.170403587)
(-18542.2675781, 21593.2695312, 248.170403587)
(-18542.2109375, 21593.3261719, 248.170403587)
(-18542.1542969, 21593.3828125, 248.170403587)
(-18542.0976562, 21593.4394531, 248.170403587)
(-18542.0410156, 21593.4960938, 248.170403587)
(-18541.984375, 21593.5527344, 248.170403587)
(-18541.9277344, 21593.609375, 248.170403587)
(-18541.8710938, 21593.6660156, 248.170403587)
(-18541.8144531, 21593.7226562, 248.170403587)
(-18541.7578125, 21593.7792969, 248.170403587)
(-18541.7011719, 21593.8359375, 248.170403587)
(-18541.6445312, 21593.8925781, 248.170403587)
(-18541.5878906, 21593.9492188, 248.170403587)
(-18541.53125, 21594.0058594, 248.170403587)
(-18541.4746094, 21594.0625, 248.170403587)
(-18541.4179688, 21594.1191406, 248.170403587)
(-18541.3613281, 21594.1757812, 248.170403587)
(-18541.3046875, 21594.2324219, 248.170403587)
(-18541.2480469, 21594.2890625, 248.170403587)
(-18541.1914062, 21594.3457031, 248.170403587)
(-18541.1347656, 21594.4023438, 248.170403587)
(-18541.078125, 21594.4589844, 248.170403587)
(-18541.0214844, 21594.515625, 248.170403587)
(-18540.9648438, 21594.5722656, 248.170403587)
(-18540.9082031, 21594.6289062, 248.170403587)
(-18540.8515625, 21594.6855469, 248.170403587)
(-18540.7949219, 21594.7421875, 248.170403587)
(-18540.7382812, 21594.7988281, 248.170403587)
(-18540.6816406, 21594.8554688, 248.170403587)
(-18540.625, 21594.9121094, 248.170403587)
(-18540.5683594, 21594.96875, 248.170403587)
(-18540.5117188, 21595.0253906, 248.170403587)
(-18540.4550781, 21595.0820312, 248.170403587)
(-18540.3984375, 21595.1386719, 248.170403587)
(-18540.3417969, 21595.1953125, 248.170403587)
(-18540.2851562, 21595.2519531, 248.170403587)
(-18540.2285156, 21595.3085938, 248.170403587)
(-18540.171875, 21595.3652344, 248.170403587)
(-18540.1152344, 21595.421875, 248.170403587)
(-18540.0585938, 21595.4785156, 248.170403587)
(-18540.0019531, 21595.5351562, 248.170403587)
(-18539.9453125, 21595.5917969, 248.170403587)
(-18539.8886719, 21595.6484375, 248.170403587)
(-18539.8320312, 21595.7050781, 248.170403587)
(-18539.7753906, 21595.7617188, 248.170403587)
(-18539.71875, 21595.8183594, 248.170403587)
(-18539.6621094, 21595.875, 248.170403587)
(-18539.6054688, 21595.9316406, 248.170403587)
(-18539.5488281, 21595.9882812, 248.170403587)
(-18539.4921875, 21596.0449219, 248.170403587)
(-18539.4355469, 21596.1015625, 248.170403587)
(-18539.3789062, 21596.1582031, 248.170403587)
(-18539.3222656, 21596.2148438, 248.170403587)
(-18539.265625, 21596.2714844, 248.170403587)
(-18539.2089844, 21596.328125, 248.170403587)
(-18539.1523438, 21596.3847656, 248.170403587)
(-18539.0957031, 21596.4414062, 248.170403587)
(-18539.0390625, 21596.4980469, 248.170403587)
(-18538.9824219, 21596.5546875, 248.170403587)
(-18538.9257812, 21596.6113281, 248.170403587)
(-18538.8691406, 21596.6679688, 248.170403587)
(-18538.8125, 21596.7246094, 248.170403587)
(-18538.7558594, 21596.78125, 248.170403587)
(-18538.6992188, 21596.8378906, 248.170403587)
(-18538.6425781, 21596.8945312, 248.170403587)
(-18538.5859375, 21596.9511719, 248.170403587)
(-18538.5292969, 21597.0078125, 248.170403587)
(-18538.4726562, 21597.0644531, 248.170403587)
(-18538.4160156, 21597.1210938, 248.170403587)
(-18538.359375, 21597.1777344, 248.170403587)
(-18538.3027344, 21597.234375, 248.170403587)
(-18538.2460938, 21597.2910156, 248.170403587)
(-18538.1894531, 21597.3476562, 248.170403587)
(-18538.1328125, 21597.4042969, 248.170403587)
(-18538.0761719, 21597.4609375, 248.170403587)
(-18538.0195312, 21597.5175781, 248.170403587)
(-18537.9628906, 21597.5742188, 248.170403587)
(-18537.90625, 21597.6308594, 248.170403587)
(-18537.8496094, 21597.6875, 248.170403587)
(-18537.7929688, 21597.7441406, 248.170403587)
(-18537.7363281, 21597.8007812, 248.170403587)
(-18537.6796875, 21597.8574219, 248.170403587)
(-18537.6230469, 21597.9140625, 248.170403587)
(-18537.5664062, 21597.9707031, 248.170403587)
(-18537.5097656, 21598.0273438, 248.170403587)
(-18537.453125, 21598.0839844, 248.170403587)
(-18537.3964844, 21598.140625, 248.170403587)
(-18537.3398438, 21598.1972656, 248.170403587)
(-18537.2832031, 21598.2539062, 248.170403587)
(-18537.2265625, 21598.3105469, 248.170403587)
(-18537.1699219, 21598.3671875, 248.170403587)
(-18537.1132812, 21598.4238281, 248.170403587)
(-18537.0566406, 21598.4804688, 248.170403587)
(-18537.0, 21598.5371094, 248.170403587)
(-18536.9433594, 21598.59375, 248.170403587)
(-18536.8867188, 21598.6503906, 248.170403587)
(-18536.8300781, 21598.7070312, 248.170403587)
(-18536.7734375, 21598.7636719, 248.170403587)
(-18536.7167969, 21598.8203125, 248.170403587)
(-18536.6601562, 21598.8769531, 248.170403587)
(-18536.6035156, 21598.9335938, 248.170403587)
(-18536.546875, 21598.9902344, 248.170403587)
(-18536.4902344, 21599.046875, 248.170403587)
(-18536.4335938, 21599.1035156, 248.170403587)
(-18536.3769531, 21599.1601562, 248.170403587)
(-18536.3203125, 21599.2167969, 248.170403587)
(-18536.2636719, 21599.2734375, 248.170403587)
(-18536.2070312, 21599.3300781, 248.170403587)
(-18536.1503906, 21599.3867188, 248.170403587)
(-18536.09375, 21599.4433594, 248.170403587)
(-18536.0371094, 21599.5, 248.170403587)
(-18535.9804688, 21599.5566406, 248.170403587)
(-18535.9238281, 21599.6132812, 248.170403587)
(-18535.8671875, 21599.6699219, 248.170403587)
(-18535.8105469, 21599.7265625, 248.170403587)
(-18535.7539062, 21599.7832031, 248.170403587)
(-18535.6972656, 21599.8398438, 248.170403587)
(-18535.640625, 21599.8964844, 248.170403587)
(-18535.5839844, 21599.953125, 248.170403587)
(-18535.5273438, 21600.0097656, 248.170403587)
(-18535.4707031, 21600.0664062, 248.170403587)
(-18535.4140625, 21600.1230469, 248.170403587)
(-18535.3574219, 21600.1796875, 248.170403587)
(-18535.3007812, 21600.2363281, 248.170403587)
(-18535.2441406, 21600.2929688, 248.170403587)
(-18535.1875, 21600.3496094, 248.170403587)
(-18535.1308594, 21600.40625, 248.170403587)
(-18535.0742188, 21600.4628906, 248.170403587)
(-18535.0175781, 21600.5195312, 248.170403587)
(-18534.9609375, 21600.5761719, 248.170403587)
(-18534.9042969, 21600.6328125, 248.170403587)
(-18534.8476562, 21600.6894531, 248.170403587)
(-18534.7910156, 21600.7460938, 248.170403587)
(-18534.734375, 21600.8027344, 248.170403587)
(-18534.6777344, 21600.859375, 248.170403587)
(-18534.6210938, 21600.9160156, 248.170403587)
(-18534.5644531, 21600.9726562, 248.170403587)
(-18534.5078125, 21601.0292969, 248.170403587)
(-18534.4511719, 21601.0859375, 248.170403587)
(-18534.3945312, 21601.1425781, 248.170403587)
(-18534.3378906, 21601.1992188, 248.170403587)
(-18534.28125, 21601.2558594, 248.170403587)
(-18534.2246094, 21601.3125, 248.170403587)
(-18534.1679688, 21601.3691406, 248.170403587)
(-18534.1113281, 21601.4257812, 248.170403587)
(-18534.0546875, 21601.4824219, 248.170403587)
(-18533.9980469, 21601.5390625, 248.170403587)
(-18533.9414062, 21601.5957031, 248.170403587)
(-18533.8847656, 21601.6523438, 248.170403587)
(-18533.828125, 21601.7089844, 248.170403587)
(-18533.7714844, 21601.765625, 248.170403587)
(-18533.7148438, 21601.8222656, 248.170403587)
(-18533.6582031, 21601.8789062, 248.170403587)
(-18533.6015625, 21601.9355469, 248.170403587)
(-18533.5449219, 21601.9921875, 248.170403587)
(-18533.4882812, 21602.0488281, 248.170403587)
(-18533.4316406, 21602.1054688, 248.170403587)
(-18533.375, 21602.1621094, 248.170403587)
(-18533.3183594, 21602.21875, 248.170403587)
(-18533.2617188, 21602.2753906, 248.170403587)
(-18533.2050781, 21602.3320312, 248.170403587)
(-18533.1484375, 21602.3886719, 248.170403587)
(-18533.0917969, 21602.4453125, 248.170403587)
(-18533.0351562, 21602.5019531, 248.170403587)
(-18532.9785156, 21602.5585938, 248.170403587)
(-18532.921875, 21602.6152344, 248.170403587)
(-18532.8652344, 21602.671875, 248.170403587)
(-18532.8085938, 21602.7285156, 248.170403587)
(-18532.7519531, 21602.7851562, 248.170403587)
(-18532.6953125, 21602.8417969, 248.170403587)
(-18532.6386719, 21602.8984375, 248.170403587)
(-18532.5820312, 21602.9550781, 248.170403587)
(-18532.5253906, 21603.0117188, 248.170403587)
(-18532.46875, 21603.0683594, 248.170403587)
(-18532.4121094, 21603.125, 248.170403587)
(-18532.3554688, 21603.1816406, 248.170403587)
(-18532.2988281, 21603.2382812, 248.170403587)
(-18532.2421875, 21603.2949219, 248.170403587)
(-18532.1855469, 21603.3515625, 248.170403587)
(-18532.1289062, 21603.4082031, 248.170403587)
(-18532.0722656, 21603.4648438, 248.170403587)
(-18532.015625, 21603.5214844, 248.170403587)
(-18531.9589844, 21603.578125, 248.170403587)
(-18531.9023438, 21603.6347656, 248.170403587)
(-18531.8457031, 21603.6914062, 248.170403587)
(-18531.7890625, 21603.7480469, 248.170403587)
(-18531.7324219, 21603.8046875, 248.170403587)
(-18531.6757812, 21603.8613281, 248.170403587)
(-18531.6191406, 21603.9179688, 248.170403587)
(-18531.5625, 21603.9746094, 248.170403587)
(-18531.5058594, 21604.03125, 248.170403587)
(-18531.4492188, 21604.0878906, 248.170403587)
(-18531.3925781, 21604.1445312, 248.170403587)
(-18531.3359375, 21604.2011719, 248.170403587)
(-18531.2792969, 21604.2578125, 248.170403587)
(-18531.2226562, 21604.3144531, 248.170403587)
(-18531.1660156, 21604.3710938, 248.170403587)
(-18531.109375, 21604.4277344, 248.170403587)
(-18531.0527344, 21604.484375, 248.170403587)
(-18530.9960938, 21604.5410156, 248.170403587)
(-18530.9394531, 21604.5976562, 248.170403587)
(-18530.8828125, 21604.6542969, 248.170403587)
(-18530.8261719, 21604.7109375, 248.170403587)
(-18530.7695312, 21604.7675781, 248.170403587)
(-18530.7128906, 21604.8242188, 248.170403587)
(-18530.65625, 21604.8808594, 248.170403587)
(-18530.5996094, 21604.9375, 248.170403587)
(-18530.5429688, 21604.9941406, 248.170403587)
(-18530.4863281, 21605.0507812, 248.170403587)
(-18530.4296875, 21605.1074219, 248.170403587)
(-18530.3730469, 21605.1640625, 248.170403587)
(-18530.3164062, 21605.2207031, 248.170403587)
(-18530.2597656, 21605.2773438, 248.170403587)
(-18530.203125, 21605.3339844, 248.170403587)
(-18530.1464844, 21605.390625, 248.170403587)
(-18530.0898438, 21605.4472656, 248.170403587)
(-18530.0332031, 21605.5039062, 248.170403587)
(-18529.9765625, 21605.5605469, 248.170403587)
(-18529.9199219, 21605.6171875, 248.170403587)
(-18529.8632812, 21605.6738281, 248.170403587)
(-18529.8066406, 21605.7304688, 248.170403587)
(-18529.75, 21605.7871094, 248.170403587)
(-18529.6933594, 21605.84375, 248.170403587)
(-18529.6367188, 21605.9003906, 248.170403587)
(-18529.5800781, 21605.9570312, 248.170403587)
(-18529.5234375, 21606.0136719, 248.170403587)
(-18529.4667969, 21606.0703125, 248.170403587)
(-18529.4101562, 21606.1269531, 248.170403587)
(-18529.3535156, 21606.1835938, 248.170403587)
(-18529.296875, 21606.2402344, 248.170403587)
(-18529.2402344, 21606.296875, 248.170403587)
(-18529.1835938, 21606.3535156, 248.170403587)
(-18529.1269531, 21606.4101562, 248.170403587)
(-18529.0703125, 21606.4667969, 248.170403587)
(-18529.0136719, 21606.5234375, 248.170403587)
(-18528.9570312, 21606.5800781, 248.170403587)
(-18528.9003906, 21606.6367188, 248.170403587)
(-18528.84375, 21606.6933594, 248.170403587)
(-18528.7871094, 21606.75, 248.170403587)
(-18528.7304688, 21606.8066406, 248.170403587)
(-18528.6738281, 21606.8632812, 248.170403587)
(-18528.6171875, 21606.9199219, 248.170403587)
(-18528.5605469, 21606.9765625, 248.170403587)
(-18528.5039062, 21607.0332031, 248.170403587)
(-18528.4472656, 21607.0898438, 248.170403587)
(-18528.390625, 21607.1464844, 248.170403587)
(-18528.3339844, 21607.203125, 248.170403587)
(-18528.2773438, 21607.2597656, 248.170403587)
(-18528.2207031, 21607.3164062, 248.170403587)
(-18528.1640625, 21607.3730469, 248.170403587)
(-18528.1074219, 21607.4296875, 248.170403587)
(-18528.0507812, 21607.4863281, 248.170403587)
(-18527.9941406, 21607.5429688, 248.170403587)
(-18527.9375, 21607.5996094, 248.170403587)
(-18527.8808594, 21607.65625, 248.170403587)
(-18527.8242188, 21607.7128906, 248.170403587)
(-18527.7675781, 21607.7695312, 248.170403587)
(-18527.7109375, 21607.8261719, 248.170403587)
(-18527.6542969, 21607.8828125, 248.170403587)
(-18527.5976562, 21607.9394531, 248.170403587)
(-18527.5410156, 21607.9960938, 248.170403587)
(-18527.484375, 21608.0527344, 248.170403587)
(-18527.4277344, 21608.109375, 248.170403587)
(-18527.3710938, 21608.1660156, 248.170403587)
(-18527.3144531, 21608.2226562, 248.170403587)
(-18527.2578125, 21608.2792969, 248.170403587)
(-18527.2011719, 21608.3359375, 248.170403587)
(-18527.1445312, 21608.3925781, 248.170403587)
(-18527.0878906, 21608.4492188, 248.170403587)
(-18527.03125, 21608.5058594, 248.170403587)
(-18526.9746094, 21608.5625, 248.170403587)
(-18526.9179688, 21608.6191406, 248.170403587)
(-18526.8613281, 21608.6757812, 248.170403587)
(-18526.8046875, 21608.7324219, 248.170403587)
(-18526.7480469, 21608.7890625, 248.170403587)
(-18526.6914062, 21608.8457031, 248.170403587)
(-18526.6347656, 21608.9023438, 248.170403587)
(-18526.578125, 21608.9589844, 248.170403587)
(-18526.5214844, 21609.015625, 248.170403587)
(-18526.4648438, 21609.0722656, 248.170403587)
(-18526.4082031, 21609.1289062, 248.170403587)
(-18526.3515625, 21609.1855469, 248.170403587)
(-18526.2949219, 21609.2421875, 248.170403587)
(-18526.2382812, 21609.2988281, 248.170403587)
(-18526.1816406, 21609.3554688, 248.170403587)
(-18526.125, 21609.4121094, 248.170403587)
(-18526.0683594, 21609.46875, 248.170403587)
(-18526.0117188, 21609.5253906, 248.170403587)
(-18525.9550781, 21609.5820312, 248.170403587)
(-18525.8984375, 21609.6386719, 248.170403587)
(-18525.8417969, 21609.6953125, 248.170403587)
(-18525.7851562, 21609.7519531, 248.170403587)
(-18525.7285156, 21609.8085938, 248.170403587)
(-18525.671875, 21609.8652344, 248.170403587)
(-18525.6152344, 21609.921875, 248.170403587)
(-18525.5585938, 21609.9785156, 248.170403587)
(-18525.5019531, 21610.0351562, 248.170403587)
(-18525.4453125, 21610.0917969, 248.170403587)
(-18525.3886719, 21610.1484375, 248.170403587)
(-18525.3320312, 21610.2050781, 248.170403587)
(-18525.2753906, 21610.2617188, 248.170403587)
(-18525.21875, 21610.3183594, 248.170403587)
(-18525.1621094, 21610.375, 248.170403587)
(-18525.1054688, 21610.4316406, 248.170403587)
(-18525.0488281, 21610.4882812, 248.170403587)
(-18524.9921875, 21610.5449219, 248.170403587)
(-18524.9355469, 21610.6015625, 248.170403587)
(-18524.8789062, 21610.6582031, 248.170403587)
(-18524.8222656, 21610.7148438, 248.170403587)
(-18524.765625, 21610.7714844, 248.170403587)
(-18524.7089844, 21610.828125, 248.170403587)
(-18524.6523438, 21610.8847656, 248.170403587)
(-18524.5957031, 21610.9414062, 248.170403587)
(-18524.5390625, 21610.9980469, 248.170403587)
(-18524.4824219, 21611.0546875, 248.170403587)
(-18524.4257812, 21611.1113281, 248.170403587)
(-18524.3691406, 21611.1679688, 248.170403587)
(-18524.3125, 21611.2246094, 248.170403587)
(-18524.2558594, 21611.28125, 248.170403587)
(-18524.1992188, 21611.3378906, 248.170403587)
(-18524.1425781, 21611.3945312, 248.170403587)
(-18524.0859375, 21611.4511719, 248.170403587)
(-18524.0292969, 21611.5078125, 248.170403587)
(-18523.9726562, 21611.5644531, 248.170403587)
(-18523.9160156, 21611.6210938, 248.170403587)
(-18523.859375, 21611.6777344, 248.170403587)
(-18523.8027344, 21611.734375, 248.170403587)
(-18523.7460938, 21611.7910156, 248.170403587)
(-18523.6894531, 21611.8476562, 248.170403587)
(-18523.6328125, 21611.9042969, 248.170403587)
(-18523.5761719, 21611.9609375, 248.170403587)
(-18523.5195312, 21612.0175781, 248.170403587)
(-18523.4628906, 21612.0742188, 248.170403587)
(-18523.40625, 21612.1308594, 248.170403587)
(-18523.3496094, 21612.1875, 248.170403587)
(-18523.2929688, 21612.2441406, 248.170403587)
(-18523.2363281, 21612.3007812, 248.170403587)
(-18523.1796875, 21612.3574219, 248.170403587)
(-18523.1230469, 21612.4140625, 248.170403587)
(-18523.0664062, 21612.4707031, 248.170403587)
(-18523.0097656, 21612.5273438, 248.170403587)
(-18522.953125, 21612.5839844, 248.170403587)
(-18522.8964844, 21612.640625, 248.170403587)
(-18522.8398438, 21612.6972656, 248.170403587)
(-18522.7832031, 21612.7539062, 248.170403587)
(-18522.7265625, 21612.8105469, 248.170403587)
(-18522.6699219, 21612.8671875, 248.170403587)
(-18522.6132812, 21612.9238281, 248.170403587)
(-18522.5566406, 21612.9804688, 248.170403587)
(-18522.5, 21613.0371094, 248.170403587)
(-18522.4433594, 21613.09375, 248.170403587)
(-18522.3867188, 21613.1503906, 248.170403587)
(-18522.3300781, 21613.2070312, 248.170403587)
(-18522.2734375, 21613.2636719, 248.170403587)
(-18522.2167969, 21613.3203125, 248.170403587)
(-18522.1601562, 21613.3769531, 248.170403587)
(-18522.1035156, 21613.4335938, 248.170403587)
(-18522.046875, 21613.4902344, 248.170403587)
(-18521.9902344, 21613.546875, 248.170403587)
(-18521.9335938, 21613.6035156, 248.170403587)
(-18521.8769531, 21613.6601562, 248.170403587)
(-18521.8203125, 21613.7167969, 248.170403587)
(-18521.7636719, 21613.7734375, 248.170403587)
(-18521.7070312, 21613.8300781, 248.170403587)
(-18521.6503906, 21613.8867188, 248.170403587)
(-18521.59375, 21613.9433594, 248.170403587)
(-18521.5371094, 21614.0, 248.170403587)
(-18521.4804688, 21614.0566406, 248.170403587)
(-18521.4238281, 21614.1132812, 248.170403587)
(-18521.3671875, 21614.1699219, 248.170403587)
(-18521.3105469, 21614.2265625, 248.170403587)
(-18521.2539062, 21614.2832031, 248.170403587)
(-18521.1972656, 21614.3398438, 248.170403587)
(-18521.140625, 21614.3964844, 248.170403587)
(-18521.0839844, 21614.453125, 248.170403587)
(-18521.0273438, 21614.5097656, 248.170403587)
(-18520.9707031, 21614.5664062, 248.170403587)
(-18520.9140625, 21614.6230469, 248.170403587)
(-18520.8574219, 21614.6796875, 248.170403587)
(-18520.8007812, 21614.7363281, 248.170403587)
(-18520.7441406, 21614.7929688, 248.170403587)
(-18520.6875, 21614.8496094, 248.170403587)
(-18520.6308594, 21614.90625, 248.170403587)
(-18520.5742188, 21614.9628906, 248.170403587)
(-18520.5175781, 21615.0195312, 248.170403587)
(-18520.4609375, 21615.0761719, 248.170403587)
(-18520.4042969, 21615.1328125, 248.170403587)
(-18520.3476562, 21615.1894531, 248.170403587)
(-18520.2910156, 21615.2460938, 248.170403587)
(-18520.234375, 21615.3027344, 248.170403587)
(-18520.1777344, 21615.359375, 248.170403587)
(-18520.1210938, 21615.4160156, 248.170403587)
(-18520.0644531, 21615.4726562, 248.170403587)
(-18520.0078125, 21615.5292969, 248.170403587)
(-18519.9511719, 21615.5859375, 248.170403587)
(-18519.8945312, 21615.6425781, 248.170403587)
(-18519.8378906, 21615.6992188, 248.170403587)
(-18519.78125, 21615.7558594, 248.170403587)
(-18519.7246094, 21615.8125, 248.170403587)
(-18519.6679688, 21615.8691406, 248.170403587)
(-18519.6113281, 21615.9257812, 248.170403587)
(-18519.5546875, 21615.9824219, 248.170403587)
(-18519.4980469, 21616.0390625, 248.170403587)
(-18519.4414062, 21616.0957031, 248.170403587)
(-18519.3847656, 21616.1523438, 248.170403587)
(-18519.328125, 21616.2089844, 248.170403587)
(-18519.2714844, 21616.265625, 248.170403587)
(-18519.2148438, 21616.3222656, 248.170403587)
(-18519.1582031, 21616.3789062, 248.170403587)
(-18519.1015625, 21616.4355469, 248.170403587)
(-18519.0449219, 21616.4921875, 248.170403587)
(-18518.9882812, 21616.5488281, 248.170403587)
(-18518.9316406, 21616.6054688, 248.170403587)
(-18518.875, 21616.6621094, 248.170403587)
(-18518.8183594, 21616.71875, 248.170403587)
(-18518.7617188, 21616.7753906, 248.170403587)
(-18518.7050781, 21616.8320312, 248.170403587)
(-18518.6484375, 21616.8886719, 248.170403587)
(-18518.5917969, 21616.9453125, 248.170403587)
(-18518.5351562, 21617.0019531, 248.170403587)
(-18518.4785156, 21617.0585938, 248.170403587)
(-18518.421875, 21617.1152344, 248.170403587)
(-18518.3652344, 21617.171875, 248.170403587)
(-18518.3085938, 21617.2285156, 248.170403587)
(-18518.2519531, 21617.2851562, 248.170403587)
(-18518.1953125, 21617.3417969, 248.170403587)
(-18518.1386719, 21617.3984375, 248.170403587)
(-18518.0820312, 21617.4550781, 248.170403587)
(-18518.0253906, 21617.5117188, 248.170403587)
(-18517.96875, 21617.5683594, 248.170403587)
(-18517.9121094, 21617.625, 248.170403587)
(-18517.8554688, 21617.6816406, 248.170403587)
(-18517.7988281, 21617.7382812, 248.170403587)
(-18517.7421875, 21617.7949219, 248.170403587)
(-18517.6855469, 21617.8515625, 248.170403587)
(-18517.6289062, 21617.9082031, 248.170403587)
(-18517.5722656, 21617.9648438, 248.170403587)
(-18517.515625, 21618.0214844, 248.170403587)
(-18517.4589844, 21618.078125, 248.170403587)
(-18517.4023438, 21618.1347656, 248.170403587)
(-18517.3457031, 21618.1914062, 248.170403587)
(-18517.2890625, 21618.2480469, 248.170403587)
(-18517.2324219, 21618.3046875, 248.170403587)
(-18517.1757812, 21618.3613281, 248.170403587)
(-18517.1191406, 21618.4179688, 248.170403587)
(-18517.0625, 21618.4746094, 248.170403587)
(-18517.0058594, 21618.53125, 248.170403587)
(-18516.9492188, 21618.5878906, 248.170403587)
(-18516.8925781, 21618.6445312, 248.170403587)
(-18516.8359375, 21618.7011719, 248.170403587)
(-18516.7792969, 21618.7578125, 248.170403587)
(-18516.7226562, 21618.8144531, 248.170403587)
(-18516.6660156, 21618.8710938, 248.170403587)
(-18516.609375, 21618.9277344, 248.170403587)
(-18516.5527344, 21618.984375, 248.170403587)
(-18516.4960938, 21619.0410156, 248.170403587)
(-18516.4394531, 21619.0976562, 248.170403587)
(-18516.3828125, 21619.1542969, 248.170403587)
(-18516.3261719, 21619.2109375, 248.170403587)
(-18516.2695312, 21619.2675781, 248.170403587)
(-18516.2128906, 21619.3242188, 248.170403587)
(-18516.15625, 21619.3808594, 248.170403587)
(-18516.0996094, 21619.4375, 248.170403587)
(-18516.0429688, 21619.4941406, 248.170403587)
(-18515.9863281, 21619.5507812, 248.170403587)
(-18515.9296875, 21619.6074219, 248.170403587)
(-18515.8730469, 21619.6640625, 248.170403587)
(-18515.8164062, 21619.7207031, 248.170403587)
(-18515.7597656, 21619.7773438, 248.170403587)
(-18515.703125, 21619.8339844, 248.170403587)
(-18515.6464844, 21619.890625, 248.170403587)
(-18515.5898438, 21619.9472656, 248.170403587)
(-18515.5332031, 21620.0039062, 248.170403587)
(-18515.4765625, 21620.0605469, 248.170403587)
(-18515.4199219, 21620.1171875, 248.170403587)
(-18515.3632812, 21620.1738281, 248.170403587)
(-18515.3066406, 21620.2304688, 248.170403587)
(-18515.25, 21620.2871094, 248.170403587)
(-18515.1933594, 21620.34375, 248.170403587)
(-18515.1367188, 21620.4003906, 248.170403587)
(-18515.0800781, 21620.4570312, 248.170403587)
(-18515.0234375, 21620.5136719, 248.170403587)
(-18514.9667969, 21620.5703125, 248.170403587)
(-18514.9101562, 21620.6269531, 248.170403587)
(-18514.8535156, 21620.6835938, 248.170403587)
(-18514.796875, 21620.7402344, 248.170403587)
(-18514.7402344, 21620.796875, 248.170403587)
(-18514.6835938, 21620.8535156, 248.170403587)
(-18514.6269531, 21620.9101562, 248.170403587)
(-18514.5703125, 21620.9667969, 248.170403587)
(-18514.5136719, 21621.0234375, 248.170403587)
(-18514.4570312, 21621.0800781, 248.170403587)
(-18514.4003906, 21621.1367188, 248.170403587)
(-18514.34375, 21621.1933594, 248.170403587)
(-18514.2871094, 21621.25, 248.170403587)
(-18514.2304688, 21621.3066406, 248.170403587)
(-18514.1738281, 21621.3632812, 248.170403587)
(-18514.1171875, 21621.4199219, 248.170403587)
(-18514.0605469, 21621.4765625, 248.170403587)
(-18514.0039062, 21621.5332031, 248.170403587)
(-18513.9472656, 21621.5898438, 248.170403587)
(-18513.890625, 21621.6464844, 248.170403587)
(-18513.8339844, 21621.703125, 248.170403587)
(-18513.7773438, 21621.7597656, 248.170403587)
(-18513.7207031, 21621.8164062, 248.170403587)
(-18513.6640625, 21621.8730469, 248.170403587)
(-18513.6074219, 21621.9296875, 248.170403587)
(-18513.5507812, 21621.9863281, 248.170403587)
(-18513.4941406, 21622.0429688, 248.170403587)
(-18513.4375, 21622.0996094, 248.170403587)
(-18513.3808594, 21622.15625, 248.170403587)
(-18513.3242188, 21622.2128906, 248.170403587)
(-18513.2675781, 21622.2695312, 248.170403587)
(-18513.2109375, 21622.3261719, 248.170403587)
(-18513.1542969, 21622.3828125, 248.170403587)
(-18513.0976562, 21622.4394531, 248.170403587)
(-18513.0410156, 21622.4960938, 248.170403587)
(-18512.984375, 21622.5527344, 248.170403587)
(-18512.9277344, 21622.609375, 248.170403587)
(-18512.8710938, 21622.6660156, 248.170403587)
(-18512.8144531, 21622.7226562, 248.170403587)
(-18512.7578125, 21622.7792969, 248.170403587)
(-18512.7011719, 21622.8359375, 248.170403587)
(-18512.6445312, 21622.8925781, 248.170403587)
(-18512.5878906, 21622.9492188, 248.170403587)
(-18512.53125, 21623.0058594, 248.170403587)
(-18512.4746094, 21623.0625, 248.170403587)
(-18512.4179688, 21623.1191406, 248.170403587)
(-18512.3613281, 21623.1757812, 248.170403587)
(-18512.3046875, 21623.2324219, 248.170403587)
(-18512.2480469, 21623.2890625, 248.170403587)
(-18512.1914062, 21623.3457031, 248.170403587)
(-18512.1347656, 21623.4023438, 248.170403587)
(-18512.078125, 21623.4589844, 248.170403587)
(-18512.0214844, 21623.515625, 248.170403587)
(-18511.9648438, 21623.5722656, 248.170403587)
(-18511.9082031, 21623.6289062, 248.170403587)
(-18511.8515625, 21623.6855469, 248.170403587)
(-18511.7949219, 21623.7421875, 248.170403587)
(-18511.7382812, 21623.7988281, 248.170403587)
(-18511.6816406, 21623.8554688, 248.170403587)
(-18511.625, 21623.9121094, 248.170403587)
(-18511.5683594, 21623.96875, 248.170403587)
(-18511.5117188, 21624.0253906, 248.170403587)
(-18511.4550781, 21624.0820312, 248.170403587)
(-18511.3984375, 21624.1386719, 248.170403587)
(-18511.3417969, 21624.1953125, 248.170403587)
(-18511.2851562, 21624.2519531, 248.170403587)
(-18511.2285156, 21624.3085938, 248.170403587)
(-18511.171875, 21624.3652344, 248.170403587)
(-18511.1152344, 21624.421875, 248.170403587)
(-18511.0585938, 21624.4785156, 248.170403587)
(-18511.0019531, 21624.5351562, 248.170403587)
(-18510.9453125, 21624.5917969, 248.170403587)
(-18510.8886719, 21624.6484375, 248.170403587)
(-18510.8320312, 21624.7050781, 248.170403587)
(-18510.7753906, 21624.7617188, 248.170403587)
(-18510.71875, 21624.8183594, 248.170403587)
(-18510.6621094, 21624.875, 248.170403587)
(-18510.6054688, 21624.9316406, 248.170403587)
(-18510.5488281, 21624.9882812, 248.170403587)
(-18510.4921875, 21625.0449219, 248.170403587)
(-18510.4355469, 21625.1015625, 248.170403587)
(-18510.3789062, 21625.1582031, 248.170403587)
(-18510.3222656, 21625.2148438, 248.170403587)
(-18510.265625, 21625.2714844, 248.170403587)
(-18510.2089844, 21625.328125, 248.170403587)
(-18510.1523438, 21625.3847656, 248.170403587)
(-18510.0957031, 21625.4414062, 248.170403587)
(-18510.0390625, 21625.4980469, 248.170403587)
(-18509.9824219, 21625.5546875, 248.170403587)
(-18509.9257812, 21625.6113281, 248.170403587)
(-18509.8691406, 21625.6679688, 248.170403587)
(-18509.8125, 21625.7246094, 248.170403587)
(-18509.7558594, 21625.78125, 248.170403587)
(-18509.6992188, 21625.8378906, 248.170403587)
(-18509.6425781, 21625.8945312, 248.170403587)
(-18509.5859375, 21625.9511719, 248.170403587)
(-18509.5292969, 21626.0078125, 248.170403587)
(-18509.4726562, 21626.0644531, 248.170403587)
(-18509.4160156, 21626.1210938, 248.170403587)
(-18509.359375, 21626.1777344, 248.170403587)
(-18509.3027344, 21626.234375, 248.170403587)
(-18509.2460938, 21626.2910156, 248.170403587)
(-18509.1894531, 21626.3476562, 248.170403587)
(-18509.1328125, 21626.4042969, 248.170403587)
(-18509.0761719, 21626.4609375, 248.170403587)
(-18509.0195312, 21626.5175781, 248.170403587)
(-18508.9628906, 21626.5742188, 248.170403587)
(-18508.8984375, 21626.6210938, 248.170403587)
(-18508.8339844, 21626.6679688, 248.170403587)
(-18508.7695312, 21626.7148438, 248.170403587)
(-18508.7050781, 21626.7617188, 248.170403587)
(-18508.640625, 21626.8085938, 248.170403587)
(-18508.5761719, 21626.8554688, 248.170403587)
(-18508.5117188, 21626.9023438, 248.170403587)
(-18508.4472656, 21626.9492188, 248.170403587)
(-18508.3828125, 21626.9960938, 248.170403587)
(-18508.3183594, 21627.0429688, 248.170403587)
(-18508.2539062, 21627.0898438, 248.170403587)
(-18508.1894531, 21627.1367188, 248.170403587)
(-18508.125, 21627.1835938, 248.170403587)
(-18508.0605469, 21627.2304688, 248.170403587)
(-18507.9960938, 21627.2773438, 248.170403587)
(-18507.9316406, 21627.3242188, 248.170403587)
(-18507.8671875, 21627.3710938, 248.170403587)
(-18507.8027344, 21627.4179688, 248.170403587)
(-18507.7382812, 21627.4648438, 248.170403587)
(-18507.6738281, 21627.5117188, 248.170403587)
(-18507.609375, 21627.5585938, 248.170403587)
(-18507.5449219, 21627.6054688, 248.170403587)
(-18507.4804688, 21627.6523438, 248.170403587)
(-18507.4160156, 21627.6992188, 248.170403587)
(-18507.3515625, 21627.7460938, 248.170403587)
(-18507.2871094, 21627.7929688, 248.170403587)
(-18507.2226562, 21627.8398438, 248.170403587)
(-18507.1582031, 21627.8886719, 248.170403587)
(-18507.09375, 21627.9375, 248.170403587)
(-18507.0292969, 21627.9863281, 248.170403587)
(-18506.9648438, 21628.0351562, 248.170403587)
(-18506.9003906, 21628.0820312, 248.170403587)
(-18506.8359375, 21628.1289062, 248.170403587)
(-18506.7714844, 21628.1777344, 248.170403587)
(-18506.7070312, 21628.2265625, 248.170403587)
(-18506.6425781, 21628.2753906, 248.170403587)
(-18506.578125, 21628.3242188, 248.170403587)
(-18506.5136719, 21628.3710938, 248.170403587)
(-18506.4492188, 21628.4179688, 248.170403587)
(-18506.3847656, 21628.4648438, 248.170403587)
(-18506.3203125, 21628.5136719, 248.170403587)
(-18506.2558594, 21628.5625, 248.170403587)
(-18506.1914062, 21628.6113281, 248.170403587)
(-18506.1269531, 21628.6601562, 248.170403587)
(-18506.0703125, 21628.7148438, 248.170403587)
(-18506.0136719, 21628.7714844, 248.170403587)
(-18505.9570312, 21628.828125, 248.170403587)
(-18505.9003906, 21628.8847656, 248.170403587)
(-18505.84375, 21628.9394531, 248.170403587)
(-18505.7871094, 21628.9941406, 248.170403587)
(-18505.7304688, 21629.0488281, 248.170403587)
(-18505.6738281, 21629.1035156, 248.170403587)
(-18505.6171875, 21629.1582031, 248.170403587)
(-18505.5605469, 21629.2128906, 248.170403587)
(-18505.5039062, 21629.2675781, 248.170403587)
(-18505.4472656, 21629.3222656, 248.170403587)
(-18505.390625, 21629.3769531, 248.170403587)
(-18505.3339844, 21629.4316406, 248.170403587)
(-18505.2773438, 21629.4863281, 248.170403587)
(-18505.2207031, 21629.5410156, 248.170403587)
(-18505.1640625, 21629.5957031, 248.170403587)
(-18505.1074219, 21629.6503906, 248.170403587)
(-18505.0507812, 21629.7050781, 248.170403587)
(-18504.9941406, 21629.7597656, 248.170403587)
(-18504.9375, 21629.8164062, 248.170403587)
(-18504.8808594, 21629.8730469, 248.170403587)
(-18504.8242188, 21629.9277344, 248.170403587)
(-18504.7675781, 21629.9824219, 248.170403587)
(-18504.7109375, 21630.0371094, 248.170403587)
(-18504.6542969, 21630.0917969, 248.170403587)
(-18504.5976562, 21630.1464844, 248.170403587)
(-18504.5410156, 21630.2011719, 248.170403587)
(-18504.484375, 21630.2558594, 248.170403587)
(-18504.4277344, 21630.3105469, 248.170403587)
(-18504.3710938, 21630.3652344, 248.170403587)
(-18504.3144531, 21630.4199219, 248.170403587)
(-18504.2578125, 21630.4746094, 248.170403587)
(-18504.2011719, 21630.5292969, 248.170403587)
(-18504.1445312, 21630.5839844, 248.170403587)
(-18504.0957031, 21630.6484375, 248.170403587)
(-18504.0488281, 21630.7128906, 248.170403587)
(-18504.0019531, 21630.7773438, 248.170403587)
(-18503.9550781, 21630.8417969, 248.170403587)
(-18503.9082031, 21630.90625, 248.170403587)
(-18503.8613281, 21630.9707031, 248.170403587)
(-18503.8144531, 21631.0351562, 248.170403587)
(-18503.7675781, 21631.0996094, 248.170403587)
(-18503.7207031, 21631.1640625, 248.170403587)
(-18503.6738281, 21631.2285156, 248.170403587)
(-18503.6269531, 21631.2929688, 248.170403587)
(-18503.5800781, 21631.3574219, 248.170403587)
(-18503.5332031, 21631.421875, 248.170403587)
(-18503.4863281, 21631.4863281, 248.170403587)
(-18503.4394531, 21631.5507812, 248.170403587)
(-18503.3925781, 21631.6152344, 248.170403587)
(-18503.3457031, 21631.6796875, 248.170403587)
(-18503.2988281, 21631.7441406, 248.170403587)
(-18503.2519531, 21631.8085938, 248.170403587)
(-18503.2050781, 21631.8730469, 248.170403587)
(-18503.1582031, 21631.9375, 248.170403587)
(-18503.1113281, 21632.0019531, 248.170403587)
(-18503.0644531, 21632.0664062, 248.170403587)
(-18503.0175781, 21632.1308594, 248.170403587)
(-18502.9707031, 21632.1953125, 248.170403587)
(-18502.9238281, 21632.2597656, 248.170403587)
(-18502.8769531, 21632.3242188, 248.170403587)
(-18502.8300781, 21632.3886719, 248.170403587)
(-18502.78125, 21632.453125, 248.170403587)
(-18502.7324219, 21632.5175781, 248.170403587)
(-18502.6835938, 21632.5820312, 248.170403587)
(-18502.6367188, 21632.6464844, 248.170403587)
(-18502.5898438, 21632.7109375, 248.170403587)
(-18502.5410156, 21632.7753906, 248.170403587)
(-18502.4921875, 21632.8398438, 248.170403587)
(-18502.4433594, 21632.9042969, 248.170403587)
(-18502.3945312, 21632.96875, 248.170403587)
(-18502.3476562, 21633.0332031, 248.170403587)
(-18502.3007812, 21633.0976562, 248.170403587)
(-18502.2539062, 21633.1621094, 248.170403587)
(-18502.2050781, 21633.2265625, 248.170403587)
(-18502.15625, 21633.2910156, 248.170403587)
(-18502.1074219, 21633.3554688, 248.170403587)
(-18502.0585938, 21633.4199219, 248.170403587)
(-18502.0039062, 21633.4765625, 248.170403587)
(-18501.9472656, 21633.5332031, 248.170403587)
(-18501.890625, 21633.5898438, 248.170403587)
(-18501.8339844, 21633.6464844, 248.170403587)
(-18501.7792969, 21633.703125, 248.170403587)
(-18501.7246094, 21633.7597656, 248.170403587)
(-18501.6699219, 21633.8164062, 248.170403587)
(-18501.6152344, 21633.8730469, 248.170403587)
(-18501.5605469, 21633.9296875, 248.170403587)
(-18501.5058594, 21633.9863281, 248.170403587)
(-18501.4511719, 21634.0429688, 248.170403587)
(-18501.3964844, 21634.0996094, 248.170403587)
(-18501.3417969, 21634.15625, 248.170403587)
(-18501.2871094, 21634.2128906, 248.170403587)
(-18501.2324219, 21634.2695312, 248.170403587)
(-18501.1777344, 21634.3261719, 248.170403587)
(-18501.1230469, 21634.3828125, 248.170403587)
(-18501.0683594, 21634.4394531, 248.170403587)
(-18501.0136719, 21634.4960938, 248.170403587)
(-18500.9589844, 21634.5527344, 248.170403587)
(-18500.9023438, 21634.609375, 248.170403587)
(-18500.8457031, 21634.6660156, 248.170403587)
(-18500.7910156, 21634.7226562, 248.170403587)
(-18500.7363281, 21634.7792969, 248.170403587)
(-18500.6816406, 21634.8359375, 248.170403587)
(-18500.6269531, 21634.8925781, 248.170403587)
(-18500.5722656, 21634.9492188, 248.170403587)
(-18500.5175781, 21635.0058594, 248.170403587)
(-18500.4628906, 21635.0625, 248.170403587)
(-18500.4082031, 21635.1191406, 248.170403587)
(-18500.3535156, 21635.1757812, 248.170403587)
(-18500.2988281, 21635.2324219, 248.170403587)
(-18500.2441406, 21635.2890625, 248.170403587)
(-18500.1894531, 21635.3457031, 248.170403587)
(-18500.1347656, 21635.4023438, 248.170403587)
(-18500.078125, 21635.4589844, 248.170403587)
(-18500.0214844, 21635.515625, 248.170403587)
(-18499.9648438, 21635.5722656, 248.170403587)
(-18499.9082031, 21635.6289062, 248.170403587)
(-18499.8515625, 21635.6855469, 248.170403587)
(-18499.7949219, 21635.7421875, 248.170403587)
(-18499.7382812, 21635.7988281, 248.170403587)
(-18499.6816406, 21635.8554688, 248.170403587)
(-18499.625, 21635.9121094, 248.170403587)
(-18499.5683594, 21635.96875, 248.170403587)
(-18499.5117188, 21636.0253906, 248.170403587)
(-18499.4550781, 21636.0820312, 248.170403587)
(-18499.3984375, 21636.1386719, 248.170403587)
(-18499.3417969, 21636.1953125, 248.170403587)
(-18499.2851562, 21636.2519531, 248.170403587)
(-18499.2285156, 21636.3085938, 248.170403587)
(-18499.171875, 21636.3652344, 248.170403587)
(-18499.1152344, 21636.421875, 248.170403587)
(-18499.0585938, 21636.4785156, 248.170403587)
(-18499.0019531, 21636.5351562, 248.170403587)
(-18498.9453125, 21636.5917969, 248.170403587)
(-18498.8886719, 21636.6484375, 248.170403587)
(-18498.8320312, 21636.7050781, 248.170403587)
(-18498.7753906, 21636.7617188, 248.170403587)
(-18498.71875, 21636.8183594, 248.170403587)
(-18498.6621094, 21636.875, 248.170403587)
(-18498.6054688, 21636.9316406, 248.170403587)
(-18498.5488281, 21636.9882812, 248.170403587)
(-18498.4921875, 21637.0449219, 248.170403587)
(-18498.4355469, 21637.1015625, 248.170403587)
(-18498.3789062, 21637.1582031, 248.170403587)
(-18498.3222656, 21637.2148438, 248.170403587)
(-18498.265625, 21637.2714844, 248.170403587)
(-18498.2089844, 21637.328125, 248.170403587)
(-18498.1523438, 21637.3847656, 248.170403587)
(-18498.0957031, 21637.4414062, 248.170403587)
(-18498.0390625, 21637.4980469, 248.170403587)
(-18497.9824219, 21637.5546875, 248.170403587)
(-18497.9257812, 21637.6113281, 248.170403587)
(-18497.8691406, 21637.6679688, 248.170403587)
(-18497.8125, 21637.7246094, 248.170403587)
(-18497.7558594, 21637.78125, 248.170403587)
(-18497.6992188, 21637.8378906, 248.170403587)
(-18497.6425781, 21637.8945312, 248.170403587)
(-18497.5859375, 21637.9511719, 248.170403587)
(-18497.5292969, 21638.0078125, 248.170403587)
(-18497.4726562, 21638.0644531, 248.170403587)
(-18497.4160156, 21638.1210938, 248.170403587)
(-18497.359375, 21638.1777344, 248.170403587)
(-18497.3027344, 21638.234375, 248.170403587)
(-18497.2460938, 21638.2910156, 248.170403587)
(-18497.1894531, 21638.3476562, 248.170403587)
(-18497.1328125, 21638.4042969, 248.170403587)
(-18497.0761719, 21638.4609375, 248.170403587)
(-18497.0195312, 21638.5175781, 248.170403587)
(-18496.9628906, 21638.5742188, 248.170403587)
(-18496.90625, 21638.6308594, 248.170403587)
(-18496.8496094, 21638.6875, 248.170403587)
(-18496.7929688, 21638.7441406, 248.170403587)
(-18496.7363281, 21638.8007812, 248.170403587)
(-18496.6796875, 21638.8574219, 248.170403587)
(-18496.6230469, 21638.9140625, 248.170403587)
(-18496.5664062, 21638.9707031, 248.170403587)
(-18496.5097656, 21639.0273438, 248.170403587)
(-18496.453125, 21639.0839844, 248.170403587)
(-18496.3964844, 21639.140625, 248.170403587)
(-18496.3398438, 21639.1972656, 248.170403587)
(-18496.2832031, 21639.2539062, 248.170403587)
(-18496.2265625, 21639.3105469, 248.170403587)
(-18496.1699219, 21639.3671875, 248.170403587)
(-18496.1132812, 21639.4238281, 248.170403587)
(-18496.0566406, 21639.4804688, 248.170403587)
(-18496.0, 21639.5371094, 248.170403587)
(-18495.9433594, 21639.59375, 248.170403587)
(-18495.8867188, 21639.6503906, 248.170403587)
(-18495.8300781, 21639.7070312, 248.170403587)
(-18495.7734375, 21639.7636719, 248.170403587)
(-18495.7167969, 21639.8203125, 248.170403587)
(-18495.6601562, 21639.8769531, 248.170403587)
(-18495.6035156, 21639.9335938, 248.170403587)
(-18495.546875, 21639.9902344, 248.170403587)
(-18495.4902344, 21640.046875, 248.170403587)
(-18495.4335938, 21640.1035156, 248.170403587)
(-18495.3769531, 21640.1601562, 248.170403587)
(-18495.3203125, 21640.2167969, 248.170403587)
(-18495.2636719, 21640.2734375, 248.170403587)
(-18495.2070312, 21640.3300781, 248.170403587)
(-18495.1503906, 21640.3867188, 248.170403587)
(-18495.09375, 21640.4433594, 248.170403587)
(-18495.0371094, 21640.5, 248.170403587)
(-18494.9804688, 21640.5566406, 248.170403587)
(-18494.9238281, 21640.6132812, 248.170403587)
(-18494.8671875, 21640.6699219, 248.170403587)
(-18494.8105469, 21640.7265625, 248.170403587)
(-18494.7539062, 21640.7832031, 248.170403587)
(-18494.6972656, 21640.8398438, 248.170403587)
(-18494.640625, 21640.8964844, 248.170403587)
(-18494.5839844, 21640.953125, 248.170403587)
(-18494.5273438, 21641.0097656, 248.170403587)
(-18494.4707031, 21641.0664062, 248.170403587)
(-18494.4140625, 21641.1230469, 248.170403587)
(-18494.3574219, 21641.1796875, 248.170403587)
(-18494.3007812, 21641.2363281, 248.170403587)
(-18494.2441406, 21641.2929688, 248.170403587)
(-18494.1875, 21641.3496094, 248.170403587)
(-18494.1308594, 21641.40625, 248.170403587)
(-18494.0742188, 21641.4628906, 248.170403587)
(-18494.0175781, 21641.5195312, 248.170403587)
(-18493.9609375, 21641.5761719, 248.170403587)
(-18493.9042969, 21641.6328125, 248.170403587)
(-18493.8476562, 21641.6894531, 248.170403587)
(-18493.7910156, 21641.7460938, 248.170403587)
(-18493.734375, 21641.8027344, 248.170403587)
(-18493.6777344, 21641.859375, 248.170403587)
(-18493.6210938, 21641.9160156, 248.170403587)
(-18493.5644531, 21641.9726562, 248.170403587)
(-18493.5078125, 21642.0292969, 248.170403587)
(-18493.4511719, 21642.0859375, 248.170403587)
(-18493.3945312, 21642.1425781, 248.170403587)
(-18493.3378906, 21642.1992188, 248.170403587)
(-18493.28125, 21642.2558594, 248.170403587)
(-18493.2246094, 21642.3125, 248.170403587)
(-18493.1679688, 21642.3691406, 248.170403587)
(-18493.1113281, 21642.4257812, 248.170403587)
(-18493.0546875, 21642.4824219, 248.170403587)
(-18492.9980469, 21642.5390625, 248.170403587)
(-18492.9414062, 21642.5957031, 248.170403587)
(-18492.8847656, 21642.6523438, 248.170403587)
(-18492.828125, 21642.7089844, 248.170403587)
(-18492.7714844, 21642.765625, 248.170403587)
(-18492.7148438, 21642.8222656, 248.170403587)
(-18492.6582031, 21642.8789062, 248.170403587)
(-18492.6015625, 21642.9355469, 248.170403587)
(-18492.5449219, 21642.9921875, 248.170403587)
(-18492.4882812, 21643.0488281, 248.170403587)
(-18492.4316406, 21643.1054688, 248.170403587)
(-18492.375, 21643.1621094, 248.170403587)
(-18492.3183594, 21643.21875, 248.170403587)
(-18492.2617188, 21643.2753906, 248.170403587)
(-18492.2050781, 21643.3320312, 248.170403587)
(-18492.1484375, 21643.3886719, 248.170403587)
(-18492.0917969, 21643.4453125, 248.170403587)
(-18492.0351562, 21643.5019531, 248.170403587)
(-18491.9785156, 21643.5585938, 248.170403587)
(-18491.921875, 21643.6152344, 248.170403587)
(-18491.8652344, 21643.671875, 248.170403587)
(-18491.8085938, 21643.7285156, 248.170403587)
(-18491.7519531, 21643.7851562, 248.170403587)
(-18491.6953125, 21643.8417969, 248.170403587)
(-18491.6386719, 21643.8984375, 248.170403587)
(-18491.5820312, 21643.9550781, 248.170403587)
(-18491.5253906, 21644.0117188, 248.170403587)
(-18491.46875, 21644.0683594, 248.170403587)
(-18491.4121094, 21644.125, 248.170403587)
(-18491.3554688, 21644.1816406, 248.170403587)
(-18491.2988281, 21644.2382812, 248.170403587)
(-18491.2421875, 21644.2949219, 248.170403587)
(-18491.1855469, 21644.3515625, 248.170403587)
(-18491.1289062, 21644.4082031, 248.170403587)
(-18491.0722656, 21644.4648438, 248.170403587)
(-18491.015625, 21644.5214844, 248.170403587)
(-18490.9589844, 21644.578125, 248.170403587)
(-18490.9023438, 21644.6347656, 248.170403587)
(-18490.8457031, 21644.6914062, 248.170403587)
(-18490.7890625, 21644.7480469, 248.170403587)
(-18490.7324219, 21644.8046875, 248.170403587)
(-18490.6757812, 21644.8613281, 248.170403587)
(-18490.6191406, 21644.9179688, 248.170403587)
(-18490.5625, 21644.9746094, 248.170403587)
(-18490.5058594, 21645.03125, 248.170403587)
(-18490.4492188, 21645.0878906, 248.170403587)
(-18490.3925781, 21645.1445312, 248.170403587)
(-18490.3359375, 21645.2011719, 248.170403587)
(-18490.2792969, 21645.2578125, 248.170403587)
(-18490.2226562, 21645.3144531, 248.170403587)
(-18490.1660156, 21645.3710938, 248.170403587)
(-18490.109375, 21645.4277344, 248.170403587)
(-18490.0527344, 21645.484375, 248.170403587)
(-18489.9960938, 21645.5410156, 248.170403587)
(-18489.9394531, 21645.5976562, 248.170403587)
(-18489.8828125, 21645.6542969, 248.170403587)
(-18489.8261719, 21645.7109375, 248.170403587)
(-18489.7695312, 21645.7675781, 248.170403587)
(-18489.7128906, 21645.8242188, 248.170403587)
(-18489.65625, 21645.8808594, 248.170403587)
(-18489.5996094, 21645.9375, 248.170403587)
(-18489.5429688, 21645.9941406, 248.170403587)
(-18489.4863281, 21646.0507812, 248.170403587)
(-18489.4296875, 21646.1074219, 248.170403587)
(-18489.3730469, 21646.1640625, 248.170403587)
(-18489.3164062, 21646.2207031, 248.170403587)
(-18489.2597656, 21646.2773438, 248.170403587)
(-18489.203125, 21646.3339844, 248.170403587)
(-18489.1464844, 21646.390625, 248.170403587)
(-18489.0898438, 21646.4472656, 248.170403587)
(-18489.0332031, 21646.5039062, 248.170403587)
(-18488.9765625, 21646.5605469, 248.170403587)
(-18488.9199219, 21646.6171875, 248.170403587)
(-18488.8632812, 21646.6738281, 248.170403587)
(-18488.8066406, 21646.7304688, 248.170403587)
(-18488.75, 21646.7871094, 248.170403587)
(-18488.6933594, 21646.84375, 248.170403587)
(-18488.6367188, 21646.9003906, 248.170403587)
(-18488.5800781, 21646.9570312, 248.170403587)
(-18488.5234375, 21647.0136719, 248.170403587)
(-18488.4667969, 21647.0703125, 248.170403587)
(-18488.4101562, 21647.1269531, 248.170403587)
(-18488.3535156, 21647.1835938, 248.170403587)
(-18488.296875, 21647.2402344, 248.170403587)
(-18488.2402344, 21647.296875, 248.170403587)
(-18488.1835938, 21647.3535156, 248.170403587)
(-18488.1269531, 21647.4101562, 248.170403587)
(-18488.0703125, 21647.4667969, 248.170403587)
(-18488.0136719, 21647.5234375, 248.170403587)
(-18487.9570312, 21647.5800781, 248.170403587)
(-18487.9003906, 21647.6367188, 248.170403587)
(-18487.84375, 21647.6933594, 248.170403587)
(-18487.7871094, 21647.75, 248.170403587)
(-18487.7304688, 21647.8066406, 248.170403587)
(-18487.6738281, 21647.8632812, 248.170403587)
(-18487.6171875, 21647.9199219, 248.170403587)
(-18487.5605469, 21647.9765625, 248.170403587)
(-18487.5039062, 21648.0332031, 248.170403587)
(-18487.4472656, 21648.0898438, 248.170403587)
(-18487.390625, 21648.1464844, 248.170403587)
(-18487.3339844, 21648.203125, 248.170403587)
(-18487.2773438, 21648.2597656, 248.170403587)
(-18487.2207031, 21648.3164062, 248.170403587)
(-18487.1640625, 21648.3730469, 248.170403587)
(-18487.1074219, 21648.4296875, 248.170403587)
(-18487.0507812, 21648.4863281, 248.170403587)
(-18486.9941406, 21648.5429688, 248.170403587)
(-18486.9375, 21648.5996094, 248.170403587)
(-18486.8808594, 21648.65625, 248.170403587)
(-18486.8242188, 21648.7128906, 248.170403587)
(-18486.7675781, 21648.7695312, 248.170403587)
(-18486.7109375, 21648.8261719, 248.170403587)
(-18486.6542969, 21648.8828125, 248.170403587)
(-18486.5976562, 21648.9394531, 248.170403587)
(-18486.5410156, 21648.9960938, 248.170403587)
(-18486.484375, 21649.0527344, 248.170403587)
(-18486.4277344, 21649.109375, 248.170403587)
(-18486.3710938, 21649.1660156, 248.170403587)
(-18486.3144531, 21649.2226562, 248.170403587)
(-18486.2578125, 21649.2792969, 248.170403587)
(-18486.2011719, 21649.3359375, 248.170403587)
(-18486.1445312, 21649.3925781, 248.170403587)
(-18486.0878906, 21649.4492188, 248.170403587)
(-18486.03125, 21649.5058594, 248.170403587)
(-18485.9746094, 21649.5625, 248.170403587)
(-18485.9179688, 21649.6191406, 248.170403587)
(-18485.8613281, 21649.6757812, 248.170403587)
(-18485.8046875, 21649.7324219, 248.170403587)
(-18485.7480469, 21649.7890625, 248.170403587)
(-18485.6914062, 21649.8457031, 248.170403587)
(-18485.6347656, 21649.9023438, 248.170403587)
(-18485.578125, 21649.9589844, 248.170403587)
(-18485.5214844, 21650.015625, 248.170403587)
(-18485.4648438, 21650.0722656, 248.170403587)
(-18485.4082031, 21650.1289062, 248.170403587)
(-18485.3515625, 21650.1855469, 248.170403587)
(-18485.2949219, 21650.2421875, 248.170403587)
(-18485.2382812, 21650.2988281, 248.170403587)
(-18485.1816406, 21650.3554688, 248.170403587)
(-18485.125, 21650.4121094, 248.170403587)
(-18485.0683594, 21650.46875, 248.170403587)
(-18485.0117188, 21650.5253906, 248.170403587)
(-18484.9550781, 21650.5820312, 248.170403587)
(-18484.8984375, 21650.6386719, 248.170403587)
(-18484.8417969, 21650.6953125, 248.170403587)
(-18484.7851562, 21650.7519531, 248.170403587)
(-18484.7285156, 21650.8085938, 248.170403587)
(-18484.671875, 21650.8652344, 248.170403587)
(-18484.6152344, 21650.921875, 248.170403587)
(-18484.5585938, 21650.9785156, 248.170403587)
(-18484.5019531, 21651.0351562, 248.170403587)
(-18484.4453125, 21651.0917969, 248.170403587)
(-18484.3886719, 21651.1484375, 248.170403587)
(-18484.3320312, 21651.2050781, 248.170403587)
(-18484.2753906, 21651.2617188, 248.170403587)
(-18484.21875, 21651.3183594, 248.170403587)
(-18484.1621094, 21651.375, 248.170403587)
(-18484.1054688, 21651.4316406, 248.170403587)
(-18484.0488281, 21651.4882812, 248.170403587)
(-18483.9921875, 21651.5449219, 248.170403587)
(-18483.9355469, 21651.6015625, 248.170403587)
(-18483.8789062, 21651.6582031, 248.170403587)
(-18483.8222656, 21651.7148438, 248.170403587)
(-18483.765625, 21651.7714844, 248.170403587)
(-18483.7089844, 21651.828125, 248.170403587)
(-18483.6523438, 21651.8847656, 248.170403587)
(-18483.5957031, 21651.9414062, 248.170403587)
(-18483.5390625, 21651.9980469, 248.170403587)
(-18483.4824219, 21652.0546875, 248.170403587)
(-18483.4257812, 21652.1113281, 248.170403587)
(-18483.3691406, 21652.1679688, 248.170403587)
(-18483.3125, 21652.2246094, 248.170403587)
(-18483.2558594, 21652.28125, 248.170403587)
(-18483.1992188, 21652.3378906, 248.170403587)
(-18483.1425781, 21652.3945312, 248.170403587)
(-18483.0859375, 21652.4511719, 248.170403587)
(-18483.0292969, 21652.5078125, 248.170403587)
(-18482.9726562, 21652.5644531, 248.170403587)
(-18482.9160156, 21652.6210938, 248.170403587)
(-18482.859375, 21652.6777344, 248.170403587)
(-18482.8027344, 21652.734375, 248.170403587)
(-18482.7460938, 21652.7910156, 248.170403587)
(-18482.6894531, 21652.8476562, 248.170403587)
(-18482.6328125, 21652.9042969, 248.170403587)
(-18482.5761719, 21652.9609375, 248.170403587)
(-18482.5195312, 21653.0175781, 248.170403587)
(-18482.4628906, 21653.0742188, 248.170403587)
(-18482.40625, 21653.1308594, 248.170403587)
(-18482.3496094, 21653.1875, 248.170403587)
(-18482.2929688, 21653.2441406, 248.170403587)
(-18482.2363281, 21653.3007812, 248.170403587)
(-18482.1796875, 21653.3574219, 248.170403587)
(-18482.1230469, 21653.4140625, 248.170403587)
(-18482.0664062, 21653.4707031, 248.170403587)
(-18482.0097656, 21653.5273438, 248.170403587)
(-18481.953125, 21653.5839844, 248.170403587)
(-18481.8964844, 21653.640625, 248.170403587)
(-18481.8398438, 21653.6972656, 248.170403587)
(-18481.7832031, 21653.7539062, 248.170403587)
(-18481.7265625, 21653.8105469, 248.170403587)
(-18481.6699219, 21653.8671875, 248.170403587)
(-18481.6132812, 21653.9238281, 248.170403587)
(-18481.5566406, 21653.9804688, 248.170403587)
(-18481.5, 21654.0371094, 248.170403587)
(-18481.4433594, 21654.09375, 248.170403587)
(-18481.3867188, 21654.1503906, 248.170403587)
(-18481.3300781, 21654.2070312, 248.170403587)
(-18481.2734375, 21654.2636719, 248.170403587)
(-18481.2167969, 21654.3203125, 248.170403587)
(-18481.1601562, 21654.3769531, 248.170403587)
(-18481.1035156, 21654.4335938, 248.170403587)
(-18481.046875, 21654.4902344, 248.170403587)
(-18480.9902344, 21654.546875, 248.170403587)
(-18480.9335938, 21654.6035156, 248.170403587)
(-18480.8769531, 21654.6601562, 248.170403587)
(-18480.8203125, 21654.7167969, 248.170403587)
(-18480.7636719, 21654.7734375, 248.170403587)
(-18480.7070312, 21654.8300781, 248.170403587)
(-18480.6503906, 21654.8867188, 248.170403587)
(-18480.59375, 21654.9433594, 248.170403587)
(-18480.5371094, 21655.0, 248.170403587)
(-18480.4804688, 21655.0566406, 248.170403587)
(-18480.4238281, 21655.1132812, 248.170403587)
(-18480.3671875, 21655.1699219, 248.170403587)
(-18480.3105469, 21655.2265625, 248.170403587)
(-18480.2539062, 21655.2832031, 248.170403587)
(-18480.1972656, 21655.3398438, 248.170403587)
(-18480.140625, 21655.3964844, 248.170403587)
(-18480.0839844, 21655.453125, 248.170403587)
(-18480.0273438, 21655.5097656, 248.170403587)
(-18479.9707031, 21655.5664062, 248.170403587)
(-18479.9140625, 21655.6230469, 248.170403587)
(-18479.8574219, 21655.6796875, 248.170403587)
(-18479.8007812, 21655.7363281, 248.170403587)
(-18479.7441406, 21655.7929688, 248.170403587)
(-18479.6875, 21655.8496094, 248.170403587)
(-18479.6308594, 21655.90625, 248.170403587)
(-18479.5742188, 21655.9628906, 248.170403587)
(-18479.5175781, 21656.0195312, 248.170403587)
(-18479.4609375, 21656.0761719, 248.170403587)
(-18479.4042969, 21656.1328125, 248.170403587)
(-18479.3476562, 21656.1894531, 248.170403587)
(-18479.2910156, 21656.2460938, 248.170403587)
(-18479.234375, 21656.3027344, 248.170403587)
(-18479.1777344, 21656.359375, 248.170403587)
(-18479.1210938, 21656.4160156, 248.170403587)
(-18479.0644531, 21656.4726562, 248.170403587)
(-18479.0078125, 21656.5292969, 248.170403587)
(-18478.9511719, 21656.5859375, 248.170403587)
(-18478.8945312, 21656.6425781, 248.170403587)
(-18478.8378906, 21656.6992188, 248.170403587)
(-18478.78125, 21656.7558594, 248.170403587)
(-18478.7246094, 21656.8125, 248.170403587)
(-18478.6679688, 21656.8691406, 248.170403587)
(-18478.6113281, 21656.9257812, 248.170403587)
(-18478.5546875, 21656.9824219, 248.170403587)
(-18478.4980469, 21657.0390625, 248.170403587)
(-18478.4414062, 21657.0957031, 248.170403587)
(-18478.3847656, 21657.1523438, 248.170403587)
(-18478.328125, 21657.2089844, 248.170403587)
(-18478.2714844, 21657.265625, 248.170403587)
(-18478.2148438, 21657.3222656, 248.170403587)
(-18478.1582031, 21657.3789062, 248.170403587)
(-18478.1015625, 21657.4355469, 248.170403587)
(-18478.0449219, 21657.4921875, 248.170403587)
(-18477.9882812, 21657.5488281, 248.170403587)
(-18477.9316406, 21657.6054688, 248.170403587)
(-18477.875, 21657.6621094, 248.170403587)
(-18477.8183594, 21657.71875, 248.170403587)
(-18477.7617188, 21657.7753906, 248.170403587)
(-18477.7050781, 21657.8320312, 248.170403587)
(-18477.6484375, 21657.8886719, 248.170403587)
(-18477.5917969, 21657.9453125, 248.170403587)
(-18477.5351562, 21658.0019531, 248.170403587)
(-18477.4785156, 21658.0585938, 248.170403587)
(-18477.421875, 21658.1152344, 248.170403587)
(-18477.3652344, 21658.171875, 248.170403587)
(-18477.3085938, 21658.2285156, 248.170403587)
(-18477.2519531, 21658.2851562, 248.170403587)
(-18477.1953125, 21658.3417969, 248.170403587)
(-18477.1386719, 21658.3984375, 248.170403587)
(-18477.0820312, 21658.4550781, 248.170403587)
(-18477.0253906, 21658.5117188, 248.170403587)
(-18476.96875, 21658.5683594, 248.170403587)
(-18476.9121094, 21658.625, 248.170403587)
(-18476.8554688, 21658.6816406, 248.170403587)
(-18476.7988281, 21658.7382812, 248.170403587)
(-18476.7421875, 21658.7949219, 248.170403587)
(-18476.6855469, 21658.8515625, 248.170403587)
(-18476.6289062, 21658.9082031, 248.170403587)
(-18476.5722656, 21658.9648438, 248.170403587)
(-18476.515625, 21659.0214844, 248.170403587)
(-18476.4589844, 21659.078125, 248.170403587)
(-18476.4023438, 21659.1347656, 248.170403587)
(-18476.3457031, 21659.1914062, 248.170403587)
(-18476.2890625, 21659.2480469, 248.170403587)
(-18476.2324219, 21659.3046875, 248.170403587)
(-18476.1757812, 21659.3613281, 248.170403587)
(-18476.1191406, 21659.4179688, 248.170403587)
(-18476.0625, 21659.4746094, 248.170403587)
(-18476.0078125, 21659.53125, 248.170403587)
(-18475.953125, 21659.5898438, 248.170403587)
