(-18565.4199219, 21552.0, 248.170403587)
(-18565.3398438, 21552.0019531, 248.170403587)
(-18565.2597656, 21552.0039062, 248.170403587)
(-18565.1796875, 21552.0058594, 248.170403587)
(-18565.0996094, 21552.0078125, 248.170403587)
(-18565.0195312, 21552.0097656, 248.170403587)
(-18564.9394531, 21552.0117188, 248.170403587)
(-18564.859375, 21552.0136719, 248.170403587)
(-18564.7792969, 21552.015625, 248.170403587)
(-18564.6992188, 21552.0175781, 248.170403587)
(-18564.6191406, 21552.0195312, 248.170403587)
(-18564.5390625, 21552.0195312, 248.170403587)
(-18564.4589844, 21552.0195312, 248.170403587)
(-18564.3789062, 21552.0195312, 248.170403587)
(-18564.2988281, 21552.0214844, 248.170403587)
(-18564.21875, 21552.0234375, 248.170403587)
(-18564.1386719, 21552.0253906, 248.170403587)
(-18564.0585938, 21552.0253906, 248.170403587)
(-18563.9785156, 21552.0253906, 248.170403587)
(-18563.8984375, 21552.0253906, 248.170403587)
(-18563.8203125, 21552.0371094, 248.170403587)
(-18563.7441406, 21552.0605469, 248.170403587)
(-18563.671875, 21552.0957031, 248.170403587)
(-18563.6054688, 21552.140625, 248.170403587)
(-18563.546875, 21552.1933594, 248.170403587)
(-18563.4882812, 21552.2460938, 248.170403587)
(-18563.4296875, 21552.2988281, 248.170403587)
(-18563.3710938, 21552.3515625, 248.170403587)
(-18563.3125, 21552.4042969, 248.170403587)
(-18563.2539062, 21552.4570312, 248.170403587)
(-18563.1953125, 21552.5097656, 248.170403587)
(-18563.1367188, 21552.5625, 248.170403587)
(-18563.078125, 21552.6152344, 248.170403587)
(-18563.0195312, 21552.6699219, 248.170403587)
(-18562.9609375, 21552.7246094, 248.170403587)
(-18562.9023438, 21552.7773438, 248.170403587)
(-18562.84375, 21552.8300781, 248.170403587)
(-18562.7851562, 21552.8828125, 248.170403587)
(-18562.7265625, 21552.9355469, 248.170403587)
(-18562.6679688, 21552.9882812, 248.170403587)
(-18562.609375, 21553.0410156, 248.170403587)
(-18562.5507812, 21553.09375, 248.170403587)
(-18562.4921875, 21553.1464844, 248.170403587)
(-18562.4335938, 21553.1992188, 248.170403587)
(-18562.375, 21553.2539062, 248.170403587)
(-18562.3164062, 21553.3085938, 248.170403587)
(-18562.2578125, 21553.3613281, 248.170403587)
(-18562.1992188, 21553.4140625, 248.170403587)
(-18562.140625, 21553.4667969, 248.170403587)
(-18562.0820312, 21553.5195312, 248.170403587)
(-18562.0234375, 21553.5722656, 248.170403587)
(-18561.9648438, 21553.625, 248.170403587)
(-18561.90625, 21553.6777344, 248.170403587)
(-18561.8476562, 21553.7304688, 248.170403587)
(-18561.7890625, 21553.7832031, 248.170403587)
(-18561.7324219, 21553.8398438, 248.170403587)
(-18561.6757812, 21553.8964844, 248.170403587)
(-18561.6191406, 21553.953125, 248.170403587)
(-18561.5625, 21554.0097656, 248.170403587)
(-18561.5058594, 21554.0664062, 248.170403587)
(-18561.4492188, 21554.1230469, 248.170403587)
(-18561.3925781, 21554.1796875, 248.170403587)
(-18561.3359375, 21554.2363281, 248.170403587)
(-18561.2792969, 21554.2929688, 248.170403587)
(-18561.2226562, 21554.3496094, 248.170403587)
(-18561.1660156, 21554.40625, 248.170403587)
(-18561.109375, 21554.4628906, 248.170403587)
(-18561.0527344, 21554.5195312, 248.170403587)
(-18560.9960938, 21554.5761719, 248.170403587)
(-18560.9394531, 21554.6328125, 248.170403587)
(-18560.8828125, 21554.6894531, 248.170403587)
(-18560.8261719, 21554.7460938, 248.170403587)
(-18560.7695312, 21554.8027344, 248.170403587)
(-18560.7128906, 21554.859375, 248.170403587)
(-18560.65625, 21554.9160156, 248.170403587)
(-18560.5996094, 21554.9726562, 248.170403587)
(-18560.5429688, 21555.0292969, 248.170403587)
(-18560.4863281, 21555.0859375, 248.170403587)
(-18560.4296875, 21555.1425781, 248.170403587)
(-18560.3730469, 21555.1992188, 248.170403587)
(-18560.3164062, 21555.2558594, 248.170403587)
(-18560.2597656, 21555.3125, 248.170403587)
(-18560.203125, 21555.3671875, 248.170403587)
(-18560.1464844, 21555.421875, 248.170403587)
(-18560.0898438, 21555.4765625, 248.170403587)
(-18560.0332031, 21555.53125, 248.170403587)
(-18559.9765625, 21555.5859375, 248.170403587)
(-18559.9199219, 21555.640625, 248.170403587)
(-18559.8632812, 21555.6953125, 248.170403587)
(-18559.8066406, 21555.75, 248.170403587)
(-18559.75, 21555.8046875, 248.170403587)
(-18559.6933594, 21555.8613281, 248.170403587)
(-18559.6367188, 21555.9179688, 248.170403587)
(-18559.5800781, 21555.9746094, 248.170403587)
(-18559.5234375, 21556.03125, 248.170403587)
(-18559.4667969, 21556.0878906, 248.170403587)
(-18559.4101562, 21556.1445312, 248.170403587)
(-18559.3535156, 21556.2011719, 248.170403587)
(-18559.296875, 21556.2578125, 248.170403587)
(-18559.2402344, 21556.3144531, 248.170403587)
(-18559.1835938, 21556.3710938, 248.170403587)
(-18559.1269531, 21556.4277344, 248.170403587)
(-18559.0703125, 21556.484375, 248.170403587)
(-18559.0136719, 21556.5410156, 248.170403587)
(-18558.9570312, 21556.5976562, 248.170403587)
(-18558.9003906, 21556.6542969, 248.170403587)
(-18558.84375, 21556.7109375, 248.170403587)
(-18558.7871094, 21556.7675781, 248.170403587)
(-18558.7304688, 21556.8242188, 248.170403587)
(-18558.6738281, 21556.8808594, 248.170403587)
(-18558.6171875, 21556.9375, 248.170403587)
(-18558.5605469, 21556.9941406, 248.170403587)
(-18558.5039062, 21557.0507812, 248.170403587)
(-18558.4472656, 21557.1074219, 248.170403587)
(-18558.390625, 21557.1640625, 248.170403587)
(-18558.3339844, 21557.2207031, 248.170403587)
(-18558.2773438, 21557.2773438, 248.170403587)
(-18558.2207031, 21557.3339844, 248.170403587)
(-18558.1640625, 21557.390625, 248.170403587)
(-18558.1074219, 21557.4472656, 248.170403587)
(-18558.0507812, 21557.5039062, 248.170403587)
(-18557.9941406, 21557.5605469, 248.170403587)
(-18557.9375, 21557.6171875, 248.170403587)
(-18557.8808594, 21557.6738281, 248.170403587)
(-18557.8242188, 21557.7304688, 248.170403587)
(-18557.7675781, 21557.7871094, 248.170403587)
(-18557.703125, 21557.8339844, 248.170403587)
(-18557.6386719, 21557.8808594, 248.170403587)
(-18557.5742188, 21557.9277344, 248.170403587)
(-18557.5097656, 21557.9746094, 248.170403587)
(-18557.4453125, 21558.0214844, 248.170403587)
(-18557.3808594, 21558.0683594, 248.170403587)
(-18557.3164062, 21558.1152344, 248.170403587)
(-18557.2519531, 21558.1621094, 248.170403587)
(-18557.1875, 21558.2089844, 248.170403587)
(-18557.1230469, 21558.2558594, 248.170403587)
(-18557.0585938, 21558.3027344, 248.170403587)
(-18556.9941406, 21558.3496094, 248.170403587)
(-18556.9296875, 21558.3964844, 248.170403587)
(-18556.8652344, 21558.4433594, 248.170403587)
(-18556.8007812, 21558.4902344, 248.170403587)
(-18556.7363281, 21558.5371094, 248.170403587)
(-18556.671875, 21558.5839844, 248.170403587)
(-18556.6074219, 21558.6308594, 248.170403587)
(-18556.5429688, 21558.6777344, 248.170403587)
(-18556.4785156, 21558.7246094, 248.170403587)
(-18556.4140625, 21558.7714844, 248.170403587)
(-18556.3496094, 21558.8183594, 248.170403587)
(-18556.2851562, 21558.8652344, 248.170403587)
(-18556.2207031, 21558.9121094, 248.170403587)
(-18556.15625, 21558.9589844, 248.170403587)
(-18556.0917969, 21559.0058594, 248.170403587)
(-18556.0273438, 21559.0527344, 248.170403587)
(-18555.9628906, 21559.0996094, 248.170403587)
(-18555.8984375, 21559.1464844, 248.170403587)
(-18555.8339844, 21559.1933594, 248.170403587)
(-18555.7695312, 21559.2402344, 248.170403587)
(-18555.7050781, 21559.2871094, 248.170403587)
(-18555.640625, 21559.3339844, 248.170403587)
(-18555.5761719, 21559.3808594, 248.170403587)
(-18555.5117188, 21559.4277344, 248.170403587)
(-18555.4472656, 21559.4746094, 248.170403587)
(-18555.3828125, 21559.5214844, 248.170403587)
(-18555.3183594, 21559.5683594, 248.170403587)
(-18555.2539062, 21559.6152344, 248.170403587)
(-18555.1894531, 21559.6621094, 248.170403587)
(-18555.125, 21559.7089844, 248.170403587)
(-18555.0605469, 21559.7558594, 248.170403587)
(-18554.9960938, 21559.8027344, 248.170403587)
(-18554.9375, 21559.8574219, 248.170403587)
(-18554.8808594, 21559.9121094, 248.170403587)
(-18554.8242188, 21559.9667969, 248.170403587)
(-18554.7675781, 21560.0214844, 248.170403587)
(-18554.7109375, 21560.0761719, 248.170403587)
(-18554.6542969, 21560.1308594, 248.170403587)
(-18554.5976562, 21560.1855469, 248.170403587)
(-18554.5410156, 21560.2402344, 248.170403587)
(-18554.484375, 21560.2949219, 248.170403587)
(-18554.4277344, 21560.3496094, 248.170403587)
(-18554.3710938, 21560.4042969, 248.170403587)
(-18554.3144531, 21560.4589844, 248.170403587)
(-18554.2578125, 21560.5136719, 248.170403587)
(-18554.2011719, 21560.5683594, 248.170403587)
(-18554.1445312, 21560.6230469, 248.170403587)
(-18554.0878906, 21560.6777344, 248.170403587)
(-18554.03125, 21560.7324219, 248.170403587)
(-18553.9746094, 21560.7871094, 248.170403587)
(-18553.9179688, 21560.8417969, 248.170403587)
(-18553.8613281, 21560.8964844, 248.170403587)
(-18553.8046875, 21560.9511719, 248.170403587)
(-18553.7480469, 21561.0058594, 248.170403587)
(-18553.6914062, 21561.0605469, 248.170403587)
(-18553.6347656, 21561.1152344, 248.170403587)
(-18553.578125, 21561.1699219, 248.170403587)
(-18553.5214844, 21561.2246094, 248.170403587)
(-18553.4648438, 21561.2792969, 248.170403587)
(-18553.4082031, 21561.3339844, 248.170403587)
(-18553.3515625, 21561.3886719, 248.170403587)
(-18553.2949219, 21561.4433594, 248.170403587)
(-18553.2382812, 21561.4980469, 248.170403587)
(-18553.1816406, 21561.5527344, 248.170403587)
(-18553.125, 21561.6074219, 248.170403587)
(-18553.0683594, 21561.6621094, 248.170403587)
(-18553.0117188, 21561.7167969, 248.170403587)
(-18552.9550781, 21561.7734375, 248.170403587)
(-18552.8984375, 21561.8300781, 248.170403587)
(-18552.8417969, 21561.8867188, 248.170403587)
(-18552.7851562, 21561.9433594, 248.170403587)
(-18552.7285156, 21562.0, 248.170403587)
(-18552.671875, 21562.0566406, 248.170403587)
(-18552.6152344, 21562.1132812, 248.170403587)
(-18552.5585938, 21562.1699219, 248.170403587)
(-18552.5019531, 21562.2265625, 248.170403587)
(-18552.4453125, 21562.2832031, 248.170403587)
(-18552.3886719, 21562.3398438, 248.170403587)
(-18552.3320312, 21562.3964844, 248.170403587)
(-18552.2753906, 21562.453125, 248.170403587)
(-18552.21875, 21562.5097656, 248.170403587)
(-18552.1621094, 21562.5664062, 248.170403587)
(-18552.1054688, 21562.6230469, 248.170403587)
(-18552.0488281, 21562.6796875, 248.170403587)
(-18551.9921875, 21562.7363281, 248.170403587)
(-18551.9355469, 21562.7929688, 248.170403587)
(-18551.8789062, 21562.8496094, 248.170403587)
(-18551.8222656, 21562.90625, 248.170403587)
(-18551.765625, 21562.9628906, 248.170403587)
(-18551.7089844, 21563.0195312, 248.170403587)
(-18551.6523438, 21563.0761719, 248.170403587)
(-18551.5957031, 21563.1328125, 248.170403587)
(-18551.5390625, 21563.1894531, 248.170403587)
(-18551.4824219, 21563.2460938, 248.170403587)
(-18551.4257812, 21563.3027344, 248.170403587)
(-18551.3691406, 21563.359375, 248.170403587)
(-18551.3125, 21563.4160156, 248.170403587)
(-18551.2558594, 21563.4726562, 248.170403587)
(-18551.1992188, 21563.5292969, 248.170403587)
(-18551.1425781, 21563.5859375, 248.170403587)
(-18551.0859375, 21563.6425781, 248.170403587)
(-18551.0292969, 21563.6992188, 248.170403587)
(-18550.9726562, 21563.7558594, 248.170403587)
(-18550.9160156, 21563.8125, 248.170403587)
(-18550.859375, 21563.8691406, 248.170403587)
(-18550.8027344, 21563.9257812, 248.170403587)
(-18550.7460938, 21563.9824219, 248.170403587)
(-18550.6894531, 21564.0390625, 248.170403587)
(-18550.6328125, 21564.0957031, 248.170403587)
(-18550.5761719, 21564.1523438, 248.170403587)
(-18550.5195312, 21564.2089844, 248.170403587)
(-18550.4628906, 21564.265625, 248.170403587)
(-18550.40625, 21564.3222656, 248.170403587)
(-18550.3496094, 21564.3789062, 248.170403587)
(-18550.2929688, 21564.4355469, 248.170403587)
(-18550.2363281, 21564.4921875, 248.170403587)
(-18550.1796875, 21564.5488281, 248.170403587)
(-18550.1230469, 21564.6054688, 248.170403587)
(-18550.0664062, 21564.6621094, 248.170403587)
(-18550.0097656, 21564.71875, 248.170403587)
(-18549.953125, 21564.7753906, 248.170403587)
(-18549.8964844, 21564.8320312, 248.170403587)
(-18549.8398438, 21564.8886719, 248.170403587)
(-18549.7832031, 21564.9453125, 248.170403587)
(-18549.7265625, 21565.0019531, 248.170403587)
(-18549.6699219, 21565.0585938, 248.170403587)
(-18549.6132812, 21565.1152344, 248.170403587)
(-18549.5566406, 21565.171875, 248.170403587)
(-18549.5, 21565.2285156, 248.170403587)
(-18549.4433594, 21565.2851562, 248.170403587)
(-18549.3867188, 21565.3417969, 248.170403587)
(-18549.3300781, 21565.3984375, 248.170403587)
(-18549.2734375, 21565.4550781, 248.170403587)
(-18549.2167969, 21565.5117188, 248.170403587)
(-18549.1601562, 21565.5683594, 248.170403587)
(-18549.1035156, 21565.625, 248.170403587)
(-18549.046875, 21565.6816406, 248.170403587)
(-18548.9902344, 21565.7382812, 248.170403587)
(-18548.9335938, 21565.7949219, 248.170403587)
(-18548.8769531, 21565.8515625, 248.170403587)
(-18548.8203125, 21565.9082031, 248.170403587)
(-18548.7636719, 21565.9648438, 248.170403587)
(-18548.7070312, 21566.0214844, 248.170403587)
(-18548.6503906, 21566.078125, 248.170403587)
(-18548.59375, 21566.1347656, 248.170403587)
(-18548.5371094, 21566.1914062, 248.170403587)
(-18548.4804688, 21566.2480469, 248.170403587)
(-18548.4238281, 21566.3046875, 248.170403587)
(-18548.3671875, 21566.3613281, 248.170403587)
(-18548.3105469, 21566.4179688, 248.170403587)
(-18548.2539062, 21566.4746094, 248.170403587)
(-18548.1972656, 21566.53125, 248.170403587)
(-18548.140625, 21566.5878906, 248.170403587)
(-18548.0839844, 21566.6445312, 248.170403587)
(-18548.0273438, 21566.7011719, 248.170403587)
(-18547.9707031, 21566.7578125, 248.170403587)
(-18547.9140625, 21566.8144531, 248.170403587)
(-18547.8574219, 21566.8710938, 248.170403587)
(-18547.8007812, 21566.9277344, 248.170403587)
(-18547.7441406, 21566.984375, 248.170403587)
(-18547.6875, 21567.0410156, 248.170403587)
(-18547.6308594, 21567.0976562, 248.170403587)
(-18547.5742188, 21567.1542969, 248.170403587)
(-18547.5175781, 21567.2109375, 248.170403587)
(-18547.4609375, 21567.2675781, 248.170403587)
(-18547.4042969, 21567.3242188, 248.170403587)
(-18547.3476562, 21567.3808594, 248.170403587)
(-18547.2910156, 21567.4375, 248.170403587)
(-18547.234375, 21567.4941406, 248.170403587)
(-18547.1777344, 21567.5507812, 248.170403587)
(-18547.1210938, 21567.6074219, 248.170403587)
(-18547.0644531, 21567.6640625, 248.170403587)
(-18547.0078125, 21567.7207031, 248.170403587)
(-18546.9511719, 21567.7773438, 248.170403587)
(-18546.8945312, 21567.8339844, 248.170403587)
(-18546.8378906, 21567.890625, 248.170403587)
(-18546.78125, 21567.9472656, 248.170403587)
(-18546.7246094, 21568.0039062, 248.170403587)
(-18546.6679688, 21568.0605469, 248.170403587)
(-18546.6113281, 21568.1171875, 248.170403587)
(-18546.5546875, 21568.1738281, 248.170403587)
(-18546.4980469, 21568.2304688, 248.170403587)
(-18546.4414062, 21568.2871094, 248.170403587)
(-18546.3847656, 21568.34375, 248.170403587)
(-18546.328125, 21568.4003906, 248.170403587)
(-18546.2714844, 21568.4570312, 248.170403587)
(-18546.2148438, 21568.5136719, 248.170403587)
(-18546.1582031, 21568.5703125, 248.170403587)
(-18546.1015625, 21568.6269531, 248.170403587)
(-18546.0449219, 21568.6835938, 248.170403587)
(-18545.9882812, 21568.7402344, 248.170403587)
(-18545.9316406, 21568.796875, 248.170403587)
(-18545.875, 21568.8535156, 248.170403587)
(-18545.8183594, 21568.9101562, 248.170403587)
(-18545.7617188, 21568.9667969, 248.170403587)
(-18545.7050781, 21569.0234375, 248.170403587)
(-18545.6484375, 21569.0800781, 248.170403587)
(-18545.5917969, 21569.1367188, 248.170403587)
(-18545.5351562, 21569.1933594, 248.170403587)
(-18545.4785156, 21569.25, 248.170403587)
(-18545.421875, 21569.3066406, 248.170403587)
(-18545.3652344, 21569.3632812, 248.170403587)
(-18545.3085938, 21569.4199219, 248.170403587)
(-18545.2519531, 21569.4765625, 248.170403587)
(-18545.1953125, 21569.5332031, 248.170403587)
(-18545.1386719, 21569.5898438, 248.170403587)
(-18545.0820312, 21569.6464844, 248.170403587)
(-18545.0253906, 21569.703125, 248.170403587)
(-18544.96875, 21569.7597656, 248.170403587)
(-18544.9121094, 21569.8164062, 248.170403587)
(-18544.8554688, 21569.8730469, 248.170403587)
(-18544.7988281, 21569.9296875, 248.170403587)
(-18544.7421875, 21569.9863281, 248.170403587)
(-18544.6855469, 21570.0429688, 248.170403587)
(-18544.6289062, 21570.0996094, 248.170403587)
(-18544.5722656, 21570.15625, 248.170403587)
(-18544.515625, 21570.2128906, 248.170403587)
(-18544.4589844, 21570.2695312, 248.170403587)
(-18544.4023438, 21570.3261719, 248.170403587)
(-18544.3457031, 21570.3828125, 248.170403587)
(-18544.2890625, 21570.4394531, 248.170403587)
(-18544.2324219, 21570.4960938, 248.170403587)
(-18544.1757812, 21570.5527344, 248.170403587)
(-18544.1191406, 21570.609375, 248.170403587)
(-18544.0625, 21570.6660156, 248.170403587)
(-18544.0058594, 21570.7226562, 248.170403587)
(-18543.9492188, 21570.7792969, 248.170403587)
(-18543.8925781, 21570.8359375, 248.170403587)
(-18543.8359375, 21570.8925781, 248.170403587)
(-18543.7792969, 21570.9492188, 248.170403587)
(-18543.7226562, 21571.0058594, 248.170403587)
(-18543.6660156, 21571.0625, 248.170403587)
(-18543.609375, 21571.1191406, 248.170403587)
(-18543.5527344, 21571.1757812, 248.170403587)
(-18543.4960938, 21571.2324219, 248.170403587)
(-18543.4394531, 21571.2890625, 248.170403587)
(-18543.3828125, 21571.3457031, 248.170403587)
(-18543.3261719, 21571.4023438, 248.170403587)
(-18543.2695312, 21571.4589844, 248.170403587)
(-18543.2128906, 21571.515625, 248.170403587)
(-18543.15625, 21571.5722656, 248.170403587)
(-18543.0996094, 21571.6289062, 248.170403587)
(-18543.0429688, 21571.6855469, 248.170403587)
(-18542.9863281, 21571.7421875, 248.170403587)
(-18542.9296875, 21571.7988281, 248.170403587)
(-18542.8730469, 21571.8554688, 248.170403587)
(-18542.8164062, 21571.9121094, 248.170403587)
(-18542.7597656, 21571.96875, 248.170403587)
(-18542.703125, 21572.0253906, 248.170403587)
(-18542.6464844, 21572.0820312, 248.170403587)
(-18542.5898438, 21572.1386719, 248.170403587)
(-18542.5332031, 21572.1953125, 248.170403587)
(-18542.4765625, 21572.2519531, 248.170403587)
(-18542.4199219, 21572.3085938, 248.170403587)
(-18542.3632812, 21572.3652344, 248.170403587)
(-18542.3066406, 21572.421875, 248.170403587)
(-18542.25, 21572.4785156, 248.170403587)
(-18542.1933594, 21572.5351562, 248.170403587)
(-18542.1367188, 21572.5917969, 248.170403587)
(-18542.0800781, 21572.6484375, 248.170403587)
(-18542.0234375, 21572.7050781, 248.170403587)
(-18541.9667969, 21572.7617188, 248.170403587)
(-18541.9101562, 21572.8183594, 248.170403587)
(-18541.8535156, 21572.875, 248.170403587)
(-18541.796875, 21572.9316406, 248.170403587)
(-18541.7402344, 21572.9882812, 248.170403587)
(-18541.6835938, 21573.0449219, 248.170403587)
(-18541.6269531, 21573.1015625, 248.170403587)
(-18541.5703125, 21573.1582031, 248.170403587)
(-18541.5136719, 21573.2148438, 248.170403587)
(-18541.4570312, 21573.2714844, 248.170403587)
(-18541.4003906, 21573.328125, 248.170403587)
(-18541.34375, 21573.3847656, 248.170403587)
(-18541.2871094, 21573.4414062, 248.170403587)
(-18541.2304688, 21573.4980469, 248.170403587)
(-18541.1738281, 21573.5546875, 248.170403587)
(-18541.1171875, 21573.6113281, 248.170403587)
(-18541.0605469, 21573.6679688, 248.170403587)
(-18541.0039062, 21573.7246094, 248.170403587)
(-18540.9472656, 21573.78125, 248.170403587)
(-18540.890625, 21573.8378906, 248.170403587)
(-18540.8339844, 21573.8945312, 248.170403587)
(-18540.7773438, 21573.9511719, 248.170403587)
(-18540.7207031, 21574.0078125, 248.170403587)
(-18540.6640625, 21574.0644531, 248.170403587)
(-18540.6074219, 21574.1210938, 248.170403587)
(-18540.5507812, 21574.1777344, 248.170403587)
(-18540.4941406, 21574.234375, 248.170403587)
(-18540.4375, 21574.2910156, 248.170403587)
(-18540.3808594, 21574.3476562, 248.170403587)
(-18540.3242188, 21574.4042969, 248.170403587)
(-18540.2675781, 21574.4609375, 248.170403587)
(-18540.2109375, 21574.5175781, 248.170403587)
(-18540.1542969, 21574.5742188, 248.170403587)
(-18540.0976562, 21574.6308594, 248.170403587)
(-18540.0410156, 21574.6875, 248.170403587)
(-18539.984375, 21574.7441406, 248.170403587)
(-18539.9277344, 21574.8007812, 248.170403587)
(-18539.8710938, 21574.8574219, 248.170403587)
(-18539.8144531, 21574.9140625, 248.170403587)
(-18539.7578125, 21574.9707031, 248.170403587)
(-18539.7011719, 21575.0273438, 248.170403587)
(-18539.6445312, 21575.0839844, 248.170403587)
(-18539.5878906, 21575.140625, 248.170403587)
(-18539.53125, 21575.1972656, 248.170403587)
(-18539.4746094, 21575.2539062, 248.170403587)
(-18539.4179688, 21575.3105469, 248.170403587)
(-18539.3613281, 21575.3671875, 248.170403587)
(-18539.3046875, 21575.4238281, 248.170403587)
(-18539.2480469, 21575.4804688, 248.170403587)
(-18539.1914062, 21575.5371094, 248.170403587)
(-18539.1347656, 21575.59375, 248.170403587)
(-18539.078125, 21575.6503906, 248.170403587)
(-18539.0214844, 21575.7070312, 248.170403587)
(-18538.9648438, 21575.7636719, 248.170403587)
(-18538.9082031, 21575.8203125, 248.170403587)
(-18538.8515625, 21575.8769531, 248.170403587)
(-18538.7949219, 21575.9335938, 248.170403587)
(-18538.7382812, 21575.9902344, 248.170403587)
(-18538.6816406, 21576.046875, 248.170403587)
(-18538.625, 21576.1035156, 248.170403587)
(-18538.5683594, 21576.1601562, 248.170403587)
(-18538.5117188, 21576.2167969, 248.170403587)
(-18538.4550781, 21576.2734375, 248.170403587)
(-18538.3984375, 21576.3300781, 248.170403587)
(-18538.3417969, 21576.3867188, 248.170403587)
(-18538.2851562, 21576.4433594, 248.170403587)
(-18538.2285156, 21576.5, 248.170403587)
(-18538.171875, 21576.5566406, 248.170403587)
(-18538.1152344, 21576.6132812, 248.170403587)
(-18538.0585938, 21576.6699219, 248.170403587)
(-18538.0019531, 21576.7265625, 248.170403587)
(-18537.9453125, 21576.7832031, 248.170403587)
(-18537.8886719, 21576.8398438, 248.170403587)
(-18537.8320312, 21576.8964844, 248.170403587)
(-18537.7753906, 21576.953125, 248.170403587)
(-18537.71875, 21577.0097656, 248.170403587)
(-18537.6621094, 21577.0664062, 248.170403587)
(-18537.6054688, 21577.1230469, 248.170403587)
(-18537.5488281, 21577.1796875, 248.170403587)
(-18537.4921875, 21577.2363281, 248.170403587)
(-18537.4355469, 21577.2929688, 248.170403587)
(-18537.3789062, 21577.3496094, 248.170403587)
(-18537.3222656, 21577.40625, 248.170403587)
(-18537.265625, 21577.4628906, 248.170403587)
(-18537.2089844, 21577.5195312, 248.170403587)
(-18537.1523438, 21577.5761719, 248.170403587)
(-18537.0957031, 21577.6328125, 248.170403587)
(-18537.0390625, 21577.6894531, 248.170403587)
(-18536.9824219, 21577.7460938, 248.170403587)
(-18536.9257812, 21577.8027344, 248.170403587)
(-18536.8691406, 21577.859375, 248.170403587)
(-18536.8125, 21577.9160156, 248.170403587)
(-18536.7558594, 21577.9726562, 248.170403587)
(-18536.6992188, 21578.0292969, 248.170403587)
(-18536.6425781, 21578.0859375, 248.170403587)
(-18536.5859375, 21578.1425781, 248.170403587)
(-18536.5292969, 21578.1992188, 248.170403587)
(-18536.4726562, 21578.2558594, 248.170403587)
(-18536.4160156, 21578.3125, 248.170403587)
(-18536.359375, 21578.3691406, 248.170403587)
(-18536.3027344, 21578.4257812, 248.170403587)
(-18536.2460938, 21578.4824219, 248.170403587)
(-18536.1894531, 21578.5390625, 248.170403587)
(-18536.1328125, 21578.5957031, 248.170403587)
(-18536.0761719, 21578.6523438, 248.170403587)
(-18536.0195312, 21578.7089844, 248.170403587)
(-18535.9628906, 21578.765625, 248.170403587)
(-18535.90625, 21578.8222656, 248.170403587)
(-18535.8496094, 21578.8789062, 248.170403587)
(-18535.7929688, 21578.9355469, 248.170403587)
(-18535.7363281, 21578.9921875, 248.170403587)
(-18535.6796875, 21579.0488281, 248.170403587)
(-18535.6230469, 21579.1054688, 248.170403587)
(-18535.5664062, 21579.1621094, 248.170403587)
(-18535.5097656, 21579.21875, 248.170403587)
(-18535.453125, 21579.2753906, 248.170403587)
(-18535.3964844, 21579.3320312, 248.170403587)
(-18535.3398438, 21579.3886719, 248.170403587)
(-18535.2832031, 21579.4453125, 248.170403587)
(-18535.2265625, 21579.5019531, 248.170403587)
(-18535.1699219, 21579.5585938, 248.170403587)
(-18535.1132812, 21579.6152344, 248.170403587)
(-18535.0566406, 21579.671875, 248.170403587)
(-18535.0, 21579.7285156, 248.170403587)
(-18534.9433594, 21579.7851562, 248.170403587)
(-18534.8867188, 21579.8417969, 248.170403587)
(-18534.8300781, 21579.8984375, 248.170403587)
(-18534.7734375, 21579.9550781, 248.170403587)
(-18534.7167969, 21580.0117188, 248.170403587)
(-18534.6601562, 21580.0683594, 248.170403587)
(-18534.6035156, 21580.125, 248.170403587)
(-18534.546875, 21580.1816406, 248.170403587)
(-18534.4902344, 21580.2382812, 248.170403587)
(-18534.4335938, 21580.2949219, 248.170403587)
(-18534.3769531, 21580.3515625, 248.170403587)
(-18534.3203125, 21580.4082031, 248.170403587)
(-18534.2636719, 21580.4648438, 248.170403587)
(-18534.2070312, 21580.5214844, 248.170403587)
(-18534.1503906, 21580.578125, 248.170403587)
(-18534.09375, 21580.6347656, 248.170403587)
(-18534.0371094, 21580.6914062, 248.170403587)
(-18533.9804688, 21580.7480469, 248.170403587)
(-18533.9238281, 21580.8046875, 248.170403587)
(-18533.8671875, 21580.8613281, 248.170403587)
(-18533.8105469, 21580.9179688, 248.170403587)
(-18533.7539062, 21580.9746094, 248.170403587)
(-18533.6972656, 21581.03125, 248.170403587)
(-18533.640625, 21581.0878906, 248.170403587)
(-18533.5839844, 21581.1445312, 248.170403587)
(-18533.5273438, 21581.2011719, 248.170403587)
(-18533.4707031, 21581.2578125, 248.170403587)
(-18533.4140625, 21581.3144531, 248.170403587)
(-18533.3574219, 21581.3710938, 248.170403587)
(-18533.3007812, 21581.4277344, 248.170403587)
(-18533.2441406, 21581.484375, 248.170403587)
(-18533.1875, 21581.5410156, 248.170403587)
(-18533.1308594, 21581.5976562, 248.170403587)
(-18533.0742188, 21581.6542969, 248.170403587)
(-18533.0175781, 21581.7109375, 248.170403587)
(-18532.9609375, 21581.7675781, 248.170403587)
(-18532.9140625, 21581.8320312, 248.170403587)
(-18532.8671875, 21581.8964844, 248.170403587)
(-18532.8203125, 21581.9609375, 248.170403587)
(-18532.7734375, 21582.0253906, 248.170403587)
(-18532.7265625, 21582.0898438, 248.170403587)
(-18532.6796875, 21582.1542969, 248.170403587)
(-18532.6328125, 21582.21875, 248.170403587)
(-18532.5859375, 21582.2832031, 248.170403587)
(-18532.5390625, 21582.3476562, 248.170403587)
(-18532.4921875, 21582.4121094, 248.170403587)
(-18532.4453125, 21582.4765625, 248.170403587)
(-18532.3984375, 21582.5410156, 248.170403587)
(-18532.3515625, 21582.6054688, 248.170403587)
(-18532.3046875, 21582.6699219, 248.170403587)
(-18532.2578125, 21582.734375, 248.170403587)
(-18532.2109375, 21582.7988281, 248.170403587)
(-18532.1640625, 21582.8632812, 248.170403587)
(-18532.1171875, 21582.9277344, 248.170403587)
(-18532.0703125, 21582.9921875, 248.170403587)
(-18532.0234375, 21583.0566406, 248.170403587)
(-18531.9765625, 21583.1210938, 248.170403587)
(-18531.9296875, 21583.1855469, 248.170403587)
(-18531.8828125, 21583.25, 248.170403587)
(-18531.8359375, 21583.3144531, 248.170403587)
(-18531.7890625, 21583.3789062, 248.170403587)
(-18531.7421875, 21583.4433594, 248.170403587)
(-18531.6953125, 21583.5078125, 248.170403587)
(-18531.6484375, 21583.5722656, 248.170403587)
(-18531.6015625, 21583.6367188, 248.170403587)
(-18531.5527344, 21583.7011719, 248.170403587)
(-18531.5039062, 21583.765625, 248.170403587)
(-18531.4550781, 21583.8300781, 248.170403587)
(-18531.40625, 21583.8945312, 248.170403587)
(-18531.359375, 21583.9589844, 248.170403587)
(-18531.3125, 21584.0234375, 248.170403587)
(-18531.265625, 21584.0878906, 248.170403587)
(-18531.2167969, 21584.1523438, 248.170403587)
(-18531.1679688, 21584.2167969, 248.170403587)
(-18531.1191406, 21584.28125, 248.170403587)
(-18531.0703125, 21584.3457031, 248.170403587)
(-18531.0214844, 21584.4101562, 248.170403587)
(-18530.9746094, 21584.4746094, 248.170403587)
(-18530.9277344, 21584.5390625, 248.170403587)
(-18530.8808594, 21584.6035156, 248.170403587)
(-18530.8261719, 21584.6601562, 248.170403587)
(-18530.7695312, 21584.7167969, 248.170403587)
(-18530.7128906, 21584.7734375, 248.170403587)
(-18530.65625, 21584.8300781, 248.170403587)
(-18530.5996094, 21584.8867188, 248.170403587)
(-18530.5429688, 21584.9433594, 248.170403587)
(-18530.4863281, 21585.0, 248.170403587)
(-18530.4316406, 21585.0566406, 248.170403587)
(-18530.3769531, 21585.1132812, 248.170403587)
(-18530.3222656, 21585.1699219, 248.170403587)
(-18530.2675781, 21585.2265625, 248.170403587)
(-18530.2128906, 21585.2832031, 248.170403587)
(-18530.1582031, 21585.3398438, 248.170403587)
(-18530.1035156, 21585.3964844, 248.170403587)
(-18530.0488281, 21585.453125, 248.170403587)
(-18529.9941406, 21585.5097656, 248.170403587)
(-18529.9394531, 21585.5664062, 248.170403587)
(-18529.8847656, 21585.6230469, 248.170403587)
(-18529.8300781, 21585.6796875, 248.170403587)
(-18529.7753906, 21585.7363281, 248.170403587)
(-18529.7207031, 21585.7929688, 248.170403587)
(-18529.6660156, 21585.8496094, 248.170403587)
(-18529.609375, 21585.90625, 248.170403587)
(-18529.5527344, 21585.9628906, 248.170403587)
(-18529.4980469, 21586.0195312, 248.170403587)
(-18529.4433594, 21586.0761719, 248.170403587)
(-18529.3886719, 21586.1328125, 248.170403587)
(-18529.3339844, 21586.1894531, 248.170403587)
(-18529.2792969, 21586.2460938, 248.170403587)
(-18529.2246094, 21586.3027344, 248.170403587)
(-18529.1699219, 21586.359375, 248.170403587)
(-18529.1152344, 21586.4160156, 248.170403587)
(-18529.0605469, 21586.4726562, 248.170403587)
(-18529.0058594, 21586.5292969, 248.170403587)
(-18528.9511719, 21586.5859375, 248.170403587)
(-18528.8945312, 21586.6425781, 248.170403587)
(-18528.8378906, 21586.6992188, 248.170403587)
(-18528.78125, 21586.7558594, 248.170403587)
(-18528.7246094, 21586.8125, 248.170403587)
(-18528.6679688, 21586.8691406, 248.170403587)
(-18528.6113281, 21586.9257812, 248.170403587)
(-18528.5546875, 21586.9824219, 248.170403587)
(-18528.4980469, 21587.0390625, 248.170403587)
(-18528.4414062, 21587.0957031, 248.170403587)
(-18528.3847656, 21587.1523438, 248.170403587)
(-18528.328125, 21587.2089844, 248.170403587)
(-18528.2714844, 21587.265625, 248.170403587)
(-18528.2148438, 21587.3222656, 248.170403587)
(-18528.1582031, 21587.3789062, 248.170403587)
(-18528.1015625, 21587.4355469, 248.170403587)
(-18528.0449219, 21587.4921875, 248.170403587)
(-18527.9882812, 21587.5488281, 248.170403587)
(-18527.9316406, 21587.6054688, 248.170403587)
(-18527.875, 21587.6621094, 248.170403587)
(-18527.8183594, 21587.71875, 248.170403587)
(-18527.7617188, 21587.7753906, 248.170403587)
(-18527.7050781, 21587.8320312, 248.170403587)
(-18527.6484375, 21587.8886719, 248.170403587)
(-18527.5917969, 21587.9453125, 248.170403587)
(-18527.5351562, 21588.0019531, 248.170403587)
(-18527.4785156, 21588.0585938, 248.170403587)
(-18527.421875, 21588.1152344, 248.170403587)
(-18527.3652344, 21588.171875, 248.170403587)
(-18527.3085938, 21588.2285156, 248.170403587)
(-18527.2519531, 21588.2851562, 248.170403587)
(-18527.1953125, 21588.3417969, 248.170403587)
(-18527.1386719, 21588.3984375, 248.170403587)
(-18527.0820312, 21588.4550781, 248.170403587)
(-18527.0253906, 21588.5117188, 248.170403587)
(-18526.96875, 21588.5683594, 248.170403587)
(-18526.9121094, 21588.625, 248.170403587)
(-18526.8554688, 21588.6816406, 248.170403587)
(-18526.7988281, 21588.7382812, 248.170403587)
(-18526.7421875, 21588.7949219, 248.170403587)
(-18526.6855469, 21588.8515625, 248.170403587)
(-18526.6289062, 21588.9082031, 248.170403587)
(-18526.5722656, 21588.9648438, 248.170403587)
(-18526.515625, 21589.0214844, 248.170403587)
(-18526.4589844, 21589.078125, 248.170403587)
(-18526.4023438, 21589.1347656, 248.170403587)
(-18526.3457031, 21589.1914062, 248.170403587)
(-18526.2890625, 21589.2480469, 248.170403587)
(-18526.2324219, 21589.3046875, 248.170403587)
(-18526.1757812, 21589.3613281, 248.170403587)
(-18526.1191406, 21589.4179688, 248.170403587)
(-18526.0625, 21589.4746094, 248.170403587)
(-18526.0058594, 21589.53125, 248.170403587)
(-18525.9492188, 21589.5878906, 248.170403587)
(-18525.8925781, 21589.6445312, 248.170403587)
(-18525.8359375, 21589.7011719, 248.170403587)
(-18525.7792969, 21589.7578125, 248.170403587)
(-18525.7226562, 21589.8144531, 248.170403587)
(-18525.6660156, 21589.8710938, 248.170403587)
(-18525.609375, 21589.9277344, 248.170403587)
(-18525.5527344, 21589.984375, 248.170403587)
(-18525.4960938, 21590.0410156, 248.170403587)
(-18525.4394531, 21590.0976562, 248.170403587)
(-18525.3828125, 21590.1542969, 248.170403587)
(-18525.3261719, 21590.2109375, 248.170403587)
(-18525.2695312, 21590.2675781, 248.170403587)
(-18525.2128906, 21590.3242188, 248.170403587)
(-18525.15625, 21590.3808594, 248.170403587)
(-18525.0996094, 21590.4375, 248.170403587)
(-18525.0429688, 21590.4941406, 248.170403587)
(-18524.9863281, 21590.5507812, 248.170403587)
(-18524.9296875, 21590.6074219, 248.170403587)
(-18524.8730469, 21590.6640625, 248.170403587)
(-18524.8164062, 21590.7207031, 248.170403587)
(-18524.7597656, 21590.7773438, 248.170403587)
(-18524.703125, 21590.8339844, 248.170403587)
(-18524.6464844, 21590.890625, 248.170403587)
(-18524.5898438, 21590.9472656, 248.170403587)
(-18524.5332031, 21591.0039062, 248.170403587)
(-18524.4765625, 21591.0605469, 248.170403587)
(-18524.4199219, 21591.1171875, 248.170403587)
(-18524.3632812, 21591.1738281, 248.170403587)
(-18524.3066406, 21591.2304688, 248.170403587)
(-18524.25, 21591.2871094, 248.170403587)
(-18524.1933594, 21591.34375, 248.170403587)
(-18524.1367188, 21591.4003906, 248.170403587)
(-18524.0800781, 21591.4570312, 248.170403587)
(-18524.0234375, 21591.5136719, 248.170403587)
(-18523.9667969, 21591.5703125, 248.170403587)
(-18523.9101562, 21591.6269531, 248.170403587)
(-18523.8535156, 21591.6835938, 248.170403587)
(-18523.796875, 21591.7402344, 248.170403587)
(-18523.7402344, 21591.796875, 248.170403587)
(-18523.6835938, 21591.8535156, 248.170403587)
(-18523.6269531, 21591.9101562, 248.170403587)
(-18523.5703125, 21591.9667969, 248.170403587)
(-18523.5136719, 21592.0234375, 248.170403587)
(-18523.4570312, 21592.0800781, 248.170403587)
(-18523.4003906, 21592.1367188, 248.170403587)
(-18523.34375, 21592.1933594, 248.170403587)
(-18523.2871094, 21592.25, 248.170403587)
(-18523.2304688, 21592.3066406, 248.170403587)
(-18523.1738281, 21592.3632812, 248.170403587)
(-18523.1171875, 21592.4199219, 248.170403587)
(-18523.0605469, 21592.4765625, 248.170403587)
(-18523.0039062, 21592.5332031, 248.170403587)
(-18522.9472656, 21592.5898438, 248.170403587)
(-18522.890625, 21592.6464844, 248.170403587)
(-18522.8339844, 21592.703125, 248.170403587)
(-18522.7773438, 21592.7597656, 248.170403587)
(-18522.7207031, 21592.8164062, 248.170403587)
(-18522.6640625, 21592.8730469, 248.170403587)
(-18522.6074219, 21592.9296875, 248.170403587)
(-18522.5507812, 21592.9863281, 248.170403587)
(-18522.4941406, 21593.0429688, 248.170403587)
(-18522.4375, 21593.0996094, 248.170403587)
(-18522.3808594, 21593.15625, 248.170403587)
(-18522.3242188, 21593.2128906, 248.170403587)
(-18522.2675781, 21593.2695312, 248.170403587)
(-18522.2109375, 21593.3261719, 248.170403587)
(-18522.1542969, 21593.3828125, 248.170403587)
(-18522.0976562, 21593.4394531, 248.170403587)
(-18522.0410156, 21593.4960938, 248.170403587)
(-18521.984375, 21593.5527344, 248.170403587)
(-18521.9277344, 21593.609375, 248.170403587)
(-18521.8710938, 21593.6660156, 248.170403587)
(-18521.8144531, 21593.7226562, 248.170403587)
(-18521.7578125, 21593.7792969, 248.170403587)
(-18521.7011719, 21593.8359375, 248.170403587)
(-18521.6445312, 21593.8925781, 248.170403587)
(-18521.5878906, 21593.9492188, 248.170403587)
(-18521.53125, 21594.0058594, 248.170403587)
(-18521.4746094, 21594.0625, 248.170403587)
(-18521.4179688, 21594.1191406, 248.170403587)
(-18521.3613281, 21594.1757812, 248.170403587)
(-18521.3046875, 21594.2324219, 248.170403587)
(-18521.2480469, 21594.2890625, 248.170403587)
(-18521.1914062, 21594.3457031, 248.170403587)
(-18521.1347656, 21594.4023438, 248.170403587)
(-18521.078125, 21594.4589844, 248.170403587)
(-18521.0214844, 21594.515625, 248.170403587)
(-18520.9648438, 21594.5722656, 248.170403587)
(-18520.9082031, 21594.6289062, 248.170403587)
(-18520.8515625, 21594.6855469, 248.170403587)
(-18520.7949219, 21594.7421875, 248.170403587)
(-18520.7382812, 21594.7988281, 248.170403587)
(-18520.6816406, 21594.8554688, 248.170403587)
(-18520.625, 21594.9121094, 248.170403587)
(-18520.5683594, 21594.96875, 248.170403587)
(-18520.5117188, 21595.0253906, 248.170403587)
(-18520.4550781, 21595.0820312, 248.170403587)
(-18520.3984375, 21595.1386719, 248.170403587)
(-18520.3417969, 21595.1953125, 248.170403587)
(-18520.2851562, 21595.2519531, 248.170403587)
(-18520.2285156, 21595.3085938, 248.170403587)
(-18520.171875, 21595.3652344, 248.170403587)
(-18520.1152344, 21595.421875, 248.170403587)
(-18520.0585938, 21595.4785156, 248.170403587)
(-18520.0019531, 21595.5351562, 248.170403587)
(-18519.9453125, 21595.5917969, 248.170403587)
(-18519.8886719, 21595.6484375, 248.170403587)
(-18519.8320312, 21595.7050781, 248.170403587)
(-18519.7753906, 21595.7617188, 248.170403587)
(-18519.71875, 21595.8183594, 248.170403587)
(-18519.6621094, 21595.875, 248.170403587)
(-18519.6054688, 21595.9316406, 248.170403587)
(-18519.5488281, 21595.9882812, 248.170403587)
(-18519.4921875, 21596.0449219, 248.170403587)
(-18519.4355469, 21596.1015625, 248.170403587)
(-18519.3789062, 21596.1582031, 248.170403587)
(-18519.3222656, 21596.2148438, 248.170403587)
(-18519.265625, 21596.2714844, 248.170403587)
(-18519.2089844, 21596.328125, 248.170403587)
(-18519.1523438, 21596.3847656, 248.170403587)
(-18519.0957031, 21596.4414062, 248.170403587)
(-18519.0390625, 21596.4980469, 248.170403587)
(-18518.9824219, 21596.5546875, 248.170403587)
(-18518.9257812, 21596.6113281, 248.170403587)
(-18518.8691406, 21596.6679688, 248.170403587)
(-18518.8125, 21596.7246094, 248.170403587)
(-18518.7558594, 21596.78125, 248.170403587)
(-18518.6992188, 21596.8378906, 248.170403587)
(-18518.6425781, 21596.8945312, 248.170403587)
(-18518.5859375, 21596.9511719, 248.170403587)
(-18518.5292969, 21597.0078125, 248.170403587)
(-18518.4726562, 21597.0644531, 248.170403587)
(-18518.4160156, 21597.1210938, 248.170403587)
(-18518.359375, 21597.1777344, 248.170403587)
(-18518.3027344, 21597.234375, 248.170403587)
(-18518.2460938, 21597.2910156, 248.170403587)
(-18518.1894531, 21597.3476562, 248.170403587)
(-18518.1328125, 21597.4042969, 248.170403587)
(-18518.0761719, 21597.4609375, 248.170403587)
(-18518.0195312, 21597.5175781, 248.170403587)
(-18517.9628906, 21597.5742188, 248.170403587)
(-18517.90625, 21597.6308594, 248.170403587)
(-18517.8496094, 21597.6875, 248.170403587)
(-18517.7929688, 21597.7441406, 248.170403587)
(-18517.7363281, 21597.8007812, 248.170403587)
(-18517.6796875, 21597.8574219, 248.170403587)
(-18517.6230469, 21597.9140625, 248.170403587)
(-18517.5664062, 21597.9707031, 248.170403587)
(-18517.5097656, 21598.0273438, 248.170403587)
(-18517.453125, 21598.0839844, 248.170403587)
(-18517.3964844, 21598.140625, 248.170403587)
(-18517.3398438, 21598.1972656, 248.170403587)
(-18517.2832031, 21598.2539062, 248.170403587)
(-18517.2265625, 21598.3105469, 248.170403587)
(-18517.1699219, 21598.3671875, 248.170403587)
(-18517.1132812, 21598.4238281, 248.170403587)
(-18517.0566406, 21598.4804688, 248.170403587)
(-18517.0, 21598.5371094, 248.170403587)
(-18516.9433594, 21598.59375, 248.170403587)
(-18516.8867188, 21598.6503906, 248.170403587)
(-18516.8300781, 21598.7070312, 248.170403587)
(-18516.7734375, 21598.7636719, 248.170403587)
(-18516.7167969, 21598.8203125, 248.170403587)
(-18516.6601562, 21598.8769531, 248.170403587)
(-18516.6035156, 21598.9335938, 248.170403587)
(-18516.546875, 21598.9902344, 248.170403587)
(-18516.4902344, 21599.046875, 248.170403587)
(-18516.4335938, 21599.1035156, 248.170403587)
(-18516.3769531, 21599.1601562, 248.170403587)
(-18516.3203125, 21599.2167969, 248.170403587)
(-18516.2636719, 21599.2734375, 248.170403587)
(-18516.2070312, 21599.3300781, 248.170403587)
(-18516.1503906, 21599.3867188, 248.170403587)
(-18516.09375, 21599.4433594, 248.170403587)
(-18516.0371094, 21599.5, 248.170403587)
(-18515.9804688, 21599.5566406, 248.170403587)
(-18515.9238281, 21599.6132812, 248.170403587)
(-18515.8671875, 21599.6699219, 248.170403587)
(-18515.8105469, 21599.7265625, 248.170403587)
(-18515.7539062, 21599.7832031, 248.170403587)
(-18515.6972656, 21599.8398438, 248.170403587)
(-18515.640625, 21599.8964844, 248.170403587)
(-18515.5839844, 21599.953125, 248.170403587)
(-18515.5273438, 21600.0097656, 248.170403587)
(-18515.4707031, 21600.0664062, 248.170403587)
(-18515.4140625, 21600.1230469, 248.170403587)
(-18515.3574219, 21600.1796875, 248.170403587)
(-18515.3007812, 21600.2363281, 248.170403587)
(-18515.2441406, 21600.2929688, 248.170403587)
(-18515.1875, 21600.3496094, 248.170403587)
(-18515.1308594, 21600.40625, 248.170403587)
(-18515.0742188, 21600.4628906, 248.170403587)
(-18515.0175781, 21600.5195312, 248.170403587)
(-18514.9609375, 21600.5761719, 248.170403587)
(-18514.9042969, 21600.6328125, 248.170403587)
(-18514.8476562, 21600.6894531, 248.170403587)
(-18514.7910156, 21600.7460938, 248.170403587)
(-18514.734375, 21600.8027344, 248.170403587)
(-18514.6777344, 21600.859375, 248.170403587)
(-18514.6210938, 21600.9160156, 248.170403587)
(-18514.5644531, 21600.9726562, 248.170403587)
(-18514.5078125, 21601.0292969, 248.170403587)
(-18514.4511719, 21601.0859375, 248.170403587)
(-18514.3945312, 21601.1425781, 248.170403587)
(-18514.3378906, 21601.1992188, 248.170403587)
(-18514.28125, 21601.2558594, 248.170403587)
(-18514.2246094, 21601.3125, 248.170403587)
(-18514.1679688, 21601.3691406, 248.170403587)
(-18514.1113281, 21601.4257812, 248.170403587)
(-18514.0546875, 21601.4824219, 248.170403587)
(-18513.9980469, 21601.5390625, 248.170403587)
(-18513.9414062, 21601.5957031, 248.170403587)
(-18513.8847656, 21601.6523438, 248.170403587)
(-18513.828125, 21601.7089844, 248.170403587)
(-18513.7714844, 21601.765625, 248.170403587)
(-18513.7148438, 21601.8222656, 248.170403587)
(-18513.6582031, 21601.8789062, 248.170403587)
(-18513.6015625, 21601.9355469, 248.170403587)
(-18513.5449219, 21601.9921875, 248.170403587)
(-18513.4882812, 21602.0488281, 248.170403587)
(-18513.4316406, 21602.1054688, 248.170403587)
(-18513.375, 21602.1621094, 248.170403587)
(-18513.3183594, 21602.21875, 248.170403587)
(-18513.2617188, 21602.2753906, 248.170403587)
(-18513.2050781, 21602.3320312, 248.170403587)
(-18513.1484375, 21602.3886719, 248.170403587)
(-18513.0917969, 21602.4453125, 248.170403587)
(-18513.0351562, 21602.5019531, 248.170403587)
(-18512.9785156, 21602.5585938, 248.170403587)
(-18512.921875, 21602.6152344, 248.170403587)
(-18512.8652344, 21602.671875, 248.170403587)
(-18512.8085938, 21602.7285156, 248.170403587)
(-18512.7519531, 21602.7851562, 248.170403587)
(-18512.6953125, 21602.8417969, 248.170403587)
(-18512.6386719, 21602.8984375, 248.170403587)
(-18512.5820312, 21602.9550781, 248.170403587)
(-18512.5253906, 21603.0117188, 248.170403587)
(-18512.46875, 21603.0683594, 248.170403587)
(-18512.4121094, 21603.125, 248.170403587)
(-18512.3554688, 21603.1816406, 248.170403587)
(-18512.2988281, 21603.2382812, 248.170403587)
(-18512.2421875, 21603.2949219, 248.170403587)
(-18512.1855469, 21603.3515625, 248.170403587)
(-18512.1289062, 21603.4082031, 248.170403587)
(-18512.0722656, 21603.4648438, 248.170403587)
(-18512.015625, 21603.5214844, 248.170403587)
(-18511.9589844, 21603.578125, 248.170403587)
(-18511.9023438, 21603.6347656, 248.170403587)
(-18511.8457031, 21603.6914062, 248.170403587)
(-18511.7890625, 21603.7480469, 248.170403587)
(-18511.7324219, 21603.8046875, 248.170403587)
(-18511.6757812, 21603.8613281, 248.170403587)
(-18511.6191406, 21603.9179688, 248.170403587)
(-18511.5625, 21603.9746094, 248.170403587)
(-18511.5058594, 21604.03125, 248.170403587)
(-18511.4492188, 21604.0878906, 248.170403587)
(-18511.3925781, 21604.1445312, 248.170403587)
(-18511.3359375, 21604.2011719, 248.170403587)
(-18511.2792969, 21604.2578125, 248.170403587)
(-18511.2226562, 21604.3144531, 248.170403587)
(-18511.1660156, 21604.3710938, 248.170403587)
(-18511.109375, 21604.4277344, 248.170403587)
(-18511.0527344, 21604.484375, 248.170403587)
(-18510.9960938, 21604.5410156, 248.170403587)
(-18510.9394531, 21604.5976562, 248.170403587)
(-18510.8828125, 21604.6542969, 248.170403587)
(-18510.8261719, 21604.7109375, 248.170403587)
(-18510.7695312, 21604.7675781, 248.170403587)
(-18510.7128906, 21604.8242188, 248.170403587)
(-18510.65625, 21604.8808594, 248.170403587)
(-18510.5996094, 21604.9375, 248.170403587)
(-18510.5429688, 21604.9941406, 248.170403587)
(-18510.4863281, 21605.0507812, 248.170403587)
(-18510.4296875, 21605.1074219, 248.170403587)
(-18510.3730469, 21605.1640625, 248.170403587)
(-18510.3164062, 21605.2207031, 248.170403587)
(-18510.2597656, 21605.2773438, 248.170403587)
(-18510.203125, 21605.3339844, 248.170403587)
(-18510.1464844, 21605.390625, 248.170403587)
(-18510.0898438, 21605.4472656, 248.170403587)
(-18510.0332031, 21605.5039062, 248.170403587)
(-18509.9765625, 21605.5605469, 248.170403587)
(-18509.9199219, 21605.6171875, 248.170403587)
(-18509.8632812, 21605.6738281, 248.170403587)
(-18509.8066406, 21605.7304688, 248.170403587)
(-18509.75, 21605.7871094, 248.170403587)
(-18509.6933594, 21605.84375, 248.170403587)
(-18509.6367188, 21605.9003906, 248.170403587)
(-18509.5800781, 21605.9570312, 248.170403587)
(-18509.5234375, 21606.0136719, 248.170403587)
(-18509.4667969, 21606.0703125, 248.170403587)
(-18509.4101562, 21606.1269531, 248.170403587)
(-18509.3535156, 21606.1835938, 248.170403587)
(-18509.296875, 21606.2402344, 248.170403587)
(-18509.2402344, 21606.296875, 248.170403587)
(-18509.1835938, 21606.3535156, 248.170403587)
(-18509.1269531, 21606.4101562, 248.170403587)
(-18509.0703125, 21606.4667969, 248.170403587)
(-18509.0136719, 21606.5234375, 248.170403587)
(-18508.9570312, 21606.5800781, 248.170403587)
(-18508.8925781, 21606.6269531, 248.170403587)
(-18508.828125, 21606.6738281, 248.170403587)
(-18508.7636719, 21606.7207031, 248.170403587)
(-18508.6992188, 21606.7675781, 248.170403587)
(-18508.6347656, 21606.8144531, 248.170403587)
(-18508.5703125, 21606.8613281, 248.170403587)
(-18508.5058594, 21606.9082031, 248.170403587)
(-18508.4414062, 21606.9550781, 248.170403587)
(-18508.3769531, 21607.0019531, 248.170403587)
(-18508.3125, 21607.0488281, 248.170403587)
(-18508.2480469, 21607.0957031, 248.170403587)
(-18508.1835938, 21607.1425781, 248.170403587)
(-18508.1191406, 21607.1894531, 248.170403587)
(-18508.0546875, 21607.2363281, 248.170403587)
(-18507.9902344, 21607.2832031, 248.170403587)
(-18507.9257812, 21607.3300781, 248.170403587)
(-18507.8613281, 21607.3769531, 248.170403587)
(-18507.796875, 21607.4238281, 248.170403587)
(-18507.7324219, 21607.4707031, 248.170403587)
(-18507.6679688, 21607.5175781, 248.170403587)
(-18507.6035156, 21607.5644531, 248.170403587)
(-18507.5390625, 21607.6113281, 248.170403587)
(-18507.4746094, 21607.6582031, 248.170403587)
(-18507.4101562, 21607.7050781, 248.170403587)
(-18507.3457031, 21607.7519531, 248.170403587)
(-18507.28125, 21607.7988281, 248.170403587)
(-18507.2167969, 21607.8457031, 248.170403587)
(-18507.1523438, 21607.8925781, 248.170403587)
(-18507.0878906, 21607.9414062, 248.170403587)
(-18507.0234375, 21607.9902344, 248.170403587)
(-18506.9589844, 21608.0390625, 248.170403587)
(-18506.8945312, 21608.0878906, 248.170403587)
(-18506.8300781, 21608.1347656, 248.170403587)
(-18506.765625, 21608.1816406, 248.170403587)
(-18506.7011719, 21608.2304688, 248.170403587)
(-18506.6367188, 21608.2792969, 248.170403587)
(-18506.5722656, 21608.328125, 248.170403587)
(-18506.5078125, 21608.375, 248.170403587)
(-18506.4433594, 21608.421875, 248.170403587)
(-18506.3789062, 21608.4707031, 248.170403587)
(-18506.3144531, 21608.5195312, 248.170403587)
(-18506.25, 21608.5683594, 248.170403587)
(-18506.1855469, 21608.6171875, 248.170403587)
(-18506.1210938, 21608.6640625, 248.170403587)
(-18506.0644531, 21608.71875, 248.170403587)
(-18506.0078125, 21608.7753906, 248.170403587)
(-18505.9511719, 21608.8320312, 248.170403587)
(-18505.8945312, 21608.8886719, 248.170403587)
(-18505.8378906, 21608.9453125, 248.170403587)
(-18505.78125, 21609.0, 248.170403587)
(-18505.7246094, 21609.0546875, 248.170403587)
(-18505.6679688, 21609.109375, 248.170403587)
(-18505.6113281, 21609.1640625, 248.170403587)
(-18505.5546875, 21609.21875, 248.170403587)
(-18505.4980469, 21609.2734375, 248.170403587)
(-18505.4414062, 21609.328125, 248.170403587)
(-18505.3847656, 21609.3828125, 248.170403587)
(-18505.328125, 21609.4375, 248.170403587)
(-18505.2714844, 21609.4921875, 248.170403587)
(-18505.2148438, 21609.546875, 248.170403587)
(-18505.1582031, 21609.6015625, 248.170403587)
(-18505.1015625, 21609.65625, 248.170403587)
(-18505.0449219, 21609.7109375, 248.170403587)
(-18504.9882812, 21609.765625, 248.170403587)
(-18504.9316406, 21609.8203125, 248.170403587)
(-18504.875, 21609.8769531, 248.170403587)
(-18504.8183594, 21609.9335938, 248.170403587)
(-18504.7617188, 21609.9882812, 248.170403587)
(-18504.7050781, 21610.0429688, 248.170403587)
(-18504.6484375, 21610.0976562, 248.170403587)
(-18504.5917969, 21610.1523438, 248.170403587)
(-18504.5351562, 21610.2070312, 248.170403587)
(-18504.4785156, 21610.2617188, 248.170403587)
(-18504.421875, 21610.3164062, 248.170403587)
(-18504.3652344, 21610.3710938, 248.170403587)
(-18504.3085938, 21610.4257812, 248.170403587)
(-18504.2519531, 21610.4804688, 248.170403587)
(-18504.1953125, 21610.5351562, 248.170403587)
(-18504.1386719, 21610.5898438, 248.170403587)
(-18504.0820312, 21610.6464844, 248.170403587)
(-18504.0253906, 21610.703125, 248.170403587)
(-18503.96875, 21610.7597656, 248.170403587)
(-18503.9121094, 21610.8164062, 248.170403587)
(-18503.8554688, 21610.8730469, 248.170403587)
(-18503.7988281, 21610.9296875, 248.170403587)
(-18503.7421875, 21610.9863281, 248.170403587)
(-18503.6855469, 21611.0429688, 248.170403587)
(-18503.6289062, 21611.0996094, 248.170403587)
(-18503.5722656, 21611.15625, 248.170403587)
(-18503.515625, 21611.2128906, 248.170403587)
(-18503.4589844, 21611.2695312, 248.170403587)
(-18503.4023438, 21611.3261719, 248.170403587)
(-18503.3457031, 21611.3828125, 248.170403587)
(-18503.2890625, 21611.4394531, 248.170403587)
(-18503.2324219, 21611.4960938, 248.170403587)
(-18503.1757812, 21611.5527344, 248.170403587)
(-18503.1191406, 21611.609375, 248.170403587)
(-18503.0625, 21611.6660156, 248.170403587)
(-18503.0058594, 21611.7226562, 248.170403587)
(-18502.9492188, 21611.7792969, 248.170403587)
(-18502.8925781, 21611.8359375, 248.170403587)
(-18502.8359375, 21611.8925781, 248.170403587)
(-18502.7792969, 21611.9492188, 248.170403587)
(-18502.7226562, 21612.0058594, 248.170403587)
(-18502.6660156, 21612.0625, 248.170403587)
(-18502.609375, 21612.1191406, 248.170403587)
(-18502.5527344, 21612.1757812, 248.170403587)
(-18502.4960938, 21612.2324219, 248.170403587)
(-18502.4394531, 21612.2890625, 248.170403587)
(-18502.3828125, 21612.3457031, 248.170403587)
(-18502.3261719, 21612.4023438, 248.170403587)
(-18502.2695312, 21612.4589844, 248.170403587)
(-18502.2128906, 21612.515625, 248.170403587)
(-18502.15625, 21612.5722656, 248.170403587)
(-18502.0996094, 21612.6289062, 248.170403587)
(-18502.0429688, 21612.6855469, 248.170403587)
(-18501.9863281, 21612.7421875, 248.170403587)
(-18501.9296875, 21612.7988281, 248.170403587)
(-18501.8730469, 21612.8554688, 248.170403587)
(-18501.8164062, 21612.9121094, 248.170403587)
(-18501.7597656, 21612.96875, 248.170403587)
(-18501.703125, 21613.0253906, 248.170403587)
(-18501.6464844, 21613.0820312, 248.170403587)
(-18501.5898438, 21613.1386719, 248.170403587)
(-18501.5332031, 21613.1953125, 248.170403587)
(-18501.4765625, 21613.2519531, 248.170403587)
(-18501.4199219, 21613.3085938, 248.170403587)
(-18501.3632812, 21613.3652344, 248.170403587)
(-18501.3066406, 21613.421875, 248.170403587)
(-18501.25, 21613.4785156, 248.170403587)
(-18501.1933594, 21613.5351562, 248.170403587)
(-18501.1367188, 21613.5917969, 248.170403587)
(-18501.0800781, 21613.6484375, 248.170403587)
(-18501.0234375, 21613.7050781, 248.170403587)
(-18500.9667969, 21613.7617188, 248.170403587)
(-18500.9101562, 21613.8183594, 248.170403587)
(-18500.8535156, 21613.875, 248.170403587)
(-18500.796875, 21613.9316406, 248.170403587)
(-18500.7402344, 21613.9882812, 248.170403587)
(-18500.6835938, 21614.0449219, 248.170403587)
(-18500.6269531, 21614.1015625, 248.170403587)
(-18500.5703125, 21614.1582031, 248.170403587)
(-18500.5136719, 21614.2148438, 248.170403587)
(-18500.4570312, 21614.2714844, 248.170403587)
(-18500.4003906, 21614.328125, 248.170403587)
(-18500.34375, 21614.3847656, 248.170403587)
(-18500.2871094, 21614.4414062, 248.170403587)
(-18500.2304688, 21614.4980469, 248.170403587)
(-18500.1738281, 21614.5546875, 248.170403587)
(-18500.1171875, 21614.6113281, 248.170403587)
(-18500.0605469, 21614.6679688, 248.170403587)
(-18500.0039062, 21614.7246094, 248.170403587)
(-18499.9472656, 21614.78125, 248.170403587)
(-18499.890625, 21614.8378906, 248.170403587)
(-18499.8339844, 21614.8945312, 248.170403587)
(-18499.7773438, 21614.9511719, 248.170403587)
(-18499.7207031, 21615.0078125, 248.170403587)
(-18499.6640625, 21615.0644531, 248.170403587)
(-18499.6074219, 21615.1210938, 248.170403587)
(-18499.5507812, 21615.1777344, 248.170403587)
(-18499.4941406, 21615.234375, 248.170403587)
(-18499.4375, 21615.2910156, 248.170403587)
(-18499.3808594, 21615.3476562, 248.170403587)
(-18499.3242188, 21615.4042969, 248.170403587)
(-18499.2675781, 21615.4609375, 248.170403587)
(-18499.2109375, 21615.5175781, 248.170403587)
(-18499.1542969, 21615.5742188, 248.170403587)
(-18499.0976562, 21615.6308594, 248.170403587)
(-18499.0410156, 21615.6875, 248.170403587)
(-18498.984375, 21615.7441406, 248.170403587)
(-18498.9277344, 21615.8007812, 248.170403587)
(-18498.8710938, 21615.8574219, 248.170403587)
(-18498.8144531, 21615.9140625, 248.170403587)
(-18498.7578125, 21615.9707031, 248.170403587)
(-18498.7011719, 21616.0273438, 248.170403587)
(-18498.6445312, 21616.0839844, 248.170403587)
(-18498.5878906, 21616.140625, 248.170403587)
(-18498.53125, 21616.1972656, 248.170403587)
(-18498.4746094, 21616.2539062, 248.170403587)
(-18498.4179688, 21616.3105469, 248.170403587)
(-18498.3613281, 21616.3671875, 248.170403587)
(-18498.3046875, 21616.4238281, 248.170403587)
(-18498.2480469, 21616.4804688, 248.170403587)
(-18498.1914062, 21616.5371094, 248.170403587)
(-18498.1347656, 21616.59375, 248.170403587)
(-18498.078125, 21616.6503906, 248.170403587)
(-18498.0214844, 21616.7070312, 248.170403587)
(-18497.9648438, 21616.7636719, 248.170403587)
(-18497.9082031, 21616.8203125, 248.170403587)
(-18497.8515625, 21616.8769531, 248.170403587)
(-18497.7949219, 21616.9335938, 248.170403587)
(-18497.7382812, 21616.9902344, 248.170403587)
(-18497.6816406, 21617.046875, 248.170403587)
(-18497.625, 21617.1035156, 248.170403587)
(-18497.5683594, 21617.1601562, 248.170403587)
(-18497.5117188, 21617.2167969, 248.170403587)
(-18497.4550781, 21617.2734375, 248.170403587)
(-18497.3984375, 21617.3300781, 248.170403587)
(-18497.3417969, 21617.3867188, 248.170403587)
(-18497.2851562, 21617.4433594, 248.170403587)
(-18497.2285156, 21617.5, 248.170403587)
(-18497.171875, 21617.5566406, 248.170403587)
(-18497.1152344, 21617.6132812, 248.170403587)
(-18497.0585938, 21617.6699219, 248.170403587)
(-18497.0019531, 21617.7265625, 248.170403587)
(-18496.9453125, 21617.7832031, 248.170403587)
(-18496.8886719, 21617.8398438, 248.170403587)
(-18496.8320312, 21617.8964844, 248.170403587)
(-18496.7753906, 21617.953125, 248.170403587)
(-18496.71875, 21618.0097656, 248.170403587)
(-18496.6621094, 21618.0664062, 248.170403587)
(-18496.6054688, 21618.1230469, 248.170403587)
(-18496.5488281, 21618.1796875, 248.170403587)
(-18496.4921875, 21618.2363281, 248.170403587)
(-18496.4355469, 21618.2929688, 248.170403587)
(-18496.3789062, 21618.3496094, 248.170403587)
(-18496.3222656, 21618.40625, 248.170403587)
(-18496.265625, 21618.4628906, 248.170403587)
(-18496.2089844, 21618.5195312, 248.170403587)
(-18496.1523438, 21618.5761719, 248.170403587)
(-18496.0957031, 21618.6328125, 248.170403587)
(-18496.0390625, 21618.6894531, 248.170403587)
(-18495.9824219, 21618.7460938, 248.170403587)
(-18495.9257812, 21618.8027344, 248.170403587)
(-18495.8691406, 21618.859375, 248.170403587)
(-18495.8125, 21618.9160156, 248.170403587)
(-18495.7558594, 21618.9726562, 248.170403587)
(-18495.6992188, 21619.0292969, 248.170403587)
(-18495.6425781, 21619.0859375, 248.170403587)
(-18495.5859375, 21619.1425781, 248.170403587)
(-18495.5292969, 21619.1992188, 248.170403587)
(-18495.4726562, 21619.2558594, 248.170403587)
(-18495.4160156, 21619.3125, 248.170403587)
(-18495.359375, 21619.3691406, 248.170403587)
(-18495.3027344, 21619.4257812, 248.170403587)
(-18495.2460938, 21619.4824219, 248.170403587)
(-18495.1894531, 21619.5390625, 248.170403587)
(-18495.1328125, 21619.5957031, 248.170403587)
(-18495.0761719, 21619.6523438, 248.170403587)
(-18495.0195312, 21619.7089844, 248.170403587)
(-18494.9628906, 21619.765625, 248.170403587)
(-18494.90625, 21619.8222656, 248.170403587)
(-18494.8496094, 21619.8789062, 248.170403587)
(-18494.7929688, 21619.9355469, 248.170403587)
(-18494.7363281, 21619.9921875, 248.170403587)
(-18494.6796875, 21620.0488281, 248.170403587)
(-18494.6230469, 21620.1054688, 248.170403587)
(-18494.5664062, 21620.1621094, 248.170403587)
(-18494.5097656, 21620.21875, 248.170403587)
(-18494.453125, 21620.2753906, 248.170403587)
(-18494.3964844, 21620.3320312, 248.170403587)
(-18494.3398438, 21620.3886719, 248.170403587)
(-18494.2832031, 21620.4453125, 248.170403587)
(-18494.2265625, 21620.5019531, 248.170403587)
(-18494.1699219, 21620.5585938, 248.170403587)
(-18494.1132812, 21620.6152344, 248.170403587)
(-18494.0566406, 21620.671875, 248.170403587)
(-18494.0, 21620.7285156, 248.170403587)
(-18493.9433594, 21620.7851562, 248.170403587)
(-18493.8867188, 21620.8417969, 248.170403587)
(-18493.8300781, 21620.8984375, 248.170403587)
(-18493.7734375, 21620.9550781, 248.170403587)
(-18493.7167969, 21621.0117188, 248.170403587)
(-18493.6601562, 21621.0683594, 248.170403587)
(-18493.6035156, 21621.125, 248.170403587)
(-18493.546875, 21621.1816406, 248.170403587)
(-18493.4902344, 21621.2382812, 248.170403587)
(-18493.4335938, 21621.2949219, 248.170403587)
(-18493.3769531, 21621.3515625, 248.170403587)
(-18493.3203125, 21621.4082031, 248.170403587)
(-18493.2636719, 21621.4648438, 248.170403587)
(-18493.2070312, 21621.5214844, 248.170403587)
(-18493.1503906, 21621.578125, 248.170403587)
(-18493.09375, 21621.6347656, 248.170403587)
(-18493.0371094, 21621.6914062, 248.170403587)
(-18492.9804688, 21621.7480469, 248.170403587)
(-18492.9238281, 21621.8046875, 248.170403587)
(-18492.8671875, 21621.8613281, 248.170403587)
(-18492.8105469, 21621.9179688, 248.170403587)
(-18492.7539062, 21621.9746094, 248.170403587)
(-18492.6972656, 21622.03125, 248.170403587)
(-18492.640625, 21622.0878906, 248.170403587)
(-18492.5839844, 21622.1445312, 248.170403587)
(-18492.5273438, 21622.2011719, 248.170403587)
(-18492.4707031, 21622.2578125, 248.170403587)
(-18492.4140625, 21622.3144531, 248.170403587)
(-18492.3574219, 21622.3710938, 248.170403587)
(-18492.3007812, 21622.4277344, 248.170403587)
(-18492.2441406, 21622.484375, 248.170403587)
(-18492.1875, 21622.5410156, 248.170403587)
(-18492.1308594, 21622.5976562, 248.170403587)
(-18492.0742188, 21622.6542969, 248.170403587)
(-18492.0175781, 21622.7109375, 248.170403587)
(-18491.9609375, 21622.7675781, 248.170403587)
(-18491.9042969, 21622.8242188, 248.170403587)
(-18491.8476562, 21622.8808594, 248.170403587)
(-18491.7910156, 21622.9375, 248.170403587)
(-18491.734375, 21622.9941406, 248.170403587)
(-18491.6777344, 21623.0507812, 248.170403587)
(-18491.6210938, 21623.1074219, 248.170403587)
(-18491.5644531, 21623.1640625, 248.170403587)
(-18491.5078125, 21623.2207031, 248.170403587)
(-18491.4511719, 21623.2773438, 248.170403587)
(-18491.3945312, 21623.3339844, 248.170403587)
(-18491.3378906, 21623.390625, 248.170403587)
(-18491.28125, 21623.4472656, 248.170403587)
(-18491.2246094, 21623.5039062, 248.170403587)
(-18491.1679688, 21623.5605469, 248.170403587)
(-18491.1113281, 21623.6171875, 248.170403587)
(-18491.0546875, 21623.6738281, 248.170403587)
(-18490.9980469, 21623.7304688, 248.170403587)
(-18490.9414062, 21623.7871094, 248.170403587)
(-18490.8847656, 21623.84375, 248.170403587)
(-18490.828125, 21623.9003906, 248.170403587)
(-18490.7714844, 21623.9570312, 248.170403587)
(-18490.7148438, 21624.0136719, 248.170403587)
(-18490.6582031, 21624.0703125, 248.170403587)
(-18490.6015625, 21624.1269531, 248.170403587)
(-18490.5449219, 21624.1835938, 248.170403587)
(-18490.4882812, 21624.2402344, 248.170403587)
(-18490.4316406, 21624.296875, 248.170403587)
(-18490.375, 21624.3535156, 248.170403587)
(-18490.3183594, 21624.4101562, 248.170403587)
(-18490.2617188, 21624.4667969, 248.170403587)
(-18490.2050781, 21624.5234375, 248.170403587)
(-18490.1484375, 21624.5800781, 248.170403587)
(-18490.0917969, 21624.6367188, 248.170403587)
(-18490.0351562, 21624.6933594, 248.170403587)
(-18489.9785156, 21624.75, 248.170403587)
(-18489.921875, 21624.8066406, 248.170403587)
(-18489.8652344, 21624.8632812, 248.170403587)
(-18489.8085938, 21624.9199219, 248.170403587)
(-18489.7519531, 21624.9765625, 248.170403587)
(-18489.6953125, 21625.0332031, 248.170403587)
(-18489.6386719, 21625.0898438, 248.170403587)
(-18489.5820312, 21625.1464844, 248.170403587)
(-18489.5253906, 21625.203125, 248.170403587)
(-18489.46875, 21625.2597656, 248.170403587)
(-18489.4121094, 21625.3164062, 248.170403587)
(-18489.3554688, 21625.3730469, 248.170403587)
(-18489.2988281, 21625.4296875, 248.170403587)
(-18489.2421875, 21625.4863281, 248.170403587)
(-18489.1855469, 21625.5429688, 248.170403587)
(-18489.1289062, 21625.5996094, 248.170403587)
(-18489.0722656, 21625.65625, 248.170403587)
(-18489.015625, 21625.7128906, 248.170403587)
(-18488.9589844, 21625.7695312, 248.170403587)
(-18488.9023438, 21625.8261719, 248.170403587)
(-18488.8457031, 21625.8828125, 248.170403587)
(-18488.7890625, 21625.9394531, 248.170403587)
(-18488.7324219, 21625.9960938, 248.170403587)
(-18488.6757812, 21626.0527344, 248.170403587)
(-18488.6191406, 21626.109375, 248.170403587)
(-18488.5625, 21626.1660156, 248.170403587)
(-18488.5058594, 21626.2226562, 248.170403587)
(-18488.4492188, 21626.2792969, 248.170403587)
(-18488.3925781, 21626.3359375, 248.170403587)
(-18488.3359375, 21626.3925781, 248.170403587)
(-18488.2792969, 21626.4492188, 248.170403587)
(-18488.2226562, 21626.5058594, 248.170403587)
(-18488.1660156, 21626.5625, 248.170403587)
(-18488.109375, 21626.6191406, 248.170403587)
(-18488.0527344, 21626.6757812, 248.170403587)
(-18487.9960938, 21626.7324219, 248.170403587)
(-18487.9394531, 21626.7890625, 248.170403587)
(-18487.8828125, 21626.8457031, 248.170403587)
(-18487.8261719, 21626.9023438, 248.170403587)
(-18487.7695312, 21626.9589844, 248.170403587)
(-18487.7128906, 21627.015625, 248.170403587)
(-18487.65625, 21627.0722656, 248.170403587)
(-18487.5996094, 21627.1289062, 248.170403587)
(-18487.5429688, 21627.1855469, 248.170403587)
(-18487.4863281, 21627.2421875, 248.170403587)
(-18487.4296875, 21627.2988281, 248.170403587)
(-18487.3730469, 21627.3554688, 248.170403587)
(-18487.3164062, 21627.4121094, 248.170403587)
(-18487.2597656, 21627.46875, 248.170403587)
(-18487.203125, 21627.5253906, 248.170403587)
(-18487.1464844, 21627.5820312, 248.170403587)
(-18487.0898438, 21627.6386719, 248.170403587)
(-18487.0332031, 21627.6953125, 248.170403587)
(-18486.9765625, 21627.7519531, 248.170403587)
(-18486.9199219, 21627.8085938, 248.170403587)
(-18486.8632812, 21627.8652344, 248.170403587)
(-18486.8066406, 21627.921875, 248.170403587)
(-18486.75, 21627.9785156, 248.170403587)
(-18486.6933594, 21628.0351562, 248.170403587)
(-18486.6367188, 21628.0917969, 248.170403587)
(-18486.5800781, 21628.1484375, 248.170403587)
(-18486.5234375, 21628.2050781, 248.170403587)
(-18486.4667969, 21628.2617188, 248.170403587)
(-18486.4101562, 21628.3183594, 248.170403587)
(-18486.3535156, 21628.375, 248.170403587)
(-18486.296875, 21628.4316406, 248.170403587)
(-18486.2402344, 21628.4882812, 248.170403587)
(-18486.1835938, 21628.5449219, 248.170403587)
(-18486.1269531, 21628.6015625, 248.170403587)
(-18486.0703125, 21628.6582031, 248.170403587)
(-18486.0136719, 21628.7148438, 248.170403587)
(-18485.9570312, 21628.7714844, 248.170403587)
(-18485.9003906, 21628.828125, 248.170403587)
(-18485.84375, 21628.8847656, 248.170403587)
(-18485.7871094, 21628.9414062, 248.170403587)
(-18485.7304688, 21628.9980469, 248.170403587)
(-18485.6738281, 21629.0546875, 248.170403587)
(-18485.6171875, 21629.1113281, 248.170403587)
(-18485.5605469, 21629.1679688, 248.170403587)
(-18485.5039062, 21629.2246094, 248.170403587)
(-18485.4472656, 21629.28125, 248.170403587)
(-18485.390625, 21629.3378906, 248.170403587)
(-18485.3339844, 21629.3945312, 248.170403587)
(-18485.2773438, 21629.4511719, 248.170403587)
(-18485.2207031, 21629.5078125, 248.170403587)
(-18485.1640625, 21629.5644531, 248.170403587)
(-18485.1074219, 21629.6210938, 248.170403587)
(-18485.0507812, 21629.6777344, 248.170403587)
(-18484.9941406, 21629.734375, 248.170403587)
(-18484.9375, 21629.7910156, 248.170403587)
(-18484.8808594, 21629.8476562, 248.170403587)
(-18484.8242188, 21629.9042969, 248.170403587)
(-18484.7675781, 21629.9609375, 248.170403587)
(-18484.7109375, 21630.0175781, 248.170403587)
(-18484.6542969, 21630.0742188, 248.170403587)
(-18484.5976562, 21630.1308594, 248.170403587)
(-18484.5410156, 21630.1875, 248.170403587)
(-18484.484375, 21630.2441406, 248.170403587)
(-18484.4277344, 21630.3007812, 248.170403587)
(-18484.3710938, 21630.3574219, 248.170403587)
(-18484.3144531, 21630.4140625, 248.170403587)
(-18484.2578125, 21630.4707031, 248.170403587)
(-18484.2011719, 21630.5273438, 248.170403587)
(-18484.1445312, 21630.5839844, 248.170403587)
(-18484.0976562, 21630.6484375, 248.170403587)
(-18484.0507812, 21630.7128906, 248.170403587)
(-18484.0039062, 21630.7773438, 248.170403587)
(-18483.9570312, 21630.8417969, 248.170403587)
(-18483.9101562, 21630.90625, 248.170403587)
(-18483.8632812, 21630.9707031, 248.170403587)
(-18483.8164062, 21631.0351562, 248.170403587)
(-18483.7695312, 21631.0996094, 248.170403587)
(-18483.7226562, 21631.1640625, 248.170403587)
(-18483.6757812, 21631.2285156, 248.170403587)
(-18483.6289062, 21631.2929688, 248.170403587)
(-18483.5820312, 21631.3574219, 248.170403587)
(-18483.5351562, 21631.421875, 248.170403587)
(-18483.4882812, 21631.4863281, 248.170403587)
(-18483.4414062, 21631.5507812, 248.170403587)
(-18483.3945312, 21631.6152344, 248.170403587)
(-18483.3476562, 21631.6796875, 248.170403587)
(-18483.3007812, 21631.7441406, 248.170403587)
(-18483.2539062, 21631.8085938, 248.170403587)
(-18483.2070312, 21631.8730469, 248.170403587)
(-18483.1601562, 21631.9375, 248.170403587)
(-18483.1132812, 21632.0019531, 248.170403587)
(-18483.0664062, 21632.0664062, 248.170403587)
(-18483.0195312, 21632.1308594, 248.170403587)
(-18482.9726562, 21632.1953125, 248.170403587)
(-18482.9257812, 21632.2597656, 248.170403587)
(-18482.8789062, 21632.3242188, 248.170403587)
(-18482.8300781, 21632.3886719, 248.170403587)
(-18482.78125, 21632.453125, 248.170403587)
(-18482.7324219, 21632.5175781, 248.170403587)
(-18482.6835938, 21632.5820312, 248.170403587)
(-18482.6367188, 21632.6464844, 248.170403587)
(-18482.5898438, 21632.7109375, 248.170403587)
(-18482.5410156, 21632.7753906, 248.170403587)
(-18482.4921875, 21632.8398438, 248.170403587)
(-18482.4433594, 21632.9042969, 248.170403587)
(-18482.3945312, 21632.96875, 248.170403587)
(-18482.3476562, 21633.0332031, 248.170403587)
(-18482.3007812, 21633.0976562, 248.170403587)
(-18482.2539062, 21633.1621094, 248.170403587)
(-18482.2050781, 21633.2265625, 248.170403587)
(-18482.15625, 21633.2910156, 248.170403587)
(-18482.1074219, 21633.3554688, 248.170403587)
(-18482.0585938, 21633.4199219, 248.170403587)
(-18482.0039062, 21633.4765625, 248.170403587)
(-18481.9472656, 21633.5332031, 248.170403587)
(-18481.890625, 21633.5898438, 248.170403587)
(-18481.8339844, 21633.6464844, 248.170403587)
(-18481.7792969, 21633.703125, 248.170403587)
(-18481.7246094, 21633.7597656, 248.170403587)
(-18481.6699219, 21633.8164062, 248.170403587)
(-18481.6152344, 21633.8730469, 248.170403587)
(-18481.5605469, 21633.9296875, 248.170403587)
(-18481.5058594, 21633.9863281, 248.170403587)
(-18481.4511719, 21634.0429688, 248.170403587)
(-18481.3964844, 21634.0996094, 248.170403587)
(-18481.3417969, 21634.15625, 248.170403587)
(-18481.2871094, 21634.2128906, 248.170403587)
(-18481.2324219, 21634.2695312, 248.170403587)
(-18481.1777344, 21634.3261719, 248.170403587)
(-18481.1230469, 21634.3828125, 248.170403587)
(-18481.0683594, 21634.4394531, 248.170403587)
(-18481.0136719, 21634.4960938, 248.170403587)
(-18480.9589844, 21634.5527344, 248.170403587)
(-18480.9023438, 21634.609375, 248.170403587)
(-18480.8457031, 21634.6660156, 248.170403587)
(-18480.7910156, 21634.7226562, 248.170403587)
(-18480.7363281, 21634.7792969, 248.170403587)
(-18480.6816406, 21634.8359375, 248.170403587)
(-18480.6269531, 21634.8925781, 248.170403587)
(-18480.5722656, 21634.9492188, 248.170403587)
(-18480.5175781, 21635.0058594, 248.170403587)
(-18480.4628906, 21635.0625, 248.170403587)
(-18480.4082031, 21635.1191406, 248.170403587)
(-18480.3535156, 21635.1757812, 248.170403587)
(-18480.2988281, 21635.2324219, 248.170403587)
(-18480.2441406, 21635.2890625, 248.170403587)
(-18480.1894531, 21635.3457031, 248.170403587)
(-18480.1347656, 21635.4023438, 248.170403587)
(-18480.078125, 21635.4589844, 248.170403587)
(-18480.0214844, 21635.515625, 248.170403587)
(-18479.9648438, 21635.5722656, 248.170403587)
(-18479.9082031, 21635.6289062, 248.170403587)
(-18479.8515625, 21635.6855469, 248.170403587)
(-18479.7949219, 21635.7421875, 248.170403587)
(-18479.7382812, 21635.7988281, 248.170403587)
(-18479.6816406, 21635.8554688, 248.170403587)
(-18479.625, 21635.9121094, 248.170403587)
(-18479.5683594, 21635.96875, 248.170403587)
(-18479.5117188, 21636.0253906, 248.170403587)
(-18479.4550781, 21636.0820312, 248.170403587)
(-18479.3984375, 21636.1386719, 248.170403587)
(-18479.3417969, 21636.1953125, 248.170403587)
(-18479.2851562, 21636.2519531, 248.170403587)
(-18479.2285156, 21636.3085938, 248.170403587)
(-18479.171875, 21636.3652344, 248.170403587)
(-18479.1152344, 21636.421875, 248.170403587)
(-18479.0585938, 21636.4785156, 248.170403587)
(-18479.0019531, 21636.5351562, 248.170403587)
(-18478.9453125, 21636.5917969, 248.170403587)
(-18478.8886719, 21636.6484375, 248.170403587)
(-18478.8320312, 21636.7050781, 248.170403587)
(-18478.7753906, 21636.7617188, 248.170403587)
(-18478.71875, 21636.8183594, 248.170403587)
(-18478.6621094, 21636.875, 248.170403587)
(-18478.6054688, 21636.9316406, 248.170403587)
(-18478.5488281, 21636.9882812, 248.170403587)
(-18478.4921875, 21637.0449219, 248.170403587)
(-18478.4355469, 21637.1015625, 248.170403587)
(-18478.3789062, 21637.1582031, 248.170403587)
(-18478.3222656, 21637.2148438, 248.170403587)
(-18478.265625, 21637.2714844, 248.170403587)
(-18478.2089844, 21637.328125, 248.170403587)
(-18478.1523438, 21637.3847656, 248.170403587)
(-18478.0957031, 21637.4414062, 248.170403587)
(-18478.0390625, 21637.4980469, 248.170403587)
(-18477.9824219, 21637.5546875, 248.170403587)
(-18477.9257812, 21637.6113281, 248.170403587)
(-18477.8691406, 21637.6679688, 248.170403587)
(-18477.8125, 21637.7246094, 248.170403587)
(-18477.7558594, 21637.78125, 248.170403587)
(-18477.6992188, 21637.8378906, 248.170403587)
(-18477.6425781, 21637.8945312, 248.170403587)
(-18477.5859375, 21637.9511719, 248.170403587)
(-18477.5292969, 21638.0078125, 248.170403587)
(-18477.4726562, 21638.0644531, 248.170403587)
(-18477.4160156, 21638.1210938, 248.170403587)
(-18477.359375, 21638.1777344, 248.170403587)
(-18477.3027344, 21638.234375, 248.170403587)
(-18477.2460938, 21638.2910156, 248.170403587)
(-18477.1894531, 21638.3476562, 248.170403587)
(-18477.1328125, 21638.4042969, 248.170403587)
(-18477.0761719, 21638.4609375, 248.170403587)
(-18477.0195312, 21638.5175781, 248.170403587)
(-18476.9628906, 21638.5742188, 248.170403587)
(-18476.90625, 21638.6308594, 248.170403587)
(-18476.8496094, 21638.6875, 248.170403587)
(-18476.7929688, 21638.7441406, 248.170403587)
(-18476.7363281, 21638.8007812, 248.170403587)
(-18476.6796875, 21638.8574219, 248.170403587)
(-18476.6230469, 21638.9140625, 248.170403587)
(-18476.5664062, 21638.9707031, 248.170403587)
(-18476.5097656, 21639.0273438, 248.170403587)
(-18476.453125, 21639.0839844, 248.170403587)
(-18476.3964844, 21639.140625, 248.170403587)
(-18476.3398438, 21639.1972656, 248.170403587)
(-18476.2832031, 21639.2539062, 248.170403587)
(-18476.2265625, 21639.3105469, 248.170403587)
(-18476.1699219, 21639.3671875, 248.170403587)
(-18476.1132812, 21639.4238281, 248.170403587)
(-18476.0566406, 21639.4804688, 248.170403587)
(-18476.0, 21639.5371094, 248.170403587)
(-18475.9433594, 21639.59375, 248.170403587)
(-18475.8867188, 21639.6503906, 248.170403587)
(-18475.8300781, 21639.7070312, 248.170403587)
(-18475.7734375, 21639.7636719, 248.170403587)
(-18475.7167969, 21639.8203125, 248.170403587)
(-18475.6601562, 21639.8769531, 248.170403587)
(-18475.6035156, 21639.9335938, 248.170403587)
(-18475.546875, 21639.9902344, 248.170403587)
(-18475.4902344, 21640.046875, 248.170403587)
(-18475.4335938, 21640.1035156, 248.170403587)
(-18475.3769531, 21640.1601562, 248.170403587)
(-18475.3203125, 21640.2167969, 248.170403587)
(-18475.2636719, 21640.2734375, 248.170403587)
(-18475.2070312, 21640.3300781, 248.170403587)
(-18475.1503906, 21640.3867188, 248.170403587)
(-18475.09375, 21640.4433594, 248.170403587)
(-18475.0371094, 21640.5, 248.170403587)
(-18474.9804688, 21640.5566406, 248.170403587)
(-18474.9238281, 21640.6132812, 248.170403587)
(-18474.8671875, 21640.6699219, 248.170403587)
(-18474.8105469, 21640.7265625, 248.170403587)
(-18474.7539062, 21640.7832031, 248.170403587)
(-18474.6972656, 21640.8398438, 248.170403587)
(-18474.640625, 21640.8964844, 248.170403587)
(-18474.5839844, 21640.953125, 248.170403587)
(-18474.5273438, 21641.0097656, 248.170403587)
(-18474.4707031, 21641.0664062, 248.170403587)
(-18474.4140625, 21641.1230469, 248.170403587)
(-18474.3574219, 21641.1796875, 248.170403587)
(-18474.3007812, 21641.2363281, 248.170403587)
(-18474.2441406, 21641.2929688, 248.170403587)
(-18474.1875, 21641.3496094, 248.170403587)
(-18474.1308594, 21641.40625, 248.170403587)
(-18474.0839844, 21641.4707031, 248.170403587)
(-18474.046875, 21641.5410156, 248.170403587)
(-18474.0214844, 21641.6171875, 248.170403587)
(-18474.0078125, 21641.6953125, 248.170403587)
(-18474.0019531, 21641.7753906, 248.170403587)
(-18473.9960938, 21641.8554688, 248.170403587)
(-18473.9902344, 21641.9355469, 248.170403587)
(-18473.984375, 21642.015625, 248.170403587)
(-18473.9785156, 21642.0957031, 248.170403587)
(-18473.9726562, 21642.1757812, 248.170403587)
(-18473.9667969, 21642.2558594, 248.170403587)
(-18473.9609375, 21642.3359375, 248.170403587)
(-18473.9550781, 21642.4160156, 248.170403587)
(-18473.9492188, 21642.4960938, 248.170403587)
(-18473.9433594, 21642.5761719, 248.170403587)
(-18473.9375, 21642.65625, 248.170403587)
(-18473.9316406, 21642.7363281, 248.170403587)
(-18473.9257812, 21642.8164062, 248.170403587)
(-18473.9199219, 21642.8964844, 248.170403587)
(-18473.9140625, 21642.9765625, 248.170403587)
(-18473.9082031, 21643.0566406, 248.170403587)
(-18473.9023438, 21643.1367188, 248.170403587)
(-18473.8847656, 21643.2148438, 248.170403587)
(-18473.8554688, 21643.2890625, 248.170403587)
(-18473.8144531, 21643.3574219, 248.170403587)
(-18473.7636719, 21643.4179688, 248.170403587)
(-18473.703125, 21643.4707031, 248.170403587)
(-18473.6347656, 21643.5136719, 248.170403587)
(-18473.5742188, 21643.5664062, 248.170403587)
(-18473.5058594, 21643.609375, 248.170403587)
(-18473.4453125, 21643.6621094, 248.170403587)
(-18473.3769531, 21643.7050781, 248.170403587)
(-18473.3164062, 21643.7578125, 248.170403587)
(-18473.265625, 21643.8183594, 248.170403587)
(-18473.2246094, 21643.8867188, 248.170403587)
(-18473.1953125, 21643.9609375, 248.170403587)
(-18473.1777344, 21644.0390625, 248.170403587)
(-18473.171875, 21644.1191406, 248.170403587)
(-18473.1777344, 21644.1992188, 248.170403587)
(-18473.1933594, 21644.2773438, 248.170403587)
(-18473.2089844, 21644.3554688, 248.170403587)
(-18473.2246094, 21644.4335938, 248.170403587)
(-18473.2402344, 21644.5117188, 248.170403587)
(-18473.2558594, 21644.5898438, 248.170403587)
(-18473.2597656, 21644.6699219, 248.170403587)
(-18473.2753906, 21644.7480469, 248.170403587)
(-18473.2910156, 21644.8261719, 248.170403587)
(-18473.3066406, 21644.9042969, 248.170403587)
(-18473.3222656, 21644.9824219, 248.170403587)
(-18473.3378906, 21645.0605469, 248.170403587)
(-18473.3535156, 21645.1386719, 248.170403587)
(-18473.3691406, 21645.2167969, 248.170403587)
(-18473.3847656, 21645.2949219, 248.170403587)
(-18473.4003906, 21645.3730469, 248.170403587)
(-18473.4160156, 21645.4511719, 248.170403587)
(-18473.4316406, 21645.5292969, 248.170403587)
(-18473.4472656, 21645.6074219, 248.170403587)
(-18473.4628906, 21645.6855469, 248.170403587)
(-18473.4785156, 21645.7636719, 248.170403587)
(-18473.4941406, 21645.8417969, 248.170403587)
(-18473.5097656, 21645.9199219, 248.170403587)
(-18473.5253906, 21645.9980469, 248.170403587)
(-18473.5410156, 21646.0761719, 248.170403587)
(-18473.5566406, 21646.1542969, 248.170403587)
(-18473.5722656, 21646.2324219, 248.170403587)
(-18473.5878906, 21646.3105469, 248.170403587)
(-18473.6035156, 21646.3886719, 248.170403587)
(-18473.6191406, 21646.4667969, 248.170403587)
(-18473.6347656, 21646.5449219, 248.170403587)
(-18473.6503906, 21646.6230469, 248.170403587)
(-18473.6660156, 21646.7011719, 248.170403587)
(-18473.6816406, 21646.7792969, 248.170403587)
(-18473.6972656, 21646.8574219, 248.170403587)
(-18473.7128906, 21646.9355469, 248.170403587)
(-18473.7285156, 21647.0136719, 248.170403587)
(-18473.7441406, 21647.0917969, 248.170403587)
(-18473.7597656, 21647.1699219, 248.170403587)
(-18473.7753906, 21647.2480469, 248.170403587)
(-18473.7910156, 21647.3261719, 248.170403587)
(-18473.7949219, 21647.40625, 248.170403587)
(-18473.796875, 21647.4863281, 248.170403587)
(-18473.7988281, 21647.5664062, 248.170403587)
(-18473.8007812, 21647.6464844, 248.170403587)
(-18473.8027344, 21647.7265625, 248.170403587)
(-18473.8046875, 21647.8066406, 248.170403587)
(-18473.8066406, 21647.8867188, 248.170403587)
(-18473.8085938, 21647.9667969, 248.170403587)
(-18473.8105469, 21648.046875, 248.170403587)
(-18473.8125, 21648.1269531, 248.170403587)
(-18473.8144531, 21648.2070312, 248.170403587)
(-18473.8164062, 21648.2871094, 248.170403587)
(-18473.8183594, 21648.3671875, 248.170403587)
(-18473.8203125, 21648.4472656, 248.170403587)
(-18473.8222656, 21648.5273438, 248.170403587)
(-18473.8242188, 21648.6074219, 248.170403587)
(-18473.8261719, 21648.6875, 248.170403587)
(-18473.828125, 21648.7675781, 248.170403587)
(-18473.8300781, 21648.8476562, 248.170403587)
(-18473.8320312, 21648.9277344, 248.170403587)
(-18473.8339844, 21649.0078125, 248.170403587)
(-18473.8359375, 21649.0878906, 248.170403587)
(-18473.8398438, 21649.1679688, 248.170403587)
(-18473.84375, 21649.2480469, 248.170403587)
(-18473.8476562, 21649.328125, 248.170403587)
(-18473.8476562, 21649.4082031, 248.170403587)
(-18473.8476562, 21649.4882812, 248.170403587)
(-18473.8476562, 21649.5683594, 248.170403587)
(-18473.8476562, 21649.6484375, 248.170403587)
(-18473.8476562, 21649.7285156, 248.170403587)
(-18473.8476562, 21649.8085938, 248.170403587)
(-18473.8476562, 21649.8886719, 248.170403587)
(-18473.8476562, 21649.96875, 248.170403587)
(-18473.8359375, 21650.046875, 248.170403587)
(-18473.8125, 21650.1230469, 248.170403587)
(-18473.7773438, 21650.1953125, 248.170403587)
(-18473.7324219, 21650.2617188, 248.170403587)
(-18473.6777344, 21650.3203125, 248.170403587)
(-18473.6152344, 21650.3691406, 248.170403587)
(-18473.5449219, 21650.4082031, 248.170403587)
(-18473.4824219, 21650.4570312, 248.170403587)
(-18473.4121094, 21650.4960938, 248.170403587)
(-18473.3496094, 21650.5449219, 248.170403587)
(-18473.2792969, 21650.5839844, 248.170403587)
(-18473.2167969, 21650.6328125, 248.170403587)
(-18473.1621094, 21650.6914062, 248.170403587)
(-18473.0996094, 21650.7402344, 248.170403587)
(-18473.0449219, 21650.7988281, 248.170403587)
(-18472.9824219, 21650.8476562, 248.170403587)
(-18472.9277344, 21650.90625, 248.170403587)
(-18472.8828125, 21650.9726562, 248.170403587)
(-18472.828125, 21651.03125, 248.170403587)
(-18472.7832031, 21651.0976562, 248.170403587)
(-18472.7285156, 21651.15625, 248.170403587)
(-18472.6835938, 21651.2226562, 248.170403587)
(-18472.6289062, 21651.28125, 248.170403587)
(-18472.5839844, 21651.3476562, 248.170403587)
(-18472.5507812, 21651.4199219, 248.170403587)
(-18472.5292969, 21651.4960938, 248.170403587)
(-18472.5195312, 21651.5761719, 248.170403587)
(-18472.5214844, 21651.65625, 248.170403587)
(-18472.5351562, 21651.734375, 248.170403587)
(-18472.5605469, 21651.8105469, 248.170403587)
(-18472.5742188, 21651.8886719, 248.170403587)
(-18472.5761719, 21651.96875, 248.170403587)
(-18472.5664062, 21652.0488281, 248.170403587)
(-18472.5449219, 21652.125, 248.170403587)
(-18472.5117188, 21652.1972656, 248.170403587)
(-18472.4902344, 21652.2734375, 248.170403587)
(-18472.4804688, 21652.3535156, 248.170403587)
(-18472.4824219, 21652.4335938, 248.170403587)
(-18472.4960938, 21652.5117188, 248.170403587)
(-18472.5214844, 21652.5878906, 248.170403587)
(-18472.5527344, 21652.6621094, 248.170403587)
(-18472.5839844, 21652.7363281, 248.170403587)
(-18472.6152344, 21652.8105469, 248.170403587)
(-18472.6464844, 21652.8847656, 248.170403587)
(-18472.6777344, 21652.9589844, 248.170403587)
(-18472.7089844, 21653.0332031, 248.170403587)
(-18472.7402344, 21653.1074219, 248.170403587)
(-18472.7714844, 21653.1816406, 248.170403587)
(-18472.8027344, 21653.2558594, 248.170403587)
(-18472.8339844, 21653.3300781, 248.170403587)
(-18472.8652344, 21653.4042969, 248.170403587)
(-18472.8964844, 21653.4785156, 248.170403587)
(-18472.9277344, 21653.5527344, 248.170403587)
(-18472.9589844, 21653.6269531, 248.170403587)
(-18472.9902344, 21653.7011719, 248.170403587)
(-18473.0214844, 21653.7753906, 248.170403587)
(-18473.0527344, 21653.8496094, 248.170403587)
(-18473.0839844, 21653.9238281, 248.170403587)
(-18473.1152344, 21653.9980469, 248.170403587)
(-18473.1464844, 21654.0703125, 248.170403587)
(-18473.1796875, 21654.1425781, 248.170403587)
(-18473.2128906, 21654.2148438, 248.170403587)
(-18473.2441406, 21654.2871094, 248.170403587)
(-18473.2753906, 21654.3613281, 248.170403587)
(-18473.3066406, 21654.4355469, 248.170403587)
(-18473.3398438, 21654.5078125, 248.170403587)
(-18473.3730469, 21654.5800781, 248.170403587)
(-18473.40625, 21654.6523438, 248.170403587)
(-18473.4375, 21654.7265625, 248.170403587)
(-18473.46875, 21654.8007812, 248.170403587)
(-18473.5, 21654.875, 248.170403587)
(-18473.5332031, 21654.9472656, 248.170403587)
(-18473.5664062, 21655.0195312, 248.170403587)
(-18473.5996094, 21655.0917969, 248.170403587)
(-18473.6308594, 21655.1660156, 248.170403587)
(-18473.6621094, 21655.2402344, 248.170403587)
(-18473.6933594, 21655.3144531, 248.170403587)
(-18473.7265625, 21655.3867188, 248.170403587)
(-18473.7597656, 21655.4589844, 248.170403587)
(-18473.7929688, 21655.53125, 248.170403587)
