(-18599.4199219, 21568.0, 248.170403587)
(-18599.3398438, 21568.0019531, 248.170403587)
(-18599.2597656, 21568.0039062, 248.170403587)
(-18599.1796875, 21568.0058594, 248.170403587)
(-18599.0996094, 21568.0078125, 248.170403587)
(-18599.0195312, 21568.0097656, 248.170403587)
(-18598.9394531, 21568.0117188, 248.170403587)
(-18598.859375, 21568.0136719, 248.170403587)
(-18598.7792969, 21568.015625, 248.170403587)
(-18598.6992188, 21568.0175781, 248.170403587)
(-18598.6191406, 21568.0195312, 248.170403587)
(-18598.5390625, 21568.0195312, 248.170403587)
(-18598.4589844, 21568.0195312, 248.170403587)
(-18598.3789062, 21568.0195312, 248.170403587)
(-18598.2988281, 21568.0214844, 248.170403587)
(-18598.21875, 21568.0234375, 248.170403587)
(-18598.1386719, 21568.0253906, 248.170403587)
(-18598.0585938, 21568.0253906, 248.170403587)
(-18597.9785156, 21568.0253906, 248.170403587)
(-18597.8984375, 21568.0253906, 248.170403587)
(-18597.8203125, 21568.0371094, 248.170403587)
(-18597.7441406, 21568.0605469, 248.170403587)
(-18597.671875, 21568.0957031, 248.170403587)
(-18597.6054688, 21568.140625, 248.170403587)
(-18597.546875, 21568.1933594, 248.170403587)
(-18597.4882812, 21568.2460938, 248.170403587)
(-18597.4296875, 21568.2988281, 248.170403587)
(-18597.3710938, 21568.3515625, 248.170403587)
(-18597.3125, 21568.4042969, 248.170403587)
(-18597.2539062, 21568.4570312, 248.170403587)
(-18597.1953125, 21568.5097656, 248.170403587)
(-18597.1367188, 21568.5625, 248.170403587)
(-18597.078125, 21568.6152344, 248.170403587)
(-18597.0195312, 21568.6699219, 248.170403587)
(-18596.9609375, 21568.7246094, 248.170403587)
(-18596.9023438, 21568.7773438, 248.170403587)
(-18596.84375, 21568.8300781, 248.170403587)
(-18596.7851562, 21568.8828125, 248.170403587)
(-18596.7265625, 21568.9355469, 248.170403587)
(-18596.6679688, 21568.9882812, 248.170403587)
(-18596.609375, 21569.0410156, 248.170403587)
(-18596.5507812, 21569.09375, 248.170403587)
(-18596.4921875, 21569.1464844, 248.170403587)
(-18596.4335938, 21569.1992188, 248.170403587)
(-18596.375, 21569.2539062, 248.170403587)
(-18596.3164062, 21569.3085938, 248.170403587)
(-18596.2578125, 21569.3613281, 248.170403587)
(-18596.1992188, 21569.4140625, 248.170403587)
(-18596.140625, 21569.4667969, 248.170403587)
(-18596.0820312, 21569.5195312, 248.170403587)
(-18596.0234375, 21569.5722656, 248.170403587)
(-18595.9648438, 21569.625, 248.170403587)
(-18595.90625, 21569.6777344, 248.170403587)
(-18595.8476562, 21569.7304688, 248.170403587)
(-18595.7890625, 21569.7832031, 248.170403587)
(-18595.7324219, 21569.8398438, 248.170403587)
(-18595.6757812, 21569.8964844, 248.170403587)
(-18595.6191406, 21569.953125, 248.170403587)
(-18595.5625, 21570.0097656, 248.170403587)
(-18595.5058594, 21570.0664062, 248.170403587)
(-18595.4492188, 21570.1230469, 248.170403587)
(-18595.3925781, 21570.1796875, 248.170403587)
(-18595.3359375, 21570.2363281, 248.170403587)
(-18595.2792969, 21570.2929688, 248.170403587)
(-18595.2226562, 21570.3496094, 248.170403587)
(-18595.1660156, 21570.40625, 248.170403587)
(-18595.109375, 21570.4628906, 248.170403587)
(-18595.0527344, 21570.5195312, 248.170403587)
(-18594.9960938, 21570.5761719, 248.170403587)
(-18594.9394531, 21570.6328125, 248.170403587)
(-18594.8828125, 21570.6894531, 248.170403587)
(-18594.8261719, 21570.7460938, 248.170403587)
(-18594.7695312, 21570.8027344, 248.170403587)
(-18594.7128906, 21570.859375, 248.170403587)
(-18594.65625, 21570.9160156, 248.170403587)
(-18594.5996094, 21570.9726562, 248.170403587)
(-18594.5429688, 21571.0292969, 248.170403587)
(-18594.4863281, 21571.0859375, 248.170403587)
(-18594.4296875, 21571.1425781, 248.170403587)
(-18594.3730469, 21571.1992188, 248.170403587)
(-18594.3164062, 21571.2558594, 248.170403587)
(-18594.2597656, 21571.3125, 248.170403587)
(-18594.203125, 21571.3671875, 248.170403587)
(-18594.1464844, 21571.421875, 248.170403587)
(-18594.0898438, 21571.4765625, 248.170403587)
(-18594.0332031, 21571.53125, 248.170403587)
(-18593.9765625, 21571.5859375, 248.170403587)
(-18593.9199219, 21571.640625, 248.170403587)
(-18593.8632812, 21571.6953125, 248.170403587)
(-18593.8066406, 21571.75, 248.170403587)
(-18593.75, 21571.8046875, 248.170403587)
(-18593.6933594, 21571.8613281, 248.170403587)
(-18593.6367188, 21571.9179688, 248.170403587)
(-18593.5800781, 21571.9746094, 248.170403587)
(-18593.5234375, 21572.03125, 248.170403587)
(-18593.4667969, 21572.0878906, 248.170403587)
(-18593.4101562, 21572.1445312, 248.170403587)
(-18593.3535156, 21572.2011719, 248.170403587)
(-18593.296875, 21572.2578125, 248.170403587)
(-18593.2402344, 21572.3144531, 248.170403587)
(-18593.1835938, 21572.3710938, 248.170403587)
(-18593.1269531, 21572.4277344, 248.170403587)
(-18593.0703125, 21572.484375, 248.170403587)
(-18593.0136719, 21572.5410156, 248.170403587)
(-18592.9570312, 21572.5976562, 248.170403587)
(-18592.9003906, 21572.6542969, 248.170403587)
(-18592.84375, 21572.7109375, 248.170403587)
(-18592.7871094, 21572.7675781, 248.170403587)
(-18592.7304688, 21572.8242188, 248.170403587)
(-18592.6738281, 21572.8808594, 248.170403587)
(-18592.6171875, 21572.9375, 248.170403587)
(-18592.5605469, 21572.9941406, 248.170403587)
(-18592.5039062, 21573.0507812, 248.170403587)
(-18592.4472656, 21573.1074219, 248.170403587)
(-18592.390625, 21573.1640625, 248.170403587)
(-18592.3339844, 21573.2207031, 248.170403587)
(-18592.2773438, 21573.2773438, 248.170403587)
(-18592.2207031, 21573.3339844, 248.170403587)
(-18592.1640625, 21573.390625, 248.170403587)
(-18592.1074219, 21573.4472656, 248.170403587)
(-18592.0507812, 21573.5039062, 248.170403587)
(-18591.9941406, 21573.5605469, 248.170403587)
(-18591.9375, 21573.6171875, 248.170403587)
(-18591.8808594, 21573.6738281, 248.170403587)
(-18591.8242188, 21573.7304688, 248.170403587)
(-18591.7675781, 21573.7871094, 248.170403587)
(-18591.7109375, 21573.84375, 248.170403587)
(-18591.6542969, 21573.9003906, 248.170403587)
(-18591.5976562, 21573.9570312, 248.170403587)
(-18591.5410156, 21574.0136719, 248.170403587)
(-18591.484375, 21574.0703125, 248.170403587)
(-18591.4277344, 21574.1269531, 248.170403587)
(-18591.3710938, 21574.1835938, 248.170403587)
(-18591.3144531, 21574.2402344, 248.170403587)
(-18591.2578125, 21574.296875, 248.170403587)
(-18591.2011719, 21574.3535156, 248.170403587)
(-18591.1445312, 21574.4101562, 248.170403587)
(-18591.0878906, 21574.4667969, 248.170403587)
(-18591.03125, 21574.5234375, 248.170403587)
(-18590.9746094, 21574.5800781, 248.170403587)
(-18590.9179688, 21574.6367188, 248.170403587)
(-18590.8613281, 21574.6933594, 248.170403587)
(-18590.8046875, 21574.75, 248.170403587)
(-18590.7480469, 21574.8066406, 248.170403587)
(-18590.6914062, 21574.8632812, 248.170403587)
(-18590.6347656, 21574.9199219, 248.170403587)
(-18590.578125, 21574.9765625, 248.170403587)
(-18590.5214844, 21575.0332031, 248.170403587)
(-18590.4648438, 21575.0898438, 248.170403587)
(-18590.4082031, 21575.1464844, 248.170403587)
(-18590.3515625, 21575.203125, 248.170403587)
(-18590.2949219, 21575.2597656, 248.170403587)
(-18590.2382812, 21575.3164062, 248.170403587)
(-18590.1816406, 21575.3730469, 248.170403587)
(-18590.125, 21575.4296875, 248.170403587)
(-18590.0683594, 21575.4863281, 248.170403587)
(-18590.0117188, 21575.5429688, 248.170403587)
(-18589.9550781, 21575.5996094, 248.170403587)
(-18589.8984375, 21575.65625, 248.170403587)
(-18589.8417969, 21575.7128906, 248.170403587)
(-18589.7851562, 21575.7695312, 248.170403587)
(-18589.7285156, 21575.8261719, 248.170403587)
(-18589.671875, 21575.8828125, 248.170403587)
(-18589.6152344, 21575.9394531, 248.170403587)
(-18589.5585938, 21575.9960938, 248.170403587)
(-18589.5019531, 21576.0527344, 248.170403587)
(-18589.4453125, 21576.109375, 248.170403587)
(-18589.3886719, 21576.1660156, 248.170403587)
(-18589.3320312, 21576.2226562, 248.170403587)
(-18589.2753906, 21576.2792969, 248.170403587)
(-18589.21875, 21576.3359375, 248.170403587)
(-18589.1621094, 21576.3925781, 248.170403587)
(-18589.1054688, 21576.4492188, 248.170403587)
(-18589.0488281, 21576.5058594, 248.170403587)
(-18588.9921875, 21576.5625, 248.170403587)
(-18588.9355469, 21576.6191406, 248.170403587)
(-18588.8789062, 21576.6757812, 248.170403587)
(-18588.8222656, 21576.7324219, 248.170403587)
(-18588.765625, 21576.7890625, 248.170403587)
(-18588.7089844, 21576.8457031, 248.170403587)
(-18588.6523438, 21576.9023438, 248.170403587)
(-18588.5957031, 21576.9589844, 248.170403587)
(-18588.5390625, 21577.015625, 248.170403587)
(-18588.4824219, 21577.0722656, 248.170403587)
(-18588.4257812, 21577.1289062, 248.170403587)
(-18588.3691406, 21577.1855469, 248.170403587)
(-18588.3125, 21577.2421875, 248.170403587)
(-18588.2558594, 21577.2988281, 248.170403587)
(-18588.1992188, 21577.3554688, 248.170403587)
(-18588.1425781, 21577.4121094, 248.170403587)
(-18588.0859375, 21577.46875, 248.170403587)
(-18588.0292969, 21577.5253906, 248.170403587)
(-18587.9726562, 21577.5820312, 248.170403587)
(-18587.9160156, 21577.6386719, 248.170403587)
(-18587.859375, 21577.6953125, 248.170403587)
(-18587.8027344, 21577.7519531, 248.170403587)
(-18587.7460938, 21577.8085938, 248.170403587)
(-18587.6894531, 21577.8652344, 248.170403587)
(-18587.6328125, 21577.921875, 248.170403587)
(-18587.5761719, 21577.9785156, 248.170403587)
(-18587.5195312, 21578.0351562, 248.170403587)
(-18587.4628906, 21578.0917969, 248.170403587)
(-18587.40625, 21578.1484375, 248.170403587)
(-18587.3496094, 21578.2050781, 248.170403587)
(-18587.2929688, 21578.2617188, 248.170403587)
(-18587.2363281, 21578.3183594, 248.170403587)
(-18587.1796875, 21578.375, 248.170403587)
(-18587.1230469, 21578.4316406, 248.170403587)
(-18587.0664062, 21578.4882812, 248.170403587)
(-18587.0097656, 21578.5449219, 248.170403587)
(-18586.953125, 21578.6015625, 248.170403587)
(-18586.8964844, 21578.6582031, 248.170403587)
(-18586.8398438, 21578.7148438, 248.170403587)
(-18586.7832031, 21578.7714844, 248.170403587)
(-18586.7265625, 21578.828125, 248.170403587)
(-18586.6699219, 21578.8847656, 248.170403587)
(-18586.6132812, 21578.9414062, 248.170403587)
(-18586.5566406, 21578.9980469, 248.170403587)
(-18586.5, 21579.0546875, 248.170403587)
(-18586.4433594, 21579.1113281, 248.170403587)
(-18586.3867188, 21579.1679688, 248.170403587)
(-18586.3300781, 21579.2246094, 248.170403587)
(-18586.2734375, 21579.28125, 248.170403587)
(-18586.2167969, 21579.3378906, 248.170403587)
(-18586.1601562, 21579.3945312, 248.170403587)
(-18586.1035156, 21579.4511719, 248.170403587)
(-18586.046875, 21579.5078125, 248.170403587)
(-18585.9902344, 21579.5644531, 248.170403587)
(-18585.9335938, 21579.6210938, 248.170403587)
(-18585.8769531, 21579.6777344, 248.170403587)
(-18585.8203125, 21579.734375, 248.170403587)
(-18585.7636719, 21579.7910156, 248.170403587)
(-18585.7070312, 21579.8476562, 248.170403587)
(-18585.6503906, 21579.9042969, 248.170403587)
(-18585.59375, 21579.9609375, 248.170403587)
(-18585.5371094, 21580.0175781, 248.170403587)
(-18585.4804688, 21580.0742188, 248.170403587)
(-18585.4238281, 21580.1308594, 248.170403587)
(-18585.3671875, 21580.1875, 248.170403587)
(-18585.3105469, 21580.2441406, 248.170403587)
(-18585.2539062, 21580.3007812, 248.170403587)
(-18585.1972656, 21580.3574219, 248.170403587)
(-18585.140625, 21580.4140625, 248.170403587)
(-18585.0839844, 21580.4707031, 248.170403587)
(-18585.0273438, 21580.5273438, 248.170403587)
(-18584.9707031, 21580.5839844, 248.170403587)
(-18584.9140625, 21580.640625, 248.170403587)
(-18584.8574219, 21580.6972656, 248.170403587)
(-18584.8007812, 21580.7539062, 248.170403587)
(-18584.7441406, 21580.8105469, 248.170403587)
(-18584.6875, 21580.8671875, 248.170403587)
(-18584.6308594, 21580.9238281, 248.170403587)
(-18584.5742188, 21580.9804688, 248.170403587)
(-18584.5175781, 21581.0371094, 248.170403587)
(-18584.4609375, 21581.09375, 248.170403587)
(-18584.4042969, 21581.1503906, 248.170403587)
(-18584.3476562, 21581.2070312, 248.170403587)
(-18584.2910156, 21581.2636719, 248.170403587)
(-18584.234375, 21581.3203125, 248.170403587)
(-18584.1777344, 21581.3769531, 248.170403587)
(-18584.1210938, 21581.4335938, 248.170403587)
(-18584.0644531, 21581.4902344, 248.170403587)
(-18584.0078125, 21581.546875, 248.170403587)
(-18583.9511719, 21581.6035156, 248.170403587)
(-18583.8945312, 21581.6601562, 248.170403587)
(-18583.8378906, 21581.7167969, 248.170403587)
(-18583.78125, 21581.7734375, 248.170403587)
(-18583.734375, 21581.8378906, 248.170403587)
(-18583.6875, 21581.9023438, 248.170403587)
(-18583.640625, 21581.9667969, 248.170403587)
(-18583.59375, 21582.03125, 248.170403587)
(-18583.546875, 21582.0957031, 248.170403587)
(-18583.5, 21582.1601562, 248.170403587)
(-18583.453125, 21582.2246094, 248.170403587)
(-18583.40625, 21582.2890625, 248.170403587)
(-18583.359375, 21582.3535156, 248.170403587)
(-18583.3125, 21582.4179688, 248.170403587)
(-18583.265625, 21582.4824219, 248.170403587)
(-18583.21875, 21582.546875, 248.170403587)
(-18583.171875, 21582.6113281, 248.170403587)
(-18583.125, 21582.6757812, 248.170403587)
(-18583.078125, 21582.7402344, 248.170403587)
(-18583.03125, 21582.8046875, 248.170403587)
(-18582.984375, 21582.8691406, 248.170403587)
(-18582.9375, 21582.9335938, 248.170403587)
(-18582.890625, 21582.9980469, 248.170403587)
(-18582.84375, 21583.0625, 248.170403587)
(-18582.796875, 21583.1269531, 248.170403587)
(-18582.75, 21583.1914062, 248.170403587)
(-18582.703125, 21583.2558594, 248.170403587)
(-18582.65625, 21583.3203125, 248.170403587)
(-18582.609375, 21583.3847656, 248.170403587)
(-18582.5625, 21583.4492188, 248.170403587)
(-18582.515625, 21583.5136719, 248.170403587)
(-18582.46875, 21583.578125, 248.170403587)
(-18582.421875, 21583.6425781, 248.170403587)
(-18582.375, 21583.7070312, 248.170403587)
(-18582.328125, 21583.7714844, 248.170403587)
(-18582.28125, 21583.8359375, 248.170403587)
(-18582.2324219, 21583.9003906, 248.170403587)
(-18582.1835938, 21583.9648438, 248.170403587)
(-18582.1347656, 21584.0292969, 248.170403587)
(-18582.0859375, 21584.09375, 248.170403587)
(-18582.0390625, 21584.1582031, 248.170403587)
(-18581.9921875, 21584.2226562, 248.170403587)
(-18581.9433594, 21584.2871094, 248.170403587)
(-18581.8945312, 21584.3515625, 248.170403587)
(-18581.8457031, 21584.4160156, 248.170403587)
(-18581.7988281, 21584.4804688, 248.170403587)
(-18581.7519531, 21584.5449219, 248.170403587)
(-18581.6972656, 21584.6035156, 248.170403587)
(-18581.6425781, 21584.6601562, 248.170403587)
(-18581.5878906, 21584.7167969, 248.170403587)
(-18581.5332031, 21584.7734375, 248.170403587)
(-18581.4785156, 21584.8300781, 248.170403587)
(-18581.4238281, 21584.8867188, 248.170403587)
(-18581.3691406, 21584.9433594, 248.170403587)
(-18581.3144531, 21585.0, 248.170403587)
(-18581.2597656, 21585.0566406, 248.170403587)
(-18581.2050781, 21585.1132812, 248.170403587)
(-18581.1503906, 21585.1699219, 248.170403587)
(-18581.0957031, 21585.2265625, 248.170403587)
(-18581.0410156, 21585.2832031, 248.170403587)
(-18580.9863281, 21585.3398438, 248.170403587)
(-18580.9316406, 21585.3964844, 248.170403587)
(-18580.8769531, 21585.453125, 248.170403587)
(-18580.8222656, 21585.5097656, 248.170403587)
(-18580.7675781, 21585.5664062, 248.170403587)
(-18580.7128906, 21585.6230469, 248.170403587)
(-18580.6582031, 21585.6796875, 248.170403587)
(-18580.6035156, 21585.7363281, 248.170403587)
(-18580.5488281, 21585.7929688, 248.170403587)
(-18580.4941406, 21585.8496094, 248.170403587)
(-18580.4375, 21585.90625, 248.170403587)
(-18580.3808594, 21585.9628906, 248.170403587)
(-18580.3261719, 21586.0195312, 248.170403587)
(-18580.2714844, 21586.0761719, 248.170403587)
(-18580.2167969, 21586.1328125, 248.170403587)
(-18580.1621094, 21586.1894531, 248.170403587)
(-18580.1074219, 21586.2460938, 248.170403587)
(-18580.0527344, 21586.3027344, 248.170403587)
(-18579.9980469, 21586.359375, 248.170403587)
(-18579.9433594, 21586.4160156, 248.170403587)
(-18579.8886719, 21586.4726562, 248.170403587)
(-18579.8339844, 21586.5292969, 248.170403587)
(-18579.7792969, 21586.5859375, 248.170403587)
(-18579.7226562, 21586.6425781, 248.170403587)
(-18579.6660156, 21586.6992188, 248.170403587)
(-18579.609375, 21586.7558594, 248.170403587)
(-18579.5527344, 21586.8125, 248.170403587)
(-18579.4960938, 21586.8691406, 248.170403587)
(-18579.4394531, 21586.9257812, 248.170403587)
(-18579.3828125, 21586.9824219, 248.170403587)
(-18579.3261719, 21587.0390625, 248.170403587)
(-18579.2695312, 21587.0957031, 248.170403587)
(-18579.2128906, 21587.1523438, 248.170403587)
(-18579.15625, 21587.2089844, 248.170403587)
(-18579.0996094, 21587.265625, 248.170403587)
(-18579.0429688, 21587.3222656, 248.170403587)
(-18578.9863281, 21587.3789062, 248.170403587)
(-18578.9296875, 21587.4355469, 248.170403587)
(-18578.8730469, 21587.4921875, 248.170403587)
(-18578.8164062, 21587.5488281, 248.170403587)
(-18578.7597656, 21587.6054688, 248.170403587)
(-18578.703125, 21587.6621094, 248.170403587)
(-18578.6464844, 21587.71875, 248.170403587)
(-18578.5898438, 21587.7753906, 248.170403587)
(-18578.5332031, 21587.8320312, 248.170403587)
(-18578.4765625, 21587.8886719, 248.170403587)
(-18578.4199219, 21587.9453125, 248.170403587)
(-18578.3632812, 21588.0019531, 248.170403587)
(-18578.3066406, 21588.0585938, 248.170403587)
(-18578.25, 21588.1152344, 248.170403587)
(-18578.1933594, 21588.171875, 248.170403587)
(-18578.1367188, 21588.2285156, 248.170403587)
(-18578.0800781, 21588.2851562, 248.170403587)
(-18578.0234375, 21588.3417969, 248.170403587)
(-18577.9667969, 21588.3984375, 248.170403587)
(-18577.9101562, 21588.4550781, 248.170403587)
(-18577.8535156, 21588.5117188, 248.170403587)
(-18577.796875, 21588.5683594, 248.170403587)
(-18577.7402344, 21588.625, 248.170403587)
(-18577.6835938, 21588.6816406, 248.170403587)
(-18577.6269531, 21588.7382812, 248.170403587)
(-18577.5703125, 21588.7949219, 248.170403587)
(-18577.5136719, 21588.8515625, 248.170403587)
(-18577.4570312, 21588.9082031, 248.170403587)
(-18577.4003906, 21588.9648438, 248.170403587)
(-18577.34375, 21589.0214844, 248.170403587)
(-18577.2871094, 21589.078125, 248.170403587)
(-18577.2304688, 21589.1347656, 248.170403587)
(-18577.1738281, 21589.1914062, 248.170403587)
(-18577.1171875, 21589.2480469, 248.170403587)
(-18577.0605469, 21589.3046875, 248.170403587)
(-18577.0039062, 21589.3613281, 248.170403587)
(-18576.9472656, 21589.4179688, 248.170403587)
(-18576.890625, 21589.4746094, 248.170403587)
(-18576.8339844, 21589.53125, 248.170403587)
(-18576.7773438, 21589.5878906, 248.170403587)
(-18576.7207031, 21589.6445312, 248.170403587)
(-18576.6640625, 21589.7011719, 248.170403587)
(-18576.6074219, 21589.7578125, 248.170403587)
(-18576.5507812, 21589.8144531, 248.170403587)
(-18576.4941406, 21589.8710938, 248.170403587)
(-18576.4375, 21589.9277344, 248.170403587)
(-18576.3808594, 21589.984375, 248.170403587)
(-18576.3242188, 21590.0410156, 248.170403587)
(-18576.2675781, 21590.0976562, 248.170403587)
(-18576.2109375, 21590.1542969, 248.170403587)
(-18576.1542969, 21590.2109375, 248.170403587)
(-18576.0976562, 21590.2675781, 248.170403587)
(-18576.0410156, 21590.3242188, 248.170403587)
(-18575.984375, 21590.3808594, 248.170403587)
(-18575.9277344, 21590.4375, 248.170403587)
(-18575.8710938, 21590.4941406, 248.170403587)
(-18575.8144531, 21590.5507812, 248.170403587)
(-18575.7578125, 21590.6074219, 248.170403587)
(-18575.7011719, 21590.6640625, 248.170403587)
(-18575.6445312, 21590.7207031, 248.170403587)
(-18575.5878906, 21590.7773438, 248.170403587)
(-18575.53125, 21590.8339844, 248.170403587)
(-18575.4746094, 21590.890625, 248.170403587)
(-18575.4179688, 21590.9472656, 248.170403587)
(-18575.3613281, 21591.0039062, 248.170403587)
(-18575.3046875, 21591.0605469, 248.170403587)
(-18575.2480469, 21591.1171875, 248.170403587)
(-18575.1914062, 21591.1738281, 248.170403587)
(-18575.1347656, 21591.2304688, 248.170403587)
(-18575.078125, 21591.2871094, 248.170403587)
(-18575.0214844, 21591.34375, 248.170403587)
(-18574.9648438, 21591.4003906, 248.170403587)
(-18574.9082031, 21591.4570312, 248.170403587)
(-18574.8515625, 21591.5136719, 248.170403587)
(-18574.7949219, 21591.5703125, 248.170403587)
(-18574.7382812, 21591.6269531, 248.170403587)
(-18574.6816406, 21591.6835938, 248.170403587)
(-18574.625, 21591.7402344, 248.170403587)
(-18574.5683594, 21591.796875, 248.170403587)
(-18574.5117188, 21591.8535156, 248.170403587)
(-18574.4550781, 21591.9101562, 248.170403587)
(-18574.3984375, 21591.9667969, 248.170403587)
(-18574.3417969, 21592.0234375, 248.170403587)
(-18574.2851562, 21592.0800781, 248.170403587)
(-18574.2285156, 21592.1367188, 248.170403587)
(-18574.171875, 21592.1933594, 248.170403587)
(-18574.1152344, 21592.25, 248.170403587)
(-18574.0585938, 21592.3066406, 248.170403587)
(-18574.0019531, 21592.3632812, 248.170403587)
(-18573.9453125, 21592.4199219, 248.170403587)
(-18573.8886719, 21592.4765625, 248.170403587)
(-18573.8320312, 21592.5332031, 248.170403587)
(-18573.7753906, 21592.5898438, 248.170403587)
(-18573.71875, 21592.6464844, 248.170403587)
(-18573.6621094, 21592.703125, 248.170403587)
(-18573.6054688, 21592.7597656, 248.170403587)
(-18573.5488281, 21592.8164062, 248.170403587)
(-18573.4921875, 21592.8730469, 248.170403587)
(-18573.4355469, 21592.9296875, 248.170403587)
(-18573.3789062, 21592.9863281, 248.170403587)
(-18573.3222656, 21593.0429688, 248.170403587)
(-18573.265625, 21593.0996094, 248.170403587)
(-18573.2089844, 21593.15625, 248.170403587)
(-18573.1523438, 21593.2128906, 248.170403587)
(-18573.0957031, 21593.2695312, 248.170403587)
(-18573.0390625, 21593.3261719, 248.170403587)
(-18572.9824219, 21593.3828125, 248.170403587)
(-18572.9257812, 21593.4394531, 248.170403587)
(-18572.8691406, 21593.4960938, 248.170403587)
(-18572.8125, 21593.5527344, 248.170403587)
(-18572.7558594, 21593.609375, 248.170403587)
(-18572.6992188, 21593.6660156, 248.170403587)
(-18572.6425781, 21593.7226562, 248.170403587)
(-18572.5859375, 21593.7792969, 248.170403587)
(-18572.5292969, 21593.8359375, 248.170403587)
(-18572.4726562, 21593.8925781, 248.170403587)
(-18572.4160156, 21593.9492188, 248.170403587)
(-18572.359375, 21594.0058594, 248.170403587)
(-18572.3027344, 21594.0625, 248.170403587)
(-18572.2460938, 21594.1191406, 248.170403587)
(-18572.1894531, 21594.1757812, 248.170403587)
(-18572.1328125, 21594.2324219, 248.170403587)
(-18572.0761719, 21594.2890625, 248.170403587)
(-18572.0195312, 21594.3457031, 248.170403587)
(-18571.9628906, 21594.4023438, 248.170403587)
(-18571.90625, 21594.4589844, 248.170403587)
(-18571.8496094, 21594.515625, 248.170403587)
(-18571.7929688, 21594.5722656, 248.170403587)
(-18571.7363281, 21594.6289062, 248.170403587)
(-18571.6796875, 21594.6855469, 248.170403587)
(-18571.6230469, 21594.7421875, 248.170403587)
(-18571.5664062, 21594.7988281, 248.170403587)
(-18571.5097656, 21594.8554688, 248.170403587)
(-18571.453125, 21594.9121094, 248.170403587)
(-18571.3964844, 21594.96875, 248.170403587)
(-18571.3398438, 21595.0253906, 248.170403587)
(-18571.2832031, 21595.0820312, 248.170403587)
(-18571.2265625, 21595.1386719, 248.170403587)
(-18571.1699219, 21595.1953125, 248.170403587)
(-18571.1132812, 21595.2519531, 248.170403587)
(-18571.0566406, 21595.3085938, 248.170403587)
(-18571.0, 21595.3652344, 248.170403587)
(-18570.9433594, 21595.421875, 248.170403587)
(-18570.8867188, 21595.4785156, 248.170403587)
(-18570.8300781, 21595.5351562, 248.170403587)
(-18570.7734375, 21595.5917969, 248.170403587)
(-18570.7167969, 21595.6484375, 248.170403587)
(-18570.6601562, 21595.7050781, 248.170403587)
(-18570.6035156, 21595.7617188, 248.170403587)
(-18570.546875, 21595.8183594, 248.170403587)
(-18570.4902344, 21595.875, 248.170403587)
(-18570.4335938, 21595.9316406, 248.170403587)
(-18570.3769531, 21595.9882812, 248.170403587)
(-18570.3203125, 21596.0449219, 248.170403587)
(-18570.2636719, 21596.1015625, 248.170403587)
(-18570.2070312, 21596.1582031, 248.170403587)
(-18570.1503906, 21596.2148438, 248.170403587)
(-18570.09375, 21596.2714844, 248.170403587)
(-18570.0371094, 21596.328125, 248.170403587)
(-18569.9804688, 21596.3847656, 248.170403587)
(-18569.9238281, 21596.4414062, 248.170403587)
(-18569.8671875, 21596.4980469, 248.170403587)
(-18569.8105469, 21596.5546875, 248.170403587)
(-18569.7539062, 21596.6113281, 248.170403587)
(-18569.6972656, 21596.6679688, 248.170403587)
(-18569.640625, 21596.7246094, 248.170403587)
(-18569.5839844, 21596.78125, 248.170403587)
(-18569.5273438, 21596.8378906, 248.170403587)
(-18569.4707031, 21596.8945312, 248.170403587)
(-18569.4140625, 21596.9511719, 248.170403587)
(-18569.3574219, 21597.0078125, 248.170403587)
(-18569.3007812, 21597.0644531, 248.170403587)
(-18569.2441406, 21597.1210938, 248.170403587)
(-18569.1875, 21597.1777344, 248.170403587)
(-18569.1308594, 21597.234375, 248.170403587)
(-18569.0742188, 21597.2910156, 248.170403587)
(-18569.0175781, 21597.3476562, 248.170403587)
(-18568.9609375, 21597.4042969, 248.170403587)
(-18568.9042969, 21597.4609375, 248.170403587)
(-18568.8476562, 21597.5175781, 248.170403587)
(-18568.7910156, 21597.5742188, 248.170403587)
(-18568.734375, 21597.6308594, 248.170403587)
(-18568.6777344, 21597.6875, 248.170403587)
(-18568.6210938, 21597.7441406, 248.170403587)
(-18568.5644531, 21597.8007812, 248.170403587)
(-18568.5078125, 21597.8574219, 248.170403587)
(-18568.4511719, 21597.9140625, 248.170403587)
(-18568.3945312, 21597.9707031, 248.170403587)
(-18568.3378906, 21598.0273438, 248.170403587)
(-18568.28125, 21598.0839844, 248.170403587)
(-18568.2246094, 21598.140625, 248.170403587)
(-18568.1679688, 21598.1972656, 248.170403587)
(-18568.1113281, 21598.2539062, 248.170403587)
(-18568.0546875, 21598.3105469, 248.170403587)
(-18567.9980469, 21598.3671875, 248.170403587)
(-18567.9414062, 21598.4238281, 248.170403587)
(-18567.8847656, 21598.4804688, 248.170403587)
(-18567.828125, 21598.5371094, 248.170403587)
(-18567.7714844, 21598.59375, 248.170403587)
(-18567.7148438, 21598.6503906, 248.170403587)
(-18567.6582031, 21598.7070312, 248.170403587)
(-18567.6015625, 21598.7636719, 248.170403587)
(-18567.5449219, 21598.8203125, 248.170403587)
(-18567.4882812, 21598.8769531, 248.170403587)
(-18567.4316406, 21598.9335938, 248.170403587)
(-18567.375, 21598.9902344, 248.170403587)
(-18567.3183594, 21599.046875, 248.170403587)
(-18567.2617188, 21599.1035156, 248.170403587)
(-18567.2050781, 21599.1601562, 248.170403587)
(-18567.1484375, 21599.2167969, 248.170403587)
(-18567.0917969, 21599.2734375, 248.170403587)
(-18567.0351562, 21599.3300781, 248.170403587)
(-18566.9785156, 21599.3867188, 248.170403587)
(-18566.921875, 21599.4433594, 248.170403587)
(-18566.8652344, 21599.5, 248.170403587)
(-18566.8085938, 21599.5566406, 248.170403587)
(-18566.7519531, 21599.6132812, 248.170403587)
(-18566.6953125, 21599.6699219, 248.170403587)
(-18566.6386719, 21599.7265625, 248.170403587)
(-18566.5820312, 21599.7832031, 248.170403587)
(-18566.5253906, 21599.8398438, 248.170403587)
(-18566.46875, 21599.8964844, 248.170403587)
(-18566.4121094, 21599.953125, 248.170403587)
(-18566.3554688, 21600.0097656, 248.170403587)
(-18566.2988281, 21600.0664062, 248.170403587)
(-18566.2421875, 21600.1230469, 248.170403587)
(-18566.1855469, 21600.1796875, 248.170403587)
(-18566.1289062, 21600.2363281, 248.170403587)
(-18566.0722656, 21600.2929688, 248.170403587)
(-18566.015625, 21600.3496094, 248.170403587)
(-18565.9589844, 21600.40625, 248.170403587)
(-18565.9023438, 21600.4628906, 248.170403587)
(-18565.8457031, 21600.5195312, 248.170403587)
(-18565.7890625, 21600.5761719, 248.170403587)
(-18565.7324219, 21600.6328125, 248.170403587)
(-18565.6757812, 21600.6894531, 248.170403587)
(-18565.6191406, 21600.7460938, 248.170403587)
(-18565.5625, 21600.8027344, 248.170403587)
(-18565.5058594, 21600.859375, 248.170403587)
(-18565.4492188, 21600.9160156, 248.170403587)
(-18565.3925781, 21600.9726562, 248.170403587)
(-18565.3359375, 21601.0292969, 248.170403587)
(-18565.2792969, 21601.0859375, 248.170403587)
(-18565.2226562, 21601.1425781, 248.170403587)
(-18565.1660156, 21601.1992188, 248.170403587)
(-18565.109375, 21601.2558594, 248.170403587)
(-18565.0527344, 21601.3125, 248.170403587)
(-18564.9960938, 21601.3691406, 248.170403587)
(-18564.9394531, 21601.4257812, 248.170403587)
(-18564.8828125, 21601.4824219, 248.170403587)
(-18564.8261719, 21601.5390625, 248.170403587)
(-18564.7695312, 21601.5957031, 248.170403587)
(-18564.7128906, 21601.6523438, 248.170403587)
(-18564.65625, 21601.7089844, 248.170403587)
(-18564.5996094, 21601.765625, 248.170403587)
(-18564.5429688, 21601.8222656, 248.170403587)
(-18564.4863281, 21601.8789062, 248.170403587)
(-18564.4296875, 21601.9355469, 248.170403587)
(-18564.3730469, 21601.9921875, 248.170403587)
(-18564.3164062, 21602.0488281, 248.170403587)
(-18564.2597656, 21602.1054688, 248.170403587)
(-18564.203125, 21602.1621094, 248.170403587)
(-18564.1464844, 21602.21875, 248.170403587)
(-18564.0898438, 21602.2753906, 248.170403587)
(-18564.0332031, 21602.3320312, 248.170403587)
(-18563.9765625, 21602.3886719, 248.170403587)
(-18563.9199219, 21602.4453125, 248.170403587)
(-18563.8632812, 21602.5019531, 248.170403587)
(-18563.8066406, 21602.5585938, 248.170403587)
(-18563.75, 21602.6152344, 248.170403587)
(-18563.6933594, 21602.671875, 248.170403587)
(-18563.6367188, 21602.7285156, 248.170403587)
(-18563.5800781, 21602.7851562, 248.170403587)
(-18563.5234375, 21602.8417969, 248.170403587)
(-18563.4667969, 21602.8984375, 248.170403587)
(-18563.4101562, 21602.9550781, 248.170403587)
(-18563.3535156, 21603.0117188, 248.170403587)
(-18563.296875, 21603.0683594, 248.170403587)
(-18563.2402344, 21603.125, 248.170403587)
(-18563.1835938, 21603.1816406, 248.170403587)
(-18563.1269531, 21603.2382812, 248.170403587)
(-18563.0703125, 21603.2949219, 248.170403587)
(-18563.0136719, 21603.3515625, 248.170403587)
(-18562.9570312, 21603.4082031, 248.170403587)
(-18562.9003906, 21603.4648438, 248.170403587)
(-18562.84375, 21603.5214844, 248.170403587)
(-18562.7871094, 21603.578125, 248.170403587)
(-18562.7304688, 21603.6347656, 248.170403587)
(-18562.6738281, 21603.6914062, 248.170403587)
(-18562.6171875, 21603.7480469, 248.170403587)
(-18562.5605469, 21603.8046875, 248.170403587)
(-18562.5039062, 21603.8613281, 248.170403587)
(-18562.4472656, 21603.9179688, 248.170403587)
(-18562.390625, 21603.9746094, 248.170403587)
(-18562.3339844, 21604.03125, 248.170403587)
(-18562.2773438, 21604.0878906, 248.170403587)
(-18562.2207031, 21604.1445312, 248.170403587)
(-18562.1640625, 21604.2011719, 248.170403587)
(-18562.1074219, 21604.2578125, 248.170403587)
(-18562.0507812, 21604.3144531, 248.170403587)
(-18561.9941406, 21604.3710938, 248.170403587)
(-18561.9375, 21604.4277344, 248.170403587)
(-18561.8808594, 21604.484375, 248.170403587)
(-18561.8242188, 21604.5410156, 248.170403587)
(-18561.7675781, 21604.5976562, 248.170403587)
(-18561.7109375, 21604.6542969, 248.170403587)
(-18561.6542969, 21604.7109375, 248.170403587)
(-18561.5976562, 21604.7675781, 248.170403587)
(-18561.5410156, 21604.8242188, 248.170403587)
(-18561.484375, 21604.8808594, 248.170403587)
(-18561.4277344, 21604.9375, 248.170403587)
(-18561.3710938, 21604.9941406, 248.170403587)
(-18561.3144531, 21605.0507812, 248.170403587)
(-18561.2578125, 21605.1074219, 248.170403587)
(-18561.2011719, 21605.1640625, 248.170403587)
(-18561.1445312, 21605.2207031, 248.170403587)
(-18561.0878906, 21605.2773438, 248.170403587)
(-18561.03125, 21605.3339844, 248.170403587)
(-18560.9746094, 21605.390625, 248.170403587)
(-18560.9179688, 21605.4472656, 248.170403587)
(-18560.8613281, 21605.5039062, 248.170403587)
(-18560.8046875, 21605.5605469, 248.170403587)
(-18560.7480469, 21605.6171875, 248.170403587)
(-18560.6914062, 21605.6738281, 248.170403587)
(-18560.6347656, 21605.7304688, 248.170403587)
(-18560.578125, 21605.7871094, 248.170403587)
(-18560.5214844, 21605.84375, 248.170403587)
(-18560.4648438, 21605.9003906, 248.170403587)
(-18560.4082031, 21605.9570312, 248.170403587)
(-18560.3515625, 21606.0136719, 248.170403587)
(-18560.2949219, 21606.0703125, 248.170403587)
(-18560.2382812, 21606.1269531, 248.170403587)
(-18560.1816406, 21606.1835938, 248.170403587)
(-18560.125, 21606.2402344, 248.170403587)
(-18560.0683594, 21606.296875, 248.170403587)
(-18560.0117188, 21606.3535156, 248.170403587)
(-18559.9550781, 21606.4101562, 248.170403587)
(-18559.8984375, 21606.4667969, 248.170403587)
(-18559.8417969, 21606.5234375, 248.170403587)
(-18559.7851562, 21606.5800781, 248.170403587)
(-18559.7285156, 21606.6367188, 248.170403587)
(-18559.671875, 21606.6933594, 248.170403587)
(-18559.6152344, 21606.75, 248.170403587)
(-18559.5585938, 21606.8066406, 248.170403587)
(-18559.5019531, 21606.8632812, 248.170403587)
(-18559.4453125, 21606.9199219, 248.170403587)
(-18559.3886719, 21606.9765625, 248.170403587)
(-18559.3320312, 21607.0332031, 248.170403587)
(-18559.2753906, 21607.0898438, 248.170403587)
(-18559.21875, 21607.1464844, 248.170403587)
(-18559.1621094, 21607.203125, 248.170403587)
(-18559.1054688, 21607.2597656, 248.170403587)
(-18559.0488281, 21607.3164062, 248.170403587)
(-18558.9921875, 21607.3730469, 248.170403587)
(-18558.9355469, 21607.4296875, 248.170403587)
(-18558.8789062, 21607.4863281, 248.170403587)
(-18558.8222656, 21607.5429688, 248.170403587)
(-18558.765625, 21607.5996094, 248.170403587)
(-18558.7089844, 21607.65625, 248.170403587)
(-18558.6523438, 21607.7128906, 248.170403587)
(-18558.5957031, 21607.7695312, 248.170403587)
(-18558.5390625, 21607.8261719, 248.170403587)
(-18558.4824219, 21607.8828125, 248.170403587)
(-18558.4257812, 21607.9394531, 248.170403587)
(-18558.3691406, 21607.9960938, 248.170403587)
(-18558.3125, 21608.0527344, 248.170403587)
(-18558.2558594, 21608.109375, 248.170403587)
(-18558.1992188, 21608.1660156, 248.170403587)
(-18558.1425781, 21608.2226562, 248.170403587)
(-18558.0859375, 21608.2792969, 248.170403587)
(-18558.0292969, 21608.3359375, 248.170403587)
(-18557.9726562, 21608.3925781, 248.170403587)
(-18557.9160156, 21608.4492188, 248.170403587)
(-18557.859375, 21608.5058594, 248.170403587)
(-18557.8027344, 21608.5625, 248.170403587)
(-18557.7460938, 21608.6191406, 248.170403587)
(-18557.6816406, 21608.6660156, 248.170403587)
(-18557.6171875, 21608.7128906, 248.170403587)
(-18557.5527344, 21608.7597656, 248.170403587)
(-18557.4882812, 21608.8066406, 248.170403587)
(-18557.4238281, 21608.8535156, 248.170403587)
(-18557.359375, 21608.9003906, 248.170403587)
(-18557.2949219, 21608.9472656, 248.170403587)
(-18557.2304688, 21608.9941406, 248.170403587)
(-18557.1660156, 21609.0410156, 248.170403587)
(-18557.1015625, 21609.0878906, 248.170403587)
(-18557.0371094, 21609.1347656, 248.170403587)
(-18556.9726562, 21609.1816406, 248.170403587)
(-18556.9082031, 21609.2285156, 248.170403587)
(-18556.84375, 21609.2753906, 248.170403587)
(-18556.7792969, 21609.3222656, 248.170403587)
(-18556.7148438, 21609.3691406, 248.170403587)
(-18556.6503906, 21609.4160156, 248.170403587)
(-18556.5859375, 21609.4628906, 248.170403587)
(-18556.5214844, 21609.5097656, 248.170403587)
(-18556.4570312, 21609.5566406, 248.170403587)
(-18556.3925781, 21609.6035156, 248.170403587)
(-18556.328125, 21609.6503906, 248.170403587)
(-18556.2636719, 21609.6972656, 248.170403587)
(-18556.1992188, 21609.7441406, 248.170403587)
(-18556.1347656, 21609.7910156, 248.170403587)
(-18556.0703125, 21609.8378906, 248.170403587)
(-18556.0058594, 21609.8847656, 248.170403587)
(-18555.9414062, 21609.9316406, 248.170403587)
(-18555.8769531, 21609.9785156, 248.170403587)
(-18555.8125, 21610.0253906, 248.170403587)
(-18555.7480469, 21610.0722656, 248.170403587)
(-18555.6835938, 21610.1191406, 248.170403587)
(-18555.6191406, 21610.1660156, 248.170403587)
(-18555.5546875, 21610.2128906, 248.170403587)
(-18555.4902344, 21610.2597656, 248.170403587)
(-18555.4257812, 21610.3066406, 248.170403587)
(-18555.3613281, 21610.3554688, 248.170403587)
(-18555.296875, 21610.4042969, 248.170403587)
(-18555.2324219, 21610.453125, 248.170403587)
(-18555.1679688, 21610.5019531, 248.170403587)
(-18555.1035156, 21610.5488281, 248.170403587)
(-18555.0390625, 21610.5957031, 248.170403587)
(-18554.9746094, 21610.6445312, 248.170403587)
(-18554.9160156, 21610.6992188, 248.170403587)
(-18554.859375, 21610.7539062, 248.170403587)
(-18554.8027344, 21610.8105469, 248.170403587)
(-18554.7460938, 21610.8671875, 248.170403587)
(-18554.6894531, 21610.921875, 248.170403587)
(-18554.6328125, 21610.9765625, 248.170403587)
(-18554.5761719, 21611.03125, 248.170403587)
(-18554.5195312, 21611.0859375, 248.170403587)
(-18554.4628906, 21611.140625, 248.170403587)
(-18554.40625, 21611.1953125, 248.170403587)
(-18554.3496094, 21611.25, 248.170403587)
(-18554.2929688, 21611.3046875, 248.170403587)
(-18554.2363281, 21611.359375, 248.170403587)
(-18554.1796875, 21611.4140625, 248.170403587)
(-18554.1230469, 21611.46875, 248.170403587)
(-18554.0664062, 21611.5234375, 248.170403587)
(-18554.0097656, 21611.578125, 248.170403587)
(-18553.953125, 21611.6347656, 248.170403587)
(-18553.8964844, 21611.6914062, 248.170403587)
(-18553.8398438, 21611.7460938, 248.170403587)
(-18553.7832031, 21611.8007812, 248.170403587)
(-18553.7265625, 21611.8554688, 248.170403587)
(-18553.6699219, 21611.9101562, 248.170403587)
(-18553.6132812, 21611.9648438, 248.170403587)
(-18553.5566406, 21612.0195312, 248.170403587)
(-18553.5, 21612.0742188, 248.170403587)
(-18553.4433594, 21612.1289062, 248.170403587)
(-18553.3867188, 21612.1835938, 248.170403587)
(-18553.3300781, 21612.2382812, 248.170403587)
(-18553.2734375, 21612.2929688, 248.170403587)
(-18553.2167969, 21612.3476562, 248.170403587)
(-18553.1601562, 21612.4023438, 248.170403587)
(-18553.1035156, 21612.4570312, 248.170403587)
(-18553.046875, 21612.5117188, 248.170403587)
(-18552.9902344, 21612.5664062, 248.170403587)
(-18552.9335938, 21612.6210938, 248.170403587)
(-18552.8769531, 21612.6777344, 248.170403587)
(-18552.8203125, 21612.734375, 248.170403587)
(-18552.7636719, 21612.7910156, 248.170403587)
(-18552.7070312, 21612.8476562, 248.170403587)
(-18552.6503906, 21612.9042969, 248.170403587)
(-18552.59375, 21612.9609375, 248.170403587)
(-18552.5371094, 21613.0175781, 248.170403587)
(-18552.4804688, 21613.0742188, 248.170403587)
(-18552.4238281, 21613.1308594, 248.170403587)
(-18552.3671875, 21613.1875, 248.170403587)
(-18552.3105469, 21613.2441406, 248.170403587)
(-18552.2539062, 21613.3007812, 248.170403587)
(-18552.1972656, 21613.3574219, 248.170403587)
(-18552.140625, 21613.4140625, 248.170403587)
(-18552.0839844, 21613.4707031, 248.170403587)
(-18552.0273438, 21613.5273438, 248.170403587)
(-18551.9707031, 21613.5839844, 248.170403587)
(-18551.9140625, 21613.640625, 248.170403587)
(-18551.8574219, 21613.6972656, 248.170403587)
(-18551.8007812, 21613.7539062, 248.170403587)
(-18551.7441406, 21613.8105469, 248.170403587)
(-18551.6875, 21613.8671875, 248.170403587)
(-18551.6308594, 21613.9238281, 248.170403587)
(-18551.5742188, 21613.9804688, 248.170403587)
(-18551.5175781, 21614.0371094, 248.170403587)
(-18551.4609375, 21614.09375, 248.170403587)
(-18551.4042969, 21614.1503906, 248.170403587)
(-18551.3476562, 21614.2070312, 248.170403587)
(-18551.2910156, 21614.2636719, 248.170403587)
(-18551.234375, 21614.3203125, 248.170403587)
(-18551.1777344, 21614.3769531, 248.170403587)
(-18551.1210938, 21614.4335938, 248.170403587)
(-18551.0644531, 21614.4902344, 248.170403587)
(-18551.0078125, 21614.546875, 248.170403587)
(-18550.9511719, 21614.6035156, 248.170403587)
(-18550.8945312, 21614.6601562, 248.170403587)
(-18550.8378906, 21614.7167969, 248.170403587)
(-18550.78125, 21614.7734375, 248.170403587)
(-18550.7246094, 21614.8300781, 248.170403587)
(-18550.6679688, 21614.8867188, 248.170403587)
(-18550.6113281, 21614.9433594, 248.170403587)
(-18550.5546875, 21615.0, 248.170403587)
(-18550.4980469, 21615.0566406, 248.170403587)
(-18550.4414062, 21615.1132812, 248.170403587)
(-18550.3847656, 21615.1699219, 248.170403587)
(-18550.328125, 21615.2265625, 248.170403587)
(-18550.2714844, 21615.2832031, 248.170403587)
(-18550.2148438, 21615.3398438, 248.170403587)
(-18550.1582031, 21615.3964844, 248.170403587)
(-18550.1015625, 21615.453125, 248.170403587)
(-18550.0449219, 21615.5097656, 248.170403587)
(-18549.9882812, 21615.5664062, 248.170403587)
(-18549.9316406, 21615.6230469, 248.170403587)
(-18549.875, 21615.6796875, 248.170403587)
(-18549.8183594, 21615.7363281, 248.170403587)
(-18549.7617188, 21615.7929688, 248.170403587)
(-18549.7050781, 21615.8496094, 248.170403587)
(-18549.6484375, 21615.90625, 248.170403587)
(-18549.5917969, 21615.9628906, 248.170403587)
(-18549.5351562, 21616.0195312, 248.170403587)
(-18549.4785156, 21616.0761719, 248.170403587)
(-18549.421875, 21616.1328125, 248.170403587)
(-18549.3652344, 21616.1894531, 248.170403587)
(-18549.3085938, 21616.2460938, 248.170403587)
(-18549.2519531, 21616.3027344, 248.170403587)
(-18549.1953125, 21616.359375, 248.170403587)
(-18549.1386719, 21616.4160156, 248.170403587)
(-18549.0820312, 21616.4726562, 248.170403587)
(-18549.0253906, 21616.5292969, 248.170403587)
(-18548.96875, 21616.5859375, 248.170403587)
(-18548.9121094, 21616.6425781, 248.170403587)
(-18548.8554688, 21616.6992188, 248.170403587)
(-18548.7988281, 21616.7558594, 248.170403587)
(-18548.7421875, 21616.8125, 248.170403587)
(-18548.6855469, 21616.8691406, 248.170403587)
(-18548.6289062, 21616.9257812, 248.170403587)
(-18548.5722656, 21616.9824219, 248.170403587)
(-18548.515625, 21617.0390625, 248.170403587)
(-18548.4589844, 21617.0957031, 248.170403587)
(-18548.4023438, 21617.1523438, 248.170403587)
(-18548.3457031, 21617.2089844, 248.170403587)
(-18548.2890625, 21617.265625, 248.170403587)
(-18548.2324219, 21617.3222656, 248.170403587)
(-18548.1757812, 21617.3789062, 248.170403587)
(-18548.1191406, 21617.4355469, 248.170403587)
(-18548.0625, 21617.4921875, 248.170403587)
(-18548.0058594, 21617.5488281, 248.170403587)
(-18547.9492188, 21617.6054688, 248.170403587)
(-18547.8925781, 21617.6621094, 248.170403587)
(-18547.8359375, 21617.71875, 248.170403587)
(-18547.7792969, 21617.7753906, 248.170403587)
(-18547.7226562, 21617.8320312, 248.170403587)
(-18547.6660156, 21617.8886719, 248.170403587)
(-18547.609375, 21617.9453125, 248.170403587)
(-18547.5527344, 21618.0019531, 248.170403587)
(-18547.4960938, 21618.0585938, 248.170403587)
(-18547.4394531, 21618.1152344, 248.170403587)
(-18547.3828125, 21618.171875, 248.170403587)
(-18547.3261719, 21618.2285156, 248.170403587)
(-18547.2695312, 21618.2851562, 248.170403587)
(-18547.2128906, 21618.3417969, 248.170403587)
(-18547.15625, 21618.3984375, 248.170403587)
(-18547.0996094, 21618.4550781, 248.170403587)
(-18547.0429688, 21618.5117188, 248.170403587)
(-18546.9863281, 21618.5683594, 248.170403587)
(-18546.9296875, 21618.625, 248.170403587)
(-18546.8730469, 21618.6816406, 248.170403587)
(-18546.8164062, 21618.7382812, 248.170403587)
(-18546.7597656, 21618.7949219, 248.170403587)
(-18546.703125, 21618.8515625, 248.170403587)
(-18546.6464844, 21618.9082031, 248.170403587)
(-18546.5898438, 21618.9648438, 248.170403587)
(-18546.5332031, 21619.0214844, 248.170403587)
(-18546.4765625, 21619.078125, 248.170403587)
(-18546.4199219, 21619.1347656, 248.170403587)
(-18546.3632812, 21619.1914062, 248.170403587)
(-18546.3066406, 21619.2480469, 248.170403587)
(-18546.25, 21619.3046875, 248.170403587)
(-18546.1933594, 21619.3613281, 248.170403587)
(-18546.1367188, 21619.4179688, 248.170403587)
(-18546.0800781, 21619.4746094, 248.170403587)
(-18546.0234375, 21619.53125, 248.170403587)
(-18545.9667969, 21619.5878906, 248.170403587)
(-18545.9101562, 21619.6445312, 248.170403587)
(-18545.8535156, 21619.7011719, 248.170403587)
(-18545.796875, 21619.7578125, 248.170403587)
(-18545.7402344, 21619.8144531, 248.170403587)
(-18545.6835938, 21619.8710938, 248.170403587)
(-18545.6269531, 21619.9277344, 248.170403587)
(-18545.5703125, 21619.984375, 248.170403587)
(-18545.5136719, 21620.0410156, 248.170403587)
(-18545.4570312, 21620.0976562, 248.170403587)
(-18545.4003906, 21620.1542969, 248.170403587)
(-18545.34375, 21620.2109375, 248.170403587)
(-18545.2871094, 21620.2675781, 248.170403587)
(-18545.2304688, 21620.3242188, 248.170403587)
(-18545.1738281, 21620.3808594, 248.170403587)
(-18545.1171875, 21620.4375, 248.170403587)
(-18545.0605469, 21620.4941406, 248.170403587)
(-18545.0039062, 21620.5507812, 248.170403587)
(-18544.9472656, 21620.6074219, 248.170403587)
(-18544.890625, 21620.6640625, 248.170403587)
(-18544.8339844, 21620.7207031, 248.170403587)
(-18544.7773438, 21620.7773438, 248.170403587)
(-18544.7207031, 21620.8339844, 248.170403587)
(-18544.6640625, 21620.890625, 248.170403587)
(-18544.6074219, 21620.9472656, 248.170403587)
(-18544.5507812, 21621.0039062, 248.170403587)
(-18544.4941406, 21621.0605469, 248.170403587)
(-18544.4375, 21621.1171875, 248.170403587)
(-18544.3808594, 21621.1738281, 248.170403587)
(-18544.3242188, 21621.2304688, 248.170403587)
(-18544.2675781, 21621.2871094, 248.170403587)
(-18544.2109375, 21621.34375, 248.170403587)
(-18544.1542969, 21621.4003906, 248.170403587)
(-18544.0976562, 21621.4570312, 248.170403587)
(-18544.0410156, 21621.5136719, 248.170403587)
(-18543.984375, 21621.5703125, 248.170403587)
(-18543.9277344, 21621.6269531, 248.170403587)
(-18543.8710938, 21621.6835938, 248.170403587)
(-18543.8144531, 21621.7402344, 248.170403587)
(-18543.7578125, 21621.796875, 248.170403587)
(-18543.7011719, 21621.8535156, 248.170403587)
(-18543.6445312, 21621.9101562, 248.170403587)
(-18543.5878906, 21621.9667969, 248.170403587)
(-18543.53125, 21622.0234375, 248.170403587)
(-18543.4746094, 21622.0800781, 248.170403587)
(-18543.4179688, 21622.1367188, 248.170403587)
(-18543.3613281, 21622.1933594, 248.170403587)
(-18543.3046875, 21622.25, 248.170403587)
(-18543.2480469, 21622.3066406, 248.170403587)
(-18543.1914062, 21622.3632812, 248.170403587)
(-18543.1347656, 21622.4199219, 248.170403587)
(-18543.078125, 21622.4765625, 248.170403587)
(-18543.0214844, 21622.5332031, 248.170403587)
(-18542.9648438, 21622.5898438, 248.170403587)
(-18542.9082031, 21622.6464844, 248.170403587)
(-18542.8515625, 21622.703125, 248.170403587)
(-18542.7949219, 21622.7597656, 248.170403587)
(-18542.7382812, 21622.8164062, 248.170403587)
(-18542.6816406, 21622.8730469, 248.170403587)
(-18542.625, 21622.9296875, 248.170403587)
(-18542.5683594, 21622.9863281, 248.170403587)
(-18542.5117188, 21623.0429688, 248.170403587)
(-18542.4550781, 21623.0996094, 248.170403587)
(-18542.3984375, 21623.15625, 248.170403587)
(-18542.3417969, 21623.2128906, 248.170403587)
(-18542.2851562, 21623.2695312, 248.170403587)
(-18542.2285156, 21623.3261719, 248.170403587)
(-18542.171875, 21623.3828125, 248.170403587)
(-18542.1152344, 21623.4394531, 248.170403587)
(-18542.0585938, 21623.4960938, 248.170403587)
(-18542.0019531, 21623.5527344, 248.170403587)
(-18541.9453125, 21623.609375, 248.170403587)
(-18541.8886719, 21623.6660156, 248.170403587)
(-18541.8320312, 21623.7226562, 248.170403587)
(-18541.7753906, 21623.7792969, 248.170403587)
(-18541.71875, 21623.8359375, 248.170403587)
(-18541.6621094, 21623.8925781, 248.170403587)
(-18541.6054688, 21623.9492188, 248.170403587)
(-18541.5488281, 21624.0058594, 248.170403587)
(-18541.4921875, 21624.0625, 248.170403587)
(-18541.4355469, 21624.1191406, 248.170403587)
(-18541.3789062, 21624.1757812, 248.170403587)
(-18541.3222656, 21624.2324219, 248.170403587)
(-18541.265625, 21624.2890625, 248.170403587)
(-18541.2089844, 21624.3457031, 248.170403587)
(-18541.1523438, 21624.4023438, 248.170403587)
(-18541.0957031, 21624.4589844, 248.170403587)
(-18541.0390625, 21624.515625, 248.170403587)
(-18540.9824219, 21624.5722656, 248.170403587)
(-18540.9257812, 21624.6289062, 248.170403587)
(-18540.8691406, 21624.6855469, 248.170403587)
(-18540.8125, 21624.7421875, 248.170403587)
(-18540.7558594, 21624.7988281, 248.170403587)
(-18540.6992188, 21624.8554688, 248.170403587)
(-18540.6425781, 21624.9121094, 248.170403587)
(-18540.5859375, 21624.96875, 248.170403587)
(-18540.5292969, 21625.0253906, 248.170403587)
(-18540.4726562, 21625.0820312, 248.170403587)
(-18540.4160156, 21625.1386719, 248.170403587)
(-18540.359375, 21625.1953125, 248.170403587)
(-18540.3027344, 21625.2519531, 248.170403587)
(-18540.2460938, 21625.3085938, 248.170403587)
(-18540.1894531, 21625.3652344, 248.170403587)
(-18540.1328125, 21625.421875, 248.170403587)
(-18540.0761719, 21625.4785156, 248.170403587)
(-18540.0195312, 21625.5351562, 248.170403587)
(-18539.9628906, 21625.5917969, 248.170403587)
(-18539.90625, 21625.6484375, 248.170403587)
(-18539.8496094, 21625.7050781, 248.170403587)
(-18539.7929688, 21625.7617188, 248.170403587)
(-18539.7363281, 21625.8183594, 248.170403587)
(-18539.6796875, 21625.875, 248.170403587)
(-18539.6230469, 21625.9316406, 248.170403587)
(-18539.5664062, 21625.9882812, 248.170403587)
(-18539.5097656, 21626.0449219, 248.170403587)
(-18539.453125, 21626.1015625, 248.170403587)
(-18539.3964844, 21626.1582031, 248.170403587)
(-18539.3398438, 21626.2148438, 248.170403587)
(-18539.2832031, 21626.2714844, 248.170403587)
(-18539.2265625, 21626.328125, 248.170403587)
(-18539.1699219, 21626.3847656, 248.170403587)
(-18539.1132812, 21626.4414062, 248.170403587)
(-18539.0566406, 21626.4980469, 248.170403587)
(-18539.0, 21626.5546875, 248.170403587)
(-18538.9433594, 21626.6113281, 248.170403587)
(-18538.8867188, 21626.6679688, 248.170403587)
(-18538.8300781, 21626.7246094, 248.170403587)
(-18538.7734375, 21626.78125, 248.170403587)
(-18538.7167969, 21626.8378906, 248.170403587)
(-18538.6601562, 21626.8945312, 248.170403587)
(-18538.6035156, 21626.9511719, 248.170403587)
(-18538.546875, 21627.0078125, 248.170403587)
(-18538.4902344, 21627.0644531, 248.170403587)
(-18538.4335938, 21627.1210938, 248.170403587)
(-18538.3769531, 21627.1777344, 248.170403587)
(-18538.3203125, 21627.234375, 248.170403587)
(-18538.2636719, 21627.2910156, 248.170403587)
(-18538.2070312, 21627.3476562, 248.170403587)
(-18538.1503906, 21627.4042969, 248.170403587)
(-18538.09375, 21627.4609375, 248.170403587)
(-18538.0371094, 21627.5175781, 248.170403587)
(-18537.9804688, 21627.5742188, 248.170403587)
(-18537.9238281, 21627.6308594, 248.170403587)
(-18537.8671875, 21627.6875, 248.170403587)
(-18537.8105469, 21627.7441406, 248.170403587)
(-18537.7539062, 21627.8007812, 248.170403587)
(-18537.6972656, 21627.8574219, 248.170403587)
(-18537.640625, 21627.9140625, 248.170403587)
(-18537.5839844, 21627.9707031, 248.170403587)
(-18537.5273438, 21628.0273438, 248.170403587)
(-18537.4707031, 21628.0839844, 248.170403587)
(-18537.4140625, 21628.140625, 248.170403587)
(-18537.3574219, 21628.1972656, 248.170403587)
(-18537.3007812, 21628.2539062, 248.170403587)
(-18537.2441406, 21628.3105469, 248.170403587)
(-18537.1875, 21628.3671875, 248.170403587)
(-18537.1308594, 21628.4238281, 248.170403587)
(-18537.0742188, 21628.4804688, 248.170403587)
(-18537.0175781, 21628.5371094, 248.170403587)
(-18536.9609375, 21628.59375, 248.170403587)
(-18536.9042969, 21628.6503906, 248.170403587)
(-18536.8476562, 21628.7070312, 248.170403587)
(-18536.7910156, 21628.7636719, 248.170403587)
(-18536.734375, 21628.8203125, 248.170403587)
(-18536.6777344, 21628.8769531, 248.170403587)
(-18536.6210938, 21628.9335938, 248.170403587)
(-18536.5644531, 21628.9902344, 248.170403587)
(-18536.5078125, 21629.046875, 248.170403587)
(-18536.4511719, 21629.1035156, 248.170403587)
(-18536.3945312, 21629.1601562, 248.170403587)
(-18536.3378906, 21629.2167969, 248.170403587)
(-18536.28125, 21629.2734375, 248.170403587)
(-18536.2246094, 21629.3300781, 248.170403587)
(-18536.1679688, 21629.3867188, 248.170403587)
(-18536.1113281, 21629.4433594, 248.170403587)
(-18536.0546875, 21629.5, 248.170403587)
(-18535.9980469, 21629.5566406, 248.170403587)
(-18535.9414062, 21629.6132812, 248.170403587)
(-18535.8847656, 21629.6699219, 248.170403587)
(-18535.828125, 21629.7265625, 248.170403587)
(-18535.7714844, 21629.7832031, 248.170403587)
(-18535.7148438, 21629.8398438, 248.170403587)
(-18535.6582031, 21629.8964844, 248.170403587)
(-18535.6015625, 21629.953125, 248.170403587)
(-18535.5449219, 21630.0097656, 248.170403587)
(-18535.4882812, 21630.0664062, 248.170403587)
(-18535.4316406, 21630.1230469, 248.170403587)
(-18535.375, 21630.1796875, 248.170403587)
(-18535.3183594, 21630.2363281, 248.170403587)
(-18535.2617188, 21630.2929688, 248.170403587)
(-18535.2050781, 21630.3496094, 248.170403587)
(-18535.1484375, 21630.40625, 248.170403587)
(-18535.0917969, 21630.4628906, 248.170403587)
(-18535.0351562, 21630.5195312, 248.170403587)
(-18534.9785156, 21630.5761719, 248.170403587)
(-18534.921875, 21630.6328125, 248.170403587)
(-18534.875, 21630.6972656, 248.170403587)
(-18534.828125, 21630.7617188, 248.170403587)
(-18534.78125, 21630.8261719, 248.170403587)
(-18534.734375, 21630.890625, 248.170403587)
(-18534.6875, 21630.9550781, 248.170403587)
(-18534.640625, 21631.0195312, 248.170403587)
(-18534.59375, 21631.0839844, 248.170403587)
(-18534.546875, 21631.1484375, 248.170403587)
(-18534.5, 21631.2128906, 248.170403587)
(-18534.453125, 21631.2773438, 248.170403587)
(-18534.40625, 21631.3417969, 248.170403587)
(-18534.359375, 21631.40625, 248.170403587)
(-18534.3125, 21631.4707031, 248.170403587)
(-18534.265625, 21631.5351562, 248.170403587)
(-18534.21875, 21631.5996094, 248.170403587)
(-18534.171875, 21631.6640625, 248.170403587)
(-18534.125, 21631.7285156, 248.170403587)
(-18534.078125, 21631.7929688, 248.170403587)
(-18534.03125, 21631.8574219, 248.170403587)
(-18533.984375, 21631.921875, 248.170403587)
(-18533.9375, 21631.9863281, 248.170403587)
(-18533.890625, 21632.0507812, 248.170403587)
(-18533.84375, 21632.1152344, 248.170403587)
(-18533.796875, 21632.1796875, 248.170403587)
(-18533.75, 21632.2441406, 248.170403587)
(-18533.703125, 21632.3085938, 248.170403587)
(-18533.65625, 21632.3730469, 248.170403587)
(-18533.609375, 21632.4375, 248.170403587)
(-18533.5625, 21632.5019531, 248.170403587)
(-18533.515625, 21632.5664062, 248.170403587)
(-18533.46875, 21632.6308594, 248.170403587)
(-18533.421875, 21632.6953125, 248.170403587)
(-18533.375, 21632.7597656, 248.170403587)
(-18533.328125, 21632.8242188, 248.170403587)
(-18533.28125, 21632.8886719, 248.170403587)
(-18533.234375, 21632.953125, 248.170403587)
(-18533.1875, 21633.0175781, 248.170403587)
(-18533.140625, 21633.0820312, 248.170403587)
(-18533.09375, 21633.1464844, 248.170403587)
(-18533.0449219, 21633.2109375, 248.170403587)
(-18532.9960938, 21633.2753906, 248.170403587)
(-18532.9472656, 21633.3398438, 248.170403587)
(-18532.8984375, 21633.4042969, 248.170403587)
(-18532.84375, 21633.4628906, 248.170403587)
(-18532.7890625, 21633.5195312, 248.170403587)
(-18532.7324219, 21633.5761719, 248.170403587)
(-18532.6757812, 21633.6328125, 248.170403587)
(-18532.6210938, 21633.6894531, 248.170403587)
(-18532.5664062, 21633.7460938, 248.170403587)
(-18532.5117188, 21633.8027344, 248.170403587)
(-18532.4570312, 21633.859375, 248.170403587)
(-18532.4023438, 21633.9160156, 248.170403587)
(-18532.3476562, 21633.9726562, 248.170403587)
(-18532.2929688, 21634.0292969, 248.170403587)
(-18532.2382812, 21634.0859375, 248.170403587)
(-18532.1835938, 21634.1425781, 248.170403587)
(-18532.1289062, 21634.1992188, 248.170403587)
(-18532.0742188, 21634.2558594, 248.170403587)
(-18532.0195312, 21634.3125, 248.170403587)
(-18531.9648438, 21634.3691406, 248.170403587)
(-18531.9101562, 21634.4257812, 248.170403587)
(-18531.8535156, 21634.4824219, 248.170403587)
(-18531.796875, 21634.5390625, 248.170403587)
(-18531.7421875, 21634.5957031, 248.170403587)
(-18531.6875, 21634.6523438, 248.170403587)
(-18531.6328125, 21634.7089844, 248.170403587)
(-18531.578125, 21634.765625, 248.170403587)
(-18531.5234375, 21634.8222656, 248.170403587)
(-18531.46875, 21634.8789062, 248.170403587)
(-18531.4140625, 21634.9355469, 248.170403587)
(-18531.359375, 21634.9921875, 248.170403587)
(-18531.3046875, 21635.0488281, 248.170403587)
(-18531.25, 21635.1054688, 248.170403587)
(-18531.1953125, 21635.1621094, 248.170403587)
(-18531.140625, 21635.21875, 248.170403587)
(-18531.0859375, 21635.2753906, 248.170403587)
(-18531.03125, 21635.3320312, 248.170403587)
(-18530.9765625, 21635.3886719, 248.170403587)
(-18530.921875, 21635.4453125, 248.170403587)
(-18530.8652344, 21635.5019531, 248.170403587)
(-18530.8085938, 21635.5585938, 248.170403587)
(-18530.7519531, 21635.6152344, 248.170403587)
(-18530.6953125, 21635.671875, 248.170403587)
(-18530.6386719, 21635.7285156, 248.170403587)
(-18530.5820312, 21635.7851562, 248.170403587)
(-18530.5253906, 21635.8417969, 248.170403587)
(-18530.46875, 21635.8984375, 248.170403587)
(-18530.4121094, 21635.9550781, 248.170403587)
(-18530.3554688, 21636.0117188, 248.170403587)
(-18530.2988281, 21636.0683594, 248.170403587)
(-18530.2421875, 21636.125, 248.170403587)
(-18530.1855469, 21636.1816406, 248.170403587)
(-18530.1289062, 21636.2382812, 248.170403587)
(-18530.0722656, 21636.2949219, 248.170403587)
(-18530.015625, 21636.3515625, 248.170403587)
(-18529.9589844, 21636.4082031, 248.170403587)
(-18529.9023438, 21636.4648438, 248.170403587)
(-18529.8457031, 21636.5214844, 248.170403587)
(-18529.7890625, 21636.578125, 248.170403587)
(-18529.7324219, 21636.6347656, 248.170403587)
(-18529.6757812, 21636.6914062, 248.170403587)
(-18529.6191406, 21636.7480469, 248.170403587)
(-18529.5625, 21636.8046875, 248.170403587)
(-18529.5058594, 21636.8613281, 248.170403587)
(-18529.4492188, 21636.9179688, 248.170403587)
(-18529.3925781, 21636.9746094, 248.170403587)
(-18529.3359375, 21637.03125, 248.170403587)
(-18529.2792969, 21637.0878906, 248.170403587)
(-18529.2226562, 21637.1445312, 248.170403587)
(-18529.1660156, 21637.2011719, 248.170403587)
(-18529.109375, 21637.2578125, 248.170403587)
(-18529.0527344, 21637.3144531, 248.170403587)
(-18528.9960938, 21637.3710938, 248.170403587)
(-18528.9394531, 21637.4277344, 248.170403587)
(-18528.8828125, 21637.484375, 248.170403587)
(-18528.8261719, 21637.5410156, 248.170403587)
(-18528.7695312, 21637.5976562, 248.170403587)
(-18528.7128906, 21637.6542969, 248.170403587)
(-18528.65625, 21637.7109375, 248.170403587)
(-18528.5996094, 21637.7675781, 248.170403587)
(-18528.5429688, 21637.8242188, 248.170403587)
(-18528.4785156, 21637.8710938, 248.170403587)
(-18528.4082031, 21637.9082031, 248.170403587)
(-18528.3320312, 21637.9335938, 248.170403587)
(-18528.2539062, 21637.9472656, 248.170403587)
(-18528.1738281, 21637.9492188, 248.170403587)
(-18528.09375, 21637.9394531, 248.170403587)
(-18528.0175781, 21637.9179688, 248.170403587)
(-18527.9375, 21637.9082031, 248.170403587)
(-18527.8574219, 21637.9101562, 248.170403587)
(-18527.7773438, 21637.9003906, 248.170403587)
(-18527.6972656, 21637.9023438, 248.170403587)
(-18527.6171875, 21637.8925781, 248.170403587)
(-18527.5371094, 21637.8945312, 248.170403587)
(-18527.4570312, 21637.8847656, 248.170403587)
(-18527.3769531, 21637.8867188, 248.170403587)
(-18527.296875, 21637.8769531, 248.170403587)
(-18527.2167969, 21637.8789062, 248.170403587)
(-18527.1367188, 21637.8691406, 248.170403587)
(-18527.0566406, 21637.8710938, 248.170403587)
(-18526.9765625, 21637.8613281, 248.170403587)
(-18526.8964844, 21637.8632812, 248.170403587)
(-18526.8164062, 21637.8535156, 248.170403587)
(-18526.7363281, 21637.8554688, 248.170403587)
(-18526.65625, 21637.8457031, 248.170403587)
(-18526.5761719, 21637.8476562, 248.170403587)
(-18526.4980469, 21637.8613281, 248.170403587)
(-18526.4179688, 21637.8632812, 248.170403587)
(-18526.3398438, 21637.8769531, 248.170403587)
(-18526.2597656, 21637.8789062, 248.170403587)
(-18526.1816406, 21637.8925781, 248.170403587)
(-18526.1015625, 21637.8945312, 248.170403587)
(-18526.0234375, 21637.9082031, 248.170403587)
(-18525.9433594, 21637.9101562, 248.170403587)
(-18525.8652344, 21637.9238281, 248.170403587)
(-18525.7890625, 21637.9492188, 248.170403587)
(-18525.7109375, 21637.9628906, 248.170403587)
(-18525.6347656, 21637.9882812, 248.170403587)
(-18525.5566406, 21638.0019531, 248.170403587)
(-18525.4804688, 21638.0273438, 248.170403587)
(-18525.4023438, 21638.0410156, 248.170403587)
(-18525.3261719, 21638.0664062, 248.170403587)
(-18525.2558594, 21638.1035156, 248.170403587)
(-18525.1796875, 21638.1289062, 248.170403587)
(-18525.109375, 21638.1660156, 248.170403587)
(-18525.0332031, 21638.1914062, 248.170403587)
(-18524.9628906, 21638.2285156, 248.170403587)
(-18524.8867188, 21638.2539062, 248.170403587)
(-18524.8164062, 21638.2910156, 248.170403587)
(-18524.7402344, 21638.3164062, 248.170403587)
(-18524.6699219, 21638.3535156, 248.170403587)
(-18524.6054688, 21638.4023438, 248.170403587)
(-18524.5351562, 21638.4394531, 248.170403587)
(-18524.4707031, 21638.4882812, 248.170403587)
(-18524.4003906, 21638.5253906, 248.170403587)
(-18524.3359375, 21638.5742188, 248.170403587)
(-18524.265625, 21638.6113281, 248.170403587)
(-18524.2011719, 21638.6601562, 248.170403587)
(-18524.1464844, 21638.71875, 248.170403587)
(-18524.0839844, 21638.7675781, 248.170403587)
(-18524.0292969, 21638.8261719, 248.170403587)
(-18523.9667969, 21638.875, 248.170403587)
(-18523.9121094, 21638.9335938, 248.170403587)
(-18523.8496094, 21638.9824219, 248.170403587)
(-18523.7949219, 21639.0410156, 248.170403587)
(-18523.75, 21639.1074219, 248.170403587)
(-18523.6953125, 21639.1660156, 248.170403587)
(-18523.6503906, 21639.2324219, 248.170403587)
(-18523.5957031, 21639.2910156, 248.170403587)
(-18523.5507812, 21639.3574219, 248.170403587)
(-18523.4960938, 21639.4160156, 248.170403587)
(-18523.4511719, 21639.4824219, 248.170403587)
(-18523.4179688, 21639.5546875, 248.170403587)
(-18523.3964844, 21639.6308594, 248.170403587)
(-18523.3867188, 21639.7109375, 248.170403587)
(-18523.3886719, 21639.7910156, 248.170403587)
(-18523.4023438, 21639.8691406, 248.170403587)
(-18523.4277344, 21639.9453125, 248.170403587)
(-18523.4648438, 21640.015625, 248.170403587)
(-18523.5117188, 21640.0800781, 248.170403587)
(-18523.5585938, 21640.1445312, 248.170403587)
(-18523.6054688, 21640.2089844, 248.170403587)
(-18523.6523438, 21640.2734375, 248.170403587)
(-18523.6992188, 21640.3378906, 248.170403587)
(-18523.7460938, 21640.4023438, 248.170403587)
(-18523.7929688, 21640.4667969, 248.170403587)
(-18523.8398438, 21640.53125, 248.170403587)
(-18523.8867188, 21640.5957031, 248.170403587)
(-18523.9335938, 21640.6601562, 248.170403587)
(-18523.9804688, 21640.7246094, 248.170403587)
(-18524.0273438, 21640.7890625, 248.170403587)
(-18524.0742188, 21640.8535156, 248.170403587)
(-18524.1210938, 21640.9179688, 248.170403587)
(-18524.1679688, 21640.9824219, 248.170403587)
(-18524.2148438, 21641.046875, 248.170403587)
(-18524.2617188, 21641.1113281, 248.170403587)
(-18524.3085938, 21641.1757812, 248.170403587)
(-18524.3554688, 21641.2402344, 248.170403587)
(-18524.4023438, 21641.3046875, 248.170403587)
(-18524.4492188, 21641.3691406, 248.170403587)
(-18524.4863281, 21641.4394531, 248.170403587)
(-18524.5117188, 21641.515625, 248.170403587)
(-18524.5253906, 21641.59375, 248.170403587)
(-18524.5273438, 21641.6738281, 248.170403587)
(-18524.5175781, 21641.7539062, 248.170403587)
(-18524.4960938, 21641.8300781, 248.170403587)
(-18524.4628906, 21641.9023438, 248.170403587)
(-18524.4179688, 21641.96875, 248.170403587)
(-18524.3632812, 21642.0273438, 248.170403587)
(-18524.3066406, 21642.0839844, 248.170403587)
(-18524.25, 21642.140625, 248.170403587)
(-18524.1933594, 21642.1972656, 248.170403587)
(-18524.1367188, 21642.2539062, 248.170403587)
(-18524.0800781, 21642.3105469, 248.170403587)
(-18524.0234375, 21642.3671875, 248.170403587)
(-18523.9667969, 21642.4238281, 248.170403587)
(-18523.9101562, 21642.4804688, 248.170403587)
(-18523.8535156, 21642.5371094, 248.170403587)
(-18523.796875, 21642.59375, 248.170403587)
(-18523.7402344, 21642.6503906, 248.170403587)
(-18523.6835938, 21642.7070312, 248.170403587)
(-18523.6269531, 21642.7636719, 248.170403587)
(-18523.5703125, 21642.8203125, 248.170403587)
(-18523.5136719, 21642.8769531, 248.170403587)
(-18523.4570312, 21642.9335938, 248.170403587)
(-18523.4003906, 21642.9902344, 248.170403587)
(-18523.34375, 21643.046875, 248.170403587)
(-18523.2871094, 21643.1035156, 248.170403587)
(-18523.2304688, 21643.1601562, 248.170403587)
(-18523.1738281, 21643.2167969, 248.170403587)
(-18523.1171875, 21643.2734375, 248.170403587)
(-18523.0605469, 21643.328125, 248.170403587)
(-18523.0039062, 21643.3828125, 248.170403587)
(-18522.9472656, 21643.4375, 248.170403587)
(-18522.890625, 21643.4941406, 248.170403587)
(-18522.8339844, 21643.5507812, 248.170403587)
(-18522.7773438, 21643.6074219, 248.170403587)
(-18522.7207031, 21643.6640625, 248.170403587)
(-18522.6640625, 21643.7207031, 248.170403587)
(-18522.6074219, 21643.7773438, 248.170403587)
(-18522.5507812, 21643.8339844, 248.170403587)
(-18522.4941406, 21643.890625, 248.170403587)
(-18522.4375, 21643.9472656, 248.170403587)
(-18522.3808594, 21644.0039062, 248.170403587)
(-18522.3242188, 21644.0605469, 248.170403587)
(-18522.2675781, 21644.1171875, 248.170403587)
(-18522.2109375, 21644.1738281, 248.170403587)
(-18522.1542969, 21644.2304688, 248.170403587)
(-18522.0976562, 21644.2871094, 248.170403587)
(-18522.0410156, 21644.34375, 248.170403587)
(-18521.984375, 21644.4003906, 248.170403587)
(-18521.9277344, 21644.4570312, 248.170403587)
(-18521.8710938, 21644.5136719, 248.170403587)
(-18521.8144531, 21644.5703125, 248.170403587)
(-18521.7578125, 21644.6269531, 248.170403587)
(-18521.7011719, 21644.6835938, 248.170403587)
(-18521.6445312, 21644.7402344, 248.170403587)
(-18521.5878906, 21644.796875, 248.170403587)
(-18521.53125, 21644.8535156, 248.170403587)
(-18521.4746094, 21644.9101562, 248.170403587)
(-18521.4179688, 21644.9667969, 248.170403587)
(-18521.3613281, 21645.0234375, 248.170403587)
(-18521.3046875, 21645.0800781, 248.170403587)
(-18521.2480469, 21645.1367188, 248.170403587)
(-18521.1914062, 21645.1933594, 248.170403587)
(-18521.1347656, 21645.25, 248.170403587)
(-18521.078125, 21645.3066406, 248.170403587)
(-18521.0214844, 21645.3632812, 248.170403587)
(-18520.9648438, 21645.4199219, 248.170403587)
(-18520.9082031, 21645.4765625, 248.170403587)
(-18520.8515625, 21645.5332031, 248.170403587)
(-18520.7949219, 21645.5898438, 248.170403587)
(-18520.7382812, 21645.6464844, 248.170403587)
(-18520.6816406, 21645.703125, 248.170403587)
(-18520.625, 21645.7597656, 248.170403587)
(-18520.5683594, 21645.8164062, 248.170403587)
(-18520.5117188, 21645.8730469, 248.170403587)
(-18520.4550781, 21645.9296875, 248.170403587)
(-18520.3984375, 21645.9863281, 248.170403587)
(-18520.3417969, 21646.0429688, 248.170403587)
(-18520.2851562, 21646.0996094, 248.170403587)
(-18520.2285156, 21646.15625, 248.170403587)
(-18520.171875, 21646.2128906, 248.170403587)
(-18520.1152344, 21646.2695312, 248.170403587)
(-18520.0585938, 21646.3261719, 248.170403587)
(-18520.0019531, 21646.3828125, 248.170403587)
(-18519.9453125, 21646.4394531, 248.170403587)
(-18519.8886719, 21646.4960938, 248.170403587)
(-18519.8320312, 21646.5527344, 248.170403587)
(-18519.7753906, 21646.609375, 248.170403587)
(-18519.71875, 21646.6660156, 248.170403587)
(-18519.6621094, 21646.7226562, 248.170403587)
(-18519.6054688, 21646.7792969, 248.170403587)
(-18519.5488281, 21646.8359375, 248.170403587)
(-18519.4921875, 21646.8925781, 248.170403587)
(-18519.4355469, 21646.9492188, 248.170403587)
(-18519.3789062, 21647.0058594, 248.170403587)
(-18519.3222656, 21647.0625, 248.170403587)
(-18519.265625, 21647.1191406, 248.170403587)
(-18519.2089844, 21647.1757812, 248.170403587)
(-18519.1523438, 21647.2324219, 248.170403587)
(-18519.0957031, 21647.2890625, 248.170403587)
(-18519.0390625, 21647.3457031, 248.170403587)
(-18518.9824219, 21647.4023438, 248.170403587)
(-18518.9257812, 21647.4589844, 248.170403587)
(-18518.8691406, 21647.515625, 248.170403587)
(-18518.8125, 21647.5722656, 248.170403587)
(-18518.7558594, 21647.6289062, 248.170403587)
(-18518.6992188, 21647.6855469, 248.170403587)
(-18518.6425781, 21647.7421875, 248.170403587)
(-18518.5859375, 21647.7988281, 248.170403587)
(-18518.5292969, 21647.8554688, 248.170403587)
(-18518.4726562, 21647.9121094, 248.170403587)
(-18518.4160156, 21647.96875, 248.170403587)
(-18518.359375, 21648.0253906, 248.170403587)
(-18518.3027344, 21648.0820312, 248.170403587)
(-18518.2460938, 21648.1386719, 248.170403587)
(-18518.1894531, 21648.1953125, 248.170403587)
(-18518.1328125, 21648.2519531, 248.170403587)
(-18518.0761719, 21648.3085938, 248.170403587)
(-18518.0195312, 21648.3652344, 248.170403587)
(-18517.9628906, 21648.421875, 248.170403587)
(-18517.90625, 21648.4785156, 248.170403587)
(-18517.8496094, 21648.5351562, 248.170403587)
(-18517.7929688, 21648.5917969, 248.170403587)
(-18517.7363281, 21648.6484375, 248.170403587)
(-18517.6796875, 21648.7050781, 248.170403587)
(-18517.6230469, 21648.7617188, 248.170403587)
(-18517.5664062, 21648.8183594, 248.170403587)
(-18517.5097656, 21648.875, 248.170403587)
(-18517.453125, 21648.9316406, 248.170403587)
(-18517.3964844, 21648.9882812, 248.170403587)
(-18517.3398438, 21649.0449219, 248.170403587)
(-18517.2832031, 21649.1015625, 248.170403587)
(-18517.2265625, 21649.1582031, 248.170403587)
(-18517.1699219, 21649.2148438, 248.170403587)
(-18517.1132812, 21649.2714844, 248.170403587)
(-18517.0566406, 21649.328125, 248.170403587)
(-18517.0, 21649.3847656, 248.170403587)
(-18516.9433594, 21649.4414062, 248.170403587)
(-18516.8867188, 21649.4980469, 248.170403587)
(-18516.8300781, 21649.5546875, 248.170403587)
(-18516.7734375, 21649.6113281, 248.170403587)
(-18516.7167969, 21649.6679688, 248.170403587)
(-18516.6601562, 21649.7246094, 248.170403587)
(-18516.6035156, 21649.78125, 248.170403587)
(-18516.546875, 21649.8378906, 248.170403587)
(-18516.4902344, 21649.8945312, 248.170403587)
(-18516.4335938, 21649.9511719, 248.170403587)
(-18516.3769531, 21650.0078125, 248.170403587)
(-18516.3203125, 21650.0644531, 248.170403587)
(-18516.2636719, 21650.1210938, 248.170403587)
(-18516.2070312, 21650.1777344, 248.170403587)
(-18516.1503906, 21650.234375, 248.170403587)
(-18516.09375, 21650.2910156, 248.170403587)
(-18516.0371094, 21650.3476562, 248.170403587)
(-18515.9804688, 21650.4042969, 248.170403587)
(-18515.9238281, 21650.4609375, 248.170403587)
(-18515.8671875, 21650.5175781, 248.170403587)
(-18515.8105469, 21650.5742188, 248.170403587)
(-18515.7539062, 21650.6308594, 248.170403587)
(-18515.6972656, 21650.6875, 248.170403587)
(-18515.640625, 21650.7441406, 248.170403587)
(-18515.5839844, 21650.8007812, 248.170403587)
(-18515.5273438, 21650.8574219, 248.170403587)
(-18515.4707031, 21650.9140625, 248.170403587)
(-18515.4140625, 21650.9707031, 248.170403587)
(-18515.3574219, 21651.0273438, 248.170403587)
(-18515.3007812, 21651.0839844, 248.170403587)
(-18515.2441406, 21651.140625, 248.170403587)
(-18515.1875, 21651.1972656, 248.170403587)
(-18515.1308594, 21651.2539062, 248.170403587)
(-18515.0742188, 21651.3105469, 248.170403587)
(-18515.0175781, 21651.3671875, 248.170403587)
(-18514.9609375, 21651.4238281, 248.170403587)
(-18514.9042969, 21651.4804688, 248.170403587)
(-18514.8476562, 21651.5371094, 248.170403587)
(-18514.7910156, 21651.59375, 248.170403587)
(-18514.734375, 21651.6503906, 248.170403587)
(-18514.6777344, 21651.7070312, 248.170403587)
(-18514.6210938, 21651.7636719, 248.170403587)
(-18514.5644531, 21651.8203125, 248.170403587)
(-18514.5078125, 21651.8769531, 248.170403587)
(-18514.4511719, 21651.9335938, 248.170403587)
(-18514.3945312, 21651.9902344, 248.170403587)
(-18514.3378906, 21652.046875, 248.170403587)
(-18514.28125, 21652.1035156, 248.170403587)
(-18514.2246094, 21652.1601562, 248.170403587)
(-18514.1679688, 21652.2167969, 248.170403587)
(-18514.1113281, 21652.2734375, 248.170403587)
(-18514.0546875, 21652.3300781, 248.170403587)
(-18513.9980469, 21652.3867188, 248.170403587)
(-18513.9414062, 21652.4433594, 248.170403587)
(-18513.8847656, 21652.5, 248.170403587)
(-18513.828125, 21652.5566406, 248.170403587)
(-18513.7714844, 21652.6132812, 248.170403587)
(-18513.7148438, 21652.6699219, 248.170403587)
(-18513.6582031, 21652.7265625, 248.170403587)
(-18513.6015625, 21652.7832031, 248.170403587)
(-18513.5449219, 21652.8398438, 248.170403587)
(-18513.4882812, 21652.8964844, 248.170403587)
(-18513.4316406, 21652.953125, 248.170403587)
(-18513.375, 21653.0097656, 248.170403587)
(-18513.3183594, 21653.0664062, 248.170403587)
(-18513.2617188, 21653.1230469, 248.170403587)
(-18513.2050781, 21653.1796875, 248.170403587)
(-18513.1484375, 21653.2363281, 248.170403587)
(-18513.0917969, 21653.2929688, 248.170403587)
(-18513.0351562, 21653.3496094, 248.170403587)
(-18512.9785156, 21653.40625, 248.170403587)
(-18512.921875, 21653.4628906, 248.170403587)
(-18512.8652344, 21653.5195312, 248.170403587)
(-18512.8085938, 21653.5761719, 248.170403587)
(-18512.7519531, 21653.6328125, 248.170403587)
(-18512.6953125, 21653.6894531, 248.170403587)
(-18512.6386719, 21653.7460938, 248.170403587)
(-18512.5820312, 21653.8027344, 248.170403587)
(-18512.5253906, 21653.859375, 248.170403587)
(-18512.46875, 21653.9160156, 248.170403587)
(-18512.4121094, 21653.9726562, 248.170403587)
(-18512.3554688, 21654.0292969, 248.170403587)
(-18512.2988281, 21654.0859375, 248.170403587)
(-18512.2421875, 21654.1425781, 248.170403587)
(-18512.1855469, 21654.1992188, 248.170403587)
(-18512.1289062, 21654.2558594, 248.170403587)
(-18512.0722656, 21654.3125, 248.170403587)
(-18512.015625, 21654.3691406, 248.170403587)
(-18511.9589844, 21654.4257812, 248.170403587)
(-18511.9023438, 21654.4824219, 248.170403587)
(-18511.8457031, 21654.5390625, 248.170403587)
(-18511.7890625, 21654.5957031, 248.170403587)
(-18511.7324219, 21654.6523438, 248.170403587)
(-18511.6757812, 21654.7089844, 248.170403587)
(-18511.6191406, 21654.765625, 248.170403587)
(-18511.5625, 21654.8222656, 248.170403587)
(-18511.5058594, 21654.8789062, 248.170403587)
(-18511.4492188, 21654.9355469, 248.170403587)
(-18511.3925781, 21654.9921875, 248.170403587)
(-18511.3359375, 21655.0488281, 248.170403587)
(-18511.2792969, 21655.1054688, 248.170403587)
(-18511.2226562, 21655.1621094, 248.170403587)
(-18511.1660156, 21655.21875, 248.170403587)
(-18511.109375, 21655.2753906, 248.170403587)
(-18511.0527344, 21655.3320312, 248.170403587)
(-18510.9960938, 21655.3886719, 248.170403587)
(-18510.9394531, 21655.4453125, 248.170403587)
(-18510.8828125, 21655.5019531, 248.170403587)
(-18510.8261719, 21655.5585938, 248.170403587)
(-18510.7695312, 21655.6152344, 248.170403587)
(-18510.7128906, 21655.671875, 248.170403587)
(-18510.65625, 21655.7285156, 248.170403587)
(-18510.5996094, 21655.7851562, 248.170403587)
(-18510.5429688, 21655.8417969, 248.170403587)
(-18510.4863281, 21655.8984375, 248.170403587)
(-18510.4296875, 21655.9550781, 248.170403587)
(-18510.3730469, 21656.0117188, 248.170403587)
(-18510.3164062, 21656.0683594, 248.170403587)
(-18510.2597656, 21656.125, 248.170403587)
(-18510.203125, 21656.1816406, 248.170403587)
(-18510.1464844, 21656.2382812, 248.170403587)
(-18510.0898438, 21656.2949219, 248.170403587)
(-18510.0332031, 21656.3515625, 248.170403587)
(-18509.9765625, 21656.4082031, 248.170403587)
(-18509.9199219, 21656.4648438, 248.170403587)
(-18509.8632812, 21656.5214844, 248.170403587)
(-18509.8066406, 21656.578125, 248.170403587)
(-18509.75, 21656.6347656, 248.170403587)
(-18509.6933594, 21656.6914062, 248.170403587)
(-18509.6367188, 21656.7480469, 248.170403587)
(-18509.5800781, 21656.8046875, 248.170403587)
(-18509.5234375, 21656.8613281, 248.170403587)
(-18509.4667969, 21656.9179688, 248.170403587)
(-18509.4101562, 21656.9746094, 248.170403587)
(-18509.3535156, 21657.03125, 248.170403587)
(-18509.296875, 21657.0878906, 248.170403587)
(-18509.2402344, 21657.1445312, 248.170403587)
(-18509.1835938, 21657.2011719, 248.170403587)
(-18509.1269531, 21657.2578125, 248.170403587)
(-18509.0703125, 21657.3144531, 248.170403587)
(-18509.0136719, 21657.3710938, 248.170403587)
(-18508.9570312, 21657.4277344, 248.170403587)
(-18508.8925781, 21657.4746094, 248.170403587)
(-18508.828125, 21657.5214844, 248.170403587)
(-18508.7636719, 21657.5683594, 248.170403587)
(-18508.6992188, 21657.6152344, 248.170403587)
(-18508.6347656, 21657.6621094, 248.170403587)
(-18508.5703125, 21657.7089844, 248.170403587)
(-18508.5058594, 21657.7558594, 248.170403587)
(-18508.4414062, 21657.8027344, 248.170403587)
(-18508.3769531, 21657.8496094, 248.170403587)
(-18508.3125, 21657.8964844, 248.170403587)
(-18508.2480469, 21657.9433594, 248.170403587)
(-18508.1835938, 21657.9902344, 248.170403587)
(-18508.1191406, 21658.0371094, 248.170403587)
(-18508.0546875, 21658.0839844, 248.170403587)
(-18507.9902344, 21658.1308594, 248.170403587)
(-18507.9257812, 21658.1777344, 248.170403587)
(-18507.8613281, 21658.2246094, 248.170403587)
(-18507.796875, 21658.2714844, 248.170403587)
(-18507.7324219, 21658.3183594, 248.170403587)
(-18507.6679688, 21658.3652344, 248.170403587)
(-18507.6035156, 21658.4121094, 248.170403587)
(-18507.5390625, 21658.4589844, 248.170403587)
(-18507.4746094, 21658.5058594, 248.170403587)
(-18507.4101562, 21658.5527344, 248.170403587)
(-18507.3457031, 21658.5996094, 248.170403587)
(-18507.28125, 21658.6464844, 248.170403587)
(-18507.2167969, 21658.6933594, 248.170403587)
(-18507.1523438, 21658.7402344, 248.170403587)
(-18507.0878906, 21658.7871094, 248.170403587)
(-18507.0234375, 21658.8339844, 248.170403587)
(-18506.9589844, 21658.8808594, 248.170403587)
(-18506.8945312, 21658.9277344, 248.170403587)
(-18506.8300781, 21658.9746094, 248.170403587)
(-18506.765625, 21659.0214844, 248.170403587)
(-18506.7011719, 21659.0683594, 248.170403587)
(-18506.6367188, 21659.1152344, 248.170403587)
(-18506.5722656, 21659.1621094, 248.170403587)
(-18506.5078125, 21659.2089844, 248.170403587)
(-18506.4433594, 21659.2558594, 248.170403587)
(-18506.3789062, 21659.3027344, 248.170403587)
(-18506.3144531, 21659.3496094, 248.170403587)
(-18506.25, 21659.3964844, 248.170403587)
(-18506.1855469, 21659.4433594, 248.170403587)
(-18506.1210938, 21659.4902344, 248.170403587)
(-18506.0644531, 21659.5449219, 248.170403587)
(-18506.0078125, 21659.6015625, 248.170403587)
(-18505.9511719, 21659.6582031, 248.170403587)
(-18505.8945312, 21659.7148438, 248.170403587)
(-18505.8378906, 21659.7714844, 248.170403587)
(-18505.78125, 21659.828125, 248.170403587)
(-18505.7246094, 21659.8828125, 248.170403587)
(-18505.6679688, 21659.9375, 248.170403587)
(-18505.6113281, 21659.9921875, 248.170403587)
(-18505.5546875, 21660.046875, 248.170403587)
(-18505.4980469, 21660.1015625, 248.170403587)
(-18505.4414062, 21660.15625, 248.170403587)
(-18505.3847656, 21660.2109375, 248.170403587)
(-18505.328125, 21660.265625, 248.170403587)
(-18505.2714844, 21660.3203125, 248.170403587)
(-18505.2148438, 21660.375, 248.170403587)
(-18505.1582031, 21660.4296875, 248.170403587)
(-18505.1015625, 21660.484375, 248.170403587)
(-18505.0449219, 21660.5390625, 248.170403587)
(-18504.9882812, 21660.59375, 248.170403587)
(-18504.9316406, 21660.6484375, 248.170403587)
(-18504.875, 21660.7050781, 248.170403587)
(-18504.8183594, 21660.7617188, 248.170403587)
(-18504.7617188, 21660.8164062, 248.170403587)
(-18504.7050781, 21660.8710938, 248.170403587)
(-18504.6484375, 21660.9257812, 248.170403587)
(-18504.5917969, 21660.9804688, 248.170403587)
(-18504.5351562, 21661.0351562, 248.170403587)
(-18504.4785156, 21661.0898438, 248.170403587)
(-18504.421875, 21661.1445312, 248.170403587)
(-18504.3652344, 21661.1992188, 248.170403587)
(-18504.3085938, 21661.2539062, 248.170403587)
(-18504.2519531, 21661.3085938, 248.170403587)
(-18504.1953125, 21661.3632812, 248.170403587)
(-18504.1386719, 21661.4179688, 248.170403587)
(-18504.0820312, 21661.4746094, 248.170403587)
(-18504.0253906, 21661.53125, 248.170403587)
(-18503.96875, 21661.5878906, 248.170403587)
(-18503.9121094, 21661.6445312, 248.170403587)
(-18503.8554688, 21661.7011719, 248.170403587)
(-18503.7988281, 21661.7578125, 248.170403587)
(-18503.7421875, 21661.8144531, 248.170403587)
(-18503.6855469, 21661.8710938, 248.170403587)
(-18503.6289062, 21661.9277344, 248.170403587)
(-18503.5722656, 21661.984375, 248.170403587)
(-18503.515625, 21662.0410156, 248.170403587)
(-18503.4589844, 21662.0976562, 248.170403587)
(-18503.4023438, 21662.1542969, 248.170403587)
(-18503.3457031, 21662.2109375, 248.170403587)
(-18503.2890625, 21662.2675781, 248.170403587)
(-18503.2324219, 21662.3242188, 248.170403587)
(-18503.1757812, 21662.3808594, 248.170403587)
(-18503.1191406, 21662.4375, 248.170403587)
(-18503.0625, 21662.4941406, 248.170403587)
(-18503.0058594, 21662.5507812, 248.170403587)
(-18502.9492188, 21662.6074219, 248.170403587)
(-18502.8925781, 21662.6640625, 248.170403587)
(-18502.8359375, 21662.7207031, 248.170403587)
(-18502.7792969, 21662.7773438, 248.170403587)
(-18502.7226562, 21662.8339844, 248.170403587)
(-18502.6660156, 21662.890625, 248.170403587)
(-18502.609375, 21662.9472656, 248.170403587)
(-18502.5527344, 21663.0039062, 248.170403587)
(-18502.4960938, 21663.0605469, 248.170403587)
(-18502.4394531, 21663.1171875, 248.170403587)
(-18502.3828125, 21663.1738281, 248.170403587)
(-18502.3261719, 21663.2304688, 248.170403587)
(-18502.2695312, 21663.2871094, 248.170403587)
(-18502.2128906, 21663.34375, 248.170403587)
(-18502.15625, 21663.4003906, 248.170403587)
(-18502.0996094, 21663.4570312, 248.170403587)
(-18502.0429688, 21663.5136719, 248.170403587)
(-18501.9863281, 21663.5703125, 248.170403587)
(-18501.9296875, 21663.6269531, 248.170403587)
(-18501.8730469, 21663.6835938, 248.170403587)
(-18501.8164062, 21663.7402344, 248.170403587)
(-18501.7597656, 21663.796875, 248.170403587)
(-18501.703125, 21663.8535156, 248.170403587)
(-18501.6464844, 21663.9101562, 248.170403587)
(-18501.5898438, 21663.9667969, 248.170403587)
(-18501.5332031, 21664.0234375, 248.170403587)
(-18501.4765625, 21664.0800781, 248.170403587)
(-18501.4199219, 21664.1367188, 248.170403587)
(-18501.3632812, 21664.1933594, 248.170403587)
(-18501.3066406, 21664.25, 248.170403587)
(-18501.25, 21664.3066406, 248.170403587)
(-18501.1933594, 21664.3632812, 248.170403587)
(-18501.1367188, 21664.4199219, 248.170403587)
(-18501.0800781, 21664.4765625, 248.170403587)
(-18501.0234375, 21664.5332031, 248.170403587)
(-18500.9667969, 21664.5898438, 248.170403587)
(-18500.9101562, 21664.6464844, 248.170403587)
(-18500.8535156, 21664.703125, 248.170403587)
(-18500.796875, 21664.7597656, 248.170403587)
(-18500.7402344, 21664.8164062, 248.170403587)
(-18500.6835938, 21664.8730469, 248.170403587)
(-18500.6269531, 21664.9296875, 248.170403587)
(-18500.5703125, 21664.9863281, 248.170403587)
(-18500.5136719, 21665.0429688, 248.170403587)
(-18500.4570312, 21665.0996094, 248.170403587)
(-18500.4003906, 21665.15625, 248.170403587)
(-18500.34375, 21665.2128906, 248.170403587)
(-18500.2871094, 21665.2695312, 248.170403587)
(-18500.2304688, 21665.3261719, 248.170403587)
(-18500.1738281, 21665.3828125, 248.170403587)
(-18500.1171875, 21665.4394531, 248.170403587)
(-18500.0605469, 21665.4960938, 248.170403587)
(-18500.0039062, 21665.5527344, 248.170403587)
(-18499.9472656, 21665.609375, 248.170403587)
(-18499.890625, 21665.6660156, 248.170403587)
(-18499.8339844, 21665.7226562, 248.170403587)
(-18499.7773438, 21665.7792969, 248.170403587)
(-18499.7207031, 21665.8359375, 248.170403587)
(-18499.6640625, 21665.8925781, 248.170403587)
(-18499.6074219, 21665.9492188, 248.170403587)
(-18499.5507812, 21666.0058594, 248.170403587)
(-18499.4941406, 21666.0625, 248.170403587)
(-18499.4375, 21666.1191406, 248.170403587)
(-18499.3808594, 21666.1757812, 248.170403587)
(-18499.3242188, 21666.2324219, 248.170403587)
(-18499.2675781, 21666.2890625, 248.170403587)
(-18499.2109375, 21666.3457031, 248.170403587)
(-18499.1542969, 21666.4023438, 248.170403587)
(-18499.0976562, 21666.4589844, 248.170403587)
(-18499.0410156, 21666.515625, 248.170403587)
(-18498.984375, 21666.5722656, 248.170403587)
(-18498.9277344, 21666.6289062, 248.170403587)
(-18498.8710938, 21666.6855469, 248.170403587)
(-18498.8144531, 21666.7421875, 248.170403587)
(-18498.7578125, 21666.7988281, 248.170403587)
(-18498.7011719, 21666.8554688, 248.170403587)
(-18498.6445312, 21666.9121094, 248.170403587)
(-18498.5878906, 21666.96875, 248.170403587)
(-18498.53125, 21667.0253906, 248.170403587)
(-18498.4746094, 21667.0820312, 248.170403587)
(-18498.4179688, 21667.1386719, 248.170403587)
(-18498.3613281, 21667.1953125, 248.170403587)
(-18498.3046875, 21667.2519531, 248.170403587)
(-18498.2480469, 21667.3085938, 248.170403587)
(-18498.1914062, 21667.3652344, 248.170403587)
(-18498.1347656, 21667.421875, 248.170403587)
(-18498.0703125, 21667.46875, 248.170403587)
(-18498.0, 21667.5058594, 248.170403587)
(-18497.9238281, 21667.53125, 248.170403587)
(-18497.8457031, 21667.5449219, 248.170403587)
(-18497.765625, 21667.5507812, 248.170403587)
(-18497.6855469, 21667.5566406, 248.170403587)
(-18497.6054688, 21667.5625, 248.170403587)
(-18497.5253906, 21667.5683594, 248.170403587)
(-18497.4453125, 21667.5742188, 248.170403587)
(-18497.3652344, 21667.5800781, 248.170403587)
(-18497.2851562, 21667.5859375, 248.170403587)
(-18497.2050781, 21667.5917969, 248.170403587)
(-18497.125, 21667.5976562, 248.170403587)
(-18497.0449219, 21667.6035156, 248.170403587)
(-18496.9648438, 21667.609375, 248.170403587)
(-18496.8847656, 21667.6152344, 248.170403587)
(-18496.8046875, 21667.6210938, 248.170403587)
(-18496.7246094, 21667.6269531, 248.170403587)
(-18496.6445312, 21667.6328125, 248.170403587)
(-18496.5644531, 21667.6386719, 248.170403587)
(-18496.484375, 21667.6445312, 248.170403587)
(-18496.4042969, 21667.6503906, 248.170403587)
(-18496.3242188, 21667.65625, 248.170403587)
(-18496.2441406, 21667.6621094, 248.170403587)
(-18496.1640625, 21667.6640625, 248.170403587)
(-18496.0839844, 21667.6640625, 248.170403587)
(-18496.0039062, 21667.6640625, 248.170403587)
(-18495.9238281, 21667.6640625, 248.170403587)
(-18495.84375, 21667.6640625, 248.170403587)
(-18495.7636719, 21667.6640625, 248.170403587)
(-18495.6835938, 21667.6640625, 248.170403587)
(-18495.6035156, 21667.6660156, 248.170403587)
(-18495.5234375, 21667.6679688, 248.170403587)
(-18495.4433594, 21667.6699219, 248.170403587)
(-18495.3632812, 21667.6699219, 248.170403587)
(-18495.2832031, 21667.6699219, 248.170403587)
(-18495.203125, 21667.6699219, 248.170403587)
(-18495.1230469, 21667.671875, 248.170403587)
(-18495.0429688, 21667.6738281, 248.170403587)
(-18494.9628906, 21667.6757812, 248.170403587)
(-18494.8828125, 21667.6757812, 248.170403587)
(-18494.8027344, 21667.6757812, 248.170403587)
(-18494.7226562, 21667.6757812, 248.170403587)
(-18494.6425781, 21667.6777344, 248.170403587)
(-18494.5625, 21667.6796875, 248.170403587)
(-18494.4824219, 21667.6816406, 248.170403587)
(-18494.4023438, 21667.6816406, 248.170403587)
(-18494.3222656, 21667.6816406, 248.170403587)
(-18494.2421875, 21667.6816406, 248.170403587)
(-18494.1621094, 21667.6816406, 248.170403587)
(-18494.0820312, 21667.6816406, 248.170403587)
(-18494.0019531, 21667.6816406, 248.170403587)
(-18493.921875, 21667.6816406, 248.170403587)
(-18493.8417969, 21667.6816406, 248.170403587)
(-18493.7617188, 21667.6816406, 248.170403587)
(-18493.6816406, 21667.6816406, 248.170403587)
(-18493.6015625, 21667.6816406, 248.170403587)
(-18493.5214844, 21667.6816406, 248.170403587)
(-18493.4414062, 21667.6816406, 248.170403587)
(-18493.3613281, 21667.6816406, 248.170403587)
(-18493.28125, 21667.6816406, 248.170403587)
(-18493.2011719, 21667.6816406, 248.170403587)
(-18493.1210938, 21667.6816406, 248.170403587)
(-18493.0410156, 21667.6816406, 248.170403587)
(-18492.9609375, 21667.6816406, 248.170403587)
(-18492.8808594, 21667.6816406, 248.170403587)
(-18492.8007812, 21667.6816406, 248.170403587)
(-18492.7207031, 21667.6816406, 248.170403587)
(-18492.640625, 21667.6816406, 248.170403587)
(-18492.5605469, 21667.6816406, 248.170403587)
(-18492.4804688, 21667.6816406, 248.170403587)
(-18492.4003906, 21667.6816406, 248.170403587)
(-18492.3203125, 21667.6816406, 248.170403587)
(-18492.2402344, 21667.6816406, 248.170403587)
(-18492.1601562, 21667.6816406, 248.170403587)
(-18492.0800781, 21667.6816406, 248.170403587)
(-18492.0, 21667.6816406, 248.170403587)
(-18491.9199219, 21667.6816406, 248.170403587)
(-18491.8398438, 21667.6816406, 248.170403587)
(-18491.7597656, 21667.6816406, 248.170403587)
(-18491.6796875, 21667.6816406, 248.170403587)
(-18491.5996094, 21667.6816406, 248.170403587)
(-18491.5195312, 21667.6816406, 248.170403587)
(-18491.4394531, 21667.6816406, 248.170403587)
(-18491.359375, 21667.6816406, 248.170403587)
(-18491.2792969, 21667.6816406, 248.170403587)
(-18491.1992188, 21667.6816406, 248.170403587)
(-18491.1191406, 21667.6816406, 248.170403587)
(-18491.0390625, 21667.6816406, 248.170403587)
(-18490.9589844, 21667.6816406, 248.170403587)
(-18490.8789062, 21667.6816406, 248.170403587)
(-18490.7988281, 21667.6816406, 248.170403587)
(-18490.71875, 21667.6816406, 248.170403587)
(-18490.6386719, 21667.6816406, 248.170403587)
(-18490.5585938, 21667.6816406, 248.170403587)
(-18490.4785156, 21667.6816406, 248.170403587)
(-18490.3984375, 21667.6816406, 248.170403587)
(-18490.3183594, 21667.6816406, 248.170403587)
(-18490.2382812, 21667.6816406, 248.170403587)
(-18490.1582031, 21667.6816406, 248.170403587)
(-18490.078125, 21667.6816406, 248.170403587)
(-18489.9980469, 21667.6816406, 248.170403587)
(-18489.9179688, 21667.6816406, 248.170403587)
(-18489.8378906, 21667.6816406, 248.170403587)
(-18489.7578125, 21667.6816406, 248.170403587)
(-18489.6777344, 21667.6816406, 248.170403587)
(-18489.5976562, 21667.6816406, 248.170403587)
(-18489.5175781, 21667.6816406, 248.170403587)
(-18489.4375, 21667.6816406, 248.170403587)
(-18489.3574219, 21667.6816406, 248.170403587)
(-18489.2773438, 21667.6816406, 248.170403587)
(-18489.1972656, 21667.6816406, 248.170403587)
(-18489.1171875, 21667.6816406, 248.170403587)
(-18489.0371094, 21667.6816406, 248.170403587)
(-18488.9570312, 21667.6816406, 248.170403587)
(-18488.8769531, 21667.6816406, 248.170403587)
(-18488.796875, 21667.6816406, 248.170403587)
(-18488.7167969, 21667.6816406, 248.170403587)
(-18488.6367188, 21667.6816406, 248.170403587)
(-18488.5566406, 21667.6816406, 248.170403587)
(-18488.4765625, 21667.6816406, 248.170403587)
(-18488.3964844, 21667.6816406, 248.170403587)
(-18488.3164062, 21667.6816406, 248.170403587)
(-18488.2363281, 21667.6816406, 248.170403587)
(-18488.15625, 21667.6816406, 248.170403587)
(-18488.0761719, 21667.6816406, 248.170403587)
(-18487.9960938, 21667.6816406, 248.170403587)
(-18487.9160156, 21667.6816406, 248.170403587)
(-18487.8359375, 21667.6816406, 248.170403587)
(-18487.7558594, 21667.6816406, 248.170403587)
(-18487.6757812, 21667.6816406, 248.170403587)
(-18487.5957031, 21667.6816406, 248.170403587)
(-18487.515625, 21667.6816406, 248.170403587)
(-18487.4355469, 21667.6816406, 248.170403587)
(-18487.3554688, 21667.6816406, 248.170403587)
(-18487.2753906, 21667.6816406, 248.170403587)
(-18487.1953125, 21667.6816406, 248.170403587)
(-18487.1152344, 21667.6816406, 248.170403587)
(-18487.0351562, 21667.6816406, 248.170403587)
(-18486.9550781, 21667.6816406, 248.170403587)
(-18486.875, 21667.6816406, 248.170403587)
(-18486.7949219, 21667.6816406, 248.170403587)
(-18486.7148438, 21667.6816406, 248.170403587)
(-18486.6347656, 21667.6816406, 248.170403587)
(-18486.5546875, 21667.6816406, 248.170403587)
(-18486.4746094, 21667.6816406, 248.170403587)
(-18486.3945312, 21667.6816406, 248.170403587)
(-18486.3144531, 21667.6816406, 248.170403587)
(-18486.234375, 21667.6816406, 248.170403587)
(-18486.1542969, 21667.6816406, 248.170403587)
(-18486.0742188, 21667.6816406, 248.170403587)
(-18485.9941406, 21667.6816406, 248.170403587)
(-18485.9140625, 21667.6816406, 248.170403587)
(-18485.8339844, 21667.6816406, 248.170403587)
(-18485.7539062, 21667.6816406, 248.170403587)
(-18485.6738281, 21667.6816406, 248.170403587)
(-18485.59375, 21667.6816406, 248.170403587)
(-18485.5136719, 21667.6816406, 248.170403587)
(-18485.4335938, 21667.6816406, 248.170403587)
(-18485.3535156, 21667.6816406, 248.170403587)
(-18485.2734375, 21667.6816406, 248.170403587)
(-18485.1933594, 21667.6816406, 248.170403587)
(-18485.1132812, 21667.6816406, 248.170403587)
(-18485.0332031, 21667.6816406, 248.170403587)
(-18484.953125, 21667.6816406, 248.170403587)
(-18484.8730469, 21667.6816406, 248.170403587)
(-18484.7929688, 21667.6816406, 248.170403587)
(-18484.7128906, 21667.6816406, 248.170403587)
(-18484.6328125, 21667.6816406, 248.170403587)
(-18484.5527344, 21667.6816406, 248.170403587)
(-18484.4726562, 21667.6816406, 248.170403587)
(-18484.3925781, 21667.6816406, 248.170403587)
(-18484.3125, 21667.6816406, 248.170403587)
(-18484.2324219, 21667.6816406, 248.170403587)
(-18484.1523438, 21667.6816406, 248.170403587)
(-18484.0722656, 21667.6816406, 248.170403587)
(-18483.9921875, 21667.6816406, 248.170403587)
(-18483.9121094, 21667.6816406, 248.170403587)
(-18483.8320312, 21667.6816406, 248.170403587)
(-18483.7519531, 21667.6816406, 248.170403587)
(-18483.671875, 21667.6816406, 248.170403587)
(-18483.5917969, 21667.6816406, 248.170403587)
(-18483.5117188, 21667.6816406, 248.170403587)
(-18483.4316406, 21667.6816406, 248.170403587)
(-18483.3515625, 21667.6816406, 248.170403587)
(-18483.2714844, 21667.6816406, 248.170403587)
(-18483.1914062, 21667.6816406, 248.170403587)
(-18483.1113281, 21667.6816406, 248.170403587)
(-18483.03125, 21667.6816406, 248.170403587)
(-18482.9511719, 21667.6816406, 248.170403587)
(-18482.8710938, 21667.6816406, 248.170403587)
(-18482.7910156, 21667.6816406, 248.170403587)
(-18482.7109375, 21667.6816406, 248.170403587)
(-18482.6308594, 21667.6816406, 248.170403587)
(-18482.5507812, 21667.6816406, 248.170403587)
(-18482.4707031, 21667.6816406, 248.170403587)
(-18482.390625, 21667.6816406, 248.170403587)
(-18482.3105469, 21667.6816406, 248.170403587)
(-18482.2304688, 21667.6816406, 248.170403587)
(-18482.1503906, 21667.6816406, 248.170403587)
(-18482.0703125, 21667.6816406, 248.170403587)
(-18481.9902344, 21667.6816406, 248.170403587)
(-18481.9101562, 21667.6816406, 248.170403587)
(-18481.8300781, 21667.6816406, 248.170403587)
(-18481.75, 21667.6816406, 248.170403587)
(-18481.6699219, 21667.6816406, 248.170403587)
(-18481.5898438, 21667.6816406, 248.170403587)
(-18481.5097656, 21667.6816406, 248.170403587)
(-18481.4296875, 21667.6816406, 248.170403587)
(-18481.3496094, 21667.6816406, 248.170403587)
(-18481.2695312, 21667.6816406, 248.170403587)
(-18481.1894531, 21667.6816406, 248.170403587)
(-18481.109375, 21667.6816406, 248.170403587)
(-18481.0292969, 21667.6816406, 248.170403587)
(-18480.9492188, 21667.6816406, 248.170403587)
(-18480.8691406, 21667.6816406, 248.170403587)
(-18480.7890625, 21667.6816406, 248.170403587)
(-18480.7089844, 21667.6816406, 248.170403587)
(-18480.6289062, 21667.6816406, 248.170403587)
(-18480.5488281, 21667.6816406, 248.170403587)
(-18480.46875, 21667.6816406, 248.170403587)
(-18480.3886719, 21667.6816406, 248.170403587)
(-18480.3085938, 21667.6816406, 248.170403587)
(-18480.2285156, 21667.6816406, 248.170403587)
(-18480.1484375, 21667.6816406, 248.170403587)
(-18480.0683594, 21667.6816406, 248.170403587)
(-18479.9882812, 21667.6816406, 248.170403587)
(-18479.9082031, 21667.6816406, 248.170403587)
(-18479.828125, 21667.6816406, 248.170403587)
(-18479.7480469, 21667.6816406, 248.170403587)
(-18479.6679688, 21667.6816406, 248.170403587)
(-18479.5878906, 21667.6816406, 248.170403587)
(-18479.5078125, 21667.6816406, 248.170403587)
(-18479.4277344, 21667.6816406, 248.170403587)
(-18479.3476562, 21667.6816406, 248.170403587)
(-18479.2675781, 21667.6816406, 248.170403587)
(-18479.1875, 21667.6816406, 248.170403587)
(-18479.1074219, 21667.6816406, 248.170403587)
(-18479.0273438, 21667.6816406, 248.170403587)
(-18478.9472656, 21667.6816406, 248.170403587)
(-18478.8671875, 21667.6816406, 248.170403587)
(-18478.7871094, 21667.6816406, 248.170403587)
(-18478.7070312, 21667.6816406, 248.170403587)
(-18478.6269531, 21667.6816406, 248.170403587)
(-18478.546875, 21667.6816406, 248.170403587)
(-18478.4667969, 21667.6816406, 248.170403587)
(-18478.3867188, 21667.6816406, 248.170403587)
(-18478.3066406, 21667.6816406, 248.170403587)
(-18478.2265625, 21667.6816406, 248.170403587)
(-18478.1464844, 21667.6816406, 248.170403587)
(-18478.0664062, 21667.6816406, 248.170403587)
(-18477.9863281, 21667.6816406, 248.170403587)
(-18477.90625, 21667.6816406, 248.170403587)
(-18477.8261719, 21667.6816406, 248.170403587)
(-18477.7460938, 21667.6816406, 248.170403587)
(-18477.6660156, 21667.6816406, 248.170403587)
(-18477.5859375, 21667.6816406, 248.170403587)
(-18477.5058594, 21667.6816406, 248.170403587)
(-18477.4257812, 21667.6816406, 248.170403587)
(-18477.3457031, 21667.6816406, 248.170403587)
(-18477.265625, 21667.6816406, 248.170403587)
(-18477.1855469, 21667.6816406, 248.170403587)
(-18477.1054688, 21667.6816406, 248.170403587)
(-18477.0253906, 21667.6816406, 248.170403587)
(-18476.9453125, 21667.6816406, 248.170403587)
(-18476.8652344, 21667.6816406, 248.170403587)
(-18476.7851562, 21667.6816406, 248.170403587)
(-18476.7050781, 21667.6816406, 248.170403587)
(-18476.625, 21667.6816406, 248.170403587)
(-18476.5449219, 21667.6816406, 248.170403587)
(-18476.4648438, 21667.6816406, 248.170403587)
(-18476.3847656, 21667.6816406, 248.170403587)
(-18476.3046875, 21667.6816406, 248.170403587)
(-18476.2246094, 21667.6816406, 248.170403587)
(-18476.1445312, 21667.6816406, 248.170403587)
(-18476.0644531, 21667.6816406, 248.170403587)
(-18475.984375, 21667.6816406, 248.170403587)
(-18475.9042969, 21667.6816406, 248.170403587)
(-18475.8242188, 21667.6816406, 248.170403587)
(-18475.7441406, 21667.6816406, 248.170403587)
(-18475.6640625, 21667.6816406, 248.170403587)
(-18475.5839844, 21667.6816406, 248.170403587)
(-18475.5039062, 21667.6816406, 248.170403587)
(-18475.4238281, 21667.6816406, 248.170403587)
(-18475.34375, 21667.6816406, 248.170403587)
(-18475.2636719, 21667.6816406, 248.170403587)
(-18475.1835938, 21667.6816406, 248.170403587)
(-18475.1035156, 21667.6816406, 248.170403587)
(-18475.0234375, 21667.6816406, 248.170403587)
(-18474.9433594, 21667.6816406, 248.170403587)
(-18474.8632812, 21667.6816406, 248.170403587)
(-18474.7832031, 21667.6816406, 248.170403587)
(-18474.703125, 21667.6816406, 248.170403587)
(-18474.6230469, 21667.6816406, 248.170403587)
(-18474.5429688, 21667.6816406, 248.170403587)
(-18474.4628906, 21667.6816406, 248.170403587)
(-18474.3828125, 21667.6816406, 248.170403587)
(-18474.3027344, 21667.6816406, 248.170403587)
(-18474.2226562, 21667.6816406, 248.170403587)
(-18474.1425781, 21667.6816406, 248.170403587)
(-18474.0625, 21667.6816406, 248.170403587)
(-18473.9824219, 21667.6816406, 248.170403587)
(-18473.9023438, 21667.6816406, 248.170403587)
(-18473.8222656, 21667.6816406, 248.170403587)
(-18473.7421875, 21667.6816406, 248.170403587)
(-18473.6621094, 21667.6816406, 248.170403587)
(-18473.5820312, 21667.6816406, 248.170403587)
(-18473.5019531, 21667.6816406, 248.170403587)
(-18473.421875, 21667.6816406, 248.170403587)
(-18473.3417969, 21667.6816406, 248.170403587)
(-18473.2617188, 21667.6816406, 248.170403587)
(-18473.1816406, 21667.6816406, 248.170403587)
(-18473.1015625, 21667.6816406, 248.170403587)
(-18473.0214844, 21667.6816406, 248.170403587)
(-18472.9414062, 21667.6816406, 248.170403587)
(-18472.8613281, 21667.6816406, 248.170403587)
(-18472.78125, 21667.6816406, 248.170403587)
(-18472.7011719, 21667.6816406, 248.170403587)
(-18472.6210938, 21667.6816406, 248.170403587)
(-18472.5410156, 21667.6816406, 248.170403587)
(-18472.4609375, 21667.6816406, 248.170403587)
(-18472.3808594, 21667.6816406, 248.170403587)
(-18472.3007812, 21667.6816406, 248.170403587)
(-18472.2207031, 21667.6816406, 248.170403587)
(-18472.140625, 21667.6835938, 248.170403587)
(-18472.0605469, 21667.6855469, 248.170403587)
(-18471.9804688, 21667.6875, 248.170403587)
