(-11.9787435532, -0.000104491751699, 0)
(-11.9387435913, -0.000104174177977, 0)
(-11.8987436295, -0.000103825252154, 0)
(-11.8587436676, -0.000103476224467, 0)
(-11.8187437057, -0.00010312719678, 0)
(-11.7787437439, -0.000102778169094, 0)
(-11.738743782, -0.000102429141407, 0)
(-11.6987438202, -0.00010208011372, 0)
(-11.6587438583, -0.000101731086033, 0)
(-11.6187438965, -0.000101382058347, 0)
(-11.5787439346, -0.00010103303066, 0)
(-11.5387439728, -0.000100684002973, 0)
(-11.4987440109, -0.000100334975286, 0)
(-11.4587440491, -9.99859475996e-05, 0)
(-11.4187440872, -9.96369199129e-05, 0)
(-11.3787441254, -9.92878922261e-05, 0)
(-11.3387441635, -9.89388645394e-05, 0)
(-11.2987442017, -9.85898368526e-05, 0)
(-11.2587442398, -9.82408091659e-05, 0)
(-11.218744278, -9.78917814791e-05, 0)
(-11.1787443161, -9.75427537924e-05, 0)
(-11.1387443542, -9.71937261056e-05, 0)
(-11.0987443924, -9.68446984189e-05, 0)
(-11.0587444305, -9.64956707321e-05, 0)
(-11.0187444687, -9.61466430454e-05, 0)
(-10.9787445068, -9.57976153586e-05, 0)
(-10.938744545, -9.54485876719e-05, 0)
(-10.8987445831, -9.50995599851e-05, 0)
(-10.8587446213, -9.47505322983e-05, 0)
(-10.8187446594, -9.44015046116e-05, 0)
(-10.7787446976, -9.40524769248e-05, 0)
(-10.7387447357, -9.37034492381e-05, 0)
(-10.6987447739, -9.33544215513e-05, 0)
(-10.658744812, -9.30053938646e-05, 0)
(-10.6187448502, -9.26563661778e-05, 0)
(-10.5787448883, -9.23073384911e-05, 0)
(-10.5387449265, -9.19583108043e-05, 0)
(-10.4987449646, -9.16092831176e-05, 0)
(-10.4587450027, -9.12602554308e-05, 0)
(-10.4187450409, -9.09112277441e-05, 0)
(-10.378745079, -9.05622000573e-05, 0)
(-10.3387451172, -9.02131723706e-05, 0)
(-10.2987451553, -8.98641446838e-05, 0)
(-10.2587451935, -8.95151169971e-05, 0)
(-10.2187452316, -8.91660893103e-05, 0)
(-10.1787452698, -8.88170616236e-05, 0)
(-10.1387453079, -8.84680339368e-05, 0)
(-10.0987453461, -8.81190062501e-05, 0)
(-10.0587453842, -8.77699785633e-05, 0)
(-10.0187454224, -8.74209508765e-05, 0)
(-9.97874546051, -8.70719231898e-05, 0)
(-9.93874549866, -8.6722895503e-05, 0)
(-9.8987455368, -8.63738678163e-05, 0)
(-9.85874557495, -8.60248401295e-05, 0)
(-9.8187456131, -8.56758124428e-05, 0)
(-9.77874565125, -8.5326784756e-05, 0)
(-9.73874568939, -8.49777570693e-05, 0)
(-9.69874572754, -8.46287293825e-05, 0)
(-9.65874576569, -8.42797016958e-05, 0)
(-9.61874580383, -8.3930674009e-05, 0)
(-9.57874584198, -8.35816463223e-05, 0)
(-9.53874588013, -8.32326186355e-05, 0)
(-9.49874591827, -8.28835909488e-05, 0)
(-9.45874595642, -8.2534563262e-05, 0)
(-9.41874599457, -8.21855355753e-05, 0)
(-9.37874603271, -8.18365078885e-05, 0)
(-9.33874607086, -8.14874802018e-05, 0)
(-9.29874610901, -8.1138452515e-05, 0)
(-9.25874614716, -8.07894248283e-05, 0)
(-9.2187461853, -8.04403971415e-05, 0)
(-9.17874622345, -8.00913694547e-05, 0)
(-9.1387462616, -7.9742341768e-05, 0)
(-9.09874629974, -7.93933140812e-05, 0)
(-9.05874633789, -7.90442863945e-05, 0)
(-9.01874637604, -7.86952587077e-05, 0)
(-8.97874641418, -7.8346231021e-05, 0)
(-8.93874645233, -7.79972033342e-05, 0)
(-8.89874649048, -7.76481756475e-05, 0)
(-8.85874652863, -7.72991479607e-05, 0)
(-8.81874656677, -7.6950120274e-05, 0)
(-8.77874660492, -7.66010925872e-05, 0)
(-8.73874664307, -7.62520649005e-05, 0)
(-8.69874668121, -7.59030372137e-05, 0)
(-8.65874671936, -7.5554009527e-05, 0)
(-8.61874675751, -7.52049818402e-05, 0)
(-8.57874679565, -7.48559541535e-05, 0)
(-8.5387468338, -7.45069264667e-05, 0)
(-8.49874687195, -7.415789878e-05, 0)
(-8.4587469101, -7.38088710932e-05, 0)
(-8.41874694824, -7.34598434065e-05, 0)
(-8.37874698639, -7.31108157197e-05, 0)
(-8.33874702454, -7.27617880329e-05, 0)
(-8.29874706268, -7.24127603462e-05, 0)
(-8.25874710083, -7.20637326594e-05, 0)
(-8.21874713898, -7.17147049727e-05, 0)
(-8.17874717712, -7.13656772859e-05, 0)
(-8.13874721527, -7.10166495992e-05, 0)
(-8.09874725342, -7.06676219124e-05, 0)
(-8.05874729156, -7.03185942257e-05, 0)
(-8.01874732971, -6.99695665389e-05, 0)
(-7.97874736786, -6.96205388522e-05, 0)
(-7.93874740601, -6.92715111654e-05, 0)
(-7.89874744415, -6.89224834787e-05, 0)
(-7.8587474823, -6.85734557919e-05, 0)
(-7.81874752045, -6.82244281052e-05, 0)
(-7.77874755859, -6.78754004184e-05, 0)
(-7.73874759674, -6.75263727317e-05, 0)
(-7.69874763489, -6.71773450449e-05, 0)
(-7.65874767303, -6.68283173582e-05, 0)
(-7.61874771118, -6.64792896714e-05, 0)
(-7.57874774933, -6.61302619847e-05, 0)
(-7.53874778748, -6.57812342979e-05, 0)
(-7.49874782562, -6.54322066111e-05, 0)
(-7.45874786377, -6.50831789244e-05, 0)
(-7.41874790192, -6.47341512376e-05, 0)
(-7.37874794006, -6.43851235509e-05, 0)
(-7.33874797821, -6.40360958641e-05, 0)
(-7.29874801636, -6.36870681774e-05, 0)
(-7.2587480545, -6.33380404906e-05, 0)
(-7.21874809265, -6.29890128039e-05, 0)
(-7.1787481308, -6.26399851171e-05, 0)
(-7.13874816895, -6.22909574304e-05, 0)
(-7.09874820709, -6.19419297436e-05, 0)
(-7.05874824524, -6.15929020569e-05, 0)
(-7.01874828339, -6.12438743701e-05, 0)
(-6.97874832153, -6.08948430454e-05, 0)
(-6.93874835968, -6.05458117207e-05, 0)
(-6.89874839783, -6.01967803959e-05, 0)
(-6.85874843597, -5.98477490712e-05, 0)
(-6.81874847412, -5.94987177465e-05, 0)
(-6.77874851227, -5.91496864217e-05, 0)
(-6.73874855042, -5.8800655097e-05, 0)
(-6.69874858856, -5.84516237723e-05, 0)
(-6.65874862671, -5.81025924475e-05, 0)
(-6.61874866486, -5.77535611228e-05, 0)
(-6.578748703, -5.74045297981e-05, 0)
(-6.53874874115, -5.70554984733e-05, 0)
(-6.4987487793, -5.67064671486e-05, 0)
(-6.45874881744, -5.63574358239e-05, 0)
(-6.41874885559, -5.60084044992e-05, 0)
(-6.37874889374, -5.56593731744e-05, 0)
(-6.33874893188, -5.53103418497e-05, 0)
(-6.2988038063, -0.00214840006083, 0)
(-6.25902271271, -0.00632919557393, 0)
(-6.21951532364, -0.012586215511, 0)
(-6.1803894043, -0.0209023579955, 0)
(-6.14175224304, -0.0312548093498, 0)
(-6.10370969772, -0.0436151735485, 0)
(-6.06636619568, -0.0579495280981, 0)
(-6.0298242569, -0.0742185935378, 0)
(-5.99418401718, -0.0923778414726, 0)
(-5.95954275131, -0.112377561629, 0)
(-5.92599582672, -0.134162813425, 0)
(-5.89363479614, -0.157673969865, 0)
(-5.86254882812, -0.182846471667, 0)
(-5.83282279968, -0.209611460567, 0)
(-5.80453824997, -0.23789550364, 0)
(-5.77777290344, -0.267621070147, 0)
(-5.75259971619, -0.298706769943, 0)
(-5.72908782959, -0.331067234278, 0)
(-5.70730161667, -0.364613771439, 0)
(-5.68378973007, -0.396974027157, 0)
(-5.66200351715, -0.430520504713, 0)
(-5.63849163055, -0.462880760431, 0)
(-5.61670541763, -0.496427237988, 0)
(-5.59319353104, -0.528787493706, 0)
(-5.57140731812, -0.56233394146, 0)
(-5.54789543152, -0.594694197178, 0)
(-5.5261092186, -0.628240704536, 0)
(-5.502597332, -0.660600960255, 0)
(-5.47742414474, -0.69168639183, 0)
(-5.45391225815, -0.724046766758, 0)
(-5.42873907089, -0.755132257938, 0)
(-5.4052271843, -0.787492632866, 0)
(-5.38005399704, -0.818578124046, 0)
(-5.35654211044, -0.850938498974, 0)
(-5.33136892319, -0.882023990154, 0)
(-5.30460309982, -0.91174942255, 0)
(-5.27942991257, -0.942834854126, 0)
(-5.2526640892, -0.972560286522, 0)
(-5.22749090195, -1.00364565849, 0)
(-5.20072507858, -1.03337109089, 0)
(-5.17555189133, -1.06445646286, 0)
(-5.14878606796, -1.09418189526, 0)
(-5.12361288071, -1.12526726723, 0)
(-5.09684705734, -1.15499269962, 0)
(-5.06856250763, -1.18327653408, 0)
(-5.04179668427, -1.21300196648, 0)
(-5.01351213455, -1.24128580093, 0)
(-4.98674631119, -1.27101123333, 0)
(-4.95846176147, -1.29929506779, 0)
(-4.93169593811, -1.32902050018, 0)
(-4.9034113884, -1.35730433464, 0)
(-4.87368535995, -1.38406920433, 0)
(-4.84540081024, -1.412353158, 0)
(-4.8156747818, -1.43911802769, 0)
(-4.78739023209, -1.46740198135, 0)
(-4.75766420364, -1.49416685104, 0)
(-4.72937965393, -1.52245080471, 0)
(-4.69965362549, -1.5492156744, 0)
(-4.67136907578, -1.57749962807, 0)
(-4.64164304733, -1.60426449776, 0)
(-4.61055707932, -1.62943696976, 0)
(-4.58083105087, -1.65620195866, 0)
(-4.54974508286, -1.68137454987, 0)
(-4.52001905441, -1.70813953876, 0)
(-4.4889330864, -1.73331212997, 0)
(-4.45920705795, -1.76007711887, 0)
(-4.42812108994, -1.78524971008, 0)
(-4.39576005936, -1.80876088142, 0)
(-4.36467409134, -1.83393335342, 0)
(-4.33231306076, -1.85744452477, 0)
(-4.30122709274, -1.88261699677, 0)
(-4.26886606216, -1.90612816811, 0)
(-4.23778009415, -1.93130064011, 0)
(-4.20541906357, -1.95481181145, 0)
(-4.17187213898, -1.97659707069, 0)
(-4.1395111084, -2.00010824203, 0)
(-4.10596418381, -2.02189350128, 0)
(-4.07360315323, -2.04540467262, 0)
(-4.04005622864, -2.06718993187, 0)
(-4.00769519806, -2.09070110321, 0)
(-3.97414827347, -2.11248636246, 0)
(-3.9395070076, -2.13248610497, 0)
(-3.90386652946, -2.15064549446, 0)
(-3.86732459068, -2.16691470146, 0)
(-3.82998132706, -2.18124914169, 0)
(-3.79193902016, -2.19360947609, 0)
(-3.7533018589, -2.20396184921, 0)
(-3.71417593956, -2.21227788925, 0)
(-3.67466831207, -2.21853494644, 0)
(-3.63488745689, -2.22271585464, 0)
(-3.59494233131, -2.22480916977, 0)
(-3.55494236946, -2.22480893135, 0)
(-3.51499724388, -2.22271513939, 0)
(-3.4752163887, -2.21853375435, 0)
(-3.43562054634, -2.2128610611, 0)
(-3.39602541924, -2.20718479156, 0)
(-3.35643029213, -2.20150828362, 0)
(-3.31683516502, -2.19583177567, 0)
(-3.27724003792, -2.19015526772, 0)
(-3.23764491081, -2.18447875977, 0)
(-3.19804978371, -2.17880225182, 0)
(-3.1584546566, -2.17312574387, 0)
(-3.1188595295, -2.16744923592, 0)
(-3.07926440239, -2.16177272797, 0)
(-3.03966927528, -2.15609622002, 0)
(-3.00007414818, -2.15041971207, 0)
(-2.96047902107, -2.14474320412, 0)
(-2.92088389397, -2.13906669617, 0)
(-2.88128876686, -2.13339018822, 0)
(-2.84169363976, -2.12771368027, 0)
(-2.80209851265, -2.12203741074, 0)
(-2.76250338554, -2.1163611412, 0)
(-2.72290825844, -2.11068487167, 0)
(-2.68331313133, -2.10500860214, 0)
(-2.64371800423, -2.09933209419, 0)
(-2.60412287712, -2.09365558624, 0)
(-2.56452775002, -2.08797907829, 0)
(-2.52493262291, -2.08230257034, 0)
(-2.4853374958, -2.07662630081, 0)
(-2.4457423687, -2.07095003128, 0)
(-2.40614724159, -2.06527376175, 0)
(-2.36655211449, -2.05959749222, 0)
(-2.32695698738, -2.05392098427, 0)
(-2.28736186028, -2.04824447632, 0)
(-2.24776673317, -2.04256820679, 0)
(-2.20817160606, -2.03689193726, 0)
(-2.16857647896, -2.03121566772, 0)
(-2.12898135185, -2.02553915977, 0)
(-2.08938622475, -2.01986265182, 0)
(-2.04979109764, -2.01418614388, 0)
(-2.01019597054, -2.00850963593, 0)
(-1.97060084343, -2.00283336639, 0)
(-1.93100571632, -1.99715697765, 0)
(-1.89141058922, -1.99148058891, 0)
(-1.85181546211, -1.98580420017, 0)
(-1.81222033501, -1.98012781143, 0)
(-1.7726252079, -1.97445142269, 0)
(-1.7330300808, -1.96877503395, 0)
(-1.69343495369, -1.96309864521, 0)
(-1.65383982658, -1.95742225647, 0)
(-1.61424469948, -1.95174586773, 0)
(-1.57464957237, -1.94606947899, 0)
(-1.53505444527, -1.94039309025, 0)
(-1.49545931816, -1.93471670151, 0)
(-1.45586419106, -1.92904031277, 0)
(-1.41626906395, -1.92336392403, 0)
(-1.37667393684, -1.91768753529, 0)
(-1.33827996254, -1.91238319874, 0)
(-1.30132436752, -1.90756690502, 0)
(-1.26561868191, -1.90321886539, 0)
(-1.2309936285, -1.89931797981, 0)
(-1.19729721546, -1.89584207535, 0)
(-1.16439282894, -1.89276826382, 0)
(-1.13215780258, -1.89007353783, 0)
(-1.10037577152, -1.88798511028, 0)
(-1.06877040863, -1.88686454296, 0)
(-1.03703653812, -1.88711130619, 0)
(-1.00485575199, -1.889113307, 0)
(-0.97194391489, -1.89314317703, 0)
(-0.938127279282, -1.89923036098, 0)
(-0.90340000391, -1.9071046114, 0)
(-0.867903292179, -1.91629016399, 0)
(-0.831937491894, -1.92624342442, 0)
(-0.795717716217, -1.93661248684, 0)
(-0.759365677834, -1.94719815254, 0)
(-0.722785890102, -1.95779943466, 0)
(-0.685573518276, -1.9679813385, 0)
(-0.647468566895, -1.97711920738, 0)
(-0.6084831357, -1.98462224007, 0)
(-0.568862140179, -1.99011576176, 0)
(-0.529007971287, -1.99352812767, 0)
(-0.489029824734, -1.99485003948, 0)
(-0.449177801609, -1.99417734146, 0)
(-0.409660190344, -1.99168789387, 0)
(-0.370621085167, -1.98759329319, 0)
(-0.332145661116, -1.98210346699, 0)
(-0.293517559767, -1.9763982296, 0)
(-0.254742711782, -1.97058546543, 0)
(-0.215845599771, -1.96468293667, 0)
(-0.176814973354, -1.95868241787, 0)
(-0.137573331594, -1.95252478123, 0)
(-0.0980809777975, -1.94617235661, 0)
(-0.0585887022316, -1.93981933594, 0)
(-0.0190964266658, -1.93346631527, 0)
(0.0203958489001, -1.9271132946, 0)
(0.0598881244659, -1.92076027393, 0)
(0.0993804037571, -1.91440725327, 0)
(0.138872683048, -1.9080542326, 0)
(0.178364962339, -1.90170121193, 0)
(0.217857241631, -1.89534819126, 0)
(0.257349520922, -1.88899517059, 0)
(0.296841800213, -1.88264214993, 0)
(0.336334079504, -1.87628912926, 0)
(0.375826358795, -1.86993610859, 0)
(0.415318638086, -1.86358308792, 0)
(0.454810917377, -1.85723006725, 0)
(0.494303196669, -1.85087704659, 0)
(0.53379547596, -1.84452402592, 0)
(0.573287725449, -1.83817100525, 0)
(0.612779974937, -1.83181798458, 0)
(0.652272224426, -1.82546496391, 0)
(0.691764473915, -1.81911194324, 0)
(0.731256723404, -1.81275892258, 0)
(0.770748972893, -1.80640590191, 0)
(0.810241222382, -1.80005288124, 0)
(0.84973347187, -1.79369986057, 0)
(0.889225721359, -1.7873468399, 0)
(0.928717970848, -1.78099381924, 0)
(0.968210220337, -1.77464079857, 0)
(1.00770246983, -1.7682877779, 0)
(1.04719471931, -1.76193475723, 0)
(1.0866869688, -1.75558173656, 0)
(1.12617921829, -1.7492287159, 0)
(1.16567146778, -1.74287569523, 0)
(1.20516371727, -1.73652267456, 0)
(1.24465596676, -1.73016965389, 0)
(1.28414821625, -1.72381663322, 0)
(1.32364046574, -1.71746361256, 0)
(1.36313271523, -1.71111059189, 0)
(1.40262496471, -1.70475757122, 0)
(1.4421172142, -1.69840455055, 0)
(1.48160946369, -1.69205152988, 0)
(1.52110171318, -1.68569850922, 0)
(1.56059396267, -1.67934548855, 0)
(1.60008621216, -1.67299246788, 0)
(1.63957846165, -1.66663944721, 0)
(1.67907071114, -1.66028642654, 0)
(1.71856296062, -1.65393340588, 0)
(1.75805521011, -1.64758038521, 0)
(1.7975474596, -1.64122736454, 0)
(1.83703970909, -1.63487434387, 0)
(1.87653195858, -1.6285213232, 0)
(1.91602420807, -1.62216830254, 0)
(1.95551645756, -1.61581528187, 0)
(1.99500870705, -1.6094622612, 0)
(2.03450107574, -1.60310924053, 0)
(2.07399344444, -1.59675621986, 0)
(2.11348581314, -1.5904031992, 0)
(2.15297818184, -1.58405017853, 0)
(2.19247055054, -1.57769727707, 0)
(2.23196291924, -1.57134437561, 0)
(2.27145528793, -1.56499135494, 0)
(2.31094765663, -1.55863833427, 0)
(2.35044002533, -1.55228531361, 0)
(2.38993239403, -1.54593229294, 0)
(2.42942476273, -1.53957939148, 0)
(2.46891713142, -1.53322649002, 0)
(2.50840950012, -1.52687358856, 0)
(2.54790186882, -1.52052056789, 0)
(2.58739423752, -1.51416754723, 0)
(2.62688660622, -1.50781452656, 0)
(2.66637897491, -1.50146150589, 0)
(2.70587134361, -1.49510860443, 0)
(2.74536371231, -1.48875570297, 0)
(2.78485608101, -1.4824026823, 0)
(2.82434844971, -1.47604966164, 0)
(2.86384081841, -1.46969664097, 0)
(2.9033331871, -1.4633436203, 0)
(2.9428255558, -1.45699071884, 0)
(2.9823179245, -1.45063781738, 0)
(3.0218102932, -1.44428491592, 0)
(3.0613026619, -1.43793189526, 0)
(3.10079503059, -1.43157887459, 0)
(3.14028739929, -1.42522585392, 0)
(3.17977976799, -1.41887283325, 0)
(3.21927213669, -1.41251981258, 0)
(3.25876450539, -1.40616679192, 0)
(3.29825687408, -1.39981389046, 0)
(3.33774924278, -1.393460989, 0)
(3.37724161148, -1.38710808754, 0)
(3.41673398018, -1.38075506687, 0)
(3.45622634888, -1.3744020462, 0)
(3.49571871758, -1.36804902554, 0)
(3.53521108627, -1.36169600487, 0)
(3.57470345497, -1.35534310341, 0)
(3.61419582367, -1.34899020195, 0)
(3.65368819237, -1.34263718128, 0)
(3.69318056107, -1.33628416061, 0)
(3.73267292976, -1.32993113995, 0)
(3.77216529846, -1.32357811928, 0)
(3.81165766716, -1.31722521782, 0)
(3.85115003586, -1.31087231636, 0)
(3.89064240456, -1.3045194149, 0)
(3.93013477325, -1.29816639423, 0)
(3.96962714195, -1.29181337357, 0)
(4.00911951065, -1.2854603529, 0)
(4.04861164093, -1.27910733223, 0)
(4.08810377121, -1.27275443077, 0)
(4.12759590149, -1.26640152931, 0)
(4.16708803177, -1.26004862785, 0)
(4.20658016205, -1.25369572639, 0)
(4.24607229233, -1.24734270573, 0)
(4.28556442261, -1.24098968506, 0)
(4.32505655289, -1.2346367836, 0)
(4.36454868317, -1.22828388214, 0)
(4.40404081345, -1.22193098068, 0)
(4.44353294373, -1.21557807922, 0)
(4.48302507401, -1.20922505856, 0)
(4.52251720428, -1.20287203789, 0)
(4.56200933456, -1.19651913643, 0)
(4.60150146484, -1.19016623497, 0)
(4.64099359512, -1.18381333351, 0)
(4.6804857254, -1.17746043205, 0)
(4.71997785568, -1.17110753059, 0)
(4.75946998596, -1.16475450993, 0)
(4.79896211624, -1.15840148926, 0)
(4.83845424652, -1.1520485878, 0)
(4.8779463768, -1.14569568634, 0)
(4.91743850708, -1.13934278488, 0)
(4.95693063736, -1.13298988342, 0)
(4.99642276764, -1.12663698196, 0)
(5.03591489792, -1.1202839613, 0)
(5.0754070282, -1.11393094063, 0)
(5.11489915848, -1.10757803917, 0)
(5.15439128876, -1.10122513771, 0)
(5.19388341904, -1.09487223625, 0)
(5.23337554932, -1.08851933479, 0)
(5.2728676796, -1.08216631413, 0)
(5.31235980988, -1.07581329346, 0)
(5.35185194016, -1.069460392, 0)
(5.39134407043, -1.06310749054, 0)
(5.43083620071, -1.05675458908, 0)
(5.47032833099, -1.05040168762, 0)
(5.50982046127, -1.04404878616, 0)
(5.54931259155, -1.0376957655, 0)
(5.58880472183, -1.03134274483, 0)
(5.62829685211, -1.02498984337, 0)
(5.66778898239, -1.01863694191, 0)
(5.70728111267, -1.01228404045, 0)
(5.74677324295, -1.00593113899, 0)
(5.78626537323, -0.999578177929, 0)
(5.82575750351, -0.993225216866, 0)
(5.86524963379, -0.986872255802, 0)
(5.90474176407, -0.980519294739, 0)
(5.94423389435, -0.974166333675, 0)
(5.98372602463, -0.967813372612, 0)
(6.02321815491, -0.961460411549, 0)
(6.06271028519, -0.955107450485, 0)
(6.10220241547, -0.948754489422, 0)
(6.14169454575, -0.942401528358, 0)
(6.18118667603, -0.936048567295, 0)
(6.2206788063, -0.929695606232, 0)
(6.26017093658, -0.923342645168, 0)
(6.29966306686, -0.916989684105, 0)
(6.33915519714, -0.910636723042, 0)
(6.37864732742, -0.904283761978, 0)
(6.4181394577, -0.897930800915, 0)
(6.45763158798, -0.891577839851, 0)
(6.49712371826, -0.885224878788, 0)
(6.53661584854, -0.878871917725, 0)
(6.57610797882, -0.872518956661, 0)
(6.6156001091, -0.866165995598, 0)
(6.65509223938, -0.859813034534, 0)
(6.69458436966, -0.853460073471, 0)
(6.73407649994, -0.847107112408, 0)
(6.77356863022, -0.840754151344, 0)
(6.8130607605, -0.834401190281, 0)
(6.85255289078, -0.828048229218, 0)
(6.89204502106, -0.821695268154, 0)
(6.93153715134, -0.815342307091, 0)
(6.97102928162, -0.808989346027, 0)
(7.0105214119, -0.802636384964, 0)
(7.05001354218, -0.796283423901, 0)
(7.08950567245, -0.789930462837, 0)
(7.12899780273, -0.783577501774, 0)
(7.16848993301, -0.77722454071, 0)
(7.20798206329, -0.770871579647, 0)
(7.24747419357, -0.764518618584, 0)
(7.28696632385, -0.75816565752, 0)
(7.32645845413, -0.751812696457, 0)
(7.36595058441, -0.745459735394, 0)
(7.40544271469, -0.73910677433, 0)
(7.44493484497, -0.732753813267, 0)
(7.48442697525, -0.726400852203, 0)
(7.52391910553, -0.72004789114, 0)
(7.56341123581, -0.713694930077, 0)
(7.60290336609, -0.707341969013, 0)
(7.64239549637, -0.70098900795, 0)
(7.68188762665, -0.694636046886, 0)
(7.72137975693, -0.688283085823, 0)
(7.76087188721, -0.68193012476, 0)
(7.80036401749, -0.675577163696, 0)
(7.83985614777, -0.669224202633, 0)
(7.87934827805, -0.66287124157, 0)
(7.91884040833, -0.656518280506, 0)
(7.9583325386, -0.650165319443, 0)
(7.99782466888, -0.643812358379, 0)
(8.037317276, -0.637459397316, 0)
(8.07680988312, -0.631106436253, 0)
(8.11630249023, -0.624753475189, 0)
(8.15579509735, -0.618400514126, 0)
(8.19528770447, -0.612047553062, 0)
(8.23478031158, -0.605694591999, 0)
(8.2742729187, -0.599341630936, 0)
(8.31376552582, -0.592988669872, 0)
(8.35325813293, -0.586635708809, 0)
(8.39275074005, -0.580282747746, 0)
(8.43224334717, -0.573929786682, 0)
(8.47173595428, -0.567576825619, 0)
(8.5112285614, -0.561223864555, 0)
(8.55072116852, -0.554870903492, 0)
(8.59021377563, -0.548517942429, 0)
(8.62970638275, -0.542164981365, 0)
(8.66919898987, -0.535812020302, 0)
(8.70869159698, -0.529459059238, 0)
(8.7481842041, -0.523106098175, 0)
(8.78767681122, -0.516753137112, 0)
(8.82716941833, -0.510400176048, 0)
(8.86666202545, -0.504047214985, 0)
(8.90615463257, -0.497694253922, 0)
(8.94564723969, -0.491341292858, 0)
(8.9851398468, -0.484988331795, 0)
(9.02463245392, -0.478635370731, 0)
(9.06412506104, -0.472282409668, 0)
(9.10361766815, -0.465929448605, 0)
(9.14311027527, -0.459576487541, 0)
(9.18260288239, -0.453223526478, 0)
(9.2220954895, -0.446870565414, 0)
(9.26158809662, -0.440517604351, 0)
(9.30108070374, -0.434164643288, 0)
(9.34057331085, -0.427811682224, 0)
(9.38006591797, -0.421458721161, 0)
(9.41955852509, -0.415105760098, 0)
(9.4590511322, -0.408752799034, 0)
(9.49854373932, -0.402399837971, 0)
(9.53803634644, -0.396046876907, 0)
(9.57752895355, -0.389693915844, 0)
(9.61702156067, -0.383340954781, 0)
(9.65651416779, -0.376987993717, 0)
(9.6960067749, -0.370635002851, 0)
(9.73549938202, -0.364282011986, 0)
(9.77499198914, -0.35792902112, 0)
(9.81448459625, -0.351576030254, 0)
(9.85397720337, -0.345223039389, 0)
(9.89346981049, -0.338870048523, 0)
(9.9329624176, -0.332517057657, 0)
(9.97245502472, -0.326164066792, 0)
(10.0119476318, -0.319811075926, 0)
(10.051440239, -0.31345808506, 0)
(10.0909328461, -0.307105094194, 0)
(10.1304254532, -0.300752103329, 0)
(10.1699180603, -0.294399112463, 0)
(10.2094106674, -0.288046121597, 0)
(10.2489032745, -0.281693130732, 0)
(10.2883958817, -0.275340139866, 0)
(10.3278884888, -0.268987149, 0)
(10.3673810959, -0.262634158134, 0)
(10.406873703, -0.256281167269, 0)
(10.4463663101, -0.249928176403, 0)
(10.4858589172, -0.243575185537, 0)
(10.5253515244, -0.237222194672, 0)
(10.5648441315, -0.230869188905, 0)
(10.6043367386, -0.224516183138, 0)
(10.6438293457, -0.218163177371, 0)
(10.6833219528, -0.211810171604, 0)
(10.7228145599, -0.205457165837, 0)
(10.7623071671, -0.19910416007, 0)
(10.8017997742, -0.192751154304, 0)
(10.8412923813, -0.186398148537, 0)
(10.8807849884, -0.18004514277, 0)
(10.9202775955, -0.173692122102, 0)
(10.9597702026, -0.167339101434, 0)
(10.9992628098, -0.160986080766, 0)
(11.0387554169, -0.154633060098, 0)
(11.078248024, -0.14828003943, 0)
(11.1177406311, -0.141927018762, 0)
(11.1572332382, -0.135573998094, 0)
(11.1967258453, -0.129220962524, 0)
(11.2362184525, -0.122867926955, 0)
(11.2757110596, -0.116514891386, 0)
(11.3152036667, -0.110161855817, 0)
(11.3546962738, -0.103808812797, 0)
(11.3941888809, -0.0974557697773, 0)
(11.433681488, -0.0911027193069, 0)
(11.4731740952, -0.0847496688366, 0)
(11.5126667023, -0.0783966183662, 0)
(11.5521593094, -0.0720435604453, 0)
(11.5916519165, -0.0656904950738, 0)
(11.6311445236, -0.059337425977, 0)
(11.6706371307, -0.0529843494296, 0)
(11.7101297379, -0.0466312691569, 0)
(11.749622345, -0.0402781814337, 0)
(11.7891149521, -0.0339250825346, 0)
