(14071.5009536, 14882.7999995, 295.480186108)
(14071.5647503, 14882.8005784, 295.480346716)
(14071.6427831, 14882.8011807, 295.480179396)
(14071.7043089, 14882.8017682, 295.480159872)
(14071.7790638, 14882.8023846, 295.480159566)
(14071.8455433, 14882.8031416, 295.480159374)
(14071.9301976, 14882.8041491, 295.480159446)
(14072.0110514, 14882.7987678, 295.480159518)
(14072.1113507, 14882.7900961, 295.480159347)
(14072.190968, 14882.7728044, 295.480159523)
(14072.2698125, 14882.7298859, 295.480159499)
(14072.3154244, 14882.6936422, 295.480159348)
(14072.3781233, 14882.6433074, 295.48015966)
(14072.4389209, 14882.6011559, 295.480159362)
(14072.5040225, 14882.5584991, 295.480159405)
(14072.5578017, 14882.520366, 295.480159424)
(14072.6273995, 14882.4686979, 295.480159471)
(14072.6823221, 14882.4273639, 295.480159448)
(14072.751348, 14882.37545, 295.480159427)
(14072.8015856, 14882.3378106, 295.48015944)
(14072.8627239, 14882.2919892, 295.480159439)
(14072.9115846, 14882.2552673, 295.480159438)
(14072.9818479, 14882.2023437, 295.48015944)
(14073.0426645, 14882.1527603, 295.480159453)
(14073.1096792, 14882.0946012, 295.480159488)
(14073.1547461, 14882.0475502, 295.480159729)
(14073.2018522, 14881.978215, 295.48017453)
(14073.2311707, 14881.915583, 295.480400685)
(14073.2506749, 14881.8472083, 295.480193352)
(14073.2617653, 14881.7856136, 295.480158989)
(14073.278816, 14881.719646, 295.480159629)
(14073.3025557, 14881.6391518, 295.480159422)
(14073.3216505, 14881.5600629, 295.480159415)
(14073.3430804, 14881.4684552, 295.480159472)
(14073.3604383, 14881.3991502, 295.480159435)
(14073.3810859, 14881.3166121, 295.480159436)
(14073.3903285, 14881.2414535, 295.480159413)
(14073.380708, 14881.1634623, 295.480160676)
(14073.3653781, 14881.1047643, 295.480199558)
(14073.3382212, 14881.0405773, 295.480159436)
(14073.3072352, 14880.9849837, 295.48015932)
(14073.2549795, 14880.9041313, 295.480159363)
(14073.2111165, 14880.8341606, 295.480159434)
(14073.1652994, 14880.7574175, 295.480159461)
(14073.1278069, 14880.7004626, 295.480159403)
(14073.0784879, 14880.6295277, 295.480159481)
(14073.0433534, 14880.5796764, 295.480159426)
(14072.9972492, 14880.5140266, 295.480159448)
(14072.9616327, 14880.4628302, 295.480159439)
(14072.9194101, 14880.4021476, 295.480159435)
(14072.8712604, 14880.3339674, 295.480159437)
(14072.8238316, 14880.2673079, 295.480159431)
(14072.7635321, 14880.1926985, 295.480159392)
(14072.7140476, 14880.1453881, 295.480160748)
(14072.6396866, 14880.0946625, 295.480229462)
(14072.5729797, 14880.067669, 295.480155317)
(14072.4960936, 14880.0432439, 295.480343208)
(14072.4446792, 14880.0308092, 295.480179234)
(14072.364662, 14880.0131449, 295.480158672)
(14072.2962125, 14879.9969165, 295.480159351)
(14072.2153468, 14879.9762198, 295.48015941)
(14072.160996, 14879.9639921, 295.48015945)
(14072.0590648, 14879.9415854, 295.480159376)
(14071.9944616, 14879.932301, 295.480159379)
(14071.9051959, 14879.9211483, 295.480159244)
(14071.8446759, 14879.9192321, 295.480159728)
(14071.7544936, 14879.9394305, 295.480160692)
(14071.6965301, 14879.965314, 295.480162072)
(14071.6204275, 14880.0148479, 295.48015939)
(14071.5639329, 14880.0541468, 295.480159494)
(14071.4944372, 14880.0983535, 295.480159453)
(14071.4495346, 14880.1275596, 295.480159464)
(14071.374321, 14880.1778818, 295.480159407)
(14071.3235175, 14880.2131283, 295.48015944)
(14071.245105, 14880.2690802, 295.480159427)
(14071.200386, 14880.3011079, 295.480159448)
(14071.124186, 14880.3557589, 295.480159423)
(14071.0574332, 14880.4036963, 295.480159446)
(14070.9979816, 14880.4471126, 295.480159445)
(14070.9240554, 14880.5014126, 295.48015942)
(14070.875583, 14880.5441043, 295.480159991)
(14070.8248287, 14880.5993166, 295.480160272)
(14070.7853711, 14880.6594012, 295.48017603)
(14070.7552203, 14880.7233161, 295.480304113)
(14070.7320808, 14880.7888274, 295.48015856)
(14070.7089205, 14880.8764878, 295.480159099)
(14070.6938988, 14880.9443169, 295.480159785)
(14070.6733066, 14881.029823, 295.480159343)
(14070.6595806, 14881.0923356, 295.480159513)
(14070.6452575, 14881.1568271, 295.480159421)
(14070.631993, 14881.2143832, 295.480159447)
(14070.61457, 14881.290052, 295.480159432)
(14070.6063925, 14881.3530651, 295.480159561)
(14070.6021924, 14881.4339839, 295.48015936)
(14070.5935369, 14881.5192262, 295.480159395)
(14070.584964, 14881.6067914, 295.480159462)
(14070.578112, 14881.6902994, 295.480159446)
(14070.5729967, 14881.7561886, 295.48015945)
(14070.5675883, 14881.8253814, 295.480159445)
(14070.5621284, 14881.9011972, 295.480159444)
(14070.5569669, 14881.9770348, 295.480159443)
(14070.5504608, 14882.0680871, 295.480159446)
(14070.5451631, 14882.1464014, 295.480159445)
(14070.5384457, 14882.2448863, 295.480159426)
(14070.5244523, 14882.3270252, 295.480159349)
(14070.5016461, 14882.3951081, 295.480159373)
(14070.4570228, 14882.4752347, 295.480159506)
(14070.4135962, 14882.5545354, 295.480159732)
(14070.3700457, 14882.6477859, 295.480159431)
(14070.3295285, 14882.7212061, 295.480159421)
(14070.2826823, 14882.8018238, 295.480159434)
(14070.2394225, 14882.8756365, 295.480159421)
(14070.1847487, 14882.9685279, 295.480159462)
(14070.1433707, 14883.0395389, 295.480159443)
(14070.0853085, 14883.1357332, 295.480159415)
(14070.0378986, 14883.214627, 295.480159439)
(14069.9918728, 14883.2915464, 295.480159443)
(14069.9461727, 14883.3682173, 295.480159443)
(14069.9041989, 14883.4383877, 295.480159443)
(14069.8653594, 14883.5032011, 295.480159441)
(14069.8301296, 14883.5620095, 295.480159439)
(14069.7740526, 14883.6554863, 295.48015943)
(14069.7434959, 14883.7221992, 295.480159533)
(14069.7224537, 14883.814881, 295.480159656)
(14069.7081947, 14883.8971822, 295.480159592)
(14069.6879984, 14883.9814464, 295.48015938)
(14069.6747172, 14884.0490575, 295.480159395)
(14069.6514426, 14884.1745067, 295.480159425)
(14069.6409568, 14884.2372231, 295.480159429)
(14069.620919, 14884.346089, 295.480159434)
(14069.6116612, 14884.4056396, 295.48015944)
(14069.5946274, 14884.5170027, 295.480159431)
(14069.5878702, 14884.5760259, 295.480159446)
(14069.5777935, 14884.6658404, 295.480159436)
(14069.5733338, 14884.7366837, 295.480159445)
(14069.5669462, 14884.8334863, 295.480159454)
(14069.5617618, 14884.9163326, 295.480159442)
(14069.5552711, 14885.0082113, 295.480159443)
(14069.5514023, 14885.0878195, 295.480159446)
(14069.5468623, 14885.1711529, 295.480159444)
(14069.5433686, 14885.2392323, 295.480159445)
(14069.5396899, 14885.308943, 295.480159444)
(14069.5366503, 14885.3695934, 295.480159437)
(14069.5325318, 14885.4521045, 295.480159447)
(14069.5301971, 14885.5231197, 295.480159448)
(14069.5270054, 14885.6176808, 295.480159447)
(14069.5258984, 14885.6792367, 295.480159443)
(14069.5241657, 14885.7721919, 295.480159441)
(14069.5230288, 14885.8374601, 295.480159451)
(14069.5215391, 14885.9192416, 295.480159434)
(14069.519773, 14886.0274627, 295.480159442)
(14069.5187712, 14886.1038884, 295.480159445)
(14069.5176254, 14886.1856652, 295.480159444)
(14069.5160594, 14886.2533613, 295.480159434)
(14069.5140196, 14886.3417009, 295.480159438)
(14069.5128632, 14886.4024112, 295.480159444)
(14069.511593, 14886.474276, 295.48015944)
(14069.5103975, 14886.5548269, 295.480159447)
(14069.5093883, 14886.6258726, 295.480159443)
(14069.5079454, 14886.7274746, 295.480159447)
(14069.5085513, 14886.8233708, 295.480159433)
(14069.5079793, 14886.9071962, 295.480159448)
(14069.5071701, 14886.9984524, 295.480159444)
(14069.5063805, 14887.0702958, 295.48015944)
(14069.5054162, 14887.1611505, 295.480159441)
(14069.5054163, 14887.2347006, 295.480159452)
(14069.5053049, 14887.3131959, 295.480159443)
(14069.5049232, 14887.3805099, 295.480159437)
(14069.50442, 14887.4552577, 295.480159442)
(14069.5040608, 14887.5205147, 295.480159439)
(14069.503628, 14887.598988, 295.48015944)
(14069.5032269, 14887.6811826, 295.480159445)
(14069.5031216, 14887.7596771, 295.480159437)
(14069.5030326, 14887.8422942, 295.480159443)
(14069.5029443, 14887.9170553, 295.480159443)
(14069.5029069, 14888.0137095, 295.480159443)
(14069.5028303, 14888.0934236, 295.480159443)
(14069.5027934, 14888.1487697, 295.480159443)
(14069.5028094, 14888.2218789, 295.480159444)
(14069.5028969, 14888.3011862, 295.480159441)
(14069.5029115, 14888.3821378, 295.48015944)
(14069.502927, 14888.4750681, 295.48015944)
(14069.5029386, 14888.5494121, 295.48015944)
(14069.50295, 14888.6278866, 295.480159439)
(14069.50296, 14888.6968614, 295.480159439)
(14069.5029705, 14888.7786398, 295.480159439)
(14069.50298, 14888.8496799, 295.480159439)
(14069.5029879, 14888.9178286, 295.480159439)
(14069.5029958, 14888.9810214, 295.480159439)
(14069.503005, 14889.0644519, 295.480159439)
(14069.5030133, 14889.1338399, 295.480159439)
(14069.5030228, 14889.2288351, 295.480159439)
(14069.5030311, 14889.3023534, 295.480159439)
(14069.5030388, 14889.3895012, 295.480159439)
(14069.503045, 14889.4489766, 295.480159439)
(14069.5030513, 14889.5262117, 295.480159439)
(14069.5030578, 14889.5922957, 295.480159439)
(14069.5030642, 14889.6753131, 295.480159438)
(14069.5030129, 14889.7678275, 295.480159438)
(14069.5029941, 14889.8661278, 295.48015944)
(14069.5029819, 14889.9400591, 295.48015944)
(14069.5029661, 14890.0334024, 295.48015944)
(14069.5029569, 14890.0924649, 295.48015944)
(14069.5029431, 14890.1820909, 295.48015944)
(14069.5029328, 14890.252718, 295.48015944)
(14069.5029209, 14890.3382138, 295.48015944)
(14069.5029132, 14890.394798, 295.48015944)
(14069.5029036, 14890.4695553, 295.48015944)
(14069.5028941, 14890.5447256, 295.48015944)
(14069.5028845, 14890.6326997, 295.48015944)
(14069.5028759, 14890.7074568, 295.48015944)
(14069.5028676, 14890.7991481, 295.48015944)
(14069.5028618, 14890.8561453, 295.48015944)
(14069.5028558, 14890.9267725, 295.48015944)
(14069.5028476, 14891.0073117, 295.48015944)
(14069.5028403, 14891.1027202, 295.48015944)
(14069.502834, 14891.170869, 295.48015944)
(14069.5028286, 14891.2650387, 295.480159441)
(14069.5028225, 14891.3381435, 295.48015944)
(14069.5028217, 14891.4224005, 295.48015944)
(14069.5028186, 14891.4773323, 295.48015944)
(14069.502816, 14891.5500248, 295.480159441)
(14069.5028125, 14891.611978, 295.48015944)
(14069.5028089, 14891.7003651, 295.48015944)
(14069.5028049, 14891.7689267, 295.48015944)
(14069.5028013, 14891.8713567, 295.48015944)
(14069.5027972, 14891.9457009, 295.48015944)
(14069.5027969, 14892.0167411, 295.480159441)
(14069.5027945, 14892.0716728, 295.48015944)
(14069.5027924, 14892.1538646, 295.48015944)
(14069.5027905, 14892.2195352, 295.48015944)
(14069.5028066, 14892.3116407, 295.480159442)
(14069.5028084, 14892.3888755, 295.48015944)
(14069.5028197, 14892.4760237, 295.480159441)
(14069.5028243, 14892.557389, 295.48015944)
(14069.5028361, 14892.6507328, 295.48015944)
(14069.5028418, 14892.7271417, 295.48015944)
(14069.5028532, 14892.8353538, 295.48015944)
(14069.5028575, 14892.9138278, 295.48015944)
(14069.502863, 14892.9980847, 295.48015944)
(14069.5028656, 14893.0509515, 295.48015944)
(14069.5028701, 14893.130665, 295.48015944)
(14069.5028735, 14893.20377, 295.480159439)
(14069.5028775, 14893.2838967, 295.48015944)
(14069.5028841, 14893.3731099, 295.48015944)
(14069.5028889, 14893.4734742, 295.480159439)
(14069.5028918, 14893.5490574, 295.480159439)
(14069.5028956, 14893.6333143, 295.480159439)
(14069.502898, 14893.6973328, 295.480159439)
(14069.5029013, 14893.7791114, 295.480159439)
(14069.5029036, 14893.8456081, 295.480159439)
(14069.5029062, 14893.9178872, 295.480159439)
(14069.5029091, 14894.0025569, 295.480159439)
(14069.5029111, 14894.0645104, 295.480159439)
(14069.5029141, 14894.14505, 295.480159439)
(14069.5029164, 14894.2198071, 295.480159439)
(14069.5029194, 14894.3135634, 295.480159439)
(14069.5029216, 14894.3916248, 295.480159439)
(14069.5029247, 14894.4977717, 295.480159439)
(14069.5029267, 14894.5799633, 295.480159439)
(14069.5029296, 14894.6914796, 295.480159439)
(14069.5029311, 14894.7571503, 295.480159439)
(14069.5029328, 14894.8360378, 295.480159439)
(14069.5029354, 14894.9582927, 295.480159439)
(14069.5029368, 14895.036354, 295.480159439)
(14069.5029383, 14895.1197847, 295.480159439)
(14069.5029397, 14895.2164321, 295.480159439)
(14069.5029411, 14895.2911894, 295.480159439)
(14069.502943, 14895.4142703, 295.480159439)
(14069.5029442, 14895.4882015, 295.480159439)
(14069.5029456, 14895.6129345, 295.480159439)
(14069.5029466, 14895.6872787, 295.480159439)
(14069.5029472, 14895.7975559, 295.480159439)
(14069.5029482, 14895.869009, 295.480159439)
(14069.5029493, 14895.977221, 295.480159439)
(14069.5029502, 14896.0441308, 295.480159439)
(14069.5029508, 14896.1337568, 295.480159439)
(14069.5029515, 14896.1948843, 295.480159439)
(14069.5029521, 14896.2840973, 295.480159439)
(14069.5029531, 14896.3675281, 295.480159439)
(14069.5029535, 14896.4550889, 295.480159439)
(14069.5029546, 14896.5608229, 295.480159439)
(14069.5029545, 14896.6450797, 295.480159439)
(14069.502955, 14896.7053811, 295.480159439)
(14069.5029551, 14896.7908768, 295.480159439)
(14069.5029555, 14896.863156, 295.480159439)
(14069.5029556, 14896.9544341, 295.480159439)
(14069.5029561, 14897.0349737, 295.480159439)
(14069.5029559, 14897.129969, 295.480159439)
(14069.5029564, 14897.217117, 295.480159439)
(14069.5029569, 14897.3050909, 295.480159439)
(14069.5029573, 14897.3918258, 295.480159439)
(14069.5029579, 14897.466583, 295.480159439)
(14069.5029581, 14897.5512528, 295.480159439)
(14069.5029585, 14897.6082501, 295.480159439)
(14069.5029588, 14897.6854854, 295.480159439)
(14069.5029591, 14897.7561124, 295.480159439)
(14069.5029595, 14897.8358259, 295.480159439)
(14069.5029589, 14897.9266909, 295.480159439)
(14069.5029591, 14898.0026873, 295.480159439)
(14069.5029584, 14898.0857049, 295.480159439)
(14069.5029585, 14898.1505497, 295.480159439)
(14069.5029581, 14898.2352193, 295.480159439)
(14069.5029583, 14898.299238, 295.480159439)
(14069.5029579, 14898.3929943, 295.480159439)
(14069.5029581, 14898.4586651, 295.480159439)
(14069.5029577, 14898.5503561, 295.480159439)
(14069.5029579, 14898.6213962, 295.480159439)
(14069.5029576, 14898.6973924, 295.480159439)
(14069.5029579, 14898.7626502, 295.480159439)
(14069.5029577, 14898.8460808, 295.480159439)
(14069.502958, 14898.9084474, 295.480159439)
(14069.5029579, 14898.9960083, 295.480159439)
(14069.5029582, 14899.059201, 295.480159439)
(14069.5029582, 14899.148827, 295.480159439)
(14069.5029585, 14899.2165628, 295.480159439)
(14069.5029586, 14899.2834725, 295.480159439)
(14069.5029586, 14899.3474912, 295.480159439)
(14069.502958, 14899.434639, 295.480159439)
(14069.5029581, 14899.5048531, 295.480159439)
(14069.5029575, 14899.5998483, 295.480159439)
(14069.5029576, 14899.6741926, 295.480159439)
(14069.5029569, 14899.7679489, 295.480159439)
(14069.5029569, 14899.8517927, 295.480159439)
(14069.5029559, 14899.9513311, 295.480159439)
(14069.502956, 14900.0153499, 295.480159439)
(14069.502956, 14900.0958894, 295.480159439)
(14069.5029561, 14900.1706466, 295.480159439)
(14069.5029562, 14900.2491211, 295.480159439)
(14069.5029563, 14900.3048792, 295.480159439)
(14069.5029558, 14900.3837666, 295.480159439)
(14069.5029559, 14900.4543937, 295.480159439)
(14069.5029556, 14900.5349332, 295.480159439)
(14069.5029558, 14900.6059732, 295.480159439)
(14069.5029555, 14900.692295, 295.480159439)
(14069.5029557, 14900.7546616, 295.480159439)
(14069.5029555, 14900.8484179, 295.480159439)
(14069.5029557, 14900.9165668, 295.480159439)
(14069.5029554, 14901.0028885, 295.480159439)
(14069.5029556, 14901.0726896, 295.480159439)
(14069.5029554, 14901.1453816, 295.480159439)
(14069.5029557, 14901.2193129, 295.480159439)
(14069.5029556, 14901.3052216, 295.480159439)
(14069.5029557, 14901.3622189, 295.480159439)
(14069.5029557, 14901.4406933, 295.480159439)
(14069.5029557, 14901.5290803, 295.480159439)
(14069.5029547, 14901.6228365, 295.480159439)
(14069.5029548, 14901.6922245, 295.480159439)
(14069.5029547, 14901.7702859, 295.480159439)
(14069.5029535, 14901.861977, 295.480159439)
(14069.5029534, 14901.9259958, 295.480159439)
(14069.5029534, 14901.9933185, 295.480159439)
(14069.5029528, 14902.0821184, 295.480159439)
(14069.5029527, 14902.1593539, 295.480159439)
(14069.502952, 14902.2572403, 295.480159439)
(14069.502952, 14902.3249762, 295.480159439)
(14069.5029513, 14902.4100589, 295.480159439)
(14069.5029512, 14902.4864683, 295.480159439)
(14069.5029506, 14902.5756814, 295.480159439)
(14069.5029506, 14902.6512646, 295.480159439)
(14069.50295, 14902.730152, 295.480159439)
(14069.50295, 14902.7916925, 295.480159439)
(14069.5029494, 14902.8862748, 295.480159439)
(14069.5029495, 14902.9610321, 295.480159439)
(14069.5029489, 14903.0564404, 295.480159439)
(14069.5029489, 14903.1262414, 295.480159439)
(14069.5029483, 14903.2133893, 295.480159439)
(14069.5029484, 14903.2840164, 295.480159439)
(14069.5029479, 14903.3719903, 295.480159439)
(14069.5029479, 14903.4492256, 295.480159439)
(14069.5029474, 14903.5392647, 295.480159439)
(14069.5029474, 14903.6131959, 295.480159439)
(14069.502947, 14903.6904312, 295.480159439)
(14069.502947, 14903.7788182, 295.480159439)
(14069.5029471, 14903.8403587, 295.480159439)
(14069.5029466, 14903.9225503, 295.480159439)
(14069.5029466, 14903.9927644, 295.480159439)
(14069.5029463, 14904.0815643, 295.480159439)
(14069.5029464, 14904.1546695, 295.480159439)
(14069.502946, 14904.2426434, 295.480159439)
(14069.5029461, 14904.3107923, 295.480159439)
(14069.5029458, 14904.396701, 295.480159439)
(14069.5029459, 14904.466089, 295.480159439)
(14069.5029456, 14904.5474546, 295.480159439)
(14069.5029457, 14904.6189077, 295.480159439)
(14069.5029455, 14904.696143, 295.480159439)
(14069.5029456, 14904.7647049, 295.480159439)
(14069.5029455, 14904.8485485, 295.480159439)
(14069.5029456, 14904.9340444, 295.480159439)
(14069.5029454, 14905.0319309, 295.480159439)
(14069.5029456, 14905.1066881, 295.480159439)
(14069.5029454, 14905.1752499, 295.480159439)
(14069.5029454, 14905.2524854, 295.480159439)
(14069.5029452, 14905.3437635, 295.480159439)
(14069.5029453, 14905.4123254, 295.480159439)
(14069.5029451, 14905.49493, 295.480159439)
(14069.5029453, 14905.5721654, 295.480159439)
(14069.502945, 14905.6597263, 295.480159439)
(14069.5029451, 14905.7311793, 295.480159439)
(14069.502945, 14905.8059365, 295.480159439)
(14069.502945, 14905.8699552, 295.480159439)
(14069.502945, 14905.9430603, 295.480159439)
(14069.5029451, 14906.0132743, 295.480159439)
(14069.502945, 14906.079771, 295.480159439)
(14069.5029445, 14906.1751793, 295.480159439)
(14069.5029445, 14906.2524147, 295.480159439)
(14069.5029439, 14906.3441058, 295.480159439)
(14069.5029438, 14906.4060594, 295.480159439)
(14069.5029439, 14906.4791645, 295.480159439)
(14069.5029439, 14906.5559868, 295.480159439)
(14069.5029436, 14906.6381784, 295.480159439)
(14069.5029436, 14906.6984799, 295.480159439)
(14069.5029434, 14906.7918231, 295.480159439)
(14069.5029434, 14906.8537767, 295.480159439)
(14069.5029432, 14906.9434027, 295.480159439)
(14069.5029432, 14907.0322027, 295.480159439)
(14069.502943, 14907.1061338, 295.480159439)
(14069.502943, 14907.1742827, 295.480159439)
(14069.5029427, 14907.3006678, 295.480159439)
(14069.5029426, 14907.3779032, 295.480159439)
(14069.5029418, 14907.5232874, 295.480159439)
(14069.5029418, 14907.5901972, 295.480159439)
(14069.5029415, 14907.6880837, 295.480159439)
(14069.5029415, 14907.7537544, 295.480159439)
(14069.5029413, 14907.8429674, 295.480159439)
(14069.5029414, 14907.9499405, 295.480159439)
(14069.5029408, 14908.0370883, 295.480159439)
(14069.5029409, 14908.1320838, 295.480159439)
(14069.5029408, 14908.2188186, 295.480159439)
(14069.5029409, 14908.2815982, 295.480159439)
(14069.5029408, 14908.3608986, 295.480159439)
(14069.5029409, 14908.4352428, 295.480159439)
(14069.5029408, 14908.5186735, 295.480159439)
(14069.502941, 14908.5897135, 295.480159439)
(14069.5029409, 14908.6884261, 295.480159439)
(14069.5029409, 14908.7516187, 295.480159439)
(14069.5029408, 14908.8412447, 295.480159439)
(14069.5029409, 14908.918067, 295.480159439)
(14069.5029409, 14909.0010847, 295.480159439)
(14069.502941, 14909.1072317, 295.480159439)
(14069.5029407, 14909.1985098, 295.480159439)
(14069.5029408, 14909.308787, 295.480159439)
(14069.5029401, 14909.4277377, 295.480159439)
(14069.5029401, 14909.5347108, 295.480159439)
(14069.5029397, 14909.6342494, 295.480159439)
(14069.5029397, 14909.7259406, 295.480159439)
(14069.5029398, 14909.8168057, 295.480159439)
(14069.5029396, 14909.9051926, 295.480159439)
(14069.5029397, 14909.9944057, 295.480159439)
(14069.5029395, 14910.0881619, 295.480159439)
(14069.5029395, 14910.1505285, 295.480159439)
(14069.5029393, 14910.2385024, 295.480159439)
(14069.5029393, 14910.3095425, 295.480159439)
(14069.5029392, 14910.3842996, 295.480159439)
(14069.5029392, 14910.4524485, 295.480159439)
(14069.502939, 14910.5412485, 295.480159439)
(14069.5029391, 14910.6015499, 295.480159439)
(14069.502939, 14910.6948931, 295.480159439)
(14069.502939, 14910.7601508, 295.480159439)
(14069.5029389, 14910.8398643, 295.480159439)
(14069.502939, 14910.9109044, 295.480159439)
(14069.5029389, 14911.0030085, 295.480159439)
(14069.502939, 14911.0686793, 295.480159439)
(14069.5029389, 14911.1752392, 295.480159439)
(14069.5029389, 14911.2404969, 295.480159439)
(14069.5029388, 14911.3280578, 295.480159439)
(14069.5029389, 14911.401989, 295.480159439)
(14069.502898, 14911.5002871, 295.48015946)
(14069.4978131, 14911.5669867, 295.480159386)
(14069.4891095, 14911.6596833, 295.480159317)
(14069.4700556, 14911.7411525, 295.480159583)
(14069.4306805, 14911.8165939, 295.48015924)
(14069.3975056, 14911.8720701, 295.480159524)
(14069.3553486, 14911.9483386, 295.480159446)
(14069.3280577, 14912.0003515, 295.480159449)
(14069.2816509, 14912.0897527, 295.480159414)
(14069.2445865, 14912.1544839, 295.480159463)
(14069.1963716, 14912.2351434, 295.480159438)
(14069.1659738, 14912.2867206, 295.480159445)
(14069.1229515, 14912.3600923, 295.480159446)
(14069.0924835, 14912.4111698, 295.480159442)
(14069.0454703, 14912.4898492, 295.480159435)
(14069.009947, 14912.5494049, 295.480159436)
(14068.9631439, 14912.6277017, 295.480159435)
(14068.9300782, 14912.6829643, 295.480159441)
(14068.8831704, 14912.7612106, 295.480159437)
(14068.8496457, 14912.8171909, 295.480159437)
(14068.8037907, 14912.8936861, 295.480159427)
(14068.7685274, 14912.9597297, 295.480159433)
(14068.7311501, 14913.035488, 295.480159428)
(14068.7073398, 14913.102859, 295.480159392)
(14068.6951829, 14913.2062243, 295.480159365)
(14068.681836, 14913.2812038, 295.48015943)
(14068.6549596, 14913.378159, 295.480159621)
(14068.6426833, 14913.4433512, 295.480159682)
(14068.6342362, 14913.5278079, 295.480159413)
(14068.6246455, 14913.5905665, 295.480159384)
(14068.6086534, 14913.6759003, 295.480159465)
(14068.5978477, 14913.7473313, 295.480159451)
(14068.5847747, 14913.8408919, 295.480159439)
(14068.5761475, 14913.9258551, 295.480159449)
(14068.5633775, 14914.0370623, 295.480159401)
(14068.5598622, 14914.1109691, 295.48015946)
(14068.5570117, 14914.1855703, 295.480159485)
(14068.5527026, 14914.2527576, 295.480159438)
(14068.5477753, 14914.3277642, 295.480159444)
(14068.5445547, 14914.3937931, 295.480159447)
(14068.5397128, 14914.4895216, 295.480159444)
(14068.5363403, 14914.5658797, 295.480159441)
(14068.5328255, 14914.6389057, 295.480159446)
(14068.5305227, 14914.7024961, 295.480159443)
(14068.5269595, 14914.7953861, 295.480159445)
(14068.5248735, 14914.8602185, 295.480159441)
(14068.5216412, 14914.9564171, 295.480159453)
(14068.5208711, 14915.0196299, 295.480159444)
(14068.5197233, 14915.1035089, 295.480159441)
(14068.5185648, 14915.1671119, 295.480159443)
(14068.5166647, 14915.2732506, 295.480159444)
(14068.5158411, 14915.3385223, 295.480159447)
(14068.5146562, 14915.4314648, 295.48015944)
(14068.5137183, 14915.4967159, 295.480159438)
(14068.5125004, 14915.5850961, 295.480159443)
(14068.5115571, 14915.6590262, 295.480159443)
(14068.5105178, 14915.7465888, 295.480159443)
(14068.5096625, 14915.813906, 295.480159441)
(14068.5084943, 14915.910964, 295.480159439)
(14068.5085612, 14915.9758507, 295.48015944)
(14068.508376, 14916.0700509, 295.480159444)
(14068.5080863, 14916.1196082, 295.480159436)
(14068.5073576, 14916.2133494, 295.480159436)
(14068.5065814, 14916.2847773, 295.48015944)
(14068.5056012, 14916.3768673, 295.480159443)
(14068.5055038, 14916.4570239, 295.480159442)
(14068.505273, 14916.5590613, 295.480159437)
(14068.5047664, 14916.6416542, 295.480159437)
(14068.5041323, 14916.7325085, 295.480159441)
(14068.5033615, 14916.7956769, 295.480159445)
(14068.5024224, 14916.8786763, 295.48015943)
(14068.502414, 14916.950163, 295.480159443)
(14068.5023237, 14917.0476656, 295.48015944)
(14068.5021274, 14917.115815, 295.480159442)
(14068.5019746, 14917.2070994, 295.480159443)
(14068.5019358, 14917.2752558, 295.480159443)
(14068.5019324, 14917.3665417, 295.480159444)
(14068.5018849, 14917.4235388, 295.480159441)
(14068.5018421, 14917.5160579, 295.480159443)
(14068.5018026, 14917.5932938, 295.480159443)
(14068.5018455, 14917.6783808, 295.480159442)
(14068.501838, 14917.7465291, 295.48015944)
(14068.5018337, 14917.8345035, 295.480159441)
(14068.5018275, 14917.9096736, 295.480159441)
(14068.501828, 14918.0059084, 295.480159439)
(14068.501824, 14918.0819043, 295.48015944)
(14068.5018279, 14918.1756612, 295.480159441)
(14068.5018267, 14918.2367884, 295.48015944)
(14068.5018321, 14918.3321971, 295.48015944)
(14068.5018322, 14918.4024108, 295.48015944)
(14068.5018378, 14918.4903851, 295.480159441)
(14068.501839, 14918.56349, 295.48015944)
(14068.5018435, 14918.6576595, 295.480159441)
(14068.5018446, 14918.7241559, 295.48015944)
(14068.5018486, 14918.8166732, 295.480159441)
(14068.5018497, 14918.8868871, 295.48015944)
(14068.501853, 14918.9661878, 295.48015944)
(14068.501854, 14919.0314451, 295.48015944)
(14068.501857, 14919.1231364, 295.48015944)
(14068.5018577, 14919.1974804, 295.48015944)
(14068.5018605, 14919.2842156, 295.48015944)
(14068.5018613, 14919.3573204, 295.48015944)
(14068.5018646, 14919.4585111, 295.48015944)
(14068.5018653, 14919.5196384, 295.48015944)
(14068.5018681, 14919.612569, 295.48015944)
(14068.5018689, 14919.6860869, 295.48015944)
(14068.5018718, 14919.7786042, 295.48015944)
(14068.5018726, 14919.8356011, 295.48015944)
(14068.5018751, 14919.9314227, 295.48015944)
(14068.5018756, 14920.0165054, 295.48015944)
(14068.5018786, 14920.1094357, 295.48015944)
(14068.5018793, 14920.1829536, 295.480159439)
(14068.5018821, 14920.2672106, 295.48015944)
(14068.5018828, 14920.3275117, 295.480159439)
(14068.5018851, 14920.4220942, 295.48015944)
(14068.5018855, 14920.4951991, 295.48015944)
(14068.501888, 14920.5922597, 295.48015944)
(14068.5018885, 14920.669495, 295.480159439)
(14068.5018913, 14920.7649035, 295.48015944)
(14068.501892, 14920.8268567, 295.480159439)
(14068.5018949, 14920.9325909, 295.480159439)
(14068.5018957, 14921.0147823, 295.480159439)
(14068.5018956, 14921.0858223, 295.480159439)
(14068.5018968, 14921.2130335, 295.480159439)
(14068.5018969, 14921.2799431, 295.480159439)
(14068.5018992, 14921.4203713, 295.480159439)
(14068.5018992, 14921.5116491, 295.480159439)
(14068.501901, 14921.6508381, 295.480159439)
(14068.5019014, 14921.7483116, 295.480159439)
(14068.5019013, 14921.8730447, 295.480159439)
(14068.5019031, 14921.9614316, 295.480159439)
(14068.5019036, 14922.0969031, 295.480159439)
(14068.5019037, 14922.1708343, 295.480159439)
(14068.5019051, 14922.2662427, 295.480159439)
(14068.5019053, 14922.3389346, 295.480159439)
(14068.5019069, 14922.4364084, 295.480159439)
(14068.5019072, 14922.5062092, 295.480159439)
(14068.5019087, 14922.5900529, 295.480159439)
(14068.5019088, 14922.6515932, 295.480159439)
(14068.5019099, 14922.7358502, 295.480159439)
(14068.50191, 14922.8126724, 295.480159439)
(14068.5019119, 14922.9502091, 295.480159439)
(14068.5019119, 14923.0162927, 295.480159439)
(14068.5019126, 14923.1311133, 295.480159439)
(14068.5019126, 14923.2281738, 295.480159439)
(14068.5019142, 14923.3479505, 295.480159439)
(14068.501914, 14923.4284899, 295.480159439)
(14068.5019146, 14923.5131597, 295.480159439)
(14068.5019144, 14923.5932862, 295.480159439)
(14068.5019151, 14923.6891076, 295.480159439)
(14068.501915, 14923.767995, 295.480159439)
(14068.5019157, 14923.8464695, 295.480159439)
(14068.5019157, 14923.9059448, 295.480159439)
(14068.5019163, 14923.9930927, 295.480159439)
(14068.5019162, 14924.0661978, 295.480159439)
(14068.5019168, 14924.1599542, 295.480159439)
(14068.5019167, 14924.2330592, 295.480159439)
(14068.5019172, 14924.3098816, 295.480159439)
(14068.5019172, 14924.3867038, 295.480159439)
(14068.5019177, 14924.4825253, 295.480159439)
(14068.5019177, 14924.5651299, 295.480159439)
(14068.5019185, 14924.6531039, 295.480159439)
(14068.5019185, 14924.7187745, 295.480159439)
(14068.5019192, 14924.8059225, 295.480159439)
(14068.5019192, 14924.8802666, 295.480159439)
(14068.50192, 14924.9740229, 295.480159439)
(14068.5019199, 14925.0586926, 295.480159439)
(14068.5019209, 14925.1541011, 295.480159439)
(14068.5019211, 14925.2214238, 295.480159439)
(14068.5019221, 14925.3143541, 295.480159439)
(14068.5019222, 14925.3965457, 295.480159439)
(14068.5019231, 14925.4737811, 295.480159439)
(14068.5019232, 14925.5382126, 295.480159439)
(14068.501924, 14925.6265997, 295.480159439)
(14068.501924, 14925.7075522, 295.480159439)
(14068.501925, 14925.8083299, 295.480159439)
(14068.5019251, 14925.8843261, 295.480159439)
(14068.5019264, 14925.9784955, 295.480159439)
(14068.5019265, 14926.0644042, 295.480159438)
(14068.5019263, 14926.1288359, 295.480159439)
(14068.5019265, 14926.2238313, 295.480159439)
(14068.5019264, 14926.2965233, 295.480159438)
(14068.5019266, 14926.3853233, 295.480159439)
(14068.5019264, 14926.4666889, 295.480159438)
(14068.5019267, 14926.5579671, 295.480159439)
(14068.5019266, 14926.628181, 295.480159439)
(14068.501927, 14926.7190462, 295.480159439)
(14068.5019269, 14926.7904991, 295.480159438)
(14068.5019273, 14926.875995, 295.480159439)
(14068.5019272, 14926.9552954, 295.480159438)
(14068.5019275, 14927.0312917, 295.480159439)
(14068.5019275, 14927.0953103, 295.480159438)
(14068.5019278, 14927.2002182, 295.480159438)
(14068.5019277, 14927.2724972, 295.480159438)
(14068.5019282, 14927.3621234, 295.480159439)
(14068.5019281, 14927.4344024, 295.480159438)
(14068.5019284, 14927.516594, 295.480159438)
(14068.5019283, 14927.5859819, 295.480159438)
(14068.5019286, 14927.6615652, 295.480159438)
(14068.5019285, 14927.7383875, 295.480159438)
(14068.5019287, 14927.8193401, 295.480159438)
(14068.5019285, 14927.8994665, 295.480159438)
(14068.5019288, 14927.9820713, 295.480159438)
(14068.5019287, 14928.0502201, 295.480159438)
(14068.501929, 14928.1431503, 295.480159439)
(14068.501929, 14928.1951912, 295.480159438)
(14068.5019291, 14928.2765568, 295.480159438)
(14068.5019292, 14928.3455317, 295.480159439)
(14068.5019302, 14928.4545699, 295.480159439)
(14068.5019305, 14928.5561735, 295.480159438)
(14068.5019304, 14928.6272135, 295.480159438)
(14068.5019308, 14928.7189048, 295.480159438)
(14068.5019307, 14928.7924229, 295.480159438)
(14068.5019311, 14928.8894833, 295.480159438)
(14068.5019311, 14928.9584582, 295.480159438)
(14068.5019314, 14929.0319764, 295.480159438)
(14068.5019314, 14929.0988861, 295.480159438)
(14068.5019317, 14929.1971856, 295.480159438)
(14068.5019317, 14929.27566, 295.480159438)
(14068.501932, 14929.3640471, 295.480159438)
(14068.501932, 14929.4404564, 295.480159438)
(14068.5019324, 14929.5181048, 295.480159438)
(14068.5019324, 14929.5788191, 295.480159438)
(14068.5019326, 14929.665554, 295.480159438)
(14068.5019326, 14929.7308117, 295.480159438)
(14068.5019328, 14929.8183726, 295.480159438)
(14068.501933, 14929.9071726, 295.480159438)
(14068.5019329, 14929.9811037, 295.480159438)
(14068.5019331, 14930.0571001, 295.480159438)
(14068.501933, 14930.1248359, 295.480159438)
(14068.5019332, 14930.1925717, 295.480159438)
(14068.5019332, 14930.2739373, 295.480159438)
(14068.5019339, 14930.3590202, 295.480159438)
(14068.501934, 14930.4333643, 295.480159438)
(14068.5019347, 14930.5192732, 295.480159438)
(14068.5019348, 14930.5965084, 295.480159438)
(14068.5019353, 14930.6741569, 295.480159438)
(14068.5019354, 14930.7451968, 295.480159438)
(14068.5019358, 14930.8149978, 295.480159438)
(14068.5019359, 14930.8885159, 295.480159438)
(14068.5019362, 14930.9835113, 295.480159438)
(14068.5019362, 14931.0607466, 295.480159438)
(14068.5019367, 14931.1450034, 295.480159438)
(14068.5019367, 14931.2123261, 295.480159438)
(14068.5019371, 14931.3019522, 295.480159438)
(14068.5019371, 14931.3593624, 295.480159438)
(14068.5019373, 14931.4378368, 295.480159438)
(14068.5019373, 14931.5158982, 295.480159438)
(14068.5019376, 14931.6228713, 295.480159438)
(14068.5019376, 14931.7009327, 295.480159438)
(14068.501938, 14931.8062536, 295.480159438)
(14068.5019381, 14931.8785327, 295.480159438)
(14068.5019386, 14931.9714629, 295.480159438)
(14068.5019387, 14932.0437419, 295.480159438)
(14068.5019392, 14932.1284118, 295.480159438)
(14068.5019393, 14932.1977996, 295.480159438)
(14068.5019397, 14932.2783392, 295.480159438)
(14068.5019397, 14932.3477271, 295.480159438)
(14068.50194, 14932.4299187, 295.480159438)
(14068.50194, 14932.4898071, 295.480159438)
(14068.5019403, 14932.5781941, 295.480159438)
(14068.5019402, 14932.6434517, 295.480159438)
(14068.5019404, 14932.7343168, 295.480159438)
(14068.5019404, 14932.7987484, 295.480159438)
(14068.5019406, 14932.8883745, 295.480159438)
(14068.5019405, 14932.9668489, 295.480159438)
(14068.5019408, 14933.0684527, 295.480159438)
(14068.5019407, 14933.1403187, 295.480159438)
(14068.501941, 14933.2233364, 295.480159438)
(14068.501941, 14933.2778555, 295.480159438)
(14068.5019412, 14933.3683076, 295.480159438)
(14068.5019411, 14933.4389345, 295.480159438)
(14068.5019413, 14933.5392992, 295.480159438)
(14068.5019412, 14933.6173606, 295.480159438)
(14068.5019415, 14933.713182, 295.480159438)
(14068.5019415, 14933.7817439, 295.480159438)
(14068.5019417, 14933.8565011, 295.480159438)
(14068.5019417, 14933.9217587, 295.480159438)
(14068.5019418, 14933.997342, 295.480159438)
(14068.5019418, 14934.0948155, 295.480159438)
(14068.5019419, 14934.1840285, 295.480159438)
(14068.5019419, 14934.2922406, 295.480159438)
(14068.5019423, 14934.3661718, 295.480159438)
(14068.5019423, 14934.4529067, 295.480159438)
(14068.5019428, 14934.547489, 295.480159438)
(14068.5019427, 14934.6073774, 295.480159438)
(14068.5019428, 14934.7288062, 295.480159438)
(14068.5019427, 14934.8089327, 295.480159438)
(14068.5019429, 14934.9249922, 295.480159438)
(14068.5019428, 14934.9985104, 295.480159438)
(14068.5019432, 14935.0951579, 295.480159438)
(14068.5019432, 14935.1905662, 295.480159438)
(14068.5019438, 14935.2880398, 295.480159438)
(14068.5019438, 14935.3665141, 295.480159438)
(14068.501944, 14935.4577923, 295.480159438)
(14068.5019439, 14935.5350276, 295.480159438)
(14068.501944, 14935.6196974, 295.480159438)
(14068.501944, 14935.6758685, 295.480159438)
(14068.5019441, 14935.7667337, 295.480159438)
(14068.501944, 14935.843143, 295.480159438)
(14068.5019442, 14935.949703, 295.480159438)
(14068.5019441, 14936.0261123, 295.480159438)
(14068.5019445, 14936.1520844, 295.480159438)
(14068.5019444, 14936.2293197, 295.480159438)
(14068.5019445, 14936.3474444, 295.480159438)
(14068.5019444, 14936.4275709, 295.480159438)
(14068.5019448, 14936.5626296, 295.480159438)
(14068.5019448, 14936.6551467, 295.480159438)
(14068.5019448, 14936.7270128, 295.480159438)
(14068.5019449, 14936.8178779, 295.480159438)
(14068.5019449, 14936.8975914, 295.480159438)
(14068.501945, 14936.9768919, 295.480159438)
(14068.501945, 14937.0487579, 295.480159438)
(14068.5019451, 14937.1367319, 295.480159438)
(14068.5019451, 14937.2160323, 295.480159438)
(14068.5019452, 14937.3031803, 295.480159438)
(14068.5019452, 14937.3845458, 295.480159438)
(14068.5019453, 14937.4741719, 295.480159438)
(14068.5019454, 14937.5497551, 295.480159438)
(14068.5019455, 14937.6418593, 295.480159438)
(14068.5019455, 14937.7232249, 295.480159438)
(14068.5019458, 14937.8103728, 295.480159438)
(14068.5019458, 14937.8801738, 295.480159438)
(14068.501946, 14937.9648435, 295.480159439)
(14068.5019459, 14938.0305142, 295.480159438)
(14068.5019461, 14938.1135319, 295.480159439)
(14068.5019461, 14938.1845719, 295.480159438)
(14068.5019463, 14938.2882407, 295.480159438)
(14068.5019462, 14938.3778668, 295.480159438)
(14068.5019466, 14938.4819487, 295.480159439)
(14068.5019465, 14938.558358, 295.480159438)
(14068.5019466, 14938.6430277, 295.480159438)
(14068.5019465, 14938.7115896, 295.480159438)
(14068.5019465, 14938.7842817, 295.480159438)
(14068.5019465, 14938.8499524, 295.480159438)
(14068.5019465, 14938.9337961, 295.480159438)
(14068.5019469, 14939.0341608, 295.480159439)
(14068.5019468, 14939.1014835, 295.480159438)
(14068.5019469, 14939.1857403, 295.480159438)
(14068.5019469, 14939.2881701, 295.480159438)
(14068.5019468, 14939.357145, 295.480159438)
(14068.5019469, 14939.4376845, 295.480159439)
(14068.5019468, 14939.5037682, 295.480159438)
(14068.5019469, 14939.5987636, 295.480159439)
(14068.5019468, 14939.6718687, 295.480159438)
(14068.5019469, 14939.7557124, 295.480159439)
(14068.5019468, 14939.8160138, 295.480159439)
(14068.5019469, 14939.890358, 295.480159439)
(14068.5019469, 14939.9514855, 295.480159439)
(14068.5019469, 14940.0196343, 295.480159439)
(14068.501947, 14940.1055432, 295.480159439)
(14068.501947, 14940.174931, 295.480159439)
(14068.5019471, 14940.2554706, 295.480159439)
(14068.5019471, 14940.3182501, 295.480159439)
(14068.5019471, 14940.3913552, 295.480159439)
(14068.5019471, 14940.4508306, 295.480159439)
(14068.5019471, 14940.5243487, 295.480159439)
(14068.5019471, 14940.5937366, 295.480159439)
(14068.5019473, 14940.688319, 295.480159439)
(14068.5019473, 14940.7502725, 295.480159439)
(14068.5019467, 14940.8440284, 295.480159434)
(14068.4974197, 14940.9042382, 295.480159516)
(14068.489884, 14940.9685081, 295.48015942)
(14068.47339, 14941.0403682, 295.480159212)
(14068.4352209, 14941.1171244, 295.480159861)
(14068.3978084, 14941.180103, 295.480159456)
(14068.3602941, 14941.2528766, 295.480159392)
(14068.3235047, 14941.32281, 295.48015943)
(14068.2912013, 14941.3837946, 295.480159359)
(14068.2623452, 14941.4350307, 295.480159427)
(14068.2242153, 14941.500463, 295.480159437)
(14068.18338, 14941.5708675, 295.480159436)
(14068.142316, 14941.640666, 295.480159448)
(14068.1058811, 14941.7021326, 295.480159448)
(14068.055867, 14941.7866882, 295.48015947)
(14068.017722, 14941.8495551, 295.48015941)
(14067.9697946, 14941.9281932, 295.480159418)
(14067.9343608, 14941.9868891, 295.480159441)
(14067.9004302, 14942.0431208, 295.480159441)
(14067.8650434, 14942.1018704, 295.480159439)
(14067.8294966, 14942.1610171, 295.480159445)
(14067.7937808, 14942.2195138, 295.480159434)
(14067.752189, 14942.2874629, 295.480159438)
(14067.7232685, 14942.3448247, 295.480159268)
(14067.7024654, 14942.4328129, 295.480159381)
(14067.6918995, 14942.4963484, 295.480159515)
(14067.6752931, 14942.5776082, 295.480159452)
(14067.663137, 14942.6421332, 295.480159413)
(14067.6446596, 14942.7381381, 295.480159462)
(14067.6343178, 14942.8025427, 295.480159441)
(14067.6194463, 14942.891697, 295.480159441)
(14067.6081105, 14942.9626143, 295.48015944)
(14067.5938303, 14943.0519436, 295.480159445)
(14067.5846425, 14943.1168847, 295.480159444)
(14067.574154, 14943.1908918, 295.480159448)
(14067.5691691, 14943.2572321, 295.480159327)
(14067.5648687, 14943.3388286, 295.480159475)
(14067.557171, 14943.4260648, 295.480159436)
(14067.5538692, 14943.4919987, 295.480159444)
(14067.5504027, 14943.5658339, 295.480159448)
(14067.5473941, 14943.6405287, 295.480159442)
(14067.5440481, 14943.7115077, 295.480159436)
(14067.5406262, 14943.7799825, 295.480159438)
(14067.5370573, 14943.8509325, 295.480159442)
(14067.5336543, 14943.9264619, 295.480159444)
(14067.5300769, 14944.0065197, 295.480159444)
(14067.5272224, 14944.081245, 295.480159445)
(14067.523783, 14944.1691667, 295.480159432)
(14067.5226519, 14944.2493124, 295.480159427)
(14067.5210683, 14944.3257306, 295.480159444)
(14067.5200252, 14944.3885234, 295.480159454)
(14067.5188832, 14944.4542028, 295.480159451)
(14067.517828, 14944.5169866, 295.480159434)
(14067.5165746, 14944.5913286, 295.480159443)
(14067.5157412, 14944.6557762, 295.480159443)
(14067.514764, 14944.7334352, 295.480159457)
(14067.5137429, 14944.8065346, 295.480159443)
(14067.5125691, 14944.895331, 295.480159443)
(14067.5115815, 14944.9709096, 295.480159443)
(14067.5106086, 14945.0518622, 295.480159443)
(14067.5097743, 14945.1171144, 295.480159441)
(14067.5085969, 14945.2129321, 295.480159439)
(14067.5086196, 14945.2769908, 295.480159445)
(14067.508557, 14945.3674697, 295.480159444)
(14067.5079866, 14945.4471673, 295.480159438)
(14067.5073879, 14945.5289367, 295.480159439)
(14067.5066557, 14945.5937562, 295.480159442)
(14067.505814, 14945.6689105, 295.480159444)
(14067.505474, 14945.7358416, 295.480159432)
(14067.505367, 14945.7912041, 295.480159455)
(14067.5051677, 14945.8672157, 295.480159443)
(14067.5048535, 14945.9353615, 295.480159437)
(14067.5043458, 14946.022503, 295.480159437)
(14067.5034289, 14946.0984717, 295.480159436)
(14067.5024547, 14946.1856014, 295.480159444)
(14067.5024271, 14946.2591517, 295.480159445)
(14067.5023883, 14946.3442641, 295.480159437)
(14067.5021834, 14946.417783, 295.480159442)
(14067.5019878, 14946.5053467, 295.480159442)
(14067.5019574, 14946.5668961, 295.480159443)
(14067.501961, 14946.6338144, 295.480159443)
(14067.5019097, 14946.6883338, 295.480159443)
(14067.5018537, 14946.7911787, 295.480159443)
(14067.5019437, 14946.869662, 295.480159441)
(14067.5019444, 14947.0018286, 295.48015944)
(14067.5019445, 14947.0567608, 295.48015944)
(14067.5019449, 14947.1447347, 295.48015944)
(14067.501945, 14947.203797, 295.48015944)
(14067.5019453, 14947.2950752, 295.48015944)
(14067.5019454, 14947.3607459, 295.48015944)
(14067.5019457, 14947.4611106, 295.48015944)
(14067.5019458, 14947.5325636, 295.48015944)
(14067.5019461, 14947.6159943, 295.48015944)
(14067.5019462, 14947.6808389, 295.48015944)
(14067.5019464, 14947.7564222, 295.48015944)
(14067.5019465, 14947.8220929, 295.48015944)
(14067.5019466, 14947.8972631, 295.48015944)
(14067.501947, 14947.9860631, 295.48015944)
(14067.5019472, 14948.054625, 295.48015944)
(14067.5019474, 14948.1198827, 295.48015944)
(14067.5019475, 14948.2004222, 295.48015944)
(14067.5019478, 14948.2896353, 295.48015944)
(14067.5019479, 14948.3891739, 295.48015944)
(14067.5019482, 14948.499038, 295.48015944)
(14067.5019484, 14948.5733822, 295.48015944)
(14067.5019488, 14948.6692036, 295.48015944)
(14067.5019489, 14948.7381785, 295.48015944)
(14067.501949, 14948.816653, 295.48015944)
(14067.501949, 14948.871172, 295.48015944)
(14067.5019491, 14948.9459292, 295.48015944)
(14067.5019492, 14949.0186213, 295.48015944)
(14067.5019494, 14949.1070083, 295.48015944)
(14067.5019495, 14949.1805264, 295.48015944)
(14067.5019496, 14949.2470232, 295.48015944)
(14067.5019497, 14949.3069115, 295.48015944)
(14067.5019498, 14949.3812557, 295.48015944)
(14067.5019498, 14949.4440353, 295.48015944)
(14067.5019499, 14949.546052, 295.48015944)
(14067.50195, 14949.6220483, 295.48015944)
(14067.5019501, 14949.7265432, 295.480159439)
(14067.5019501, 14949.8070827, 295.480159439)
(14067.5019503, 14949.9062083, 295.48015944)
(14067.5019503, 14949.9813785, 295.480159439)
(14067.5019505, 14950.077613, 295.480159439)
(14067.5019505, 14950.1503051, 295.480159439)
(14067.5019507, 14950.2391051, 295.480159439)
(14067.5019507, 14950.308906, 295.480159439)
(14067.5019509, 14950.4072056, 295.480159439)
(14067.5019509, 14950.4881581, 295.480159439)
(14067.5019509, 14950.5583721, 295.480159439)
(14067.501951, 14950.6384986, 295.480159439)
(14067.501951, 14950.717799, 295.480159439)
(14067.501951, 14950.7739702, 295.480159439)
(14067.5019511, 14950.8375758, 295.480159439)
(14067.5019511, 14950.8949861, 295.480159439)
(14067.5019511, 14950.9627219, 295.480159439)
(14067.5019512, 14951.0300447, 295.480159439)
(14067.5019512, 14951.0903461, 295.480159439)
(14067.5019513, 14951.1717117, 295.480159439)
(14067.5019513, 14951.2344912, 295.480159439)
(14067.5019514, 14951.3389861, 295.480159439)
(14067.5019514, 14951.4248949, 295.480159439)
(14067.5019515, 14951.5215424, 295.480159439)
(14067.5019515, 14951.6202549, 295.480159439)
(14067.5019515, 14951.7003814, 295.480159439)
(14067.5019516, 14951.7920726, 295.480159439)
(14067.5019516, 14951.8631126, 295.480159439)
(14067.5019516, 14951.9477824, 295.480159439)
(14067.5019516, 14952.0155182, 295.480159439)
(14067.5019517, 14952.1051442, 295.480159439)
(14067.5019517, 14952.1633805, 295.480159439)
(14067.5019517, 14952.2451591, 295.480159439)
(14067.5019517, 14952.3087647, 295.480159439)
(14067.5019517, 14952.3744354, 295.480159439)
(14067.5019518, 14952.4438234, 295.480159439)
(14067.5019518, 14952.5119722, 295.480159439)
(14067.5019518, 14952.5933378, 295.480159439)
(14067.5019518, 14952.650748, 295.480159439)
(14067.5019518, 14952.7436782, 295.480159439)
(14067.5019519, 14952.8056317, 295.480159439)
(14067.5019519, 14952.8981489, 295.480159439)
(14067.5019519, 14952.9654717, 295.480159439)
(14067.5019519, 14953.0538587, 295.480159439)
(14067.5019519, 14953.1054866, 295.480159439)
(14067.5019519, 14953.1781787, 295.480159439)
(14067.5019519, 14953.2459145, 295.480159439)
(14067.501952, 14953.3367797, 295.480159439)
(14067.501952, 14953.4115369, 295.480159439)
(14067.501952, 14953.5102494, 295.480159439)
(14067.501952, 14953.5788113, 295.480159439)
(14067.5019521, 14953.6746327, 295.480159439)
(14067.5019521, 14953.7419555, 295.480159439)
(14067.5019521, 14953.8266253, 295.480159439)
(14067.5019521, 14953.8873397, 295.480159439)
(14067.5019522, 14953.9715964, 295.480159439)
(14067.5019522, 14954.0244634, 295.480159439)
(14067.5019522, 14954.1091332, 295.480159439)
(14067.5019522, 14954.1805862, 295.480159439)
(14067.5019522, 14954.2615388, 295.480159439)
(14067.5019522, 14954.3400132, 295.480159439)
(14067.5019522, 14954.4172486, 295.480159439)
(14067.5019522, 14954.4725937, 295.480159439)
(14067.5019522, 14954.5378514, 295.480159439)
(14067.5019522, 14954.6134346, 295.480159439)
(14067.5019523, 14954.6976914, 295.480159439)
(14067.5019523, 14954.7699704, 295.480159439)
(14067.5019523, 14954.8525751, 295.480159439)
(14067.5019523, 14954.9240281, 295.480159439)
(14067.5019523, 14955.0165453, 295.480159439)
(14067.5019523, 14955.0772597, 295.480159439)
(14067.5019523, 14955.1371481, 295.480159439)
(14067.5019523, 14955.206536, 295.480159439)
(14067.5019524, 14955.2982272, 295.480159439)
(14067.5019524, 14955.3618328, 295.480159439)
(14067.5019524, 14955.437416, 295.480159439)
(14067.5019524, 14955.4993695, 295.480159439)
(14067.5019524, 14955.5885825, 295.480159439)
(14067.5019524, 14955.6534272, 295.480159439)
(14067.5019524, 14955.7314886, 295.480159439)
(14067.5019524, 14955.790964, 295.480159439)
(14067.5019524, 14955.8764598, 295.480159439)
(14067.5019525, 14955.9458477, 295.480159439)
(14067.5019525, 14956.0243221, 295.480159439)
(14067.5019525, 14956.092471, 295.480159439)
(14067.5019525, 14956.1705323, 295.480159439)
(14067.5019525, 14956.2262905, 295.480159439)
(14067.5019525, 14956.3035258, 295.480159439)
(14067.5019525, 14956.3745658, 295.480159439)
(14067.5019525, 14956.4629528, 295.480159439)
(14067.5019525, 14956.5290366, 295.480159439)
(14067.5019525, 14956.6042068, 295.480159439)
(14067.5019525, 14956.6678124, 295.480159439)
(14067.5019525, 14956.7305919, 295.480159439)
(14067.5019525, 14956.7954366, 295.480159439)
(14067.5019525, 14956.8644114, 295.480159439)
(14067.5019526, 14956.9466031, 295.480159439)
(14067.5019526, 14957.016404, 295.480159439)
(14067.5019526, 14957.1006608, 295.480159439)
(14067.5019526, 14957.1667445, 295.480159439)
(14067.5019526, 14957.2567836, 295.480159439)
(14067.5019526, 14957.3208022, 295.480159439)
(14067.5019526, 14957.4001026, 295.480159439)
(14067.5019526, 14957.4686645, 295.480159439)
(14067.5019526, 14957.5454868, 295.480159439)
(14067.5019526, 14957.6053752, 295.480159439)
(14067.5019526, 14957.6888059, 295.480159439)
(14067.5019526, 14957.7429119, 295.480159439)
(14067.5019526, 14957.8354292, 295.480159439)
(14067.5019526, 14957.921338, 295.480159439)
(14067.5019527, 14958.027072, 295.480159439)
(14067.5019527, 14958.1092636, 295.480159439)
(14067.5019527, 14958.2030199, 295.480159439)
(14067.5019527, 14958.2901678, 295.480159439)
(14067.5019527, 14958.4045752, 295.480159439)
(14067.5019527, 14958.4433994, 295.480159439)
(14067.5019527, 14958.5140264, 295.480159439)
(14067.5019527, 14958.5809362, 295.480159439)
(14067.5019527, 14958.6874962, 295.480159439)
(14067.5019527, 14958.7531669, 295.480159439)
(14067.5019527, 14958.8291632, 295.480159439)
(14067.5019527, 14958.9138329, 295.480159439)
(14067.5019527, 14958.9716562, 295.480159439)
(14067.5019527, 14959.0588041, 295.480159439)
(14067.5019527, 14959.1224097, 295.480159439)
(14067.5019527, 14959.2012971, 295.480159439)
(14067.5019527, 14959.2615985, 295.480159439)
(14067.5019527, 14959.3347037, 295.480159439)
(14067.5019527, 14959.4045046, 295.480159439)
(14067.5019528, 14959.482566, 295.480159439)
(14067.5019528, 14959.5577362, 295.480159439)
(14067.5019528, 14959.6386888, 295.480159439)
(14067.5019528, 14959.7295539, 295.480159439)
(14067.5019528, 14959.820006, 295.480159439)
(14067.5019528, 14959.9137623, 295.480159439)
(14067.5019528, 14959.9814981, 295.480159439)
(14067.5019528, 14960.0909493, 295.480159439)
(14067.5019528, 14960.1822274, 295.480159439)
(14067.5019528, 14960.2474851, 295.480159439)
(14067.5019528, 14960.3395893, 295.480159439)
(14067.5019528, 14960.406086, 295.480159439)
(14067.5019528, 14960.4837344, 295.480159439)
(14067.5019528, 14960.5378404, 295.480159439)
(14067.5019528, 14960.6105326, 295.480159439)
(14067.5019528, 14960.6745512, 295.480159439)
(14067.5019528, 14960.7406349, 295.480159439)
(14067.5019528, 14960.8042405, 295.480159439)
(14067.5019528, 14960.8773456, 295.480159439)
(14067.5019528, 14960.9434293, 295.480159439)
(14067.5019528, 14961.0033177, 295.480159439)
(14067.5019528, 14961.0768358, 295.480159439)
(14067.5019528, 14961.1375502, 295.480159439)
(14067.5019528, 14961.2011558, 295.480159439)
(14067.5019528, 14961.2560879, 295.480159439)
(14067.5019528, 14961.3184544, 295.480159439)
(14067.5019528, 14961.3977549, 295.480159439)
(14067.5019529, 14961.4613605, 295.480159439)
(14067.5019529, 14961.5435521, 295.480159439)
(14067.5019529, 14961.6042666, 295.480159439)
(14067.5019529, 14961.6777847, 295.480159439)
(14067.5019529, 14961.7418033, 295.480159439)
(14067.5019529, 14961.8033438, 295.480159439)
(14067.5019529, 14961.8545586, 295.480159439)
(14067.5019529, 14961.9297289, 295.480159439)
(14067.5019529, 14961.9863131, 295.480159439)
(14067.5019529, 14962.0507447, 295.480159439)
(14067.5019529, 14962.1329364, 295.480159439)
(14067.5019529, 14962.2019112, 295.480159439)
(14067.5019529, 14962.2770815, 295.480159439)
(14067.5019529, 14962.3377959, 295.480159439)
(14067.5019529, 14962.4220526, 295.480159439)
(14067.5019529, 14962.4897884, 295.480159439)
(14067.5019529, 14962.5476117, 295.480159439)
(14067.5019529, 14962.6046089, 295.480159439)
(14067.5019529, 14962.6760619, 295.480159439)
(14067.5019529, 14962.7351243, 295.480159439)
(14067.5019529, 14962.8169029, 295.480159439)
(14067.5019529, 14962.8800955, 295.480159439)
(14067.5019529, 14962.960635, 295.480159439)
(14067.5019529, 14963.0263057, 295.480159439)
(14067.5019529, 14963.1018889, 295.480159439)
(14067.5019529, 14963.1654945, 295.480159439)
(14067.5019529, 14963.2377736, 295.480159439)
(14067.5019529, 14963.297662, 295.480159439)
(14067.5019529, 14963.3525941, 295.480159439)
(14067.5019529, 14963.405461, 295.480159439)
(14067.5019529, 14963.4893048, 295.480159439)
(14067.5019529, 14963.5541494, 295.480159439)
(14067.5019529, 14963.6256025, 295.480159439)
(14067.5019529, 14963.6834257, 295.480159439)
(14067.5019529, 14963.7577699, 295.480159439)
(14067.5019529, 14963.8217885, 295.480159439)
(14067.5019529, 14963.8981978, 295.480159439)
(14067.5019529, 14963.9564341, 295.480159439)
(14067.5019529, 14964.0291262, 295.480159439)
(14067.5019529, 14964.0840583, 295.480159439)
(14067.5019529, 14964.1468378, 295.480159439)
(14067.5019529, 14964.203835, 295.480159439)
(14067.501953, 14964.2847876, 295.480159439)
(14067.501953, 14964.3516974, 295.480159439)
(14067.501953, 14964.4297588, 295.480159439)
(14067.501953, 14964.4912992, 295.480159439)
(14067.501953, 14964.5623392, 295.480159439)
(14067.501953, 14964.6259448, 295.480159439)
(14067.501953, 14964.701115, 295.480159439)
(14067.501953, 14964.7543951, 295.480159439)
(14067.501953, 14964.825022, 295.480159439)
(14067.501953, 14964.8787151, 295.480159439)
(14067.501953, 14964.9505811, 295.480159439)
(14067.501953, 14965.0117086, 295.480159439)
(14067.501953, 14965.091009, 295.480159439)
(14067.501953, 14965.1484193, 295.480159439)
(14067.501953, 14965.2240025, 295.480159439)
(14067.501953, 14965.2880211, 295.480159439)
(14067.501953, 14965.3474965, 295.480159439)
(14067.501953, 14965.4073848, 295.480159439)
(14067.501953, 14965.4767728, 295.480159439)
(14067.501953, 14965.53377, 295.480159439)
(14067.501953, 14965.5998537, 295.480159439)
(14067.501953, 14965.6713067, 295.480159439)
(14067.501953, 14965.7320212, 295.480159439)
(14067.501953, 14965.7943877, 295.480159439)
(14067.501953, 14965.8517979, 295.480159439)
(14067.501953, 14965.9145774, 295.480159439)
(14067.501953, 14965.9699225, 295.480159439)
(14067.501953, 14966.0430277, 295.480159439)
(14067.501953, 14966.1000249, 295.480159439)
(14067.501953, 14966.1822165, 295.480159439)
(14067.501953, 14966.2495393, 295.480159439)
(14067.501953, 14966.3172751, 295.480159439)
(14067.501953, 14966.3949235, 295.480159439)
(14067.501953, 14966.4659635, 295.480159439)
(14067.501953, 14966.5361775, 295.480159439)
(14067.501953, 14966.6125868, 295.480159439)
(14067.501953, 14966.6770184, 295.480159439)
(14067.501953, 14966.7426891, 295.480159439)
(14067.501953, 14966.793904, 295.480159439)
(14067.501953, 14966.847597, 295.480159439)
(14067.501953, 14966.9277235, 295.480159439)
(14067.501953, 14966.9917421, 295.480159439)
(14067.501953, 14967.0656733, 295.480159439)
(14067.501953, 14967.1288659, 295.480159439)
(14067.501953, 14967.2056882, 295.480159439)
(14067.501953, 14967.2630984, 295.480159439)
(14067.501953, 14967.3328993, 295.480159439)
(14067.501953, 14967.3948528, 295.480159439)
(14067.501953, 14967.4844789, 295.480159439)
(14067.501953, 14967.5518017, 295.480159439)
(14067.501953, 14967.6253198, 295.480159439)
(14067.501953, 14967.698838, 295.480159439)
(14067.501953, 14967.7793775, 295.480159439)
(14067.501953, 14967.8396789, 295.480159439)
(14067.501953, 14967.9016324, 295.480159439)
(14067.501953, 14967.9768026, 295.480159439)
(14067.501953, 14968.037104, 295.480159439)
(14067.501953, 14968.0982315, 295.480159439)
(14067.501953, 14968.1506854, 295.480159439)
(14067.501953, 14968.2180082, 295.480159439)
(14067.501953, 14968.284505, 295.480159439)
(14067.501953, 14968.3522408, 295.480159439)
(14067.501953, 14968.4307152, 295.480159439)
(14067.501953, 14968.4939078, 295.480159439)
(14067.501953, 14968.5608176, 295.480159439)
(14067.501953, 14968.6310315, 295.480159439)
(14067.5019531, 14968.7062017, 295.480159439)
(14067.5019531, 14968.7693943, 295.480159439)
(14067.5019531, 14968.8396082, 295.480159439)
(14067.5019531, 14968.9011487, 295.480159439)
(14067.501953, 14968.9577329, 295.480159439)
(14067.501953, 14969.0147301, 295.480159439)
(14067.501953, 14969.0787487, 295.480159439)
(14067.5019531, 14969.1407022, 295.480159439)
(14067.5019531, 14969.207612, 295.480159439)
(14067.5019531, 14969.2819562, 295.480159439)
(14067.5019531, 14969.3434966, 295.480159439)
(14067.5019531, 14969.4182539, 295.480159439)
(14067.5019531, 14969.4781422, 295.480159439)
(14067.5019531, 14969.5512473, 295.480159439)
(14067.5019531, 14969.6115487, 295.480159439)
(14067.5019531, 14969.6817627, 295.480159439)
(14067.5019531, 14969.7466074, 295.480159439)
(14067.5019531, 14969.8254948, 295.480159439)
(14067.5019531, 14969.8928176, 295.480159439)
(14067.5019531, 14969.9613795, 295.480159439)
(14067.5019531, 14970.0146595, 295.480159439)
(14067.5019531, 14970.0724827, 295.480159439)
(14067.5019531, 14970.1278278, 295.480159439)
(14067.5019531, 14970.2038241, 295.480159439)
(14067.5019531, 14970.2587562, 295.480159439)
(14067.5019531, 14970.3244269, 295.480159439)
(14067.501953, 14970.3991841, 295.480159439)
(14067.501355, 14970.4739122, 295.480159439)
(14067.5007332, 14970.5502956, 295.480159435)
