(14080.4999995, 14871.7999995, 295.480160377)
(14080.5606222, 14871.8005306, 295.480445049)
(14080.6266866, 14871.8009661, 295.480160825)
(14080.710094, 14871.8017627, 295.480159576)
(14080.7662574, 14871.8023052, 295.480159285)
(14080.8381123, 14871.8030589, 295.480159444)
(14080.9120321, 14871.8038968, 295.480159452)
(14081.0037102, 14871.8049901, 295.480159434)
(14081.0851101, 14871.8152113, 295.480159425)
(14081.1652942, 14871.8462484, 295.480159443)
(14081.2140758, 14871.8737566, 295.48015929)
(14081.2819825, 14871.9163935, 295.480159597)
(14081.346449, 14871.959912, 295.480159418)
(14081.4291083, 14872.0121799, 295.480159497)
(14081.4830854, 14872.0486608, 295.480159418)
(14081.5533427, 14872.0984658, 295.480159412)
(14081.6107569, 14872.1404706, 295.480159444)
(14081.6694864, 14872.1841159, 295.480159445)
(14081.7153632, 14872.2186011, 295.480159447)
(14081.7795498, 14872.2671973, 295.48015944)
(14081.8368313, 14872.3105069, 295.480159426)
(14081.8940921, 14872.353856, 295.480159437)
(14081.9658036, 14872.4082281, 295.480159443)
(14082.0403112, 14872.4644851, 295.480159429)
(14082.0943586, 14872.5124316, 295.480159617)
(14082.1453795, 14872.5680701, 295.480159646)
(14082.1935754, 14872.6321573, 295.480165572)
(14082.2310544, 14872.7072216, 295.480299887)
(14082.2544209, 14872.7973339, 295.48016832)
(14082.2669554, 14872.8672925, 295.480159791)
(14082.2935473, 14872.9654465, 295.480159473)
(14082.3142848, 14873.0441241, 295.480159408)
(14082.3366774, 14873.1291971, 295.480159455)
(14082.3520421, 14873.1940876, 295.480159444)
(14082.3678032, 14873.2602682, 295.480159436)
(14082.3766424, 14873.3259118, 295.48015902)
(14082.3822758, 14873.408635, 295.480159463)
(14082.3887341, 14873.4713858, 295.480159466)
(14082.3980811, 14873.5484706, 295.480159437)
(14082.4085015, 14873.6337576, 295.480159436)
(14082.4139244, 14873.7114315, 295.480159457)
(14082.4215434, 14873.8146083, 295.480159432)
(14082.4291014, 14873.9047422, 295.480159437)
(14082.4347425, 14873.9800615, 295.480159436)
(14082.4421172, 14874.0763989, 295.480159432)
(14082.4466972, 14874.1369265, 295.480159435)
(14082.453273, 14874.224639, 295.480159441)
(14082.4565865, 14874.2909382, 295.480159441)
(14082.460104, 14874.3576973, 295.480159433)
(14082.4631622, 14874.4322705, 295.480159441)
(14082.4654486, 14874.4994553, 295.480159452)
(14082.4692419, 14874.5926935, 295.480159441)
(14082.4708593, 14874.6623717, 295.480159425)
(14082.4731155, 14874.7502754, 295.480159441)
(14082.4751899, 14874.8216928, 295.480159436)
(14082.4774264, 14874.9009546, 295.480159435)
(14082.4789501, 14874.9632806, 295.480159433)
(14082.4809713, 14875.0462588, 295.480159436)
(14082.4826825, 14875.1123204, 295.480159439)
(14082.484821, 14875.1965474, 295.480159437)
(14082.4858646, 14875.2531, 295.480159431)
(14082.4875817, 14875.3492855, 295.480159436)
(14082.4884999, 14875.4124493, 295.480159434)
(14082.4898301, 14875.5008097, 295.480159433)
(14082.490736, 14875.5660506, 295.480159436)
(14082.4919658, 14875.6556594, 295.480159438)
(14082.4929068, 14875.7250366, 295.480159436)
(14082.4939561, 14875.8076276, 295.480159439)
(14082.4942834, 14875.886481, 295.480159439)
(14082.4945442, 14875.963278, 295.480159445)
(14082.4947904, 14876.0504051, 295.480159437)
(14082.4952562, 14876.1181501, 295.480159444)
(14082.495847, 14876.1879626, 295.480159445)
(14082.4966955, 14876.2561311, 295.480159446)
(14082.4975008, 14876.3255267, 295.480159445)
(14082.4975332, 14876.3994222, 295.480159436)
(14082.4977014, 14876.4877867, 295.480159447)
(14082.4978258, 14876.5530372, 295.480159436)
(14082.4979569, 14876.6352227, 295.480159437)
(14082.4980206, 14876.6992367, 295.480159436)
(14082.4980502, 14876.7777053, 295.480159445)
(14082.4981181, 14876.8408973, 295.480159439)
(14082.4981328, 14876.9078038, 295.480159435)
(14082.4981837, 14876.9846259, 295.48015944)
(14082.4981195, 14877.0779632, 295.480159437)
(14082.498124, 14877.1527209, 295.480159439)
(14082.4981273, 14877.2485419, 295.480159439)
(14082.4981313, 14877.3199952, 295.480159439)
(14082.4981331, 14877.3931001, 295.480159439)
(14082.4981363, 14877.45588, 295.480159439)
(14082.498139, 14877.5463317, 295.480159439)
(14082.498142, 14877.6062203, 295.480159439)
(14082.4981442, 14877.6772602, 295.480159439)
(14082.4981478, 14877.7449964, 295.480159439)
(14082.4981511, 14877.8416437, 295.480159439)
(14082.4981554, 14877.9217703, 295.480159439)
(14082.4981574, 14878.0233738, 295.480159439)
(14082.4981602, 14878.0902839, 295.480159439)
(14082.4981614, 14878.18404, 295.480159439)
(14082.4981649, 14878.2678837, 295.480159439)
(14082.4981629, 14878.3628789, 295.480159438)
(14082.4981647, 14878.4388756, 295.480159439)
(14082.4981586, 14878.5309793, 295.480159439)
(14082.4981584, 14878.6003674, 295.480159439)
(14082.4981536, 14878.6833846, 295.480159439)
(14082.4981528, 14878.7436865, 295.480159439)
(14082.4981497, 14878.8337254, 295.480159439)
(14082.4981492, 14878.9027007, 295.48015944)
(14082.4981442, 14879.0418893, 295.480159439)
(14082.4981435, 14879.1121035, 295.480159439)
(14082.4981439, 14879.1847958, 295.480159439)
(14082.4981424, 14879.2917684, 295.480159439)
(14082.4981423, 14879.3619826, 295.48015944)
(14082.49814, 14879.4681295, 295.480159439)
(14082.4981398, 14879.5490823, 295.480159439)
(14082.4981355, 14879.6750539, 295.480159439)
(14082.4981353, 14879.7411381, 295.48015944)
(14082.4981339, 14879.8712404, 295.48015944)
(14082.4981339, 14879.9484758, 295.48015944)
(14082.4981305, 14880.0579267, 295.480159439)
(14082.4981302, 14880.1537484, 295.48015944)
(14082.4981307, 14880.233875, 295.48015944)
(14082.4981291, 14880.3387827, 295.48015944)
(14082.4981293, 14880.4139531, 295.48015944)
(14082.4981267, 14880.5395123, 295.48015944)
(14082.4981268, 14880.623356, 295.480159439)
(14082.4981192, 14880.7381758, 295.480159439)
(14082.4981183, 14880.8042602, 295.48015944)
(14082.4981163, 14880.909581, 295.48015944)
(14082.4981159, 14880.9847514, 295.48015944)
(14082.4981136, 14881.0747903, 295.48015944)
(14082.4981133, 14881.1528519, 295.48015944)
(14082.4981106, 14881.2532165, 295.480159439)
(14082.49811, 14881.332104, 295.48015944)
(14082.4981063, 14881.4390768, 295.480159439)
(14082.4981062, 14881.5196167, 295.48015944)
(14082.4981054, 14881.5951998, 295.48015944)
(14082.4981054, 14881.6530232, 295.48015944)
(14082.4981048, 14881.7381059, 295.48015944)
(14082.4981048, 14881.8033637, 295.48015944)
(14082.4981044, 14881.8843162, 295.48015944)
(14082.4981041, 14881.9545303, 295.48015944)
(14082.4981021, 14882.0441561, 295.48015944)
(14082.4981016, 14882.1077619, 295.48015944)
(14082.4981, 14882.1907794, 295.48015944)
(14082.4980997, 14882.2461247, 295.48015944)
(14082.4981243, 14882.3398775, 295.480159451)
(14082.5059088, 14882.4086662, 295.480159471)
(14082.5359506, 14882.4922633, 295.480159527)
(14082.5736583, 14882.5575305, 295.480159427)
(14082.6158683, 14882.6384407, 295.480159405)
(14082.6499326, 14882.7036942, 295.480159355)
(14082.6882347, 14882.7786177, 295.48015945)
(14082.7244254, 14882.8412618, 295.4801595)
(14082.7706836, 14882.9172599, 295.480159451)
(14082.8080455, 14882.9793224, 295.480159447)
(14082.8566741, 14883.061413, 295.480159458)
(14082.8885403, 14883.1137201, 295.480159447)
(14082.9264643, 14883.1758167, 295.480159415)
(14082.9650095, 14883.2389045, 295.480159433)
(14083.0130863, 14883.3174527, 295.480159434)
(14083.0525221, 14883.3819149, 295.480159438)
(14083.1000129, 14883.4593581, 295.480159442)
(14083.1362627, 14883.5185102, 295.480159436)
(14083.1811962, 14883.5917075, 295.480159427)
(14083.2111916, 14883.6468022, 295.480159402)
(14083.2464713, 14883.7178447, 295.480159437)
(14083.2682065, 14883.7739821, 295.480159912)
(14083.280808, 14883.8531674, 295.480156782)
(14083.2913412, 14883.9243342, 295.480159293)
(14083.3080822, 14883.9997248, 295.480159365)
(14083.326184, 14884.081162, 295.4801594)
(14083.3391454, 14884.152084, 295.480159405)
(14083.3583216, 14884.2550011, 295.480159425)
(14083.3746715, 14884.3604194, 295.480159442)
(14083.3871885, 14884.4341175, 295.480159446)
(14083.4009336, 14884.5147321, 295.480159444)
(14083.4095879, 14884.5925556, 295.480159404)
(14083.4190013, 14884.6772373, 295.480159474)
(14083.4220583, 14884.7328139, 295.480159437)
(14083.4267361, 14884.8158769, 295.480159435)
(14083.4305653, 14884.8755799, 295.480159438)
(14083.4379694, 14884.9793741, 295.480159435)
(14083.4411906, 14885.0427734, 295.480159446)
(14083.4456873, 14885.1276724, 295.480159434)
(14083.4497678, 14885.2035311, 295.480159434)
(14083.4544963, 14885.2884767, 295.480159437)
(14083.4583131, 14885.3565186, 295.480159438)
(14083.4634508, 14885.4488896, 295.48015944)
(14083.4684495, 14885.537554, 295.480159437)
(14083.4714633, 14885.6150337, 295.480159435)
(14083.4749243, 14885.7024806, 295.48015945)
(14083.47578, 14885.7627066, 295.480159436)
(14083.477149, 14885.8349142, 295.480159441)
(14083.4785023, 14885.9063246, 295.480159439)
(14083.480105, 14885.9868276, 295.480159441)
(14083.4826114, 14886.1065717, 295.480159436)
(14083.4832591, 14886.1792133, 295.480159437)
(14083.4842914, 14886.2696334, 295.480159438)
(14083.4855255, 14886.3365571, 295.480159453)
(14083.4871232, 14886.4195828, 295.480159428)
(14083.4886991, 14886.4885657, 295.480159443)
(14083.4906109, 14886.5740557, 295.480159453)
(14083.4910284, 14886.6347222, 295.480159438)
(14083.4916131, 14886.7028439, 295.480159442)
(14083.4921323, 14886.7759227, 295.480159437)
(14083.4928593, 14886.8642964, 295.480159436)
(14083.4927585, 14886.9406687, 295.480159436)
(14083.4929, 14887.0368878, 295.480159437)
(14083.4934767, 14887.1120819, 295.480159443)
(14083.4939953, 14887.1785899, 295.480159437)
(14083.4946771, 14887.2356026, 295.480159451)
(14083.4957232, 14887.3268934, 295.480159435)
(14083.4956493, 14887.3933561, 295.480159433)
(14083.4957223, 14887.4746962, 295.480159436)
(14083.4958778, 14887.5358208, 295.480159439)
(14083.4960142, 14887.6126384, 295.480159437)
(14083.4960657, 14887.6716958, 295.480159437)
(14083.496092, 14887.754294, 295.480159433)
(14083.496162, 14887.8158343, 295.480159438)
(14083.4961632, 14887.8951303, 295.480159436)
(14083.4961981, 14887.9508887, 295.480159438)
(14083.4962053, 14888.028122, 295.480159443)
(14083.4962332, 14888.0987491, 295.480159438)
(14083.4962347, 14888.186721, 295.480159438)
(14083.49625, 14888.2585874, 295.480159439)
(14083.4962474, 14888.3482125, 295.480159436)
(14083.4962544, 14888.4126444, 295.480159439)
(14083.4962561, 14888.4989659, 295.480159444)
(14083.496441, 14888.555978, 295.480159441)
(14083.4968185, 14888.6423168, 295.480159443)
(14083.4969441, 14888.7042662, 295.480159436)
(14083.4970137, 14888.7802568, 295.480159437)
(14083.4970222, 14888.8764835, 295.480159437)
(14083.4970869, 14888.9520669, 295.480159439)
(14083.4971601, 14889.0388016, 295.480159433)
(14083.497199, 14889.0962113, 295.480159437)
(14083.4971399, 14889.1734406, 295.480159436)
(14083.4971474, 14889.2494373, 295.480159439)
(14083.4971571, 14889.3403022, 295.480159439)
(14083.4971669, 14889.4212551, 295.480159439)
(14083.4971749, 14889.517076, 295.480159439)
(14083.4971826, 14889.5914203, 295.480159439)
(14083.4971802, 14889.6909584, 295.480159436)
(14083.4971852, 14889.7851282, 295.480159439)
(14083.4971901, 14889.8586463, 295.480159439)
(14083.4971934, 14889.9503372, 295.480159439)
(14083.4971977, 14890.0230295, 295.480159439)
(14083.4972003, 14890.1056342, 295.480159439)
(14083.4972043, 14890.1729572, 295.480159439)
(14083.4972067, 14890.2518443, 295.480159439)
(14083.4972098, 14890.3096678, 295.480159439)
(14083.4972126, 14890.3885551, 295.480159439)
(14083.4972152, 14890.454639, 295.480159439)
(14083.4971953, 14890.5471548, 295.480159441)
(14083.4971903, 14890.6181952, 295.480159439)
(14083.4971788, 14890.7305374, 295.480159439)
(14083.4971737, 14890.8024039, 295.480159439)
(14083.4971582, 14890.9465491, 295.480159439)
(14083.4971548, 14891.0287407, 295.48015944)
(14083.4971466, 14891.1303444, 295.480159439)
(14083.4971428, 14891.2030366, 295.48015944)
(14083.4971344, 14891.3034009, 295.480159439)
(14083.4971301, 14891.4070703, 295.48015944)
(14083.4971263, 14891.4797624, 295.48015944)
(14083.4971237, 14891.5516286, 295.48015944)
(14083.4971194, 14891.6429065, 295.48015944)
(14083.4971168, 14891.7155988, 295.48015944)
(14083.4971115, 14891.8370275, 295.48015944)
(14083.4971091, 14891.9060025, 295.48015944)
(14083.497105, 14891.9985197, 295.48015944)
(14083.497103, 14892.0612993, 295.48015944)
(14083.4970991, 14892.1608379, 295.48015944)
(14083.4970974, 14892.2199004, 295.48015944)
(14083.4970943, 14892.3115914, 295.48015944)
(14083.4970925, 14892.3768492, 295.48015944)
(14083.4970894, 14892.4784529, 295.48015944)
(14083.4970875, 14892.5598185, 295.48015944)
(14083.4970854, 14892.6354017, 295.48015944)
(14083.4970834, 14892.7246149, 295.48015944)
(14083.4970816, 14892.8101107, 295.48015944)
(14083.4970789, 14892.921214, 295.48015944)
(14083.4970775, 14892.9992754, 295.48015944)
(14083.4970758, 14893.0913796, 295.48015944)
(14083.4970745, 14893.169028, 295.48015944)
(14083.4970731, 14893.2594801, 295.48015944)
(14083.497072, 14893.3363024, 295.48015944)
(14083.4970709, 14893.4065164, 295.48015944)
(14083.49707, 14893.4713611, 295.48015944)
(14083.497069, 14893.5494225, 295.48015944)
(14083.4970681, 14893.6233536, 295.48015944)
(14083.497067, 14893.717523, 295.48015944)
(14083.4970659, 14893.8009537, 295.48015944)
(14083.497065, 14893.8893406, 295.48015944)
(14083.4970645, 14893.9438597, 295.48015944)
(14083.4970639, 14894.0078783, 295.48015944)
(14083.4970632, 14894.0776792, 295.48015944)
(14083.4970624, 14894.1586319, 295.48015944)
(14083.4970615, 14894.2581705, 295.48015944)
(14083.4970608, 14894.3296235, 295.48015944)
(14083.4970602, 14894.4163584, 295.48015944)
(14083.4970596, 14894.4832681, 295.48015944)
(14083.497059, 14894.5567863, 295.48015944)
(14083.4970586, 14894.623696, 295.48015944)
(14083.4970584, 14894.7100179, 295.48015944)
(14083.4970579, 14894.7727974, 295.48015944)
(14083.4970576, 14894.8615975, 295.48015944)
(14083.4970572, 14894.9289203, 295.48015944)
(14083.497057, 14895.0073947, 295.48015944)
(14083.4970566, 14895.0759565, 295.48015944)
(14083.4970563, 14895.1490617, 295.48015944)
(14083.4970558, 14895.225471, 295.48015944)
(14083.4970555, 14895.3043584, 295.48015944)
(14083.4970551, 14895.3733332, 295.48015944)
(14083.4970548, 14895.4753501, 295.48015944)
(14083.4970544, 14895.5505203, 295.48015944)
(14083.4970542, 14895.6446896, 295.48015944)
(14083.4970539, 14895.7120124, 295.48015944)
(14083.4970538, 14895.8074208, 295.48015944)
(14083.4970536, 14895.8706133, 295.48015944)
(14083.4970535, 14895.9375231, 295.48015944)
(14083.4970532, 14896.0023677, 295.48015944)
(14083.497053, 14896.0866244, 295.48015944)
(14083.4970528, 14896.1907063, 295.48015944)
(14083.4970524, 14896.2642245, 295.48015944)
(14083.4970524, 14896.3385687, 295.48015944)
(14083.4970521, 14896.4017612, 295.48015944)
(14083.4970521, 14896.486018, 295.48015944)
(14083.4970519, 14896.5649054, 295.48015944)
(14083.4970518, 14896.6301631, 295.48015944)
(14083.4970522, 14896.7090506, 295.48015944)
(14083.4970521, 14896.7705909, 295.48015944)
(14083.4970523, 14896.8482394, 295.48015944)
(14083.4970521, 14896.9188664, 295.48015944)
(14083.4970522, 14896.9981669, 295.48015944)
(14083.4970521, 14897.0733371, 295.48015944)
(14083.4970522, 14897.1534636, 295.48015944)
(14083.497052, 14897.2199603, 295.48015944)
(14083.4970521, 14897.3066952, 295.48015944)
(14083.4970519, 14897.3653445, 295.48015944)
(14083.4970519, 14897.4376235, 295.48015944)
(14083.4970519, 14897.5082505, 295.48015944)
(14083.4970518, 14897.5780515, 295.48015944)
(14083.4970522, 14897.6651995, 295.48015944)
(14083.4970521, 14897.7535864, 295.48015944)
(14083.4970526, 14897.8436255, 295.48015944)
(14083.4970527, 14897.9270561, 295.48015944)
(14083.4970526, 14898.0075957, 295.48015944)
(14083.4970526, 14898.1141556, 295.48015944)
(14083.4970524, 14898.1992384, 295.48015944)
(14083.4970526, 14898.2892776, 295.48015944)
(14083.4970525, 14898.3611436, 295.48015944)
(14083.4970527, 14898.4375529, 295.48015944)
(14083.4970526, 14898.493311, 295.48015944)
(14083.4970527, 14898.5862413, 295.48015944)
(14083.4970526, 14898.6548031, 295.48015944)
(14083.4970527, 14898.7436031, 295.48015944)
(14083.4970526, 14898.8084477, 295.480159439)
(14083.4970527, 14898.9117036, 295.48015944)
(14083.4970526, 14898.9786133, 295.480159439)
(14083.4970528, 14899.0740218, 295.48015944)
(14083.4970527, 14899.1520831, 295.480159439)
(14083.497053, 14899.256165, 295.48015944)
(14083.4970529, 14899.3210096, 295.480159439)
(14083.4970531, 14899.3990711, 295.48015944)
(14083.4970531, 14899.4643287, 295.480159439)
(14083.4970533, 14899.5551938, 295.48015944)
(14083.4970533, 14899.6216905, 295.480159439)
(14083.4970534, 14899.7121427, 295.480159439)
(14083.4970533, 14899.7798785, 295.480159439)
(14083.4970535, 14899.8624832, 295.480159439)
(14083.4970535, 14899.9335231, 295.480159439)
(14083.4970536, 14900.0297576, 295.480159439)
(14083.4970535, 14900.109058, 295.480159439)
(14083.4970537, 14900.1825761, 295.480159439)
(14083.4970537, 14900.2478338, 295.480159439)
(14083.4970538, 14900.3263082, 295.480159439)
(14083.4970539, 14900.4084999, 295.480159439)
(14083.4970539, 14900.4745836, 295.480159439)
(14083.4970545, 14900.5654488, 295.480159439)
(14083.4970546, 14900.6340106, 295.480159439)
(14083.4970552, 14900.7252888, 295.480159439)
(14083.4970552, 14900.7938506, 295.480159439)
(14083.4970557, 14900.8814115, 295.480159439)
(14083.4970558, 14900.9516254, 295.480159439)
(14083.4970563, 14901.0470339, 295.480159439)
(14083.4970564, 14901.0999008, 295.480159439)
(14083.4970567, 14901.1936571, 295.480159439)
(14083.4970567, 14901.2721315, 295.480159439)
(14083.4970572, 14901.3679529, 295.480159439)
(14083.4970572, 14901.4385799, 295.480159439)
(14083.4970576, 14901.5257278, 295.480159439)
(14083.4970577, 14901.6033761, 295.480159439)
(14083.4970577, 14901.6785464, 295.480159439)
(14083.4970583, 14901.7921279, 295.480159439)
(14083.4970582, 14901.8590376, 295.480159439)
(14083.4970583, 14901.9465985, 295.480159439)
(14083.4970583, 14902.0077259, 295.480159439)
(14083.4970583, 14902.0783529, 295.480159439)
(14083.4970583, 14902.1477408, 295.480159439)
(14083.4970586, 14902.2353018, 295.480159439)
(14083.4970586, 14902.3079938, 295.480159439)
(14083.497059, 14902.4083585, 295.480159439)
(14083.497059, 14902.4855939, 295.480159439)
(14083.4970596, 14902.5979362, 295.480159439)
(14083.4970595, 14902.6648459, 295.480159439)
(14083.4970596, 14902.7619064, 295.480159439)
(14083.4970595, 14902.8234469, 295.480159439)
(14083.4970596, 14902.8899436, 295.480159439)
(14083.4970595, 14902.9564403, 295.480159439)
(14083.4970595, 14903.0254152, 295.480159439)
(14083.4970599, 14903.1191716, 295.480159439)
(14083.4970599, 14903.1918636, 295.480159439)
(14083.4970603, 14903.3199009, 295.480159439)
(14083.4970603, 14903.3859846, 295.480159439)
(14083.4970605, 14903.5210432, 295.480159439)
(14083.4970604, 14903.6011697, 295.480159439)
(14083.497061, 14903.748619, 295.480159439)
(14083.497061, 14903.8324627, 295.480159439)
(14083.4970614, 14903.9749558, 295.480159439)
(14083.4970613, 14904.0492999, 295.480159439)
(14083.4970616, 14904.1843586, 295.480159439)
(14083.4970616, 14904.2599418, 295.480159439)
(14083.4970622, 14904.3921092, 295.480159439)
(14083.4970622, 14904.4627362, 295.480159439)
(14083.4970623, 14904.5445148, 295.480159439)
(14083.4970623, 14904.618446, 295.480159439)
(14083.4970624, 14904.6919641, 295.480159439)
(14083.4970623, 14904.743592, 295.480159439)
(14083.4970624, 14904.8307399, 295.480159439)
(14083.4970623, 14904.8980627, 295.480159439)
(14083.4970623, 14904.9847976, 295.480159439)
(14083.4970622, 14905.0512943, 295.480159439)
(14083.4970622, 14905.1305948, 295.480159439)
(14083.4970622, 14905.1913092, 295.480159439)
(14083.4970626, 14905.3507363, 295.480159439)
(14083.4970626, 14905.4275586, 295.480159439)
(14083.4970628, 14905.5444442, 295.480159439)
(14083.4970628, 14905.6555474, 295.480159439)
(14083.4970628, 14905.7629334, 295.480159439)
(14083.497063, 14905.861233, 295.480159439)
(14083.497063, 14905.9587065, 295.480159439)
(14083.4970629, 14906.0421372, 295.480159439)
(14083.497063, 14906.1321763, 295.480159439)
(14083.497063, 14906.2184981, 295.480159439)
(14083.4970631, 14906.3068851, 295.480159439)
(14083.4970631, 14906.3655344, 295.480159439)
(14083.4970632, 14906.4423567, 295.480159439)
(14083.4970631, 14906.5100925, 295.480159439)
(14083.4970632, 14906.6013707, 295.480159439)
(14083.4970632, 14906.6686935, 295.480159439)
(14083.4970632, 14906.7690582, 295.480159439)
(14083.4970632, 14906.8297726, 295.480159439)
(14083.4970633, 14906.9222898, 295.480159439)
(14083.4970632, 14906.9953949, 295.480159439)
(14083.4970633, 14907.0755214, 295.480159439)
(14083.4970633, 14907.139127, 295.480159439)
(14083.4970633, 14907.2266879, 295.480159439)
(14083.4970634, 14907.3138358, 295.480159439)
(14083.4970633, 14907.3836368, 295.480159439)
(14083.4970634, 14907.4740889, 295.480159439)
(14083.4970634, 14907.5488461, 295.480159439)
(14083.4970634, 14907.6397112, 295.480159439)
(14083.4970634, 14907.7132293, 295.480159439)
(14083.4970635, 14907.7888126, 295.480159439)
(14083.4970634, 14907.8639828, 295.480159439)
(14083.4970635, 14907.9602172, 295.480159439)
(14083.4970635, 14908.027127, 295.480159439)
(14083.4970635, 14908.0919717, 295.480159439)
(14083.4970635, 14908.1708591, 295.480159439)
(14083.4970635, 14908.2485075, 295.480159439)
(14083.4970639, 14908.3596108, 295.480159439)
