(14072.4999996, 14853.4999995, 295.480160377)
(14072.5626813, 14853.5006362, 295.480396251)
(14072.6522762, 14853.501383, 295.480159505)
(14072.7398227, 14853.5022131, 295.48015926)
(14072.8124763, 14853.5034889, 295.480159453)
(14072.8950546, 14853.5047927, 295.480159404)
(14072.9704327, 14853.5010985, 295.480159511)
(14073.0443923, 14853.4968599, 295.48015944)
(14073.1077543, 14853.4867382, 295.480159028)
(14073.1889628, 14853.4535712, 295.480159508)
(14073.2599156, 14853.416046, 295.480159478)
(14073.340521, 14853.3683488, 295.480159464)
(14073.3973722, 14853.330759, 295.480159479)
(14073.4687005, 14853.2829367, 295.480159456)
(14073.5329449, 14853.23855, 295.480159458)
(14073.5994235, 14853.1915889, 295.480159462)
(14073.6394766, 14853.1626937, 295.480159442)
(14073.6889973, 14853.1264614, 295.48015944)
(14073.7635579, 14853.0713203, 295.480159445)
(14073.8256435, 14853.0253213, 295.480159444)
(14073.89894, 14852.9709408, 295.48015944)
(14073.9632623, 14852.9221944, 295.480159445)
(14074.0342774, 14852.8680889, 295.480159421)
(14074.0969061, 14852.8147888, 295.480159554)
(14074.1434953, 14852.7695354, 295.480159552)
(14074.1903811, 14852.7145956, 295.480159404)
(14074.2216403, 14852.6686871, 295.480159363)
(14074.2468822, 14852.5935893, 295.480159528)
(14074.2544096, 14852.5265478, 295.480159295)
(14074.2695642, 14852.4303942, 295.48015962)
(14074.2893256, 14852.3601116, 295.480159338)
(14074.3241943, 14852.2657837, 295.480159435)
(14074.3424811, 14852.1938408, 295.480159468)
(14074.3552588, 14852.1110442, 295.480159384)
(14074.3666459, 14852.0397088, 295.480159445)
(14074.3831067, 14851.9520206, 295.480159437)
(14074.3880239, 14851.8818082, 295.48015974)
(14074.3609761, 14851.7861945, 295.480159592)
(14074.3288269, 14851.7306266, 295.480159104)
(14074.2897309, 14851.6638228, 295.480159634)
(14074.2567548, 14851.6095102, 295.480159506)
(14074.2102176, 14851.5305549, 295.480159453)
(14074.1692609, 14851.4670111, 295.480159421)
(14074.1176704, 14851.3895776, 295.48015944)
(14074.0705078, 14851.321292, 295.480159433)
(14074.0250323, 14851.2564847, 295.480159473)
(14073.9859561, 14851.2001572, 295.480159435)
(14073.940105, 14851.1339458, 295.480159455)
(14073.9057916, 14851.0856916, 295.480159431)
(14073.857189, 14851.0177733, 295.480159392)
(14073.8174581, 14850.966948, 295.480159335)
(14073.7571922, 14850.8944913, 295.480159469)
(14073.7120066, 14850.8493048, 295.480159095)
(14073.6372292, 14850.797085, 295.480328711)
(14073.5739078, 14850.7711844, 295.480157421)
(14073.4888848, 14850.7451216, 295.480162668)
(14073.425736, 14850.7285138, 295.480215377)
(14073.3470112, 14850.7112829, 295.480166024)
(14073.2754381, 14850.6946723, 295.480159458)
(14073.1988513, 14850.6757048, 295.480159449)
(14073.1465494, 14850.6635476, 295.480159418)
(14073.0523696, 14850.6417877, 295.480159447)
(14072.9859094, 14850.6317601, 295.480159237)
(14072.9074047, 14850.6239194, 295.480159437)
(14072.8487643, 14850.6231103, 295.480159689)
(14072.7579874, 14850.6458562, 295.480159442)
(14072.6947832, 14850.6790928, 295.480160202)
(14072.6136384, 14850.7273519, 295.480159376)
(14072.5516584, 14850.7663375, 295.480159524)
(14072.4777438, 14850.8093508, 295.480159443)
(14072.4207162, 14850.846921, 295.480159472)
(14072.353569, 14850.8933766, 295.480159465)
(14072.3104247, 14850.9236208, 295.480159467)
(14072.2374927, 14850.9757337, 295.480159417)
(14072.1939216, 14851.0074402, 295.480159427)
(14072.1215084, 14851.0606188, 295.480159416)
(14072.0644162, 14851.102185, 295.480159437)
(14071.9916846, 14851.1552342, 295.480159423)
(14071.9386141, 14851.1973183, 295.480159351)
(14071.8895513, 14851.2382116, 295.480159469)
(14071.849185, 14851.2756882, 295.480159715)
(14071.7934958, 14851.3353196, 295.480159514)
(14071.753196, 14851.3914982, 295.480159475)
(14071.7223935, 14851.4808764, 295.480197785)
(14071.7105165, 14851.5515315, 295.48019507)
(14071.6981864, 14851.6419694, 295.480159848)
(14071.6829427, 14851.7107712, 295.480159381)
(14071.6541883, 14851.7930749, 295.480159548)
(14071.6403407, 14851.8516866, 295.480159101)
(14071.6298721, 14851.9207996, 295.480159347)
(14071.619912, 14851.9915319, 295.480159445)
(14071.6086539, 14852.0607735, 295.480159451)
(14071.601882, 14852.1310543, 295.480159412)
(14071.5953837, 14852.2079409, 295.480159463)
(14071.5851692, 14852.2982319, 295.480159438)
(14071.5798913, 14852.374787, 295.480159397)
(14071.5730955, 14852.4670412, 295.480159451)
(14071.5683847, 14852.5250891, 295.480159441)
(14071.562485, 14852.5967112, 295.48015944)
(14071.556834, 14852.673757, 295.480159442)
(14071.550361, 14852.7602595, 295.480159444)
(14071.5455841, 14852.8410819, 295.480159448)
(14071.5396467, 14852.9330061, 295.480159427)
(14071.5235986, 14853.0318918, 295.480159418)
(14071.5034929, 14853.099565, 295.480159109)
(14071.462503, 14853.1750128, 295.480159543)
(14071.4226806, 14853.2476392, 295.480159636)
(14071.3779793, 14853.3399824, 295.480159341)
(14071.3398651, 14853.410313, 295.480159434)
(14071.2901761, 14853.4978056, 295.480159421)
(14071.2541928, 14853.55967, 295.48015944)
(14071.1948345, 14853.6617918, 295.480159435)
(14071.1607347, 14853.7189022, 295.480159454)
(14071.0925195, 14853.8335006, 295.480159436)
(14071.0533493, 14853.899054, 295.480159442)
(14070.9894834, 14854.0056233, 295.480159451)
(14070.9540785, 14854.0648084, 295.480159443)
(14070.8846782, 14854.1806361, 295.480159394)
(14070.8457004, 14854.243475, 295.480159448)
(14070.7972316, 14854.3212917, 295.480159423)
(14070.771673, 14854.3693049, 295.480159471)
(14070.741485, 14854.4351165, 295.480159446)
(14070.7175376, 14854.5045507, 295.480159902)
(14070.7009057, 14854.6024976, 295.480175454)
(14070.6900013, 14854.6763278, 295.480159568)
(14070.6674122, 14854.7744027, 295.480159549)
(14070.6517347, 14854.8743895, 295.480159425)
(14070.6320425, 14854.9929543, 295.480159444)
(14070.6206619, 14855.0605713, 295.480159436)
(14070.6038381, 14855.1620413, 295.480159437)
(14070.5928798, 14855.2301502, 295.480159445)
(14070.5767126, 14855.3296285, 295.48015944)
(14070.571626, 14855.4060106, 295.480159337)
(14070.570253, 14855.4989475, 295.480159359)
(14070.565076, 14855.5700238, 295.480159547)
(14070.5564052, 14855.6523088, 295.480159436)
(14070.5537825, 14855.7076975, 295.480159407)
(14070.5519582, 14855.7976353, 295.480159467)
(14070.5477412, 14855.8669167, 295.480159454)
(14070.5415517, 14855.9600339, 295.48015946)
(14070.538453, 14856.0322729, 295.480159434)
(14070.5345042, 14856.1189442, 295.480159435)
(14070.5311168, 14856.1874203, 295.480159433)
(14070.5272425, 14856.2637197, 295.480159485)
(14070.5264763, 14856.3273232, 295.480159447)
(14070.5253458, 14856.4041716, 295.480159446)
(14070.5241348, 14856.4706795, 295.480159443)
(14070.5224377, 14856.5532778, 295.480159451)
(14070.5214853, 14856.6214423, 295.480159445)
(14070.5199728, 14856.7247106, 295.480159434)
(14070.5188569, 14856.7978113, 295.480159443)
(14070.5176629, 14856.8816539, 295.480159441)
(14070.5161104, 14856.9526554, 295.48015943)
(14070.5138975, 14857.0496649, 295.48015944)
(14070.5127318, 14857.1112015, 295.480159443)
(14070.5114275, 14857.1859576, 295.480159445)
(14070.5104323, 14857.2603198, 295.480159445)
(14070.5095787, 14857.3218645, 295.480159447)
(14070.5090429, 14857.3983, 295.480159448)
(14070.5083733, 14857.4842278, 295.480159442)
(14070.5083666, 14857.5482751, 295.480159443)
(14070.5081959, 14857.6251156, 295.480159444)
(14070.5072752, 14857.6973638, 295.480159436)
(14070.506306, 14857.7782903, 295.480159444)
(14070.5057982, 14857.8555423, 295.480159444)
(14070.5052961, 14857.9381562, 295.480159443)
(14070.5052477, 14858.0063267, 295.48015945)
(14070.5051652, 14858.0827548, 295.480159427)
(14070.5044199, 14858.1525274, 295.480159438)
(14070.5035832, 14858.2297361, 295.480159436)
(14070.5034913, 14858.2929499, 295.480159448)
(14070.5033958, 14858.3635975, 295.480159444)
(14070.5031804, 14858.4519913, 295.480159443)
(14070.5030435, 14858.5184919, 295.480159443)
(14070.5029521, 14858.5986255, 295.480159443)
(14070.502902, 14858.6593434, 295.480159443)
(14070.5028984, 14858.7213025, 295.480159443)
(14070.5028308, 14858.8018427, 295.480159443)
(14070.5028293, 14858.8939508, 295.480159443)
(14070.5027987, 14858.9583822, 295.480159441)
(14070.5027877, 14859.0554442, 295.480159445)
(14070.5027663, 14859.1268972, 295.48015944)
(14070.5027788, 14859.2070256, 295.480159443)
(14070.5027705, 14859.2735219, 295.480159441)
(14070.5027709, 14859.3462145, 295.480159443)
(14070.5027638, 14859.4180801, 295.48015944)
(14070.5027643, 14859.4882948, 295.480159444)
(14070.5028522, 14859.5742081, 295.480159442)
(14070.5028789, 14859.6427688, 295.480159439)
(14070.5029131, 14859.7328079, 295.480159439)
(14070.5029387, 14859.8050867, 295.480159439)
(14070.5029709, 14859.902147, 295.480159439)
(14070.5029896, 14859.9603832, 295.480159438)
(14070.5030158, 14860.0504222, 295.480159438)
(14070.5030322, 14860.1053544, 295.480159438)
(14070.5030533, 14860.2011751, 295.480159438)
(14070.5030732, 14860.2788236, 295.480159438)
(14070.5030439, 14860.3713384, 295.480159436)
(14070.5030427, 14860.4518784, 295.480159438)
(14070.5030381, 14860.5505904, 295.480159438)
(14070.5030369, 14860.6319565, 295.480159439)
(14070.5030363, 14860.7071268, 295.480159439)
(14070.5030359, 14860.7761018, 295.480159439)
(14070.5030356, 14860.8512719, 295.480159439)
(14070.5030323, 14860.9297459, 295.480159438)
(14070.5030316, 14860.9912869, 295.480159439)
(14070.5030294, 14861.0705872, 295.480159439)
(14070.5030293, 14861.1428665, 295.480159439)
(14070.5030273, 14861.2283621, 295.480159439)
(14070.5030272, 14861.2960982, 295.480159439)
(14070.5030255, 14861.3861372, 295.480159439)
(14070.5030257, 14861.450156, 295.480159439)
(14070.5030245, 14861.5195437, 295.480159439)
(14070.5030248, 14861.593475, 295.480159439)
(14070.5030235, 14861.6897094, 295.480159439)
(14070.5030238, 14861.767771, 295.480159439)
(14070.5030227, 14861.841702, 295.480159439)
(14070.5030229, 14861.8962213, 295.480159439)
(14070.5030223, 14861.9676741, 295.480159439)
(14070.503022, 14862.0416053, 295.480159439)
(14070.5030194, 14862.1237969, 295.480159439)
(14070.5030191, 14862.1964893, 295.480159439)
(14070.5030171, 14862.2716592, 295.480159439)
(14070.5030167, 14862.3307218, 295.480159439)
(14070.5030156, 14862.4050659, 295.480159439)
(14070.5030157, 14862.4657806, 295.480159439)
(14070.503015, 14862.5521023, 295.480159439)
(14070.5030143, 14862.6458586, 295.480159439)
(14070.5030146, 14862.721442, 295.480159439)
(14070.5030135, 14862.811068, 295.480159439)
(14070.5030136, 14862.8738477, 295.48015944)
(14070.5030128, 14862.9506698, 295.480159439)
(14070.5030123, 14863.0159275, 295.480159439)
(14070.503012, 14863.0894457, 295.480159439)
(14070.5030094, 14863.1712241, 295.480159439)
(14070.5030089, 14863.2459817, 295.48015944)
(14070.5030061, 14863.345107, 295.480159439)
(14070.5030056, 14863.4227556, 295.480159439)
(14070.5030023, 14863.5169248, 295.480159439)
(14070.5030019, 14863.6210069, 295.48015944)
(14070.5030021, 14863.7060897, 295.480159439)
(14070.5030005, 14863.7973677, 295.480159439)
(14070.5030005, 14863.8787335, 295.48015944)
(14070.5029985, 14863.9762068, 295.480159439)
(14070.5029981, 14864.0501381, 295.48015944)
(14070.5029959, 14864.1405901, 295.480159439)
(14070.5029956, 14864.2132825, 295.48015944)
(14070.5029942, 14864.2801921, 295.48015944)
(14070.502994, 14864.3437979, 295.48015944)
(14070.5029929, 14864.4222721, 295.48015944)
(14070.5029929, 14864.4862909, 295.48015944)
(14070.5029922, 14864.5697215, 295.48015944)
(14070.5029925, 14864.6411747, 295.48015944)
(14070.5029919, 14864.7246052, 295.48015944)
(14070.502992, 14864.7919282, 295.48015944)
(14070.5029916, 14864.8699895, 295.48015944)
(14070.5029914, 14864.9319431, 295.48015944)
(14070.5029914, 14865.0054612, 295.48015944)
(14070.5029895, 14865.0983912, 295.480159439)
(14070.502989, 14865.1888436, 295.48015944)
(14070.5029862, 14865.287969, 295.48015944)
(14070.5029864, 14865.3759432, 295.48015944)
(14070.5029855, 14865.4651561, 295.48015944)
(14070.5029856, 14865.5295879, 295.48015944)
(14070.5029844, 14865.6629944, 295.48015944)
(14070.5029843, 14865.7336214, 295.48015944)
(14070.5029809, 14865.8835488, 295.48015944)
(14070.5029811, 14865.9665666, 295.48015944)
(14070.5029795, 14866.0756045, 295.48015944)
(14070.5029792, 14866.1359061, 295.48015944)
(14070.5029773, 14866.2379228, 295.48015944)
(14070.5029772, 14866.3077239, 295.48015944)
(14070.5029752, 14866.4076753, 295.48015944)
(14070.5029754, 14866.4754114, 295.48015944)
(14070.5029752, 14866.5472773, 295.48015944)
(14070.5029752, 14866.6410337, 295.48015944)
(14070.5029752, 14866.7087695, 295.48015944)
(14070.5029752, 14866.7909611, 295.48015944)
(14070.5029751, 14866.8558058, 295.48015944)
(14070.5029752, 14866.9384104, 295.48015944)
(14070.5029731, 14867.0656216, 295.48015944)
(14070.5029733, 14867.1358357, 295.48015944)
(14070.5029724, 14867.26759, 295.48015944)
(14070.5029722, 14867.3650635, 295.48015944)
(14070.5029701, 14867.4683192, 295.48015944)
(14070.5029701, 14867.5397725, 295.48015944)
(14070.5029697, 14867.6269203, 295.48015944)
(14070.50297, 14867.7140683, 295.48015944)
(14070.5029694, 14867.799564, 295.48015944)
(14070.5029694, 14867.8611046, 295.48015944)
(14070.502969, 14867.9354487, 295.48015944)
(14070.5029691, 14868.0031846, 295.48015944)
(14070.5029688, 14868.0932236, 295.48015944)
(14070.5029691, 14868.1778935, 295.48015944)
(14070.5029686, 14868.2712366, 295.48015944)
(14070.5029687, 14868.3513633, 295.48015944)
(14070.5029681, 14868.4347939, 295.48015944)
(14070.5029682, 14868.5116163, 295.48015944)
(14070.5029675, 14868.6033074, 295.48015944)
(14070.5029676, 14868.6850861, 295.48015944)
(14070.5029668, 14868.7672776, 295.48015944)
(14070.5029668, 14868.8312964, 295.48015944)
(14070.5029662, 14868.915966, 295.48015944)
(14070.5029662, 14868.9820498, 295.48015944)
(14070.5029656, 14869.073328, 295.48015944)
(14070.5029658, 14869.1394118, 295.48015944)
(14070.5029654, 14869.2228424, 295.48015944)
(14070.5029655, 14869.2839699, 295.48015944)
(14070.5029652, 14869.3636833, 295.48015944)
(14070.5029653, 14869.427289, 295.48015944)
(14070.5029652, 14869.5136108, 295.48015944)
(14070.5029651, 14869.5772164, 295.48015944)
(14070.5029639, 14869.6722117, 295.48015944)
(14070.5029637, 14869.7370564, 295.48015944)
(14070.5029628, 14869.8204871, 295.48015944)
(14070.5029627, 14869.8717021, 295.48015944)
(14070.5029621, 14869.9526545, 295.48015944)
(14070.5029621, 14870.0170863, 295.48015944)
(14070.5029617, 14870.1133206, 295.48015944)
(14070.5029618, 14870.1839477, 295.48015944)
(14070.5029613, 14870.280595, 295.48015944)
(14070.5029613, 14870.3574174, 295.48015944)
(14070.5029607, 14870.4445653, 295.48015944)
(14070.5029607, 14870.5123012, 295.48015944)
(14070.5029602, 14870.5973839, 295.48015944)
(14070.5029603, 14870.6597505, 295.48015944)
(14070.5029598, 14870.7485505, 295.48015944)
(14070.5029599, 14870.8088519, 295.48015944)
(14070.5029597, 14870.881131, 295.48015944)
(14070.5029599, 14870.9496929, 295.48015944)
(14070.5029598, 14871.0112333, 295.48015944)
(14070.5029588, 14871.0888816, 295.48015944)
(14070.5029588, 14871.1537264, 295.48015944)
(14070.5029584, 14871.2334398, 295.48015944)
(14070.5029584, 14871.2982846, 295.48015944)
(14070.502958, 14871.3891496, 295.48015944)
(14070.5029581, 14871.4523422, 295.48015944)
(14070.5029578, 14871.5332947, 295.48015944)
(14070.5029579, 14871.6014437, 295.48015944)
(14070.5029577, 14871.6823961, 295.48015944)
(14070.5029575, 14871.7811088, 295.48015944)
(14070.5029576, 14871.8492576, 295.48015944)
(14070.5029574, 14871.9293841, 295.48015944)
(14070.5029576, 14871.9987721, 295.48015944)
(14070.5029574, 14872.0636167, 295.48015944)
(14070.5029573, 14872.1280483, 295.48015944)
(14070.5029565, 14872.2213915, 295.48015944)
(14070.5029564, 14872.2953228, 295.48015944)
(14070.5029556, 14872.3878399, 295.48015944)
(14070.5029554, 14872.4650753, 295.48015944)
(14070.5029544, 14872.5699832, 295.48015944)
(14070.5029542, 14872.670761, 295.48015944)
(14070.5029544, 14872.7442791, 295.48015944)
(14070.5029539, 14872.8376223, 295.48015944)
(14070.502954, 14872.9082494, 295.48015944)
(14070.5029538, 14872.9768112, 295.48015944)
(14070.5029539, 14873.0466122, 295.48015944)
(14070.5029536, 14873.1226084, 295.48015944)
(14070.5029537, 14873.1932355, 295.48015944)
(14070.5029536, 14873.2642754, 295.48015944)
(14070.5029525, 14873.3629879, 295.48015944)
(14070.5029524, 14873.4323759, 295.48015944)
(14070.5029515, 14873.523654, 295.48015944)
(14070.5029513, 14873.5946941, 295.48015944)
(14070.5029514, 14873.6603648, 295.48015944)
(14070.5029507, 14873.7504037, 295.48015944)
(14070.5029506, 14873.8173136, 295.48015944)
(14070.50295, 14873.9048745, 295.48015944)
(14070.50295, 14873.9783927, 295.48015944)
(14070.5029496, 14874.0605843, 295.48015944)
(14070.5029496, 14874.1378197, 295.48015944)
(14070.5029491, 14874.2266196, 295.48015944)
(14070.5029491, 14874.2984857, 295.48015944)
(14070.5029487, 14874.3761341, 295.48015944)
(14070.5029487, 14874.4517174, 295.48015944)
(14070.5029483, 14874.5252355, 295.48015944)
(14070.5029483, 14874.60371, 295.48015944)
(14070.502948, 14874.6887927, 295.48015944)
(14070.5029481, 14874.7660281, 295.48015944)
(14070.5029477, 14874.8560671, 295.48015944)
(14070.5029477, 14874.9308244, 295.48015944)
(14070.5029474, 14875.0167332, 295.48015944)
(14070.5029474, 14875.084056, 295.48015944)
(14070.5029471, 14875.1745081, 295.48015944)
(14070.5029471, 14875.242657, 295.48015944)
(14070.5029468, 14875.331044, 295.48015944)
(14070.5029468, 14875.3963017, 295.48015944)
(14070.5029467, 14875.4727109, 295.48015944)
(14070.5029467, 14875.5321863, 295.48015944)
(14070.5029465, 14875.6313119, 295.48015944)
(14070.5029466, 14875.704417, 295.48015944)
(14070.5029464, 14875.8010644, 295.48015944)
(14070.5029465, 14875.863844, 295.48015944)
(14070.5029462, 14875.95347, 295.48015944)
(14070.5029463, 14876.0240971, 295.48015944)
(14070.5029462, 14876.1054626, 295.48015944)
(14070.5029463, 14876.1682422, 295.48015944)
(14070.5029461, 14876.272324, 295.48015944)
(14070.5029461, 14876.3396468, 295.48015944)
(14070.5029459, 14876.4338161, 295.48015944)
(14070.502946, 14876.501965, 295.48015944)
(14070.5029458, 14876.5891128, 295.48015944)
(14070.5029458, 14876.6589138, 295.48015944)
(14070.5029457, 14876.7373882, 295.48015944)
(14070.5029458, 14876.7989287, 295.48015944)
(14070.5029457, 14876.8877287, 295.48015944)
(14070.5029456, 14876.9740506, 295.48015944)
(14070.5029457, 14877.0554162, 295.48015944)
(14070.5029455, 14877.1508245, 295.48015944)
(14070.5029456, 14877.2264078, 295.48015944)
(14070.5029453, 14877.3106645, 295.48015944)
(14070.5029453, 14877.3746832, 295.48015944)
(14070.5029452, 14877.4581138, 295.48015944)
(14070.5029452, 14877.512633, 295.48015944)
(14070.5029452, 14877.5911073, 295.48015944)
(14070.5029451, 14877.6683427, 295.48015944)
(14070.5029444, 14877.7724245, 295.48015944)
(14070.5029443, 14877.8558553, 295.48015944)
(14070.5029445, 14877.9661325, 295.48015944)
(14070.5029441, 14878.0503892, 295.48015944)
(14070.5029441, 14878.1036693, 295.48015944)
(14070.5029438, 14878.223033, 295.48015944)
(14070.5029438, 14878.2953121, 295.48015944)
(14070.5029432, 14878.4241753, 295.48015944)
(14070.5029431, 14878.4927372, 295.48015944)
(14070.5029423, 14878.5997101, 295.48015944)
(14070.5029423, 14878.6674461, 295.48015944)
(14070.5029421, 14878.7496377, 295.48015944)
(14070.5029422, 14878.8491763, 295.48015944)
(14070.502942, 14878.9491279, 295.48015944)
(14070.502942, 14879.0156247, 295.48015944)
(14070.5029416, 14879.1168153, 295.48015944)
(14070.5029415, 14879.1779428, 295.48015944)
(14070.5029413, 14879.270047, 295.48015944)
(14070.5029413, 14879.3390219, 295.48015944)
(14070.502941, 14879.4108879, 295.48015944)
(14070.502941, 14879.4716024, 295.48015944)
(14070.5029409, 14879.5471856, 295.48015944)
(14070.502941, 14879.6215298, 295.48015944)
(14070.5029409, 14879.7247856, 295.48015944)
(14070.5029409, 14879.8127596, 295.48015944)
(14070.5029407, 14879.8961903, 295.48015944)
(14070.5029407, 14879.9878814, 295.48015944)
(14070.5029404, 14880.0816377, 295.48015944)
(14070.5029403, 14880.1832414, 295.48015944)
(14070.50294, 14880.2596507, 295.48015944)
(14070.50294, 14880.3315169, 295.48015944)
(14070.5029399, 14880.4182517, 295.48015944)
(14070.50294, 14880.494661, 295.48015944)
(14070.5029399, 14880.5855261, 295.48015944)
(14070.50294, 14880.6623485, 295.48015944)
(14070.5029399, 14880.7391708, 295.48015944)
(14070.5029399, 14880.7895596, 295.48015944)
(14070.5029399, 14880.8746424, 295.48015944)
(14070.5029399, 14880.9399001, 295.48015944)
(14070.5029396, 14881.0415038, 295.48015944)
(14070.5029396, 14881.1133699, 295.48015944)
(14070.5029392, 14881.205474, 295.48015944)
(14070.5029392, 14881.2632973, 295.48015944)
(14070.5029389, 14881.3541624, 295.48015944)
(14070.5029389, 14881.417768, 295.48015944)
(14070.5029387, 14881.5131764, 295.48015944)
(14070.5029387, 14881.5796732, 295.48015944)
(14070.5029385, 14881.6763206, 295.48015944)
(14070.5029385, 14881.7490127, 295.48015944)
(14070.5029382, 14881.8419429, 295.48015944)
(14070.5029382, 14881.9034834, 295.48015944)
(14070.5029379, 14882.0063262, 295.48015944)
(14070.5029379, 14882.073649, 295.48015944)
(14070.5029377, 14882.1678183, 295.48015944)
(14070.5029376, 14882.2347281, 295.48015944)
(14070.5029374, 14882.3326146, 295.48015944)
(14070.5029374, 14882.4003504, 295.48015944)
(14070.5029373, 14882.4664341, 295.48015944)
(14070.5029373, 14882.53417, 295.48015944)
(14070.5029371, 14882.6370127, 295.48015944)
(14070.5029371, 14882.7084658, 295.48015944)
(14070.5029369, 14882.8096565, 295.48015944)
(14070.5029369, 14882.8852397, 295.48015944)
(14070.5029366, 14882.9930388, 295.48015944)
(14070.5029367, 14883.0682091, 295.48015944)
(14070.5029366, 14883.1599002, 295.48015944)
(14070.5029367, 14883.2247449, 295.48015944)
(14070.5029366, 14883.3131318, 295.48015944)
(14070.5029367, 14883.3759114, 295.48015944)
(14070.5029367, 14883.4713198, 295.48015944)
(14070.5029367, 14883.5340993, 295.48015944)
(14070.5029367, 14883.6369421, 295.48015944)
(14070.5029367, 14883.6980696, 295.48015944)
(14070.5029367, 14883.8033905, 295.48015944)
(14070.5029367, 14883.8674091, 295.48015944)
(14070.5029366, 14883.9690128, 295.48015944)
(14070.5029367, 14884.0371617, 295.48015944)
(14070.5029366, 14884.115223, 295.48015944)
(14070.5029367, 14884.185437, 295.48015944)
(14070.5029366, 14884.2829105, 295.48015944)
(14070.5029366, 14884.3584938, 295.48015944)
(14070.5029365, 14884.4477068, 295.48015944)
(14070.5029366, 14884.5121384, 295.48015944)
(14070.5029365, 14884.5798742, 295.48015944)
(14070.5029365, 14884.646371, 295.48015944)
(14070.5029365, 14884.7347579, 295.48015944)
(14070.5029365, 14884.8367747, 295.48015944)
(14070.5029365, 14884.9185533, 295.48015944)
(14070.5029364, 14885.0147877, 295.48015944)
(14070.5029364, 14885.0783933, 295.48015944)
(14070.5029363, 14885.1667803, 295.480159439)
(14070.5029364, 14885.2531022, 295.48015944)
(14070.5029362, 14885.3480975, 295.480159439)
(14070.5029362, 14885.4083989, 295.48015944)
(14070.5029361, 14885.4947208, 295.480159439)
(14070.5029361, 14885.569478, 295.48015944)
(14070.5029359, 14885.6789292, 295.480159439)
(14070.5029359, 14885.7479041, 295.480159439)
(14070.5029357, 14885.8478557, 295.480159439)
(14070.5029357, 14885.9139394, 295.480159439)
(14070.5029356, 14885.9977831, 295.480159439)
(14070.5029355, 14886.0642799, 295.480159439)
(14070.5029354, 14886.1696008, 295.480159439)
(14070.5029354, 14886.2455971, 295.480159439)
(14070.5029352, 14886.3377013, 295.480159439)
(14070.5029351, 14886.4083283, 295.480159439)
(14070.5029351, 14886.491346, 295.480159439)
(14070.5029352, 14886.580146, 295.480159439)
(14070.5029352, 14886.6437515, 295.480159439)
(14070.5029352, 14886.7123134, 295.480159439)
(14070.5029349, 14886.813091, 295.480159439)
(14070.5029349, 14886.8841311, 295.480159439)
(14070.5029348, 14886.9770613, 295.480159439)
(14070.5029347, 14887.0691655, 295.480159439)
(14070.5029347, 14887.1695302, 295.480159439)
(14070.5029348, 14887.2525478, 295.480159439)
(14070.5029347, 14887.3471302, 295.480159439)
(14070.5029347, 14887.4346911, 295.480159439)
(14070.5029345, 14887.5317515, 295.480159439)
(14070.5029345, 14887.5986613, 295.480159439)
(14070.5029344, 14887.6651581, 295.480159439)
(14070.5029344, 14887.7357851, 295.480159439)
(14070.5029343, 14887.8299544, 295.480159439)
(14070.5029343, 14887.9018204, 295.480159439)
(14070.5029343, 14887.983186, 295.480159439)
(14070.5029343, 14888.0517479, 295.480159439)
(14070.5029342, 14888.1446781, 295.480159439)
(14070.5029342, 14888.2148921, 295.480159439)
(14070.5029341, 14888.2995618, 295.480159439)
(14070.5029342, 14888.374319, 295.480159439)
(14070.5029341, 14888.4532065, 295.480159439)
(14070.5029341, 14888.5258986, 295.480159439)
(14070.5029341, 14888.6192418, 295.480159439)
(14070.5029341, 14888.69276, 295.480159439)
(14070.502934, 14888.7918856, 295.480159439)
(14070.502934, 14888.8641646, 295.480159439)
(14070.5029339, 14888.9484214, 295.480159439)
(14070.5029339, 14889.0140921, 295.480159439)
(14070.5029339, 14889.0987618, 295.480159439)
(14070.5029339, 14889.1673237, 295.480159439)
(14070.5029338, 14889.261493, 295.480159439)
(14070.5029338, 14889.3271637, 295.480159439)
(14070.5029338, 14889.4081163, 295.480159439)
(14070.5029338, 14889.4675917, 295.480159439)
(14070.5029338, 14889.5563916, 295.480159439)
(14070.5029338, 14889.6299098, 295.480159439)
(14070.5029338, 14889.7286223, 295.480159439)
(14070.5029338, 14889.7992493, 295.480159439)
(14070.5029337, 14889.899201, 295.480159439)
(14070.5029337, 14889.9747842, 295.480159439)
(14070.5029337, 14890.0606931, 295.480159439)
(14070.5029337, 14890.1288419, 295.480159439)
(14070.5029336, 14890.2217721, 295.480159439)
(14070.5029336, 14890.2886819, 295.480159439)
(14070.5029336, 14890.3750037, 295.480159439)
(14070.5029336, 14890.4406745, 295.480159439)
(14070.5029336, 14890.521627, 295.480159439)
(14070.5029336, 14890.5889498, 295.480159439)
(14070.5029335, 14890.6880754, 295.480159439)
(14070.5029335, 14890.7487898, 295.480159439)
(14070.5029335, 14890.840894, 295.480159439)
(14070.5029335, 14890.9160643, 295.480159439)
(14070.5029335, 14891.0102335, 295.480159439)
(14070.5029335, 14891.0862298, 295.480159439)
(14070.5029334, 14891.1754428, 295.480159439)
(14070.5029334, 14891.2361573, 295.480159439)
(14070.5029334, 14891.3171098, 295.480159439)
(14070.5029334, 14891.3794764, 295.480159439)
(14070.5029334, 14891.4893406, 295.480159439)
(14070.5029334, 14891.5649238, 295.480159439)
(14070.5029333, 14891.656615, 295.480159439)
(14070.5029333, 14891.7326112, 295.480159439)
(14070.5029332, 14891.869735, 295.480159439)
(14070.5029332, 14891.9296234, 295.480159439)
(14070.502933, 14892.0250317, 295.480159439)
(14070.5029331, 14892.1030932, 295.480159439)
(14070.5029331, 14892.1832197, 295.480159439)
(14070.5029331, 14892.296388, 295.480159439)
(14070.502933, 14892.3988178, 295.480159439)
(14070.502933, 14892.5198336, 295.480159439)
(14070.5029328, 14892.6247415, 295.480159439)
(14070.5029328, 14892.7358448, 295.480159439)
(14070.5029327, 14892.8234057, 295.480159439)
(14070.5029327, 14892.952682, 295.480159439)
(14070.5029327, 14893.0187657, 295.480159439)
(14070.5029327, 14893.1001313, 295.480159439)
(14070.5029327, 14893.1691062, 295.480159439)
(14070.5029327, 14893.2645146, 295.480159439)
(14070.5029327, 14893.3396848, 295.480159439)
(14070.5029326, 14893.4210504, 295.480159439)
(14070.5029326, 14893.4999379, 295.480159439)
(14070.5029326, 14893.5903899, 295.480159439)
(14070.5029326, 14893.6527565, 295.480159439)
(14070.5029325, 14893.7671639, 295.480159439)
(14070.5029325, 14893.839856, 295.480159439)
(14070.5029324, 14893.9538504, 295.480159439)
(14070.5029324, 14894.0298467, 295.480159439)
(14070.5029322, 14894.1314504, 295.480159439)
(14070.5029322, 14894.212816, 295.480159439)
(14070.5029322, 14894.3177239, 295.480159439)
(14070.5029322, 14894.3879379, 295.480159439)
(14070.5029321, 14894.4775639, 295.480159439)
(14070.5029322, 14894.5452997, 295.480159439)
(14070.5029321, 14894.6237741, 295.480159439)
(14070.5029321, 14894.6939881, 295.480159439)
(14070.5029321, 14894.7914616, 295.480159439)
(14070.5029321, 14894.8662188, 295.480159439)
(14070.5029321, 14894.9513016, 295.480159439)
(14070.5029321, 14895.0244067, 295.480159439)
(14070.502932, 14895.1070114, 295.480159439)
(14070.502932, 14895.1813556, 295.480159439)
(14070.502932, 14895.2614821, 295.480159439)
(14070.502932, 14895.3387174, 295.480159439)
(14070.502932, 14895.4238002, 295.480159439)
(14070.502932, 14895.4940142, 295.480159439)
(14070.502932, 14895.5861184, 295.480159439)
(14070.502932, 14895.6550933, 295.480159439)
(14070.502932, 14895.7269593, 295.480159439)
(14070.502932, 14895.7827175, 295.480159439)
(14070.5029319, 14895.8793649, 295.480159439)
(14070.502932, 14895.951644, 295.480159439)
(14070.502932, 14896.0437481, 295.480159439)
(14070.502932, 14896.1131361, 295.480159439)
(14070.5029319, 14896.2048272, 295.480159439)
(14070.502932, 14896.2795845, 295.480159439)
(14070.5029319, 14896.3564068, 295.480159439)
(14070.502932, 14896.4241426, 295.480159439)
(14070.5029319, 14896.5224421, 295.480159439)
(14070.502932, 14896.6021556, 295.480159439)
(14070.5029319, 14896.7078896, 295.480159439)
(14070.5029319, 14896.7781035, 295.480159439)
(14070.5029319, 14896.875577, 295.480159439)
(14070.5029319, 14896.946204, 295.480159439)
(14070.5029318, 14897.0304608, 295.480159439)
(14070.5029319, 14897.106044, 295.480159439)
(14070.5029318, 14897.195257, 295.480159439)
(14070.5029318, 14897.2708403, 295.480159439)
(14070.5029317, 14897.3674877, 295.480159439)
(14070.5029317, 14897.4414189, 295.480159439)
(14070.5029317, 14897.5240236, 295.480159439)
(14070.5029317, 14897.5967157, 295.480159439)
(14070.5029316, 14897.691711, 295.480159439)
(14070.5029316, 14897.7606859, 295.480159439)
(14070.5029316, 14897.8424645, 295.480159439)
(14070.5029316, 14897.9110264, 295.480159439)
(14070.5029316, 14897.992805, 295.480159439)
(14070.5029316, 14898.0795399, 295.480159439)
(14070.5029315, 14898.1691659, 295.480159439)
(14070.5029315, 14898.2381408, 295.480159439)
(14070.5029315, 14898.3054636, 295.480159439)
(14070.5029315, 14898.3694822, 295.480159439)
(14070.5029315, 14898.4508478, 295.480159439)
(14070.5029315, 14898.5185836, 295.480159439)
(14070.5029315, 14898.615231, 295.480159439)
(14070.5029315, 14898.6800757, 295.480159439)
(14070.5029315, 14898.7717669, 295.480159439)
(14070.5029315, 14898.8407417, 295.480159439)
(14070.5029315, 14898.9113687, 295.480159439)
(14070.5029315, 14898.9799306, 295.480159439)
(14070.5029314, 14899.0612962, 295.480159439)
(14070.5029315, 14899.1496832, 295.480159439)
(14070.5029315, 14899.2339399, 295.480159439)
(14070.5029315, 14899.324805, 295.480159439)
(14070.5029314, 14899.4222785, 295.480159439)
(14070.5029315, 14899.4999269, 295.480159439)
(14070.5029314, 14899.5651846, 295.480159439)
(14070.5029314, 14899.6325074, 295.480159439)
(14070.5029314, 14899.7200683, 295.480159439)
(14070.5029314, 14899.7944125, 295.480159439)
(14070.5029314, 14899.8947771, 295.480159439)
(14070.5029314, 14899.9649911, 295.480159439)
(14070.5029314, 14900.0616385, 295.480159439)
(14070.5029314, 14900.122353, 295.480159439)
(14070.5029314, 14900.194219, 295.480159439)
(14070.5029314, 14900.2594767, 295.480159439)
(14070.5029314, 14900.3635586, 295.480159439)
(14070.5029314, 14900.4486414, 295.480159439)
(14070.5029314, 14900.5200944, 295.480159439)
(14070.5029314, 14900.6126116, 295.480159439)
(14070.5029314, 14900.6927381, 295.480159439)
(14070.5029313, 14900.7666693, 295.480159439)
(14070.5029313, 14900.8277967, 295.480159439)
(14070.5029313, 14900.9091623, 295.480159439)
(14070.5029313, 14900.9797893, 295.480159439)
(14070.5029313, 14901.0475251, 295.480159439)
(14070.5029313, 14901.135086, 295.480159439)
(14070.5029312, 14901.1966265, 295.480159439)
(14070.5029312, 14901.2746879, 295.480159439)
(14070.5029312, 14901.34738, 295.480159439)
(14070.5029312, 14901.4283325, 295.480159439)
(14070.5029312, 14901.5047418, 295.480159439)
(14070.5029312, 14901.5993242, 295.480159439)
(14070.5029312, 14901.6765595, 295.480159439)
(14070.5029311, 14901.7760981, 295.480159439)
(14070.5029311, 14901.8648982, 295.480159439)
(14070.502931, 14901.9656758, 295.480159439)
(14070.5029311, 14902.0453893, 295.480159439)
(14070.502931, 14902.1263419, 295.480159439)
(14070.502931, 14902.1961428, 295.480159439)
(14070.502931, 14902.2907251, 295.480159439)
(14070.502931, 14902.3621782, 295.480159439)
(14070.502931, 14902.4414786, 295.480159439)
(14070.502931, 14902.5199531, 295.480159439)
(14070.502931, 14902.6091661, 295.480159439)
(14070.502931, 14902.6942489, 295.480159439)
(14070.502931, 14902.7933745, 295.480159439)
(14070.502931, 14902.8697838, 295.480159439)
(14070.502931, 14902.9771698, 295.480159439)
(14070.502931, 14903.0287977, 295.480159439)
(14070.5029309, 14903.1196628, 295.480159439)
(14070.5029309, 14903.1873987, 295.480159439)
(14070.5029309, 14903.2733075, 295.480159439)
(14070.5029309, 14903.3406303, 295.480159439)
(14070.5029309, 14903.4331475, 295.480159439)
(14070.5029309, 14903.5083177, 295.480159439)
(14070.5029309, 14903.6066173, 295.480159439)
(14070.5029309, 14903.6801354, 295.480159439)
(14070.5029308, 14903.7705875, 295.480159439)
(14070.5029308, 14903.8469968, 295.480159439)
(14070.5029308, 14903.9316666, 295.480159439)
(14070.5029308, 14903.991968, 295.480159439)
(14070.5029308, 14904.080355, 295.480159439)
(14070.5029308, 14904.1427215, 295.480159439)
(14070.5029308, 14904.241434, 295.480159439)
(14070.5029308, 14904.3149522, 295.480159439)
(14070.5029308, 14904.4149038, 295.480159439)
(14070.5029307, 14904.4921392, 295.480159439)
(14070.5029307, 14904.5664834, 295.480159439)
(14070.5029307, 14904.6333931, 295.480159439)
(14070.5029307, 14904.7073243, 295.480159439)
(14070.5029307, 14904.7824945, 295.480159439)
(14070.5029307, 14904.8638601, 295.480159439)
(14070.5029307, 14904.9803327, 295.480159439)
(14070.5029307, 14905.0769801, 295.480159439)
(14070.5029307, 14905.2017131, 295.480159439)
(14070.5029307, 14905.2727532, 295.480159439)
(14070.5029306, 14905.3999643, 295.480159439)
(14070.5029306, 14905.4924815, 295.480159439)
(14070.5029307, 14905.5986285, 295.480159439)
(14070.5029306, 14905.6977541, 295.480159439)
(14070.5029306, 14905.7803587, 295.480159439)
(14070.5029306, 14905.8881578, 295.480159439)
(14070.5029306, 14905.9831532, 295.480159439)
(14070.5029306, 14906.0793876, 295.480159439)
(14070.5029306, 14906.174796, 295.480159439)
(14070.5029306, 14906.2578137, 295.480159439)
(14070.5029306, 14906.3577653, 295.480159439)
(14070.5029306, 14906.441609, 295.480159439)
(14070.5029305, 14906.547756, 295.480159439)
(14070.5029305, 14906.6336648, 295.480159439)
(14070.5029305, 14906.7199867, 295.480159439)
(14070.5029305, 14906.7893746, 295.480159439)
(14070.5029305, 14906.8628928, 295.480159439)
(14070.5029305, 14906.9521058, 295.480159439)
(14070.5029305, 14907.04421, 295.480159439)
(14070.5029305, 14907.1210323, 295.480159439)
(14070.5029305, 14907.2375048, 295.480159439)
(14070.5029305, 14907.3130881, 295.480159439)
(14070.5029304, 14907.4568202, 295.480159439)
(14070.5029304, 14907.5427291, 295.480159439)
(14070.5029304, 14907.6587886, 295.480159439)
(14070.5029304, 14907.7273504, 295.480159439)
(14070.5029304, 14907.8227588, 295.480159439)
(14070.5029304, 14907.896277, 295.480159439)
(14070.5029304, 14907.9768165, 295.480159439)
(14070.5029304, 14908.0437263, 295.480159439)
(14070.5029304, 14908.1259179, 295.480159439)
(14070.5029304, 14908.2043923, 295.480159439)
(14070.5029304, 14908.2886491, 295.480159439)
(14070.5029304, 14908.3592761, 295.480159439)
(14070.5029304, 14908.4621188, 295.480159439)
(14070.5029304, 14908.5418323, 295.480159439)
(14070.5029304, 14908.6310454, 295.480159439)
(14070.5029304, 14908.7107589, 295.480159439)
(14070.5029304, 14908.8053412, 295.480159439)
(14070.5029304, 14908.8813375, 295.480159439)
(14070.5029304, 14908.9759198, 295.480159439)
(14070.5029304, 14909.0523291, 295.480159439)
(14070.5029304, 14909.1324556, 295.480159439)
(14070.5029304, 14909.1960612, 295.480159439)
(14070.5029304, 14909.2753617, 295.480159439)
(14070.5029304, 14909.3575533, 295.480159439)
(14070.5029303, 14909.4616352, 295.480159439)
(14070.5029303, 14909.5450659, 295.480159439)
(14070.5029303, 14909.6305617, 295.480159439)
(14070.5029303, 14909.7028408, 295.480159439)
(14070.5029303, 14909.7846194, 295.480159439)
(14070.5029303, 14909.8440947, 295.480159439)
(14070.5029303, 14909.9266994, 295.480159439)
(14070.5029303, 14909.9993915, 295.480159439)
(14070.5029303, 14910.096865, 295.480159439)
(14070.5029303, 14910.1761654, 295.480159439)
(14070.5029303, 14910.2550529, 295.480159439)
(14070.5029303, 14910.3219627, 295.480159439)
(14070.5029303, 14910.4120017, 295.480159439)
(14070.5029303, 14910.4756073, 295.480159439)
(14070.5029303, 14910.5458212, 295.480159439)
(14070.5029303, 14910.611905, 295.480159439)
(14070.5029303, 14910.6874882, 295.480159439)
(14070.5029303, 14910.755224, 295.480159439)
(14070.5029303, 14910.8299813, 295.480159439)
(14070.5029303, 14910.9034994, 295.480159439)
(14070.5029303, 14910.9906473, 295.480159439)
(14070.5029303, 14911.0633394, 295.480159439)
(14070.5029302, 14911.1579217, 295.480159439)
(14070.5029302, 14911.2231794, 295.480159439)
(14070.5029302, 14911.3020668, 295.480159439)
(14070.5029302, 14911.3598901, 295.480159439)
(14070.5029302, 14911.4321692, 295.480159439)
(14070.5029302, 14911.5015571, 295.480159439)
(14070.5029302, 14911.587879, 295.480159439)
(14070.5029302, 14911.6564408, 295.480159439)
(14070.5029302, 14911.747306, 295.480159439)
(14070.5029302, 14911.8212371, 295.480159439)
(14070.5029302, 14911.9121022, 295.480159439)
(14070.5029302, 14911.979425, 295.480159439)
(14070.5029302, 14912.0599646, 295.480159439)
(14070.5029302, 14912.1239832, 295.480159439)
(14070.5029302, 14912.1842846, 295.480159439)
(14070.5029302, 14912.2689544, 295.480159439)
(14070.5029302, 14912.3350381, 295.480159439)
(14070.5029302, 14912.4205339, 295.480159439)
(14070.5029302, 14912.4874437, 295.480159439)
(14070.5029302, 14912.5613748, 295.480159439)
(14070.5029302, 14912.6204371, 295.480159439)
(14070.5029302, 14912.7046939, 295.480159439)
(14070.5029302, 14912.778212, 295.480159439)
(14070.5029302, 14912.8628818, 295.480159439)
(14070.5029302, 14912.9347479, 295.480159439)
(14070.5029302, 14913.0214828, 295.480159439)
(14070.5029302, 14913.0883925, 295.480159439)
(14070.5029302, 14913.1800837, 295.480159439)
(14070.5029302, 14913.2482325, 295.480159439)
(14070.5029302, 14913.3362065, 295.480159439)
(14070.5029302, 14913.4113767, 295.480159439)
(14070.5029302, 14913.4997637, 295.480159439)
(14070.5029302, 14913.5724558, 295.480159439)
(14070.5029302, 14913.6711684, 295.480159439)
(14070.5029302, 14913.7417953, 295.480159439)
(14070.5029302, 14913.8314214, 295.480159439)
(14070.5029302, 14913.9028744, 295.480159439)
(14070.5029302, 14913.984653, 295.480159439)
(14070.5029302, 14914.0585842, 295.480159439)
(14070.5029302, 14914.1486232, 295.480159439)
(14070.5029302, 14914.2213153, 295.480159439)
(14070.5029302, 14914.2890512, 295.480159439)
(14070.5029302, 14914.3530698, 295.480159439)
(14070.5029302, 14914.4513693, 295.480159439)
(14070.5029302, 14914.5195182, 295.480159439)
(14070.5029302, 14914.5984056, 295.480159439)
(14070.5029302, 14914.676054, 295.480159439)
(14070.5029302, 14914.7561805, 295.480159439)
(14070.5029302, 14914.8049172, 295.480159439)
(14070.5029302, 14914.8846307, 295.480159439)
(14070.5029302, 14914.9453451, 295.480159439)
(14070.5029302, 14915.0287758, 295.480159439)
(14070.5029302, 14915.1010549, 295.480159439)
(14070.5029302, 14915.1977024, 295.480159439)
(14070.5029302, 14915.2732856, 295.480159439)
(14070.5029301, 14915.3769545, 295.480159439)
(14070.5029301, 14915.4422121, 295.480159439)
(14070.5029301, 14915.5223386, 295.480159439)
(14070.5029301, 14915.5863572, 295.480159439)
(14070.5029301, 14915.6763963, 295.480159439)
(14070.5029301, 14915.7404149, 295.480159439)
(14070.5029301, 14915.8254977, 295.480159439)
(14070.5029301, 14915.8948857, 295.480159439)
(14070.5029301, 14915.9650996, 295.480159439)
(14070.5029301, 14916.0154884, 295.480159439)
(14070.5029301, 14916.0762029, 295.480159439)
(14070.5029301, 14916.1621117, 295.480159439)
(14070.5029301, 14916.2244782, 295.480159439)
(14070.5029301, 14916.3136912, 295.480159439)
(14070.5029301, 14916.380188, 295.480159439)
(14070.5029301, 14916.4669229, 295.480159439)
(14070.5029301, 14916.5383759, 295.480159439)
(14070.5029301, 14916.6156113, 295.480159439)
(14070.5029301, 14916.6788038, 295.480159439)
(14070.5029301, 14916.7453006, 295.480159439)
(14070.5029301, 14916.8101452, 295.480159439)
(14070.5029301, 14916.8762289, 295.480159439)
(14070.5029301, 14916.948921, 295.480159439)
(14070.5029301, 14917.0319387, 295.480159439)
(14070.5029301, 14917.1021527, 295.480159439)
(14070.5029301, 14917.1888876, 295.480159439)
(14070.5029301, 14917.2603406, 295.480159439)
(14070.5029301, 14917.3441843, 295.480159439)
(14070.5029301, 14917.4040727, 295.480159439)
(14070.5029301, 14917.4722215, 295.480159439)
(14070.5029301, 14917.5403703, 295.480159439)
(14070.5029301, 14917.623388, 295.480159439)
(14070.5029301, 14917.6927759, 295.480159439)
(14070.5029301, 14917.7683592, 295.480159439)
(14070.5029301, 14917.8480727, 295.480159439)
(14070.50293, 14917.9257211, 295.480159439)
(14070.5029301, 14917.9856095, 295.480159439)
(14070.50293, 14918.1045601, 295.480159439)
(14070.50293, 14918.1838606, 295.480159439)
(14070.50293, 14918.2644001, 295.480159439)
(14070.50293, 14918.3453527, 295.480159439)
(14070.50293, 14918.4275443, 295.480159439)
(14070.50293, 14918.4903239, 295.480159439)
(14070.50293, 14918.5766458, 295.480159439)
(14070.50293, 14918.6687499, 295.480159439)
(14070.50293, 14918.7476374, 295.480159439)
(14070.50293, 14918.8141341, 295.480159439)
(14070.50293, 14918.8971518, 295.480159439)
(14070.50293, 14918.9582792, 295.480159439)
(14070.50293, 14919.0231239, 295.480159439)
(14070.50293, 14919.0879685, 295.480159439)
(14070.50293, 14919.1722253, 295.480159439)
(14070.50293, 14919.2655686, 295.480159439)
(14070.50293, 14919.3320653, 295.480159439)
(14070.50293, 14919.4093007, 295.480159439)
(14070.50293, 14919.5030569, 295.480159439)
(14070.50293, 14919.6005304, 295.480159439)
(14070.50293, 14919.6938737, 295.480159439)
(14070.50293, 14919.7735872, 295.480159439)
(14070.50293, 14919.8644523, 295.480159439)
(14070.50293, 14919.9313621, 295.480159439)
(14070.50293, 14920.0280095, 295.480159439)
(14070.50293, 14920.0858328, 295.480159439)
(14070.50293, 14920.1494384, 295.480159439)
(14070.50293, 14920.2180002, 295.480159439)
(14070.50293, 14920.3068002, 295.480159439)
(14070.50293, 14920.3766011, 295.480159439)
(14070.50293, 14920.4567277, 295.480159439)
(14070.50293, 14920.5294198, 295.480159439)
(14070.50293, 14920.6182198, 295.480159439)
(14070.50293, 14920.6971072, 295.480159439)
(14070.50293, 14920.7503872, 295.480159439)
(14070.50293, 14920.8255575, 295.480159439)
(14070.50293, 14920.9081621, 295.480159439)
(14070.50293, 14921.0060486, 295.480159439)
(14070.50293, 14921.0853491, 295.480159439)
(14070.5029299, 14921.1886049, 295.480159439)
(14070.5029299, 14921.2629491, 295.480159439)
(14070.5029299, 14921.350097, 295.480159439)
(14070.5029299, 14921.4161807, 295.480159439)
(14070.5029299, 14921.5066328, 295.480159439)
(14070.5029299, 14921.5735426, 295.480159439)
(14070.5029299, 14921.6660598, 295.480159439)
(14070.5029299, 14921.740817, 295.480159439)
(14070.5029299, 14921.8258998, 295.480159439)
(14070.5029299, 14921.8853752, 295.480159439)
(14070.5029299, 14921.9502198, 295.480159439)
(14070.5029299, 14922.0158905, 295.480159439)
(14070.5029299, 14922.0993212, 295.480159439)
(14070.5029299, 14922.1621008, 295.480159439)
(14070.5029299, 14922.2471836, 295.480159439)
(14070.5029299, 14922.3120282, 295.480159439)
(14070.5029299, 14922.3830682, 295.480159439)
(14070.5029299, 14922.4458477, 295.480159439)
(14070.5029299, 14922.5457994, 295.480159439)
(14070.5029299, 14922.6180784, 295.480159439)
(14070.5029299, 14922.716378, 295.480159439)
(14070.5029299, 14922.7894831, 295.480159439)
(14070.5029299, 14922.8630013, 295.480159439)
(14070.5029299, 14922.9204115, 295.480159439)
(14070.5029299, 14922.9906254, 295.480159439)
(14070.5029299, 14923.0612524, 295.480159439)
(14070.5029299, 14923.1463352, 295.480159439)
(14070.5029299, 14923.2177882, 295.480159439)
(14070.5029299, 14923.3160878, 295.480159439)
(14070.5029299, 14923.3792803, 295.480159439)
(14070.5029299, 14923.4656022, 295.480159439)
(14070.5029299, 14923.5234255, 295.480159439)
(14070.5029299, 14923.5998348, 295.480159439)
(14070.5029299, 14923.6659185, 295.480159439)
(14070.5029299, 14923.7489362, 295.480159439)
(14070.5029299, 14923.8212152, 295.480159439)
(14070.5029299, 14923.8984506, 295.480159439)
(14070.5029299, 14923.977338, 295.480159439)
(14070.5029299, 14924.0405306, 295.480159439)
(14070.5029299, 14924.1161139, 295.480159439)
(14070.5029299, 14924.1801325, 295.480159439)
(14070.5029299, 14924.2685195, 295.480159439)
(14070.5029299, 14924.3403855, 295.480159439)
(14070.5029299, 14924.4279464, 295.480159439)
(14070.5029299, 14924.491139, 295.480159439)
(14070.5029299, 14924.562179, 295.480159439)
(14070.5029299, 14924.6266106, 295.480159439)
(14070.5029299, 14924.7088022, 295.480159439)
(14070.5029299, 14924.7814944, 295.480159439)
(14070.5029299, 14924.863273, 295.480159439)
(14070.5029299, 14924.9409213, 295.480159439)
(14070.5029299, 14925.0288953, 295.480159439)
(14070.5029299, 14925.0958051, 295.480159439)
(14070.5029299, 14925.1870832, 295.480159439)
(14070.5029299, 14925.2527539, 295.480159439)
(14070.5029299, 14925.3175985, 295.480159439)
(14070.5029299, 14925.3824432, 295.480159439)
(14070.5029299, 14925.4555483, 295.480159439)
(14070.5029299, 14925.5451744, 295.480159439)
(14070.5029299, 14925.6170404, 295.480159439)
(14070.5029299, 14925.7091446, 295.480159439)
(14070.5029299, 14925.7801846, 295.480159439)
(14070.5029299, 14925.8413121, 295.480159439)
(14070.5029299, 14925.8991353, 295.480159439)
(14070.5029299, 14925.9738925, 295.480159439)
(14070.5029299, 14926.0469976, 295.480159439)
(14070.5029299, 14926.1258851, 295.480159439)
(14070.5029299, 14926.2163372, 295.480159439)
(14070.5029299, 14926.3084414, 295.480159439)
(14070.5029299, 14926.3757642, 295.480159439)
(14070.5029299, 14926.4571298, 295.480159439)
(14070.5029299, 14926.5323, 295.480159439)
(14070.5029299, 14926.5926014, 295.480159439)
(14070.5029299, 14926.6797493, 295.480159439)
(14070.5029299, 14926.7342684, 295.480159439)
(14070.5029299, 14926.8205902, 295.480159439)
(14070.5029298, 14926.886674, 295.480159439)
(14070.5029298, 14926.9729958, 295.480159439)
(14070.5029298, 14927.0361884, 295.480159439)
(14070.5029299, 14927.1080544, 295.480159439)
(14070.5029299, 14927.17166, 295.480159439)
(14070.5029299, 14927.243113, 295.480159439)
(14070.5029299, 14927.3096098, 295.480159439)
(14070.5029298, 14927.3785847, 295.480159439)
(14070.5029298, 14927.4479726, 295.480159439)
(14070.5029298, 14927.5227298, 295.480159439)
(14070.5029298, 14927.5834442, 295.480159439)
(14070.5029298, 14927.668114, 295.480159439)
(14070.5029298, 14927.7317196, 295.480159439)
(14070.5029298, 14927.8039987, 295.480159439)
(14070.5029298, 14927.8692563, 295.480159439)
(14070.5029298, 14927.9576433, 295.480159439)
(14070.5029298, 14928.0224879, 295.480159439)
(14070.5029298, 14928.1042666, 295.480159439)
(14070.5029298, 14928.1670461, 295.480159439)
(14070.5029298, 14928.2380861, 295.480159439)
(14070.5029298, 14928.3033438, 295.480159439)
(14070.5029298, 14928.378514, 295.480159439)
(14070.5029298, 14928.4384024, 295.480159439)
(14070.5029298, 14928.5073773, 295.480159439)
(14070.5029298, 14928.5990684, 295.480159439)
(14070.5029298, 14928.6663912, 295.480159439)
(14070.5029298, 14928.7465177, 295.480159439)
(14070.5029298, 14928.804341, 295.480159439)
(14070.5029298, 14928.8906629, 295.480159439)
(14070.5029298, 14928.9501382, 295.480159439)
(14070.5029298, 14929.0273736, 295.480159439)
(14070.5029298, 14929.1174127, 295.480159439)
(14070.5029298, 14929.1901048, 295.480159439)
(14070.5029298, 14929.2780787, 295.480159439)
(14070.5029298, 14929.3392061, 295.480159439)
(14070.5029298, 14929.3966164, 295.480159439)
(14070.5029298, 14929.5068936, 295.480159439)
(14070.5029298, 14929.5989978, 295.480159439)
(14070.5029298, 14929.6535169, 295.480159439)
(14070.5029298, 14929.7943578, 295.480159439)
(14070.5029298, 14929.8579634, 295.480159439)
(14070.5029298, 14929.9740229, 295.480159439)
(14070.5029298, 14930.0425848, 295.480159439)
(14070.5029298, 14930.1094945, 295.480159439)
(14070.5029298, 14930.1722741, 295.480159439)
(14070.5029298, 14930.241249, 295.480159439)
(14070.5029298, 14930.331288, 295.480159439)
(14070.5029298, 14930.4002629, 295.480159439)
(14070.5029298, 14930.4911281, 295.480159439)
(14070.5029298, 14930.5534946, 295.480159439)
(14070.5029298, 14930.6299039, 295.480159439)
(14070.5029298, 14930.6831839, 295.480159439)
(14070.5029298, 14930.774462, 295.480159439)
(14070.5029298, 14930.8393067, 295.480159439)
(14070.5029298, 14930.9404974, 295.480159439)
(14070.5029298, 14931.0437532, 295.480159439)
(14070.5029298, 14931.1850072, 295.480159439)
(14070.5029298, 14931.253156, 295.480159439)
(14070.5029298, 14931.3221309, 295.480159439)
(14070.5029298, 14931.3737588, 295.480159439)
(14070.5029298, 14931.4538853, 295.480159439)
(14070.5029298, 14931.5150127, 295.480159439)
(14070.5029298, 14931.6029867, 295.480159439)
(14070.5029298, 14931.6740267, 295.480159439)
(14070.5029298, 14931.7458928, 295.480159439)
(14070.5029298, 14931.8066072, 295.480159439)
(14070.5029298, 14931.8722779, 295.480159439)
(14070.5029298, 14931.945796, 295.480159439)
(14070.5029298, 14932.0032063, 295.480159439)
(14070.5029298, 14932.0622686, 295.480159439)
(14070.5029298, 14932.122983, 295.480159439)
(14070.5029298, 14932.1890667, 295.480159439)
(14070.5029298, 14932.2691932, 295.480159439)
(14070.5029298, 14932.3261904, 295.480159439)
(14070.5029298, 14932.4009477, 295.480159439)
(14070.5029298, 14932.4575319, 295.480159439)
(14070.5029298, 14932.5273328, 295.480159439)
(14070.5029298, 14932.5859821, 295.480159439)
(14070.5029298, 14932.6454575, 295.480159439)
(14070.5029298, 14932.7177365, 295.480159439)
(14070.5029298, 14932.7850593, 295.480159439)
(14070.5029298, 14932.86849, 295.480159439)
(14070.5029298, 14932.9325086, 295.480159439)
(14070.5029298, 14933.0023095, 295.480159439)
(14070.5029298, 14933.0593068, 295.480159439)
(14070.5029298, 14933.1266296, 295.480159439)
(14070.5029298, 14933.1844528, 295.480159439)
(14070.5029298, 14933.2472324, 295.480159439)
(14070.5029298, 14933.3095989, 295.480159439)
(14070.5029298, 14933.3765086, 295.480159439)
(14070.5029298, 14933.4553961, 295.480159439)
(14070.5029298, 14933.5264361, 295.480159439)
(14070.5029298, 14933.6061496, 295.480159439)
(14070.5029298, 14933.6701682, 295.480159439)
(14070.5029298, 14933.7465775, 295.480159439)
(14070.5029298, 14933.808944, 295.480159439)
(14070.5029298, 14933.8634631, 295.480159439)
(14070.5029298, 14933.9307859, 295.480159439)
(14070.5029298, 14933.9923263, 295.480159439)
(14070.5029298, 14934.0629533, 295.480159439)
(14070.5029298, 14934.1298631, 295.480159439)
(14070.5029298, 14934.2033812, 295.480159439)
(14070.5029298, 14934.2694649, 295.480159439)
(14070.5029298, 14934.3446352, 295.480159439)
(14070.5029298, 14934.4028714, 295.480159439)
(14070.5029298, 14934.4623468, 295.480159439)
(14070.5029298, 14934.519344, 295.480159439)
(14070.5029298, 14934.5870798, 295.480159439)
(14070.5029298, 14934.660185, 295.480159439)
(14070.5029298, 14934.7171822, 295.480159439)
(14070.5029298, 14934.7865701, 295.480159439)
(14070.5029298, 14934.8505887, 295.480159439)
(14070.5029298, 14934.9113031, 295.480159439)
(14070.5029298, 14934.9765608, 295.480159439)
(14070.5029298, 14935.0327319, 295.480159439)
(14070.5029298, 14935.0946854, 295.480159439)
(14070.5029298, 14935.1566389, 295.480159439)
(14070.5029298, 14935.2185924, 295.480159439)
(14070.5029298, 14935.2941757, 295.480159439)
(14070.5029298, 14935.3602594, 295.480159439)
(14070.5029298, 14935.4366687, 295.480159439)
(14070.5029298, 14935.4994483, 295.480159439)
(14070.5029298, 14935.5704882, 295.480159439)
(14070.5029298, 14935.6340938, 295.480159439)
(14070.5029298, 14935.6989385, 295.480159439)
(14070.5029298, 14935.7571748, 295.480159439)
(14070.5029298, 14935.8393664, 295.480159439)
(14070.5029298, 14935.902559, 295.480159439)
(14070.5029298, 14935.9620343, 295.480159439)
(14070.5029298, 14936.0231618, 295.480159439)
(14070.5029298, 14936.0884194, 295.480159439)
(14070.5029298, 14936.1450036, 295.480159439)
(14070.5029298, 14936.2156306, 295.480159439)
(14070.5029298, 14936.2870836, 295.480159439)
(14070.5029298, 14936.3341683, 295.480159439)
(14070.5029298, 14936.4114036, 295.480159439)
(14070.5029298, 14936.4729441, 295.480159439)
(14070.5029298, 14936.542332, 295.480159439)
(14070.5029298, 14936.5997422, 295.480159439)
(14070.5029298, 14936.6616957, 295.480159439)
(14070.5029298, 14936.7306706, 295.480159439)
(14070.5029298, 14936.7893199, 295.480159439)
(14070.5029298, 14936.8525125, 295.480159439)
(14070.5029298, 14936.9103357, 295.480159439)
(14070.5029298, 14936.9714632, 295.480159439)
(14070.5029298, 14937.0243302, 295.480159439)
(14070.5029298, 14937.0871097, 295.480159439)
(14070.5029298, 14937.1498892, 295.480159439)
(14070.5029298, 14937.2188641, 295.480159439)
(14070.5029298, 14937.2816437, 295.480159439)
(14070.5029298, 14937.3543358, 295.480159439)
(14070.5029298, 14937.41092, 295.480159439)
(14070.5029298, 14937.4873293, 295.480159439)
(14070.5029298, 14937.5410223, 295.480159439)
(14070.5029298, 14937.6046279, 295.480159439)
(14070.5029298, 14937.6558427, 295.480159439)
(14070.5029298, 14937.7231655, 295.480159439)
(14070.5029298, 14937.7896623, 295.480159439)
(14070.5029298, 14937.8693758, 295.480159439)
(14070.5029298, 14937.9342204, 295.480159439)
(14070.5029298, 14938.015999, 295.480159439)
(14070.5029298, 14938.0808437, 295.480159439)
(14070.5029298, 14938.1527098, 295.480159439)
(14070.5029298, 14938.2208586, 295.480159439)
(14070.5029298, 14938.2757907, 295.480159439)
(14070.5029298, 14938.3356791, 295.480159439)
(14070.5029298, 14938.3955674, 295.480159439)
(14070.5029298, 14938.4554558, 295.480159439)
(14070.5029298, 14938.5095618, 295.480159439)
(14070.5029298, 14938.5847321, 295.480159439)
(14070.5029298, 14938.6532939, 295.480159439)
(14070.5029298, 14938.7185516, 295.480159439)
(14070.5029298, 14938.8007433, 295.480159439)
(14070.5029298, 14938.866414, 295.480159439)
(14070.5029298, 14938.93828, 295.480159439)
(14070.5029298, 14939.0130372, 295.480159439)
(14070.5029298, 14939.0787079, 295.480159439)
(14070.5029298, 14939.1575954, 295.480159439)
(14070.5029298, 14939.2199619, 295.480159439)
(14070.5029298, 14939.3087619, 295.480159439)
(14070.5029298, 14939.3678242, 295.480159439)
(14070.5029298, 14939.4512549, 295.480159439)
(14070.5029298, 14939.5189907, 295.480159439)
(14070.5029298, 14939.594574, 295.480159439)
(14070.5029298, 14939.6581796, 295.480159439)
(14070.5029298, 14939.7350019, 295.480159439)
(14070.5029298, 14939.8006726, 295.480159439)
(14070.5029298, 14939.8758428, 295.480159439)
(14070.5029298, 14939.9406875, 295.480159439)
(14070.5029298, 14940.0191619, 295.480159439)
(14070.5029298, 14940.0790503, 295.480159439)
(14070.5029298, 14940.1496773, 295.480159439)
(14070.5029298, 14940.2054354, 295.480159439)
(14070.5029298, 14940.2583024, 295.480159439)
(14070.5029298, 14940.321908, 295.480159439)
(14070.5029298, 14940.3822094, 295.480159439)
(14070.5029298, 14940.4507712, 295.480159439)
(14070.5029298, 14940.5085945, 295.480159439)
(14070.5029298, 14940.5767433, 295.480159439)
(14070.5029298, 14940.6382838, 295.480159439)
(14070.5029298, 14940.7035415, 295.480159439)
(14070.5029298, 14940.7551694, 295.480159439)
(14070.5029297, 14940.8063843, 295.480159439)
(14070.5029297, 14940.8737071, 295.480159439)
(14070.5029297, 14940.9348345, 295.480159439)
(14070.5029298, 14941.0095917, 295.480159439)
(14070.5029298, 14941.0765015, 295.480159439)
(14070.5029298, 14941.1553889, 295.480159439)
(14070.5029298, 14941.2156903, 295.480159439)
(14070.5029298, 14941.2879694, 295.480159439)
(14070.5029298, 14941.3449666, 295.480159439)
(14070.5029297, 14941.4114633, 295.480159439)
(14070.5029297, 14941.476308, 295.480159439)
(14070.5029297, 14941.5382615, 295.480159439)
(14070.5029297, 14941.6216922, 295.480159439)
(14070.5029297, 14941.6910801, 295.480159439)
(14070.5029298, 14941.7542727, 295.480159439)
(14070.5029298, 14941.8377034, 295.480159439)
(14070.5029298, 14941.901722, 295.480159439)
(14070.5029298, 14941.9884569, 295.480159439)
(14070.5029297, 14942.0483452, 295.480159439)
(14070.5029297, 14942.1053424, 295.480159439)
(14070.5029297, 14942.1743173, 295.480159439)
(14070.5029297, 14942.238336, 295.480159439)
(14070.5029297, 14942.2969853, 295.480159439)
(14070.5029297, 14942.3647211, 295.480159439)
(14070.5029297, 14942.4221313, 295.480159439)
(14070.5029297, 14942.5175397, 295.480159439)
(14070.5029297, 14942.577015, 295.480159439)
(14070.5029297, 14942.6773797, 295.480159439)
(14070.49845, 14942.7416732, 295.480159485)
(14070.4904333, 14942.8146162, 295.480159456)
(14070.4765403, 14942.8797398, 295.480159287)
(14070.4487644, 14942.9411297, 295.480159496)
(14070.4193773, 14942.99879, 295.480159421)
(14070.3918821, 14943.0594554, 295.480159394)
(14070.3645341, 14943.1304763, 295.480159451)
(14070.3405362, 14943.1876514, 295.480159419)
(14070.3099235, 14943.2581783, 295.4801594)
(14070.2854213, 14943.3119756, 295.480159442)
(14070.2528372, 14943.382961, 295.480159439)
(14070.2242155, 14943.4707871, 295.480159295)
(14070.2062878, 14943.5470798, 295.480159493)
(14070.1888632, 14943.6068519, 295.480159484)
(14070.166503, 14943.6760451, 295.480159412)
(14070.1502648, 14943.7337061, 295.480159457)
(14070.129582, 14943.8089185, 295.480159465)
(14070.1093233, 14943.881744, 295.480159443)
(14070.0985487, 14943.9433823, 295.48015969)
(14070.0970309, 14944.0156578, 295.480159366)
(14070.1007602, 14944.083378, 295.48015934)
(14070.1042508, 14944.1561261, 295.480159461)
(14070.1135832, 14944.2172097, 295.480159336)
(14070.1274481, 14944.2754677, 295.480159448)
(14070.1381259, 14944.3271771, 295.480159455)
(14070.1480563, 14944.3847581, 295.480159439)
(14070.1595652, 14944.4354457, 295.480159459)
(14070.1724904, 14944.4840254, 295.480159426)
(14070.1866493, 14944.5386175, 295.480159421)
(14070.1997771, 14944.5904307, 295.480159434)
(14070.2117385, 14944.6382145, 295.480159443)
(14070.2269181, 14944.6987759, 295.480159436)
(14070.2402875, 14944.7483829, 295.480159444)
(14070.2544117, 14944.8007511, 295.480159443)
(14070.2699075, 14944.8586583, 295.480159448)
(14070.2833404, 14944.9081349, 295.480159446)
(14070.2974424, 14944.9599831, 295.480159441)
(14070.3107013, 14945.0086233, 295.480159444)
(14070.3264786, 14945.066421, 295.480159441)
(14070.3381239, 14945.1195499, 295.480159438)
(14070.348593, 14945.173312, 295.480159459)
(14070.3597465, 14945.2294645, 295.480159453)
(14070.3670229, 14945.2816579, 295.480159491)
(14070.3726679, 14945.3349277, 295.48015951)
(14070.3795228, 14945.3934078, 295.48015945)
(14070.3857783, 14945.4482321, 295.480159418)
(14070.391568, 14945.4985923, 295.48015943)
(14070.3982283, 14945.5547299, 295.480159432)
(14070.4032212, 14945.6059733, 295.480159426)
(14070.4078875, 14945.6560219, 295.480159428)
(14070.4132435, 14945.7110509, 295.480159432)
(14070.4179584, 14945.7615819, 295.480159435)
(14070.4228345, 14945.813772, 295.480159419)
(14070.4282972, 14945.8717304, 295.480159431)
(14070.4329218, 14945.9235307, 295.480159432)
(14070.4374622, 14945.9745206, 295.48015943)
(14070.4424176, 14946.0300404, 295.480159446)
(14070.4472057, 14946.0843322, 295.480159446)
(14070.4516841, 14946.1353374, 295.480159435)
(14070.4566229, 14946.1916947, 295.480159433)
(14070.4589817, 14946.2436082, 295.480159495)
(14070.4603591, 14946.295902, 295.48015945)
(14070.4622795, 14946.3540184, 295.480159431)
(14070.4642603, 14946.4063931, 295.480159431)
(14070.4662305, 14946.4558967, 295.480159436)
(14070.468635, 14946.515309, 295.480159446)
(14070.4700706, 14946.5660358, 295.480159439)
(14070.4714875, 14946.6151377, 295.480159434)
(14070.4730656, 14946.6687873, 295.480159424)
(14070.4744801, 14946.718725, 295.480159431)
(14070.4759542, 14946.7711434, 295.480159437)
(14070.4775938, 14946.8297595, 295.480159434)
(14070.4789509, 14946.8805326, 295.480159446)
(14070.4803241, 14946.9329596, 295.480159434)
(14070.4818753, 14946.99282, 295.480159435)
(14070.4832258, 14947.0444268, 295.480159437)
(14070.4845156, 14947.094795, 295.480159436)
(14070.4859442, 14947.1521813, 295.480159435)
(14070.4866453, 14947.2021165, 295.480159434)
(14070.4873799, 14947.25413, 295.480159434)
(14070.4882725, 14947.3119278, 295.480159439)
(14070.4890719, 14947.3627157, 295.480159438)
(14070.4898491, 14947.4135052, 295.480159437)
(14070.4907844, 14947.4766838, 295.480159435)
(14070.4915178, 14947.5295388, 295.480159434)
(14070.4922251, 14947.5823947, 295.480159435)
(14070.4929996, 14947.6422718, 295.480159436)
(14070.4934092, 14947.6955322, 295.480159447)
(14070.4938254, 14947.7516828, 295.480159434)
(14070.4941043, 14947.8045306, 295.480159436)
(14070.4944094, 14947.861514, 295.480159445)
(14070.4947913, 14947.9135528, 295.480159438)
(14070.4951403, 14947.9635259, 295.480159436)
(14070.4954977, 14948.0221701, 295.48015944)
(14070.4958532, 14948.0742099, 295.480159438)
(14070.4961909, 14948.1241842, 295.480159438)
(14070.4965173, 14948.1799385, 295.480159438)
(14070.4965928, 14948.2298975, 295.480159432)
(14070.496652, 14948.2827492, 295.480159439)
(14070.4967111, 14948.3405635, 295.480159437)
(14070.4968288, 14948.3892991, 295.480159437)
(14070.4969257, 14948.4450547, 295.480159436)
(14070.4969877, 14948.504526, 295.480159436)
(14070.4970549, 14948.5565653, 295.480159435)
(14070.4970863, 14948.611081, 295.480159438)
(14070.4970788, 14948.6701387, 295.480159437)
(14070.4971159, 14948.7209406, 295.480159439)
(14070.497154, 14948.7733943, 295.480159438)
(14070.497154, 14948.8312154, 295.480159437)
(14070.4971788, 14948.8832566, 295.480159439)
(14070.4972015, 14948.9344711, 295.480159437)
(14070.497185, 14948.9898138, 295.480159439)
(14070.4971965, 14949.0418551, 295.480159439)
(14070.4972079, 14949.0943088, 295.480159439)
(14070.4972042, 14949.1500661, 295.480159437)
(14070.4972112, 14949.2033467, 295.480159439)
(14070.4972177, 14949.2553874, 295.480159439)
(14070.4972104, 14949.3152747, 295.480159438)
(14070.4972129, 14949.3664901, 295.480159439)
(14070.4972155, 14949.4210089, 295.480159439)
(14070.4972102, 14949.4780056, 295.480159439)
(14070.4972105, 14949.5308732, 295.480159439)
(14070.4972111, 14949.5800228, 295.480159439)
(14070.4972068, 14949.6357804, 295.480159442)
(14070.4972064, 14949.6886479, 295.480159439)
(14070.4972061, 14949.7390365, 295.480159439)
(14070.4972028, 14949.7943813, 295.480159439)
(14070.497202, 14949.8468359, 295.480159439)
(14070.4972014, 14949.9009418, 295.480159439)
(14070.4971987, 14949.9562866, 295.480159439)
(14070.4971977, 14950.0112192, 295.480159439)
(14070.4971969, 14950.0616078, 295.480159439)
(14070.4971942, 14950.1181917, 295.480159439)
(14070.4971933, 14950.1685811, 295.48015944)
(14070.4971926, 14950.2206219, 295.480159439)
(14070.49719, 14950.2821621, 295.480159439)
(14070.4971894, 14950.3337906, 295.48015944)
(14070.4971887, 14950.3850052, 295.480159439)
(14070.4971861, 14950.4428281, 295.480159439)
(14070.4971854, 14950.4915654, 295.48015944)
(14070.4971847, 14950.5436062, 295.480159439)
(14070.4971825, 14950.5997772, 295.480159439)
(14070.4971819, 14950.6497535, 295.48015944)
(14070.4971814, 14950.7013812, 295.480159439)
(14070.4971792, 14950.7583781, 295.480159439)
(14070.4971784, 14950.8100065, 295.48015944)
(14070.4971779, 14950.8608082, 295.480159439)
(14070.4971758, 14950.9173922, 295.480159439)
(14070.4971753, 14950.9694337, 295.48015944)
(14070.4971749, 14951.0185832, 295.480159439)
(14070.497173, 14951.0755802, 295.480159439)
(14070.4971725, 14951.1288606, 295.48015944)
(14070.497172, 14951.1821404, 295.480159439)
(14070.49717, 14951.2391375, 295.480159439)
(14070.4971695, 14951.292005, 295.48015944)
(14070.4971691, 14951.3448718, 295.48015944)
(14070.4971672, 14951.4035208, 295.480159439)
(14070.4971666, 14951.454323, 295.48015944)
(14070.4971661, 14951.5076029, 295.48015944)
(14070.4971642, 14951.5629478, 295.480159439)
(14070.4971637, 14951.6137501, 295.48015944)
(14070.4971634, 14951.6662039, 295.48015944)
(14070.4971616, 14951.724027, 295.48015944)
(14070.4971611, 14951.7752422, 295.48015944)
(14070.4971607, 14951.827283, 295.48015944)
(14070.4971588, 14951.8855191, 295.48015944)
(14070.4971584, 14951.9379735, 295.48015944)
(14070.497158, 14951.9929055, 295.48015944)
(14070.4971562, 14952.0478373, 295.480159439)
(14070.4971558, 14952.0994656, 295.48015944)
(14070.4971553, 14952.1560496, 295.48015944)
(14070.497155, 14952.2072646, 295.48015944)
(14070.497154, 14952.2663268, 295.48015944)
(14070.4971538, 14952.3150639, 295.48015944)
(14070.4971537, 14952.3679307, 295.48015944)
(14070.4971525, 14952.4253408, 295.48015944)
(14070.4971523, 14952.4753169, 295.48015944)
(14070.4971521, 14952.5277707, 295.48015944)
(14070.4971507, 14952.587659, 295.48015944)
(14070.4971506, 14952.6397002, 295.48015944)
(14070.4971504, 14952.690502, 295.48015944)
(14070.4971492, 14952.746673, 295.48015944)
(14070.497149, 14952.8007794, 295.48015944)
(14070.4971489, 14952.8515811, 295.48015944)
(14070.4971474, 14952.9127083, 295.48015944)
(14070.4971472, 14952.9664017, 295.48015944)
(14070.497147, 14953.0188555, 295.48015944)
(14070.4971458, 14953.0737875, 295.48015944)
(14070.4971456, 14953.1258287, 295.48015944)
(14070.4971454, 14953.1774565, 295.48015944)
(14070.4971441, 14953.2356926, 295.48015944)
(14070.4971438, 14953.2881469, 295.48015944)
(14070.4971436, 14953.3385356, 295.48015944)
(14070.4971423, 14953.3980109, 295.48015944)
(14070.497142, 14953.4467479, 295.48015944)
(14070.4971419, 14953.5000278, 295.48015944)
(14070.4971406, 14953.559916, 295.48015944)
(14070.4971404, 14953.6115442, 295.48015944)
(14070.4971403, 14953.6627589, 295.48015944)
(14070.4971389, 14953.7238863, 295.48015944)
(14070.4971387, 14953.7833619, 295.48015944)
(14070.4971384, 14953.841185, 295.48015944)
(14070.4971382, 14953.8911609, 295.48015944)
(14070.4971373, 14953.9572445, 295.48015944)
(14070.4971371, 14954.0105248, 295.48015944)
(14070.497137, 14954.0613265, 295.48015944)
(14070.4971355, 14954.1315404, 295.48015944)
(14070.4971353, 14954.1881248, 295.48015944)
(14070.4971349, 14954.2488391, 295.48015944)
(14070.4971346, 14954.3202922, 295.48015944)
(14070.4971335, 14954.3814195, 295.48015944)
(14070.4971332, 14954.4322216, 295.48015944)
(14070.4971327, 14954.4999573, 295.48015944)
(14070.4971324, 14954.5689323, 295.48015944)
(14070.4971309, 14954.6354288, 295.48015944)
(14070.4971305, 14954.6907742, 295.48015944)
(14070.4971297, 14954.7704876, 295.48015944)
(14070.4971297, 14954.8241808, 295.48015944)
(14070.4971294, 14954.883243, 295.48015944)
(14070.4971293, 14954.9373491, 295.48015944)
(14070.4971285, 14955.0026066, 295.48015944)
(14070.4971284, 14955.0612561, 295.48015944)
(14070.4971281, 14955.1194923, 295.48015944)
(14070.4971268, 14955.1818587, 295.48015944)
(14070.4971266, 14955.236378, 295.48015944)
(14070.4971262, 14955.2983314, 295.48015944)
(14070.4971259, 14955.3483073, 295.48015944)
(14070.4971251, 14955.4073695, 295.48015944)
(14070.497125, 14955.4635409, 295.48015944)
(14070.4971248, 14955.5143427, 295.48015944)
(14070.4971235, 14955.5829044, 295.48015944)
(14070.4971232, 14955.6419669, 295.48015944)
(14070.4971226, 14955.7270497, 295.48015944)
(14070.4971224, 14955.7844599, 295.48015944)
(14070.4971212, 14955.8464133, 295.48015944)
(14070.4971209, 14955.9323223, 295.48015944)
(14070.4971199, 14955.9917975, 295.48015944)
(14070.4971196, 14956.0409475, 295.48015944)
(14070.4971193, 14956.0962925, 295.48015944)
(14070.4971191, 14956.1495726, 295.48015944)
(14070.4971186, 14956.2040916, 295.48015944)
(14070.4971185, 14956.2557197, 295.48015944)
(14070.4971184, 14956.3077605, 295.48015944)
(14070.4971175, 14956.3651706, 295.48015944)
(14070.4971174, 14956.4188638, 295.48015944)
(14070.4971173, 14956.4709047, 295.48015944)
(14070.4971165, 14956.5279018, 295.48015944)
(14070.4971164, 14956.580769, 295.48015944)
(14070.4971163, 14956.6311578, 295.48015944)
(14070.4971155, 14956.6873288, 295.48015944)
(14070.4971153, 14956.7393699, 295.48015944)
(14070.4971152, 14956.7897587, 295.48015944)
(14070.4971144, 14956.849647, 295.48015944)
(14070.4971143, 14956.898797, 295.48015944)
(14070.4971143, 14956.9491858, 295.48015944)
(14070.4971136, 14957.0049438, 295.48015944)
(14070.4971134, 14957.0549198, 295.48015944)
(14070.4971133, 14957.1069606, 295.48015944)
(14070.4971126, 14957.1610666, 295.48015944)
(14070.4971125, 14957.2139338, 295.48015944)
(14070.4971125, 14957.2676267, 295.48015944)
(14070.4971118, 14957.3295801, 295.48015944)
(14070.4971117, 14957.3812082, 295.48015944)
(14070.4971115, 14957.43201, 295.48015944)
(14070.4971108, 14957.4898332, 295.48015944)
(14070.4971107, 14957.5389831, 295.48015944)
(14070.4971106, 14957.5897849, 295.48015944)
(14070.49711, 14957.645543, 295.48015944)
(14070.4971099, 14957.6951059, 295.48015944)
(14070.4971099, 14957.7471468, 295.48015944)
(14070.4971092, 14957.8029048, 295.48015944)
(14070.4971091, 14957.8532939, 295.48015944)
(14070.4971091, 14957.9020305, 295.48015944)
(14070.4971086, 14957.9577886, 295.48015944)
(14070.4971085, 14958.0094167, 295.48015944)
(14070.4971085, 14958.0577403, 295.48015944)
(14070.497108, 14958.1126723, 295.48015944)
(14070.4971079, 14958.1634744, 295.48015944)
(14070.4971079, 14958.2155152, 295.48015944)
(14070.4971075, 14958.2700343, 295.48015944)
(14070.4971075, 14958.3208363, 295.48015944)
(14070.4971075, 14958.370399, 295.48015944)
(14070.4971071, 14958.425331, 295.48015944)
(14070.4971069, 14958.4748939, 295.48015944)
(14070.4971063, 14958.5335431, 295.48015944)
(14070.4971063, 14958.5835191, 295.48015944)
(14070.4971062, 14958.6339078, 295.48015944)
(14070.4971056, 14958.6900789, 295.48015944)
(14070.4971055, 14958.741707, 295.48015944)
(14070.4971054, 14958.7929218, 295.48015944)
(14070.4971048, 14958.8470278, 295.48015944)
(14070.4971047, 14958.8965907, 295.48015944)
(14070.4971047, 14958.9465665, 295.48015944)
(14070.4971042, 14958.9998464, 295.48015944)
(14070.4971042, 14959.0527136, 295.48015944)
(14070.4971042, 14959.1047544, 295.48015944)
(14070.4971036, 14959.1625776, 295.48015944)
(14070.4971036, 14959.2113145, 295.48015944)
(14070.4971035, 14959.2608772, 295.48015944)
(14070.497103, 14959.3215916, 295.48015944)
(14070.4971031, 14959.3736326, 295.48015944)
(14070.4971031, 14959.4252605, 295.48015944)
(14070.4971025, 14959.4818446, 295.48015944)
(14070.4971024, 14959.5326466, 295.48015944)
(14070.4971024, 14959.5842745, 295.48015944)
(14070.4971019, 14959.6408586, 295.48015944)
(14070.4971019, 14959.6937257, 295.48015944)
(14070.4971019, 14959.7445275, 295.48015944)
(14070.4971014, 14959.8023507, 295.48015944)
(14070.4971014, 14959.8515006, 295.48015944)
(14070.4971013, 14959.9031285, 295.48015944)
(14070.4971009, 14959.9613647, 295.48015944)
(14070.4971008, 14960.0113406, 295.48015944)
(14070.4971008, 14960.0646206, 295.48015944)
(14070.4971004, 14960.1220307, 295.48015944)
(14070.4971003, 14960.1711806, 295.48015944)
(14070.4971003, 14960.2232215, 295.48015944)
(14070.4970998, 14960.2814578, 295.48015944)
(14070.4970998, 14960.3314337, 295.48015944)
(14070.4970998, 14960.3809964, 295.48015944)
(14070.4970994, 14960.4379936, 295.48015944)
(14070.4970994, 14960.4900346, 295.48015944)
(14070.4970993, 14960.5420755, 295.48015944)
(14070.4970989, 14960.6007248, 295.48015944)
(14070.4970988, 14960.6511137, 295.48015944)
(14070.4970988, 14960.7019155, 295.48015944)
(14070.4970984, 14960.7593257, 295.48015944)
(14070.4970984, 14960.8084756, 295.48015944)
(14070.4970984, 14960.8580383, 295.48015944)
(14070.497098, 14960.9129704, 295.48015944)
(14070.497098, 14960.9645984, 295.48015944)
(14070.497098, 14961.0170523, 295.48015944)
(14070.4970976, 14961.0748755, 295.48015944)
(14070.4970977, 14961.1265036, 295.48015944)
(14070.4970977, 14961.1773054, 295.48015944)
(14070.4970974, 14961.2318245, 295.480159442)
(14070.4972864, 14961.2863586, 295.480159446)
(14070.4974993, 14961.3371712, 295.480159445)
(14070.4977326, 14961.3912849, 295.480159443)
(14070.4979386, 14961.4412638, 295.480159443)
(14070.4981703, 14961.4912434, 295.480159443)
(14070.4984744, 14961.5490721, 295.480159442)
(14070.4986929, 14961.6035883, 295.480159436)
(14070.4987934, 14961.6556233, 295.480159436)
(14070.4988667, 14961.7088976, 295.480159438)
(14070.4989298, 14961.7621732, 295.480159438)
(14070.4989624, 14961.8142096, 295.480159435)
(14070.498965, 14961.8749186, 295.480159437)
(14070.4990168, 14961.9257204, 295.480159438)
(14070.4990671, 14961.9761088, 295.480159432)
(14070.4990793, 14962.0302126, 295.480159437)
(14070.4991151, 14962.0801886, 295.480159439)
(14070.4991437, 14962.1305768, 295.480159437)
(14070.4991247, 14962.1867448, 295.480159436)
(14070.4991389, 14962.2391988, 295.480159439)
(14070.4991497, 14962.2957822, 295.480159437)
(14070.4991645, 14962.3469975, 295.480159438)
(14070.4991764, 14962.396973, 295.480159439)
(14070.499148, 14962.4502509, 295.480159437)
(14070.4991457, 14962.5010532, 295.480159439)
(14070.4991465, 14962.5530939, 295.480159439)
(14070.4991455, 14962.6080256, 295.480159438)
(14070.499146, 14962.6584149, 295.480159439)
(14070.4991468, 14962.7088036, 295.480159439)
(14070.4991459, 14962.7629095, 295.480159438)
(14070.4991467, 14962.814951, 295.480159439)
(14070.4991475, 14962.8653396, 295.480159439)
(14070.4991467, 14962.9182062, 295.480159438)
(14070.4991472, 14962.9677695, 295.480159439)
(14070.499148, 14963.0177451, 295.480159439)
(14070.4991471, 14963.0784594, 295.480159439)
(14070.4991479, 14963.132566, 295.480159439)
(14070.4991486, 14963.1837807, 295.480159439)
(14070.4991474, 14963.2407776, 295.480159439)
(14070.4991478, 14963.293232, 295.480159439)
(14070.4991482, 14963.3432076, 295.480159439)
(14070.499147, 14963.4006176, 295.480159439)
(14070.4991475, 14963.452246, 295.480159439)
(14070.499148, 14963.5042868, 295.480159439)
(14070.4991467, 14963.5608707, 295.480159439)
(14070.499147, 14963.6120861, 295.480159439)
(14070.4991474, 14963.6653658, 295.480159439)
(14070.499146, 14963.7186455, 295.480159439)
(14070.4991461, 14963.7686219, 295.48015944)
(14070.4991464, 14963.8181846, 295.480159439)
(14070.4991453, 14963.8743555, 295.480159439)
(14070.4991456, 14963.9251579, 295.480159439)
(14070.499146, 14963.9751335, 295.480159439)
(14070.4991449, 14964.0308913, 295.480159439)
(14070.4991445, 14964.0796283, 295.480159439)
(14070.4991431, 14964.1378644, 295.480159439)
(14070.4991431, 14964.1878407, 295.48015944)
(14070.4991431, 14964.2394684, 295.480159439)
(14070.4991404, 14964.2981173, 295.480159439)
(14070.4991398, 14964.3485067, 295.480159439)
(14070.4991396, 14964.3980693, 295.480159439)
(14070.4991375, 14964.4542402, 295.480159439)
(14070.4991373, 14964.5054557, 295.480159439)
(14070.4991371, 14964.5603876, 295.480159439)
(14070.4991351, 14964.6182106, 295.480159439)
(14070.4991347, 14964.6677739, 295.480159439)
(14070.4991344, 14964.7206406, 295.480159439)
(14070.4991324, 14964.7776375, 295.480159439)
(14070.499132, 14964.8280269, 295.48015944)
(14070.4991318, 14964.8800677, 295.480159439)
(14070.4991297, 14964.9436731, 295.480159439)
(14070.4991294, 14964.9948884, 295.48015944)
(14070.4991291, 14965.0481682, 295.480159439)
(14070.499129, 14965.0989702, 295.480159439)
(14070.4991281, 14965.1559672, 295.480159439)
(14070.4991281, 14965.2059434, 295.48015944)
(14070.4991281, 14965.2555061, 295.480159439)
(14070.499127, 14965.3087859, 295.480159439)
(14070.4991264, 14965.3587619, 295.48015944)
(14070.4991252, 14965.4145197, 295.480159439)
(14070.499125, 14965.4640829, 295.48015944)
(14070.4991248, 14965.5169497, 295.480159439)
(14070.499123, 14965.5747729, 295.480159439)
(14070.4991227, 14965.6243361, 295.48015944)
(14070.4991226, 14965.6772029, 295.48015944)
(14070.499121, 14965.7321347, 295.480159439)
(14070.4991208, 14965.782937, 295.48015944)
(14070.4991206, 14965.8329127, 295.48015944)
(14070.4991191, 14965.8907358, 295.480159439)
(14070.4991189, 14965.9407121, 295.48015944)
(14070.4991189, 14965.9927528, 295.48015944)
(14070.4991174, 14966.0509888, 295.480159439)
(14070.4991172, 14966.1030302, 295.48015944)
(14070.4991171, 14966.1525928, 295.48015944)
(14070.4991157, 14966.2062856, 295.480159439)
(14070.4991155, 14966.2599791, 295.48015944)
(14070.4991155, 14966.3103678, 295.48015944)
(14070.4991141, 14966.3681908, 295.480159439)
(14070.4991141, 14966.434688, 295.48015944)
(14070.4991138, 14966.4867287, 295.48015944)
(14070.4991117, 14966.5503342, 295.480159439)
(14070.4991117, 14966.6160053, 295.48015944)
(14070.4991113, 14966.6696981, 295.48015944)
(14070.4991109, 14966.7238043, 295.48015944)
(14070.4991094, 14966.794844, 295.48015944)
(14070.4991091, 14966.8448201, 295.48015944)
(14070.4991086, 14966.8968609, 295.48015944)
(14070.4991084, 14966.9509671, 295.48015944)
(14070.4991073, 14967.0211809, 295.48015944)
(14070.4991072, 14967.07157, 295.48015944)
(14070.499107, 14967.1207196, 295.48015944)
(14070.4991054, 14967.1797817, 295.48015944)
(14070.4991053, 14967.2495831, 295.48015944)
(14070.4991049, 14967.3028629, 295.48015944)
(14070.4991047, 14967.3536649, 295.48015944)
(14070.4991033, 14967.4379215, 295.48015944)
(14070.4991031, 14967.4899626, 295.48015944)
(14070.4991026, 14967.5457206, 295.48015944)
(14070.4991023, 14967.5977617, 295.48015944)
(14070.4991014, 14967.6559978, 295.48015944)
(14070.4991013, 14967.7063869, 295.48015944)
(14070.4991012, 14967.7580147, 295.48015944)
(14070.4990999, 14967.8154247, 295.48015944)
(14070.4990995, 14967.867053, 295.48015944)
(14070.4990994, 14967.9178547, 295.48015944)
(14070.4990981, 14967.9744388, 295.48015944)
(14070.4990979, 14968.0244149, 295.48015944)
(14070.4990978, 14968.0739776, 295.48015944)
(14070.4990968, 14968.1280835, 295.48015944)
(14070.4990967, 14968.1830159, 295.48015944)
(14070.4990966, 14968.2367087, 295.48015944)
(14070.4990954, 14968.2924667, 295.48015944)
(14070.4990952, 14968.3420299, 295.48015944)
(14070.4990951, 14968.4006791, 295.48015944)
(14070.4990938, 14968.4605673, 295.48015944)
(14070.4990935, 14968.5068262, 295.48015944)
(14070.4990934, 14968.5568018, 295.48015944)
(14070.4990922, 14968.6129729, 295.48015944)
(14070.4990921, 14968.6617099, 295.48015944)
(14070.499092, 14968.7141638, 295.48015944)
(14070.4990911, 14968.7699218, 295.48015944)
(14070.499091, 14968.8203109, 295.48015944)
(14070.499091, 14968.8706996, 295.48015944)
(14070.49909, 14968.9260446, 295.48015944)
(14070.4990899, 14968.9780858, 295.48015944)
(14070.4990899, 14969.0264094, 295.48015944)
(14070.499089, 14969.0838196, 295.48015944)
(14070.4990889, 14969.1366868, 295.48015944)
(14070.4990889, 14969.1883146, 295.48015944)
(14070.499088, 14969.2465507, 295.48015944)
(14070.4990878, 14969.2965268, 295.48015944)
(14070.4990878, 14969.3460895, 295.48015944)
(14070.499087, 14969.3997825, 295.48015944)
(14070.4992098, 14969.4501816, 295.480159444)
(14070.4993941, 14969.5030583, 295.480159446)
(14070.4995888, 14969.5546934, 295.480159443)
