(4545.02095418, -9041.44000055, 1705.77428401)
(4545.08561949, -9041.44011325, 1705.77442609)
(4545.15088542, -9041.44018306, 1705.77425692)
(4545.2161401, -9041.44028051, 1705.77425703)
(4545.30080974, -9041.44039512, 1705.77425749)
(4545.37226141, -9041.44047616, 1705.77425735)
(4545.4606443, -9041.44049714, 1705.77425734)
(4545.51888056, -9041.44053795, 1705.77425733)
(4545.59074396, -9041.44053704, 1705.77425734)
(4545.66083648, -9041.43347977, 1705.7742574)
(4545.74373941, -9041.40657537, 1705.77425736)
(4545.80925332, -9041.37157369, 1705.77425693)
(4545.88161432, -9041.32688445, 1705.77425752)
(4545.93384529, -9041.29160017, 1705.77425735)
(4545.99932234, -9041.24824014, 1705.77425737)
(4546.05543034, -9041.20823564, 1705.77425729)
(4546.10771071, -9041.16862745, 1705.77425726)
(4546.15817874, -9041.13043232, 1705.77425735)
(4546.2172255, -9041.08517286, 1705.77425734)
(4546.27439308, -9041.04007717, 1705.77425734)
(4546.33796195, -9040.98853365, 1705.77425732)
(4546.38139242, -9040.95296088, 1705.77425734)
(4546.43440672, -9040.90955685, 1705.77425735)
(4546.48911805, -9040.86491557, 1705.77425734)
(4546.54123744, -9040.82232906, 1705.77425734)
(4546.60290691, -9040.77185576, 1705.77425734)
(4546.65055973, -9040.73291548, 1705.77425735)
(4546.71383922, -9040.68112932, 1705.77425735)
(4546.76838536, -9040.63339838, 1705.77425727)
(4546.83331555, -9040.57246961, 1705.77425739)
(4546.88159565, -9040.52565148, 1705.77425733)
(4546.9291939, -9040.47934009, 1705.77425735)
(4546.97874425, -9040.43135845, 1705.77425734)
(4547.04403936, -9040.36816696, 1705.77425734)
(4547.09776312, -9040.31618134, 1705.77425734)
(4547.16545332, -9040.25071343, 1705.77425734)
(4547.21028072, -9040.20735524, 1705.77425734)
(4547.25543765, -9040.1637351, 1705.77425734)
(4547.30687989, -9040.11412964, 1705.77425734)
(4547.36133732, -9040.06169804, 1705.77425734)
(4547.42835344, -9039.99729322, 1705.77425734)
(4547.48884306, -9039.93921665, 1705.77425734)
(4547.5541796, -9039.87663797, 1705.77425734)
(4547.61128871, -9039.8227255, 1705.77425733)
(4547.66549518, -9039.77124115, 1705.77425734)
(4547.71954368, -9039.71908252, 1705.77425735)
(4547.76476313, -9039.67505509, 1705.77425734)
(4547.82352637, -9039.61715366, 1705.77425733)
(4547.87555024, -9039.56531736, 1705.77425734)
(4547.9365122, -9039.50425698, 1705.77425733)
(4547.97691164, -9039.46404989, 1705.77425734)
(4548.03458506, -9039.40665522, 1705.77425734)
(4548.08641762, -9039.35509905, 1705.77425734)
(4548.1473739, -9039.29455563, 1705.77425734)
(4548.19075139, -9039.25148342, 1705.77425734)
(4548.24325604, -9039.19942449, 1705.77425734)
(4548.2916231, -9039.15141727, 1705.77425734)
(4548.34236669, -9039.1011064, 1705.77425734)
(4548.39610336, -9039.04794026, 1705.77425734)
(4548.44732136, -9038.99749664, 1705.77425734)
(4548.50802216, -9038.93784303, 1705.77425734)
(4548.56716711, -9038.87958249, 1705.77425734)
(4548.6475964, -9038.80054242, 1705.77425734)
(4548.71099698, -9038.73780993, 1705.77425734)
(4548.75429168, -9038.6946827, 1705.77425735)
(4548.8130011, -9038.63601274, 1705.77425734)
(4548.8513048, -9038.59780897, 1705.77425734)
(4548.90390774, -9038.54528792, 1705.77425734)
(4548.94070268, -9038.50849747, 1705.77425734)
(4548.98689271, -9038.46239948, 1705.77425734)
(4549.05204443, -9038.3973049, 1705.77425734)
(4549.10376782, -9038.34564277, 1705.77425734)
(4549.16450204, -9038.28489132, 1705.77425734)
(4549.21591786, -9038.23350481, 1705.77425734)
(4549.26614953, -9038.18327335, 1705.77425735)
(4549.31609911, -9038.13334141, 1705.77425734)
(4549.36779198, -9038.08164911, 1705.77425734)
(4549.42789105, -9038.0214344, 1705.77425734)
(4549.47547931, -9037.97381281, 1705.77425734)
(4549.53416194, -9037.91509092, 1705.77425734)
(4549.57649648, -9037.87273019, 1705.77425734)
(4549.63430565, -9037.81488691, 1705.77425734)
(4549.68399383, -9037.76526926, 1705.77425734)
(4549.75305132, -9037.69646026, 1705.77425734)
(4549.79836092, -9037.65123547, 1705.77425734)
(4549.85360858, -9037.59608757, 1705.77425734)
(4549.89657742, -9037.55319328, 1705.77425734)
(4549.95940184, -9037.49043916, 1705.77425734)
(4550.00674264, -9037.44315679, 1705.77425734)
(4550.06339377, -9037.38650003, 1705.77425734)
(4550.10283456, -9037.34708638, 1705.77425734)
(4550.16183064, -9037.28809539, 1705.77425734)
(4550.20856494, -9037.24137362, 1705.77425734)
(4550.26722953, -9037.18264147, 1705.77425734)
(4550.31161556, -9037.13824329, 1705.77425734)
(4550.36622105, -9037.08362137, 1705.77425734)
(4550.41469602, -9037.03513438, 1705.77425734)
(4550.48127476, -9036.96853808, 1705.77425734)
(4550.52536967, -9036.92443335, 1705.77425734)
(4550.58552511, -9036.86426361, 1705.77425734)
(4550.62932853, -9036.82045114, 1705.77425734)
(4550.69094483, -9036.75882168, 1705.77425734)
(4550.74467722, -9036.70507907, 1705.77425734)
(4550.80570996, -9036.64403441, 1705.77425734)
(4550.85447827, -9036.59525728, 1705.77425734)
(4550.91492761, -9036.53479717, 1705.77425734)
(4550.95931575, -9036.49040158, 1705.77425734)
(4551.01567708, -9036.43403107, 1705.77425734)
(4551.07583497, -9036.37386369, 1705.77425734)
(4551.12694015, -9036.32275078, 1705.77425734)
(4551.17629327, -9036.27339045, 1705.77425734)
(4551.23323974, -9036.21643664, 1705.77425734)
(4551.2852214, -9036.16444797, 1705.77425734)
(4551.33720363, -9036.11245978, 1705.77425734)
(4551.38626513, -9036.0633921, 1705.77425734)
(4551.44671664, -9036.00293415, 1705.77425734)
(4551.49139786, -9035.95824763, 1705.77425734)
(4551.53900001, -9035.91064073, 1705.77425734)
(4551.58017685, -9035.86945926, 1705.77425734)
(4551.63887625, -9035.81075401, 1705.77425734)
(4551.69319514, -9035.75642972, 1705.77425734)
(4551.74605403, -9035.70356566, 1705.77425734)
(4551.79745402, -9035.65216323, 1705.77425734)
(4551.84096755, -9035.60864586, 1705.77425734)
(4551.89411934, -9035.55549085, 1705.77425734)
(4551.94610213, -9035.5035035, 1705.77425734)
(4552.01531671, -9035.43428505, 1705.77425734)
(4552.07021997, -9035.37937725, 1705.77425734)
(4552.11986764, -9035.32972746, 1705.77425734)
(4552.1686382, -9035.28095317, 1705.77425734)
(4552.2518714, -9035.19771637, 1705.77425734)
(4552.30035005, -9035.14923401, 1705.77425734)
(4552.36255706, -9035.08702694, 1705.77425734)
(4552.40753165, -9035.04205012, 1705.77425734)
(4552.46506571, -9034.9845152, 1705.77425734)
(4552.50653584, -9034.94304289, 1705.77425734)
(4552.57137055, -9034.87820665, 1705.77425734)
(4552.61459277, -9034.83498217, 1705.77425734)
(4552.66570125, -9034.78387241, 1705.77425734)
(4552.71096785, -9034.73860318, 1705.77425734)
(4552.76353649, -9034.68603264, 1705.77425734)
(4552.82370249, -9034.62587542, 1705.77425734)
(4552.87218276, -9034.57739533, 1705.77425734)
(4552.91774442, -9034.53183659, 1705.77425734)
(4552.96797737, -9034.48160411, 1705.77425734)
(4553.02989365, -9034.41969001, 1705.77425734)
(4553.0792501, -9034.37033361, 1705.77425734)
(4553.13444872, -9034.31513683, 1705.77425734)
(4553.18292908, -9034.26665622, 1705.77425734)
(4553.23520718, -9034.21437938, 1705.77425734)
(4553.28222707, -9034.16735889, 1705.77425734)
(4553.34122181, -9034.10836494, 1705.77425734)
(4553.40284489, -9034.04674249, 1705.77425734)
(4553.46738887, -9033.9821993, 1705.77425734)
(4553.5135328, -9033.93605502, 1705.77425734)
(4553.55792498, -9033.89166356, 1705.77425734)
(4553.61662726, -9033.83296157, 1705.77425734)
(4553.66540004, -9033.78418901, 1705.77425734)
(4553.72673341, -9033.72285979, 1705.77425734)
(4553.77287762, -9033.67671599, 1705.77425734)
(4553.83567014, -9033.61392666, 1705.77425734)
(4553.88356649, -9033.56603049, 1705.77425734)
(4553.94431487, -9033.50528469, 1705.77425734)
(4553.99483988, -9033.45476005, 1705.77425734)
(4554.05850832, -9033.39109406, 1705.77425734)
(4554.10406825, -9033.34553444, 1705.77425734)
(4554.15430202, -9033.29530225, 1705.77425734)
(4554.20336656, -9033.2462375, 1705.77425734)
(4554.26265387, -9033.18695152, 1705.77425734)
(4554.31522281, -9033.13438234, 1705.77425734)
(4554.37626221, -9033.07334424, 1705.77425734)
(4554.42123805, -9033.02836827, 1705.77425734)
(4554.47497618, -9032.97463102, 1705.77425734)
(4554.52024383, -9032.92936293, 1705.77425734)
(4554.57047682, -9032.87913029, 1705.77425734)
(4554.62275558, -9032.82685456, 1705.77425734)
(4554.67065214, -9032.77895842, 1705.77425734)
(4554.72614308, -9032.72346923, 1705.77425734)
(4554.78017246, -9032.66943985, 1705.77425734)
(4554.84413249, -9032.6054816, 1705.77425734)
(4554.89465727, -9032.55495672, 1705.77425734)
(4554.94985602, -9032.49975945, 1705.77425734)
(4554.99570794, -9032.45390732, 1705.77425734)
(4555.04886175, -9032.40075444, 1705.77425734)
(4555.10113858, -9032.34847728, 1705.77425734)
(4555.15370837, -9032.29590815, 1705.77425734)
(4555.21387133, -9032.23574568, 1705.77425734)
(4555.25183781, -9032.19777884, 1705.77425734)
(4555.30236282, -9032.14725409, 1705.77425734)
(4555.36252691, -9032.08709308, 1705.77425734)
(4555.41334396, -9032.03627632, 1705.77425734)
(4555.47000317, -9031.97961899, 1705.77425734)
(4555.51235056, -9031.93727174, 1705.77425734)
(4555.57163754, -9031.87798605, 1705.77425734)
(4555.62128613, -9031.82833735, 1705.77425734)
(4555.68174161, -9031.76788302, 1705.77425734)
(4555.72613331, -9031.72349107, 1705.77425734)
(4555.78804861, -9031.66157664, 1705.77425734)
(4555.84295399, -9031.60667099, 1705.77425734)
(4555.91421536, -9031.53541079, 1705.77425734)
(4555.96853687, -9031.48108907, 1705.77425734)
(4556.03541737, -9031.41421016, 1705.77425734)
(4556.08272953, -9031.36689795, 1705.77425734)
(4556.13734391, -9031.31228482, 1705.77425734)
(4556.18378003, -9031.26584853, 1705.77425734)
(4556.25066044, -9031.19896914, 1705.77425734)
(4556.30001687, -9031.14961252, 1705.77425734)
(4556.36339257, -9031.08623785, 1705.77425734)
(4556.40223536, -9031.04739491, 1705.77425734)
(4556.45363691, -9030.99599393, 1705.77425734)
(4556.5024092, -9030.94722127, 1705.77425734)
(4556.55848318, -9030.89114756, 1705.77425734)
(4556.61572676, -9030.83390683, 1705.77425734)
(4556.66128694, -9030.78834702, 1705.77425734)
(4556.70889221, -9030.74074302, 1705.77425734)
(4556.76087722, -9030.68875808, 1705.77425734)
(4556.82074826, -9030.62888817, 1705.77425734)
(4556.87623794, -9030.5733983, 1705.77425734)
(4556.93114436, -9030.51849292, 1705.77425734)
(4556.9740758, -9030.47556134, 1705.77425734)
(4557.02839761, -9030.42124012, 1705.77425734)
(4557.07921426, -9030.37042318, 1705.77425734)
(4557.14609454, -9030.30354346, 1705.77425734)
(4557.19691139, -9030.25272631, 1705.77425734)
(4557.26729612, -9030.18234232, 1705.77425734)
(4557.31811283, -9030.13152537, 1705.77425734)
(4557.38236478, -9030.06727437, 1705.77425734)
(4557.42646449, -9030.02317446, 1705.77425734)
(4557.47173278, -9029.97790661, 1705.77425734)
(4557.52576194, -9029.9238771, 1705.77425734)
(4557.57833141, -9029.87130797, 1705.77425734)
(4557.64871774, -9029.80092495, 1705.77425734)
(4557.71734997, -9029.73229304, 1705.77425734)
(4557.76933485, -9029.68030776, 1705.77425734)
(4557.83271034, -9029.61693303, 1705.77425734)
(4557.87564182, -9029.57400133, 1705.77425734)
(4557.93113204, -9029.51851157, 1705.77425734)
(4557.97844416, -9029.47119918, 1705.77425734)
(4558.0266327, -9029.42301086, 1705.77425734)
(4558.08562823, -9029.36401758, 1705.77425734)
(4558.13060426, -9029.31904174, 1705.77425734)
(4558.18083785, -9029.26880922, 1705.77425734)
(4558.22873413, -9029.22091284, 1705.77425734)
(4558.29386196, -9029.15578589, 1705.77425734)
(4558.34730727, -9029.10234046, 1705.77425734)
(4558.40046125, -9029.04918725, 1705.77425734)
(4558.44193246, -9029.0077159, 1705.77425734)
(4558.50005087, -9028.94959791, 1705.77425734)
(4558.55145165, -9028.89819686, 1705.77425734)
(4558.60110066, -9028.84854815, 1705.77425734)
(4558.65045754, -9028.79919139, 1705.77425734)
(4558.71470988, -9028.73494089, 1705.77425734)
(4558.76056185, -9028.68908906, 1705.77425734)
(4558.81576023, -9028.63389193, 1705.77425734)
(4558.8601521, -9028.58950022, 1705.77425734)
(4558.91622662, -9028.53342653, 1705.77425734)
(4558.96587523, -9028.48377779, 1705.77425734)
(4559.02107317, -9028.42858051, 1705.77425734)
(4559.07218197, -9028.37747142, 1705.77425734)
(4559.12679601, -9028.32285782, 1705.77425734)
(4559.16768314, -9028.28197049, 1705.77425734)
(4559.22609353, -9028.2235603, 1705.77425734)
(4559.29238915, -9028.15726482, 1705.77425734)
(4559.37211947, -9028.07753477, 1705.77425734)
(4559.43082176, -9028.01883222, 1705.77425734)
(4559.50880009, -9027.94085536, 1705.77425734)
(4559.55377595, -9027.89587953, 1705.77425734)
(4559.6054698, -9027.84418678, 1705.77425734)
(4559.65219806, -9027.79745849, 1705.77425734)
(4559.70798031, -9027.74167698, 1705.77425734)
(4559.76200961, -9027.68764755, 1705.77425734)
(4559.81487128, -9027.63478651, 1705.77425734)
(4559.86189157, -9027.58776614, 1705.77425734)
(4559.91124858, -9027.53840947, 1705.77425734)
(4559.96294145, -9027.4867163, 1705.77425734)
(4560.01989153, -9027.42976648, 1705.77425734)
(4560.06954035, -9027.38011779, 1705.77425734)
(4560.12152644, -9027.32813302, 1705.77425734)
(4560.16562627, -9027.28403339, 1705.77425734)
(4560.22170053, -9027.22795992, 1705.77425734)
(4560.27105705, -9027.17860336, 1705.77425734)
(4560.32041409, -9027.12924681, 1705.77425734)
(4560.37035487, -9027.07930587, 1705.77425734)
(4560.42613697, -9027.02352412, 1705.77425734)
(4560.47753777, -9026.97212305, 1705.77425734)
(4560.53916074, -9026.91050039, 1705.77425734)
(4560.59435866, -9026.85530266, 1705.77425734)
(4560.63232531, -9026.81733583, 1705.77425734)
(4560.67963775, -9026.77002347, 1705.77425734)
(4560.7357122, -9026.71395032, 1705.77425734)
(4560.7844847, -9026.66517789, 1705.77425734)
(4560.85048892, -9026.5991745, 1705.77425734)
(4560.89984562, -9026.5498177, 1705.77425734)
(4560.95679598, -9026.49286807, 1705.77425734)
(4561.00878097, -9026.44088297, 1705.77425734)
(4561.06631549, -9026.38334909, 1705.77425734)
(4561.11070731, -9026.33895712, 1705.77425734)
(4561.17087023, -9026.27879464, 1705.77425734)
(4561.21993468, -9026.22973003, 1705.77425734)
(4561.27600871, -9026.17365635, 1705.77425734)
(4561.32390508, -9026.12575979, 1705.77425734)
(4561.37063357, -9026.07903148, 1705.77425734)
(4561.43313345, -9026.01653328, 1705.77425734)
(4561.4833662, -9025.96630064, 1705.77425734)
(4561.56280503, -9025.88686336, 1705.77425734)
(4561.62880891, -9025.82085968, 1705.77425734)
(4561.70912472, -9025.74054729, 1705.77425734)
(4561.76753485, -9025.68213724, 1705.77425734)
(4561.8586559, -9025.59101761, 1705.77425734)
(4561.91356144, -9025.5361119, 1705.77425734)
(4561.98628235, -9025.46339139, 1705.77425734)
(4562.03972768, -9025.40994592, 1705.77425734)
(4562.09784639, -9025.35182777, 1705.77425734)
(4562.13931766, -9025.31035641, 1705.77425734)
(4562.19802013, -9025.25165424, 1705.77425734)
(4562.24591637, -9025.20375783, 1705.77425734)
(4562.3116282, -9025.13804627, 1705.77425734)
(4562.361861, -9025.08781322, 1705.77425734)
(4562.41793503, -9025.03173945, 1705.77425734)
(4562.452689, -9024.99698537, 1705.77425734)
(4562.50934697, -9024.94032742, 1705.77425734)
(4562.56863347, -9024.88104086, 1705.77425734)
(4562.65070091, -9024.79897496, 1705.77425734)
(4562.69918127, -9024.75049454, 1705.77425734)
(4562.76255653, -9024.68711951, 1705.77425734)
(4562.80724035, -9024.64243551, 1705.77425734)
(4562.86535881, -9024.58431721, 1705.77425734)
(4562.91734378, -9024.53233196, 1705.77425734)
(4562.97750638, -9024.4721695, 1705.77425734)
(4563.03036756, -9024.41930807, 1705.77425734)
(4563.09724762, -9024.35242819, 1705.77425734)
(4563.14105526, -9024.30862038, 1705.77425734)
(4563.18223452, -9024.2674412, 1705.77425734)
(4563.23188317, -9024.21779251, 1705.77425734)
(4563.2929224, -9024.15675399, 1705.77425734)
(4563.34549173, -9024.10418468, 1705.77425734)
(4563.40886724, -9024.04080983, 1705.77425734)
(4563.45355097, -9023.99612603, 1705.77425734)
(4563.50641252, -9023.94326492, 1705.77425734)
(4563.55839769, -9023.89127967, 1705.77425734)
(4563.62352552, -9023.82615225, 1705.77425734)
(4563.67755489, -9023.77212276, 1705.77425734)
(4563.72924348, -9023.72042563, 1705.77425734)
(4563.77191816, -9023.6750948, 1705.77425734)
(4563.82356955, -9023.61535918, 1705.77425734)
(4563.87178262, -9023.555749, 1705.77425732)
(4563.92806726, -9023.48486452, 1705.77425739)
(4563.96835536, -9023.43458636, 1705.77425735)
(4564.00989423, -9023.38319799, 1705.77425734)
(4564.05602792, -9023.32595682, 1705.77425734)
(4564.09772305, -9023.27416241, 1705.77425734)
(4564.15008288, -9023.2092117, 1705.77425734)
(4564.19438349, -9023.15420726, 1705.77425734)
(4564.24179365, -9023.09534162, 1705.77425734)
(4564.28142946, -9023.04612529, 1705.77425734)
(4564.3246918, -9022.99240466, 1705.77425734)
(4564.36277225, -9022.94511706, 1705.77425734)
(4564.41250909, -9022.88335291, 1705.77425734)
(4564.47001632, -9022.81193792, 1705.77425734)
(4564.51949238, -9022.7504944, 1705.77425734)
(4564.56870902, -9022.68937139, 1705.77425734)
(4564.61248451, -9022.63500318, 1705.77425734)
(4564.65409879, -9022.58366241, 1705.77425734)
(4564.69566392, -9022.53280196, 1705.77425734)
(4564.74752994, -9022.46958899, 1705.77425733)
(4564.80186627, -9022.40798821, 1705.7742574)
(4564.86523546, -9022.34025717, 1705.77425729)
(4564.92747598, -9022.27550612, 1705.77425734)
(4564.99762065, -9022.2035608, 1705.77425735)
(4565.05908958, -9022.13900737, 1705.77425736)
(4565.11073657, -9022.08497182, 1705.77425734)
(4565.14924476, -9022.04465576, 1705.77425734)
(4565.18836543, -9022.00377332, 1705.77425734)
(4565.24005025, -9021.94976128, 1705.77425734)
(4565.2991554, -9021.88798483, 1705.77425734)
(4565.34741407, -9021.83755303, 1705.77425734)
(4565.40538083, -9021.77697607, 1705.77425734)
(4565.44278943, -9021.73788516, 1705.77425734)
(4565.48762283, -9021.69103654, 1705.77425734)
(4565.53902501, -9021.63732543, 1705.77425734)
(4565.58500199, -9021.58928437, 1705.77425734)
(4565.65039945, -9021.52095369, 1705.77425734)
(4565.69038039, -9021.47917965, 1705.77425734)
(4565.73494679, -9021.43264286, 1705.77425734)
(4565.77972831, -9021.38675231, 1705.77425733)
(4565.84685886, -9021.31877371, 1705.77425732)
(4565.897127, -9021.26796384, 1705.77425734)
(4565.96571558, -9021.19868147, 1705.77425734)
(4566.00666575, -9021.15727104, 1705.77425734)
(4566.06305951, -9021.10033861, 1705.77425734)
(4566.10897101, -9021.05395966, 1705.77425734)
(4566.16741948, -9020.99499493, 1705.77425734)
(4566.20868955, -9020.9533254, 1705.77425734)
(4566.26102823, -9020.90052462, 1705.77425734)
(4566.31306425, -9020.84801133, 1705.77425734)
(4566.36923104, -9020.79143772, 1705.77425734)
(4566.4119819, -9020.74832655, 1705.77425734)
(4566.47160149, -9020.68820601, 1705.77425734)
(4566.51609646, -9020.64333475, 1705.77425734)
(4566.57135282, -9020.5876121, 1705.77425734)
(4566.60802367, -9020.5506804, 1705.77425734)
(4566.65870744, -9020.49971884, 1705.77425734)
(4566.70128868, -9020.4570066, 1705.77425734)
(4566.7465335, -9020.41170043, 1705.77425734)
(4566.79736983, -9020.36088508, 1705.77425734)
(4566.83851018, -9020.31966729, 1705.77425734)
(4566.89453884, -9020.2635468, 1705.77425734)
(4566.94415094, -9020.21386048, 1705.77425734)
(4566.99409301, -9020.16391439, 1705.77425734)
(4567.03584449, -9020.12213799, 1705.77425734)
(4567.10101067, -9020.05703777, 1705.77425734)
(4567.14715507, -9020.01089413, 1705.77425734)
(4567.19067306, -9019.9673807, 1705.77425733)
(4567.22951605, -9019.92853876, 1705.77425734)
(4567.30428278, -9019.8537752, 1705.77425734)
(4567.35772855, -9019.80032999, 1705.77425734)
(4567.41818511, -9019.73987663, 1705.77425734)
(4567.46140876, -9019.69665357, 1705.77425734)
(4567.51427106, -9019.64379343, 1705.77425734)
(4567.56041517, -9019.59764959, 1705.77425734)
(4567.60685234, -9019.5512137, 1705.77425734)
(4567.66176144, -9019.49631392, 1705.77425734)
(4567.70557003, -9019.4525077, 1705.77425734)
(4567.75083967, -9019.40724149, 1705.77425734)
(4567.79201948, -9019.36606325, 1705.77425734)
(4567.85890142, -9019.29918492, 1705.77425734)
(4567.91964893, -9019.23843903, 1705.77425734)
(4567.98390206, -9019.17418977, 1705.77425734)
(4568.05341117, -9019.10468272, 1705.77425734)
(4568.12233836, -9019.03576067, 1705.77425734)
(4568.17257204, -9018.98552892, 1705.77425734)
(4568.24033034, -9018.91777574, 1705.77425734)
(4568.28501487, -9018.87309271, 1705.77425734)
(4568.32794814, -9018.83016234, 1705.77425734)
(4568.36795976, -9018.790152, 1705.77425734)
(4568.42607932, -9018.73203487, 1705.77425734)
(4568.47602035, -9018.68209472, 1705.77425734)
(4568.53793643, -9018.62018089, 1705.77425734)
(4568.58641742, -9018.57170076, 1705.77425734)
(4568.62730546, -9018.53081402, 1705.77425734)
(4568.67286602, -9018.48525465, 1705.77425734)
(4568.73596267, -9018.42218817, 1705.77425733)
(4568.77963457, -9018.38126059, 1705.77425736)
(4568.83557109, -9018.33329284, 1705.77425737)
(4568.87869095, -9018.29846974, 1705.77425731)
(4568.9473225, -9018.24359067, 1705.77425734)
(4568.99598159, -9018.20456085, 1705.77425734)
(4569.05007574, -9018.16110574, 1705.77425734)
(4569.11092301, -9018.11221025, 1705.77425734)
(4569.15553415, -9018.07612902, 1705.77425734)
(4569.2193398, -9018.0243926, 1705.77425734)
(4569.27647349, -9017.97814325, 1705.77425734)
(4569.34672556, -9017.92119399, 1705.77425734)
(4569.3975152, -9017.88019123, 1705.77425734)
(4569.45607489, -9017.83301916, 1705.77425733)
(4569.50877489, -9017.79046754, 1705.77425733)
(4569.57558578, -9017.73647041, 1705.77425734)
(4569.63111261, -9017.69152092, 1705.77425734)
(4569.69494193, -9017.63976942, 1705.77425734)
(4569.74473989, -9017.5995217, 1705.77425734)
(4569.80358333, -9017.55205389, 1705.77425734)
(4569.84926426, -9017.51524614, 1705.77425734)
(4569.90753253, -9017.46837113, 1705.77425733)
(4569.95704614, -9017.42697446, 1705.77425732)
(4570.01970378, -9017.37296085, 1705.77425731)
(4570.06664664, -9017.33082308, 1705.77425734)
(4570.12262944, -9017.27853949, 1705.77425735)
(4570.16335256, -9017.23935401, 1705.77425735)
(4570.2186724, -9017.1856009, 1705.77425734)
(4570.25816095, -9017.14741459, 1705.77425733)
(4570.31220221, -9017.09516322, 1705.77425734)
(4570.36250353, -9017.04674438, 1705.77425734)
(4570.41674223, -9016.99466985, 1705.77425734)
(4570.46172981, -9016.95146333, 1705.77425734)
(4570.51331614, -9016.90200396, 1705.77425734)
(4570.55802917, -9016.85911456, 1705.77425734)
(4570.60531376, -9016.81411291, 1705.77425734)
(4570.66046217, -9016.76178755, 1705.77425734)
(4570.70564634, -9016.71878977, 1705.77425734)
(4570.75384982, -9016.67297056, 1705.77425734)
(4570.80468507, -9016.62454252, 1705.77425734)
(4570.84980791, -9016.58149763, 1705.77425734)
(4570.91041844, -9016.52358229, 1705.77425734)
(4570.94958508, -9016.48624786, 1705.77425734)
(4571.0061462, -9016.4324329, 1705.77425734)
(4571.04884916, -9016.38628498, 1705.77425738)
(4571.09963213, -9016.31450017, 1705.77425712)
(4571.12452985, -9016.27020536, 1705.77425748)
(4571.14365541, -9016.19779427, 1705.77425644)
(4571.15385496, -9016.13587933, 1705.77426085)
(4571.16695423, -9016.05178124, 1705.77425718)
(4571.17796013, -9015.99182823, 1705.77425748)
(4571.19241696, -9015.92058955, 1705.77425735)
(4571.20447082, -9015.84202786, 1705.77425738)
(4571.21995136, -9015.7455873, 1705.77425734)
(4571.22791934, -9015.69465574, 1705.77425734)
(4571.24242698, -9015.60374186, 1705.77425733)
(4571.24871081, -9015.52226879, 1705.77425744)
(4571.25470277, -9015.42406693, 1705.77425729)
(4571.24765449, -9015.34007031, 1705.77425754)
(4571.21088596, -9015.25051433, 1705.77425725)
(4571.1806684, -9015.20302986, 1705.77425727)
(4571.14119615, -9015.14855662, 1705.77425746)
(4571.09109747, -9015.08400721, 1705.77425719)
(4571.04165514, -9015.01742903, 1705.77425737)
(4570.99309859, -9014.95349496, 1705.77425738)
(4570.93893644, -9014.88513258, 1705.77425734)
(4570.89787613, -9014.83482937, 1705.77425736)
(4570.85030666, -9014.7776701, 1705.77425732)
(4570.81503217, -9014.73560551, 1705.77425736)
(4570.75949736, -9014.66956792, 1705.77425733)
(4570.72368404, -9014.62685224, 1705.77425734)
(4570.67217951, -9014.56550089, 1705.77425734)
(4570.62970034, -9014.51488903, 1705.77425734)
(4570.58186402, -9014.45800028, 1705.77425734)
(4570.55159788, -9014.41795847, 1705.77425737)
(4570.51431193, -9014.34130625, 1705.7742575)
(4570.49688351, -9014.27971998, 1705.77425726)
(4570.48970165, -9014.19708178, 1705.77425753)
(4570.4811571, -9014.14218836, 1705.77425742)
(4570.46436194, -9014.07563061, 1705.77425735)
(4570.45143689, -9014.01372432, 1705.77425734)
(4570.43461702, -9013.92831822, 1705.77425733)
(4570.42400763, -9013.85812084, 1705.77425733)
(4570.41098013, -9013.7741188, 1705.77425735)
(4570.40152432, -9013.71580862, 1705.77425734)
(4570.38862581, -9013.6367199, 1705.77425734)
(4570.3813963, -9013.57106464, 1705.77425731)
(4570.37391747, -9013.49428645, 1705.77425731)
(4570.37037738, -9013.42709075, 1705.77425734)
(4570.36659817, -9013.36445261, 1705.77425734)
(4570.36272981, -9013.3050887, 1705.77425734)
(4570.35699157, -9013.2201723, 1705.77425733)
(4570.35458243, -9013.15828318, 1705.77425733)
(4570.35188858, -9013.08688052, 1705.77425734)
(4570.34911554, -9013.02621665, 1705.77425734)
(4570.34586173, -9012.95690155, 1705.77425734)
(4570.3428022, -9012.88964168, 1705.77425734)
(4570.33950642, -9012.81619124, 1705.77425735)
(4570.33728791, -9012.76046026, 1705.77425735)
(4570.33406307, -9012.67872693, 1705.77425736)
(4570.3323611, -9012.61014327, 1705.77425735)
(4570.32999765, -9012.52382326, 1705.77425733)
(4570.32894238, -9012.45688009, 1705.77425735)
(4570.32776553, -9012.39326552, 1705.77425734)
(4570.32654725, -9012.32883074, 1705.77425734)
(4570.32547767, -9012.2594289, 1705.77425734)
(4570.32410016, -9012.1751713, 1705.77425734)
(4570.3232888, -9012.11279151, 1705.77425735)
(4570.32250748, -9012.05289723, 1705.77425735)
(4570.32158404, -9011.98557693, 1705.77425734)
(4570.32045225, -9011.89842972, 1705.77425734)
(4570.31909677, -9011.796421, 1705.77425734)
(4570.31827116, -9011.73116662, 1705.77425734)
(4570.31743089, -9011.65971332, 1705.77425734)
(4570.31700501, -9011.60021889, 1705.77425735)
(4570.31655811, -9011.53701235, 1705.77425733)
(4570.31593332, -9011.45316228, 1705.77425734)
(4570.31588429, -9011.38746881, 1705.77425735)
(4570.3157328, -9011.28873209, 1705.77425735)
(4570.31554523, -9011.1986871, 1705.77425734)
(4570.31543092, -9011.1202078, 1705.77425734)
(4570.31528981, -9011.05784206, 1705.77425734)
(4570.31508376, -9010.96780328, 1705.77425734)
(4570.31467047, -9010.89306292, 1705.77425733)
(4570.31406028, -9010.79477588, 1705.77425734)
(4570.31407135, -9010.71544796, 1705.77425735)
(4570.3140701, -9010.62622075, 1705.77425734)
(4570.31398128, -9010.55724588, 1705.77425734)
(4570.31390792, -9010.49405267, 1705.77425734)
(4570.31386402, -9010.43498882, 1705.77425734)
(4570.3139008, -9010.34205152, 1705.77425734)
(4570.31387593, -9010.26935982, 1705.77425734)
(4570.31385456, -9010.18551539, 1705.77425734)
(4570.31383426, -9010.11901873, 1705.77425734)
(4570.3138222, -9010.03517459, 1705.77425734)
(4570.31380926, -9009.98396012, 1705.77425734)
(4570.31380176, -9009.91374552, 1705.77425734)
(4570.31379218, -9009.84559651, 1705.77425734)
(4570.31386084, -9009.76009649, 1705.77425734)
(4570.31387814, -9009.68575301, 1705.77425734)
(4570.31389658, -9009.61058275, 1705.77425734)
(4570.31390678, -9009.5634984, 1705.77425734)
(4570.31392413, -9009.48213272, 1705.77425734)
(4570.31393859, -9009.40902781, 1705.77425734)
(4570.31395416, -9009.32848828, 1705.77425734)
(4570.31396632, -9009.26281768, 1705.77425734)
(4570.31397694, -9009.20292935, 1705.77425734)
(4570.31398864, -9009.13560661, 1705.77425734)
(4570.31400159, -9009.05506719, 1705.77425734)
(4570.31401306, -9008.98444012, 1705.77425734)
(4570.31402238, -9008.9204216, 1705.77425734)
(4570.31403216, -9008.8568159, 1705.77425734)
(4570.31404198, -9008.78618919, 1705.77425734)
(4570.31405378, -9008.70069337, 1705.77425734)
(4570.31406211, -9008.63791384, 1705.77425734)
(4570.31406858, -9008.56976519, 1705.77425734)
(4570.31407536, -9008.5135936, 1705.77425734)
(4570.31408333, -9008.43635874, 1705.77425734)
(4570.314091, -9008.37233988, 1705.77425734)
(4570.3140998, -9008.28312687, 1705.77425734)
(4570.31410687, -9008.22282512, 1705.77425734)
(4570.3141139, -9008.14559016, 1705.77425734)
(4570.31411958, -9008.08487574, 1705.77425734)
(4570.31412612, -9008.01837908, 1705.77425734)
(4570.31410648, -9007.94279703, 1705.77425734)
(4570.31410471, -9007.88745138, 1705.77425734)
(4570.31410103, -9007.81104239, 1705.77425734)
(4570.3140996, -9007.75652297, 1705.77425734)
(4570.31409746, -9007.69374375, 1705.77425734)
(4570.31408869, -9007.62270411, 1705.77425734)
(4570.31408565, -9007.55951089, 1705.77425734)
(4570.31408209, -9007.49962272, 1705.77425734)
(4570.31407973, -9007.44014702, 1705.77425734)
(4570.31407661, -9007.36952034, 1705.77425734)
(4570.31407023, -9007.29104625, 1705.77425734)
(4570.31406747, -9007.23404844, 1705.77425734)
(4570.31406377, -9007.16507369, 1705.77425734)
(4570.3140617, -9007.10188082, 1705.77425734)
(4570.31405854, -9007.02671085, 1705.77425734)
(4570.31405616, -9006.96517031, 1705.77425734)
(4570.31405152, -9006.89041314, 1705.77425734)
(4570.31404945, -9006.83052439, 1705.77425734)
(4570.31404604, -9006.75535439, 1705.77425734)
(4570.31404405, -9006.68803137, 1705.77425734)
(4570.31404126, -9006.61410038, 1705.77425734)
(4570.31403989, -9006.55627691, 1705.77425734)
(4570.3140382, -9006.49845373, 1705.77425734)
(4570.31403362, -9006.40841475, 1705.77425734)
(4570.31403205, -9006.3489392, 1705.77425734)
(4570.31402921, -9006.2729431, 1705.77425734)
(4570.31402767, -9006.20603307, 1705.77425734)
(4570.31402489, -9006.11599407, 1705.77425734)
(4570.31402315, -9006.02801999, 1705.77425734)
(4570.31401999, -9005.93302478, 1705.77425734)
(4570.3140186, -9005.86115862, 1705.77425734)
(4570.3140158, -9005.77277166, 1705.77425734)
(4570.3140147, -9005.71123111, 1705.77425734)
(4570.31401329, -9005.65753819, 1705.77425734)
(4570.31401217, -9005.58484594, 1705.77425734)
(4570.31401054, -9005.50637158, 1705.77425734)
(4570.31400687, -9005.41550649, 1705.77425734)
(4570.3140054, -9005.34116214, 1705.77425734)
(4570.31400283, -9005.26392693, 1705.77425734)
(4570.31400188, -9005.20982073, 1705.77425734)
(4570.31400034, -9005.14291105, 1705.77425734)
(4570.31399944, -9005.07724019, 1705.77425734)
(4570.31399797, -9004.99257051, 1705.77425734)
(4570.31399721, -9004.92855182, 1705.77425734)
(4570.31399579, -9004.8409909, 1705.77425734)
(4570.31399529, -9004.79060197, 1705.77425734)
(4570.31399436, -9004.7141927, 1705.77425734)
(4570.31399368, -9004.65347827, 1705.77425734)
(4570.3139923, -9004.57706905, 1705.77425734)
(4570.31399167, -9004.51965873, 1705.77425734)
(4570.31399055, -9004.43788016, 1705.77425734)
(4570.3139901, -9004.38336102, 1705.77425734)
(4570.31398923, -9004.30240852, 1705.77425734)
(4570.31398864, -9004.2458243, 1705.77425734)
(4570.31398727, -9004.16239365, 1705.77425734)
(4570.31398664, -9004.1049833, 1705.77425734)
(4570.3139858, -9004.03229123, 1705.77425734)
(4570.31398542, -9003.97859814, 1705.77425734)
(4570.3139847, -9003.9005368, 1705.77425734)
(4570.31398415, -9003.83817029, 1705.77425734)
(4570.31398311, -9003.76423916, 1705.77425734)
(4570.31398265, -9003.70187257, 1705.77425734)
(4570.31398196, -9003.62959355, 1705.77425734)
(4570.31398153, -9003.56516186, 1705.77425734)
(4570.31398083, -9003.48503536, 1705.77425734)
(4570.31398047, -9003.4193646, 1705.77425734)
(4570.31398008, -9003.35782415, 1705.77425734)
(4570.31397977, -9003.30123994, 1705.77425734)
(4570.31397911, -9003.22524371, 1705.77425734)
(4570.31397874, -9003.15957297, 1705.77425734)
(4570.3139781, -9003.07283812, 1705.77425734)
(4570.31397784, -9003.01501483, 1705.77425734)
(4570.31397745, -9002.94397486, 1705.77425734)
(4570.31397712, -9002.88078228, 1705.77425734)
(4570.31397644, -9002.80395997, 1705.77425734)
(4570.31397608, -9002.73787618, 1705.77425734)
(4570.31397562, -9002.66559713, 1705.77425734)
(4570.31397539, -9002.60488267, 1705.77425734)
(4570.313975, -9002.52640828, 1705.77425734)
(4570.31397477, -9002.4615636, 1705.77425734)
(4570.31397443, -9002.38804549, 1705.77425734)
(4570.31397417, -9002.31907061, 1705.77425734)
(4570.31397377, -9002.25298691, 1705.77425734)
(4570.31397356, -9002.19103338, 1705.77425734)
(4570.31397323, -9002.12412362, 1705.77425734)
(4570.313973, -9002.05597473, 1705.77425734)
(4570.31397275, -9001.98493473, 1705.77425734)
(4570.31397258, -9001.92711147, 1705.77425734)
(4570.31397224, -9001.85483242, 1705.77425734)
(4570.31397204, -9001.79163984, 1705.77425734)
(4570.31397172, -9001.71646963, 1705.77425734)
(4570.31397156, -9001.64625566, 1705.77425734)
(4570.31397132, -9001.56365103, 1705.77425734)
(4570.3139712, -9001.50169752, 1705.77425734)
(4570.31397099, -9001.43107054, 1705.77425734)
(4570.31397052, -9001.34557472, 1705.77425734)
(4570.31397035, -9001.28155607, 1705.77425734)
(4570.31396999, -9001.17582214, 1705.77425734)
(4570.31396981, -9001.10313003, 1705.77425734)
(4570.31396956, -9001.0399375, 1705.77425734)
(4570.31396941, -9000.97798399, 1705.77425734)
(4570.31396919, -9000.88629285, 1705.77425734)
(4570.3139691, -9000.8235133, 1705.77425734)
(4570.31396892, -9000.75040818, 1705.77425734)
(4570.31396881, -9000.69588908, 1705.77425734)
(4570.31396867, -9000.62526209, 1705.77425734)
(4570.31396857, -9000.55380906, 1705.77425734)
(4570.31396838, -9000.47037838, 1705.77425734)
(4570.31396825, -9000.39438209, 1705.77425734)
(4570.31396802, -9000.30806024, 1705.77425734)
(4570.31396794, -9000.24982396, 1705.77425734)
(4570.31396782, -9000.17465374, 1705.77425734)
(4570.31396777, -9000.1172435, 1705.77425734)
(4570.31396764, -9000.04207325, 1705.77425734)
(4570.31396755, -8999.97351136, 1705.77425734)
(4570.31396745, -8999.89049368, 1705.77425734)
(4570.3139674, -8999.81367135, 1705.77425734)
(4570.31396733, -8999.74097926, 1705.77425734)
(4570.31396726, -8999.67696066, 1705.77425734)
(4570.31396714, -8999.61583323, 1705.77425734)
(4570.31396708, -8999.55346672, 1705.77425734)
(4570.31396702, -8999.47953557, 1705.77425734)
(4570.31396698, -8999.41262579, 1705.77425734)
(4570.31396689, -8999.33249926, 1705.77425734)
(4570.31396681, -8999.26600249, 1705.77425734)
(4570.3139667, -8999.18835412, 1705.77425734)
(4570.31396667, -8999.12763969, 1705.77425734)
(4570.31396662, -8999.05783877, 1705.77425734)
(4570.31396657, -8998.99836341, 1705.77425734)
(4570.31396647, -8998.91204157, 1705.77425734)
(4570.31396644, -8998.84802297, 1705.77425734)
(4570.31396641, -8998.76707042, 1705.77425734)
(4570.31396636, -8998.68900901, 1705.77425734)
(4570.3139663, -8998.62044713, 1705.77425734)
(4570.31396626, -8998.56634107, 1705.77425734)
(4570.31396619, -8998.48662757, 1705.77425734)
(4570.31396618, -8998.4089792, 1705.77425734)
(4570.31396613, -8998.32637455, 1705.77425734)
(4570.31396608, -8998.26566013, 1705.77425734)
(4570.31396603, -8998.19833736, 1705.77425734)
(4570.31396601, -8998.12894946, 1705.77425734)
(4570.31396599, -8998.04014946, 1705.77425734)
(4570.31396597, -8997.97076153, 1705.77425734)
(4570.31396591, -8997.89352616, 1705.77425734)
(4570.31396587, -8997.81752987, 1705.77425734)
(4570.31396587, -8997.75970661, 1705.77425734)
(4570.31396584, -8997.68081918, 1705.77425734)
(4570.31396581, -8997.6155615, 1705.77425734)
(4570.31396575, -8997.53089174, 1705.77425734)
(4570.31396573, -8997.47059036, 1705.77425734)
(4570.31396572, -8997.38344246, 1705.77425734)
(4570.31396571, -8997.3239671, 1705.77425734)
(4570.31396568, -8997.25581825, 1705.77425734)
(4570.31396564, -8997.19097358, 1705.77425734)
(4570.31396562, -8997.11952054, 1705.77425734)
(4570.31396561, -8997.04476333, 1705.77425734)
(4570.31396561, -8996.97909263, 1705.77425734)
(4570.31396559, -8996.91548706, 1705.77425734)
(4570.31396556, -8996.84568613, 1705.77425734)
(4570.31396553, -8996.7630815, 1705.77425734)
(4570.31396554, -8996.68460708, 1705.77425734)
(4570.31396553, -8996.60406754, 1705.77425734)
(4570.3139655, -8996.5379838, 1705.77425734)
(4570.31396547, -8996.46653076, 1705.77425734)
(4570.31396544, -8996.36038377, 1705.77425734)
(4570.31396544, -8996.25836703, 1705.77425734)
(4570.31396543, -8996.19434843, 1705.77425734)
(4570.31396539, -8996.1138089, 1705.77425734)
(4570.31396539, -8996.0514424, 1705.77425734)
(4570.3139654, -8995.97833729, 1705.77425734)
(4570.3139654, -8995.91844891, 1705.77425734)
(4570.31396536, -8995.84369168, 1705.77425734)
(4570.31396534, -8995.77926003, 1705.77425734)
(4570.31396533, -8995.70863305, 1705.77425734)
(4570.31396534, -8995.65039677, 1705.77425734)
(4570.31396535, -8995.57316142, 1705.77425734)
(4570.31396533, -8995.50831677, 1705.77425734)
(4570.3139653, -8995.42529911, 1705.77425734)
(4570.31396529, -8995.36582377, 1705.77425734)
(4570.31396529, -8995.29189261, 1705.77425734)
(4570.3139653, -8995.22993912, 1705.77425734)
(4570.31396527, -8995.1465084, 1705.77425734)
(4570.31396525, -8995.07629443, 1705.77425734)
(4570.31396525, -8994.9854293, 1705.77425734)
(4570.31396527, -8994.92347581, 1705.77425734)
(4570.31396527, -8994.85160977, 1705.77425734)
(4570.31396525, -8994.78015675, 1705.77425734)
(4570.31396524, -8994.71242095, 1705.77425734)
(4570.31396523, -8994.63312049, 1705.77425734)
(4570.31396524, -8994.571167, 1705.77425734)
(4570.31396524, -8994.49971397, 1705.77425734)
(4570.31396522, -8994.44602093, 1705.77425734)
(4570.3139652, -8994.36754649, 1705.77425734)
(4570.3139652, -8994.30931021, 1705.77425734)
(4570.31396521, -8994.23496602, 1705.77425734)
(4570.31396522, -8994.17177346, 1705.77425734)
(4570.3139652, -8994.09825533, 1705.77425734)
(4570.31396519, -8994.03588882, 1705.77425734)
(4570.31396519, -8993.95576233, 1705.77425734)
(4570.3139652, -8993.89339582, 1705.77425734)
(4570.31396521, -8993.81905162, 1705.77425734)
(4570.31396519, -8993.75709812, 1705.77425734)
(4570.31396517, -8993.67655856, 1705.77425734)
(4570.31396517, -8993.613366, 1705.77425734)
(4570.31396518, -8993.54893437, 1705.77425734)
(4570.31396519, -8993.48615483, 1705.77425734)
(4570.31396519, -8993.40850647, 1705.77425734)
(4570.31396518, -8993.34490089, 1705.77425734)
(4570.31396517, -8993.27179579, 1705.77425734)
(4570.31396518, -8993.20777719, 1705.77425734)
(4570.31396518, -8993.12930276, 1705.77425734)
(4570.31396517, -8993.06941437, 1705.77425734)
(4570.31396515, -8992.99052691, 1705.77425734)
(4570.31396515, -8992.92279109, 1705.77425734)
(4570.31396517, -8992.85009899, 1705.77425734)
(4570.31396518, -8992.77534178, 1705.77425734)
(4570.31396517, -8992.71380132, 1705.77425734)
(4570.31396515, -8992.63615296, 1705.77425734)
(4570.31396515, -8992.57667762, 1705.77425734)
(4570.31396516, -8992.494486, 1705.77425734)
(4570.31396517, -8992.43294553, 1705.77425734)
(4570.31396516, -8992.3652097, 1705.77425734)
(4570.31396515, -8992.30903852, 1705.77425734)
(4570.31396514, -8992.24254176, 1705.77425734)
(4570.31396515, -8992.16902362, 1705.77425734)
(4570.31396516, -8992.11078734, 1705.77425734)
(4570.31396516, -8992.04676874, 1705.77425734)
(4570.31396516, -8991.97738084, 1705.77425734)
(4570.31396515, -8991.91955759, 1705.77425734)
(4570.31396515, -8991.85099574, 1705.77425734)
(4570.31396516, -8991.79069435, 1705.77425734)
(4570.31396516, -8991.70478549, 1705.77425734)
(4570.31396515, -8991.63498454, 1705.77425734)
(4570.31396514, -8991.56270546, 1705.77425734)
(4570.31396515, -8991.50446917, 1705.77425734)
(4570.31396516, -8991.44292871, 1705.77425734)
(4570.31396516, -8991.36775848, 1705.77425734)
(4570.31396516, -8991.305805, 1705.77425734)
(4570.31396515, -8991.22856966, 1705.77425734)
(4570.31396515, -8991.15752967, 1705.77425734)
(4570.31396516, -8991.08153339, 1705.77425734)
(4570.31396516, -8991.01214547, 1705.77425734)
(4570.31396515, -8990.92830173, 1705.77425734)
(4570.31396513, -8990.83330636, 1705.77425734)
(4570.31396515, -8990.74244124, 1705.77425734)
(4570.31396515, -8990.67140124, 1705.77425734)
(4570.31396515, -8990.60614357, 1705.77425734)
(4570.31396514, -8990.50784406, 1705.77425734)
(4570.31396515, -8990.42565243, 1705.77425734)
(4570.31396516, -8990.34015661, 1705.77425734)
(4570.31396515, -8990.2620952, 1705.77425734)
(4570.31396514, -8990.18775099, 1705.77425734)
(4570.31396514, -8990.13157982, 1705.77425734)
(4570.31396515, -8990.06508308, 1705.77425734)
(4570.31396517, -8989.99817331, 1705.77425734)
(4570.31396516, -8989.9089603, 1705.77425734)
(4570.31396515, -8989.83544217, 1705.77425734)
(4570.31396515, -8989.76398915, 1705.77425734)
(4570.31396516, -8989.71194822, 1705.77425734)
(4570.31396516, -8989.63801705, 1705.77425734)
(4570.31396515, -8989.57234634, 1705.77425734)
(4570.31396514, -8989.50378446, 1705.77425734)
(4570.31396514, -8989.43150538, 1705.77425734)
(4570.31396515, -8989.37244305, 1705.77425734)
(4570.31396515, -8989.29768584, 1705.77425734)
(4570.31396515, -8989.2382105, 1705.77425734)
(4570.31396515, -8989.16593144, 1705.77425734)
(4570.31396515, -8989.09365238, 1705.77425734)
(4570.31396515, -8989.03459006, 1705.77425734)
(4570.31396515, -8988.9519854, 1705.77425734)
(4570.31396515, -8988.8883798, 1705.77425734)
(4570.31396513, -8988.80536211, 1705.77425734)
(4570.31396513, -8988.74836489, 1705.77425734)
(4570.31396514, -8988.67278163, 1705.77425734)
(4570.31396515, -8988.61289326, 1705.77425734)
(4570.31396516, -8988.54846164, 1705.77425734)
(4570.31396514, -8988.46833513, 1705.77425734)
(4570.31396514, -8988.41092491, 1705.77425734)
(4570.31396514, -8988.33740678, 1705.77425734)
(4570.31396515, -8988.27504026, 1705.77425734)
(4570.31396515, -8988.20771746, 1705.77425734)
(4570.31396514, -8988.13378627, 1705.77425734)
(4570.31396513, -8988.06894161, 1705.77425734)
(4570.31396514, -8987.987163, 1705.77425734)
(4570.31396515, -8987.92644858, 1705.77425734)
(4570.31396515, -8987.85540859, 1705.77425734)
(4570.31396514, -8987.79841138, 1705.77425734)
(4570.31396514, -8987.72406721, 1705.77425734)
(4570.31396514, -8987.6509621, 1705.77425734)
(4570.31396515, -8987.58983466, 1705.77425734)
(4570.31396514, -8987.50062162, 1705.77425734)
(4570.31396513, -8987.4349509, 1705.77425734)
(4570.31396512, -8987.3676281, 1705.77425734)
(4570.31396513, -8987.30650065, 1705.77425734)
(4570.31396514, -8987.22843925, 1705.77425734)
(4570.31396515, -8987.16442065, 1705.77425734)
(4570.31396514, -8987.0834681, 1705.77425734)
(4570.31396514, -8987.02399276, 1705.77425734)
(4570.31396514, -8986.95832207, 1705.77425734)
(4570.31396514, -8986.89058626, 1705.77425734)
(4570.31396514, -8986.80385136, 1705.77425734)
(4570.31396513, -8986.73405041, 1705.77425734)
(4570.31396513, -8986.65144574, 1705.77425734)
(4570.31396514, -8986.58536202, 1705.77425734)
(4570.31396514, -8986.51390899, 1705.77425734)
(4570.31396515, -8986.45897691, 1705.77425734)
(4570.31396514, -8986.39248017, 1705.77425734)
(4570.31396513, -8986.29913693, 1705.77425734)
(4570.31396514, -8986.23553135, 1705.77425734)
(4570.31396514, -8986.15375274, 1705.77425734)
(4570.31396513, -8986.09551644, 1705.77425734)
(4570.31396512, -8986.02282433, 1705.77425734)
(4570.31396512, -8985.96541409, 1705.77425734)
(4570.31396513, -8985.88652664, 1705.77425734)
(4570.31396514, -8985.82292106, 1705.77425734)
(4570.31396513, -8985.73205595, 1705.77425734)
(4570.31396513, -8985.66390713, 1705.77425734)
(4570.31396512, -8985.59534528, 1705.77425734)
(4570.31396513, -8985.53752202, 1705.77425734)
(4570.31396513, -8985.46854713, 1705.77425734)
(4570.31396513, -8985.39998526, 1705.77425734)
(4570.31396512, -8985.32935826, 1705.77425734)
(4570.31396512, -8985.25336197, 1705.77425734)
(4570.31396512, -8985.16580103, 1705.77425734)
(4570.31396513, -8985.08443546, 1705.77425734)
(4570.31396511, -8984.98283175, 1705.77425734)
(4570.31396511, -8984.88122804, 1705.77425734)
(4570.31396512, -8984.79821036, 1705.77425734)
(4570.31399897, -8984.71767228, 1705.77425736)
(4570.31862611, -8984.65625868, 1705.77425728)
(4570.32557597, -8984.58238399, 1705.77425734)
(4570.34255171, -8984.50362481, 1705.77425744)
(4570.38248596, -8984.42295229, 1705.7742573)
(4570.41375437, -8984.35409284, 1705.77425734)
(4570.44383415, -8984.27183459, 1705.77425729)
(4570.46946744, -8984.21202282, 1705.77425731)
(4570.49634409, -8984.15181271, 1705.77425737)
(4570.51523818, -8984.09805688, 1705.77425745)
(4570.5320583, -8984.03205713, 1705.77425736)
(4570.55415527, -8983.94758128, 1705.77425734)
(4570.57285072, -8983.8861151, 1705.77425734)
(4570.59507394, -8983.81668701, 1705.77425735)
(4570.61018773, -8983.76056304, 1705.77425738)
(4570.62631899, -8983.69877842, 1705.77425732)
(4570.63779448, -8983.63163442, 1705.77425715)
(4570.64312185, -8983.57045398, 1705.77425731)
(4570.65125357, -8983.49760114, 1705.77425729)
(4570.65750898, -8983.44277993, 1705.77425734)
(4570.66636162, -8983.36784457, 1705.77425734)
(4570.67985132, -8983.3041038, 1705.77425739)
(4570.69984863, -8983.23027747, 1705.77425735)
(4570.71910486, -8983.16157264, 1705.77425746)
(4570.73149427, -8983.10160468, 1705.7742573)
(4570.74553374, -8983.02793115, 1705.77425737)
(4570.76029925, -8982.96999573, 1705.7742574)
(4570.77917694, -8982.9012608, 1705.77425733)
(4570.78941449, -8982.84007409, 1705.77425738)
(4570.79169819, -8982.75243363, 1705.77425737)
(4570.78822848, -8982.68772186, 1705.77425733)
(4570.78509693, -8982.60970434, 1705.77425737)
(4570.78669508, -8982.54921793, 1705.77425729)
(4570.78963482, -8982.48229667, 1705.77425734)
(4570.78661467, -8982.419296, 1705.77425721)
(4570.77410138, -8982.33990367, 1705.77425731)
(4570.77111073, -8982.27109577, 1705.77425709)
(4570.78817203, -8982.18578987, 1705.77425749)
(4570.80535258, -8982.12516583, 1705.77425727)
(4570.81799912, -8982.05610442, 1705.77425742)
(4570.82874421, -8981.98188681, 1705.77425736)
(4570.83917874, -8981.91865182, 1705.77425734)
(4570.85163537, -8981.84363437, 1705.77425734)
(4570.86647934, -8981.77808779, 1705.77425731)
(4570.88363927, -8981.7063089, 1705.7742573)
(4570.89841029, -8981.65359661, 1705.77425733)
(4570.91659971, -8981.58939471, 1705.77425737)
(4570.93615087, -8981.52133033, 1705.77425737)
(4570.95508479, -8981.45957029, 1705.77425734)
(4570.9764755, -8981.38862548, 1705.77425731)
(4570.99343869, -8981.33709727, 1705.77425735)
(4571.01719288, -8981.26553534, 1705.77425733)
(4571.03841419, -8981.19987211, 1705.77425734)
(4571.06180721, -8981.12713001, 1705.77425734)
(4571.08047638, -8981.06934995, 1705.77425734)
(4571.10352682, -8980.99822555, 1705.77425734)
(4571.1209027, -8980.94437551, 1705.77425734)
(4571.14540141, -8980.86852712, 1705.77425734)
(4571.16527569, -8980.80596653, 1705.77425733)
(4571.18891944, -8980.73117223, 1705.77425729)
(4571.20226064, -8980.67552699, 1705.77425724)
(4571.21550626, -8980.61517514, 1705.77425725)
(4571.22918541, -8980.54816444, 1705.77425735)
(4571.24720921, -8980.46521311, 1705.77425733)
(4571.25423121, -8980.38620127, 1705.77425714)
(4571.25413205, -8980.30269961, 1705.77425739)
(4571.24474094, -8980.24077507, 1705.77425713)
(4571.23113795, -8980.18420643, 1705.77425733)
(4571.20840644, -8980.1176219, 1705.7742574)
(4571.18025253, -8980.03690878, 1705.77425713)
(4571.15405746, -8979.9796927, 1705.77425665)
(4571.10930153, -8979.90992075, 1705.77430528)
(4571.07097612, -8979.86595814, 1705.77439628)
(4571.00455978, -8979.81165939, 1705.77437615)
(4570.93617657, -8979.7737365, 1705.77442221)
(4570.86229513, -8979.74953677, 1705.77433698)
(4570.76314372, -8979.73989925, 1705.77437187)
(4570.68781995, -8979.75148028, 1705.77461809)
(4570.58943784, -8979.78477621, 1705.77436957)
(4570.52480134, -8979.82387778, 1705.77426605)
(4570.44774636, -8979.89147191, 1705.77425774)
(4570.38924859, -8979.95327278, 1705.77425663)
(4570.32521155, -8980.02860275, 1705.77425757)
(4570.2735069, -8980.10354332, 1705.77425749)
(4570.23127877, -8980.16881553, 1705.77425736)
(4570.17523284, -8980.24510578, 1705.77425725)
(4570.12075939, -8980.30265749, 1705.77425806)
(4570.04299186, -8980.35583299, 1705.77439352)
(4569.98089831, -8980.3820923, 1705.77447674)
(4569.90680952, -8980.39628828, 1705.77425231)
(4569.85491145, -8980.40003772, 1705.77433645)
(4569.77878824, -8980.38751387, 1705.7742787)
(4569.70838697, -8980.36427865, 1705.77428275)
(4569.62837091, -8980.32410069, 1705.77425717)
(4569.56729134, -8980.28551025, 1705.77434422)
(4569.51619327, -8980.24683029, 1705.77427739)
(4569.46787862, -8980.20034859, 1705.77457901)
(4569.43095524, -8980.14334199, 1705.77457099)
(4569.39801304, -8980.07162721, 1705.77427576)
(4569.37647762, -8980.00763131, 1705.77452566)
(4569.37209495, -8979.93910999, 1705.77452515)
(4569.38588804, -8979.87466592, 1705.77426924)
(4569.41886317, -8979.79358211, 1705.77425759)
(4569.45240024, -8979.73694246, 1705.77426526)
(4569.49956852, -8979.67468531, 1705.77425739)
(4569.54123595, -8979.62613901, 1705.7742574)
(4569.58996865, -8979.57321176, 1705.77425735)
(4569.63128287, -8979.53162659, 1705.77425788)
(4569.68608693, -8979.48776374, 1705.77427879)
(4569.75585602, -8979.44109537, 1705.77425755)
(4569.81579156, -8979.40901393, 1705.77426366)
(4569.88942959, -8979.38080392, 1705.77430593)
(4569.94738843, -8979.35818725, 1705.77426078)
(4570.00800882, -8979.32508608, 1705.77434874)
(4570.0555423, -8979.28002297, 1705.77433348)
(4570.10129867, -8979.22006295, 1705.77440404)
(4570.1520313, -8979.15174773, 1705.77425754)
(4570.19889583, -8979.0960127, 1705.77425703)
(4570.24820614, -8979.04129891, 1705.7742571)
(4570.28126419, -8978.99925727, 1705.77425724)
(4570.31841518, -8978.94112538, 1705.77425734)
(4570.34988955, -8978.88412019, 1705.77425732)
(4570.38977884, -8978.81461903, 1705.77425733)
(4570.41790799, -8978.75386201, 1705.77425761)
(4570.43048826, -8978.69610656, 1705.77425747)
(4570.43474918, -8978.63003976, 1705.77425732)
(4570.43040885, -8978.56083518, 1705.77425726)
(4570.42716771, -8978.47875687, 1705.77425733)
(4570.41541951, -8978.4003609, 1705.77425738)
(4570.40549272, -8978.32970303, 1705.77425735)
(4570.39923726, -8978.26929913, 1705.77425735)
(4570.39270949, -8978.19939014, 1705.77425733)
(4570.38896431, -8978.13512715, 1705.77425734)
(4570.38467345, -8978.05927333, 1705.77425735)
(4570.38019374, -8977.9941704, 1705.77425734)
(4570.37553528, -8977.92659543, 1705.77425734)
(4570.3764643, -8977.86659108, 1705.77425754)
(4570.39623455, -8977.7893622, 1705.77425741)
(4570.42413451, -8977.72513928, 1705.77425738)
(4570.45341839, -8977.65273582, 1705.7742573)
(4570.47411603, -8977.59195552, 1705.77425732)
(4570.49599511, -8977.52186305, 1705.7742573)
(4570.51613618, -8977.47088539, 1705.77425757)
(4570.54556306, -8977.40351761, 1705.77425748)
(4570.57242908, -8977.3354734, 1705.77425734)
(4570.59862807, -8977.26855404, 1705.77425735)
(4570.62241567, -8977.20946587, 1705.77425733)
(4570.64643024, -8977.1500726, 1705.77425735)
(4570.66483831, -8977.09023573, 1705.7742573)
(4570.67762899, -8977.03085594, 1705.77425724)
(4570.70020922, -8976.9299498, 1705.77425734)
(4570.72067462, -8976.85308687, 1705.77425731)
(4570.75124851, -8976.74384529, 1705.77425734)
(4570.76215678, -8976.6667263, 1705.77425795)
(4570.75027153, -8976.57705714, 1705.77425899)
(4570.74125213, -8976.49093961, 1705.77425729)
(4570.75193434, -8976.41563705, 1705.77425739)
(4570.76500686, -8976.36969849, 1705.77425735)
(4570.7839884, -8976.30190739, 1705.77425733)
(4570.79563891, -8976.22809137, 1705.77425759)
(4570.80885258, -8976.15792023, 1705.77425742)
(4570.82457471, -8976.08207479, 1705.77425736)
(4570.83146289, -8976.01645014, 1705.77425758)
(4570.8311526, -8975.95420517, 1705.77425725)
(4570.83356178, -8975.90124501, 1705.77425734)
(4570.8404315, -8975.82707527, 1705.77425739)
(4570.84957061, -8975.75717335, 1705.77425739)
(4570.85912893, -8975.68284173, 1705.77425733)
(4570.85979449, -8975.61399355, 1705.77425742)
(4570.84697552, -8975.55317198, 1705.77425726)
(4570.83645576, -8975.49169097, 1705.77425736)
(4570.83132279, -8975.41325644, 1705.77425735)
(4570.82102704, -8975.34718778, 1705.77425764)
(4570.79779878, -8975.28387193, 1705.77425747)
(4570.7783908, -8975.22820012, 1705.77425735)
(4570.75819416, -8975.1583917, 1705.77425732)
(4570.74055266, -8975.10285307, 1705.77425736)
(4570.71727433, -8975.03137635, 1705.77425733)
(4570.69895962, -8974.97650799, 1705.77425733)
(4570.6755672, -8974.90635638, 1705.77425733)
(4570.65372643, -8974.84050855, 1705.77425734)
(4570.63015525, -8974.76914822, 1705.77425735)
(4570.61134541, -8974.71444648, 1705.77425733)
(4570.58963477, -8974.65116072, 1705.77425734)
(4570.56963478, -8974.5925375, 1705.77425734)
(4570.54614251, -8974.52376074, 1705.77425733)
(4570.52651978, -8974.46631674, 1705.77425734)
(4570.50268747, -8974.39678443, 1705.77425734)
(4570.48486629, -8974.34483525, 1705.77425734)
(4570.46055605, -8974.27415694, 1705.77425734)
(4570.44584611, -8974.21111413, 1705.77425746)
(4570.43758626, -8974.12999892, 1705.77425748)
(4570.42683097, -8974.05346108, 1705.7742573)
(4570.41642778, -8973.97740025, 1705.77425734)
(4570.40809296, -8973.90193622, 1705.77425733)
(4570.40139023, -8973.8362433, 1705.77425736)
(4570.39459658, -8973.77507156, 1705.77425734)
(4570.38929957, -8973.71504415, 1705.77425734)
(4570.38292693, -8973.64264935, 1705.77425735)
(4570.37700313, -8973.57764276, 1705.77425734)
(4570.36900982, -8973.49168726, 1705.77425735)
(4570.3625433, -8973.41968471, 1705.77425734)
(4570.35676545, -8973.35384112, 1705.77425735)
(4570.35072465, -8973.28512716, 1705.77425734)
(4570.34871078, -8973.22068937, 1705.77425726)
(4570.34747025, -8973.15219839, 1705.77425734)
(4570.34547758, -8973.09314963, 1705.77425733)
(4570.34265408, -8973.02215949, 1705.77425734)
(4570.34054567, -8972.9565004, 1705.77425735)
(4570.33841055, -8972.89250349, 1705.77425734)
(4570.33693551, -8972.83426179, 1705.77425735)
(4570.33522911, -8972.7669397, 1705.77425735)
(4570.3334705, -8972.70086923, 1705.77425735)
(4570.33141282, -8972.6244828, 1705.77425734)
(4570.32972939, -8972.56048202, 1705.77425734)
(4570.32810325, -8972.49689215, 1705.77425734)
(4570.32656733, -8972.43619345, 1705.77425734)
(4570.32492649, -8972.36929818, 1705.77425734)
(4570.32383586, -8972.30361139, 1705.77425734)
(4570.32297398, -8972.25197341, 1705.77425735)
(4570.32165491, -8972.17721677, 1705.77425734)
(4570.32118451, -8972.11853829, 1705.77425734)
(4570.32052699, -8972.03715039, 1705.77425734)
(4570.31999007, -8971.97807965, 1705.77425734)
(4570.31941401, -8971.91405634, 1705.77425734)
(4570.31892532, -8971.85581589, 1705.77425734)
(4570.31828961, -8971.77361842, 1705.77425734)
(4570.31787746, -8971.71496446, 1705.77425734)
(4570.31741785, -8971.64226564, 1705.77425734)
(4570.31697927, -8971.58155255, 1705.77425734)
(4570.31654271, -8971.51381558, 1705.77425734)
(4570.31604451, -8971.42046572, 1705.77425734)
(4570.31550826, -8971.33373332, 1705.77425734)
(4570.31519227, -8971.23417536, 1705.77425734)
(4570.31513624, -8971.15526762, 1705.77425734)
(4570.31505104, -8971.05530496, 1705.77425734)
(4570.31492889, -8970.97972117, 1705.77425734)
(4570.31489781, -8970.89834945, 1705.77425734)
(4570.3148484, -8970.84300389, 1705.77425734)
(4570.31484528, -8970.786417, 1705.77425734)
(4570.31480147, -8970.70505111, 1705.77425734)
(4570.31477894, -8970.63318374, 1705.77425734)
(4570.31488068, -8970.54478836, 1705.77425734)
(4570.31446234, -8970.47046773, 1705.77425733)
(4570.31396552, -8970.38498964, 1705.77425734)
(4570.31374262, -8970.3238601, 1705.77425734)
(4570.31357126, -8970.25653277, 1705.77425734)
(4570.31353648, -8970.20572102, 1705.77425734)
(4570.31354022, -8970.12640743, 1705.77425734)
(4570.31346204, -8970.06238871, 1705.77425734)
(4570.31341716, -8970.00249868, 1705.77425734)
(4570.31344301, -8969.92856165, 1705.77425734)
(4570.31341479, -8969.87197774, 1705.77425734)
(4570.31338424, -8969.80465469, 1705.77425734)
(4570.31335757, -8969.74765774, 1705.77425734)
(4570.31333509, -8969.68033443, 1705.77425734)
(4570.31340582, -8969.59689831, 1705.77425734)
(4570.31341614, -8969.53577153, 1705.77425734)
(4570.31342529, -8969.46431837, 1705.77425734)
(4570.31343189, -8969.4060823, 1705.77425734)
(4570.31343985, -8969.3358683, 1705.77425734)
(4570.313448, -8969.26111116, 1705.77425734)
(4570.31345466, -8969.19709259, 1705.77425734)
(4570.31346257, -8969.12233539, 1705.77425734)
(4570.31346796, -8969.06657734, 1705.77425734)
(4570.31347444, -8968.99760246, 1705.77425734)
(4570.31348059, -8968.92986668, 1705.77425734)
(4570.31348795, -8968.84437091, 1705.77425734)
(4570.31349583, -8968.74937556, 1705.77425734)
(4570.31350143, -8968.68081368, 1705.77425734)
(4570.31350593, -8968.6200993, 1705.77425734)
(4570.31351, -8968.56723227, 1705.77425734)
(4570.31351508, -8968.49701849, 1705.77425734)
(4570.31351971, -8968.41647903, 1705.77425734)
(4570.31352432, -8968.34874305, 1705.77425734)
(4570.31352844, -8968.27811614, 1705.77425734)
(4570.31353184, -8968.22648813, 1705.77425734)
(4570.31353585, -8968.15833949, 1705.77425734)
(4570.31353854, -8968.07945219, 1705.77425734)
(4570.31354262, -8968.0071728, 1705.77425734)
(4570.31354581, -8967.9270464, 1705.77425734)
(4570.31354904, -8967.86715786, 1705.77425734)
(4570.31355138, -8967.81181301, 1705.77425734)
(4570.31355516, -8967.7424249, 1705.77425734)
(4570.3135584, -8967.67055903, 1705.77425734)
(4570.31355927, -8967.59084563, 1705.77425734)
(4570.3135617, -8967.52847879, 1705.77425734)
(4570.31356314, -8967.4702428, 1705.77425734)
(4570.31356616, -8967.40044158, 1705.77425734)
(4570.31356863, -8967.32031517, 1705.77425734)
(4570.31357158, -8967.25381814, 1705.77425734)
(4570.31357343, -8967.19764718, 1705.77425734)
(4570.31357291, -8967.13528111, 1705.77425734)
(4570.31357474, -8967.06919693, 1705.77425734)
(4570.31357623, -8966.98824459, 1705.77425734)
(4570.31357877, -8966.91555216, 1705.77425734)
(4570.31358008, -8966.84079513, 1705.77425734)
(4570.313582, -8966.78544982, 1705.77425734)
(4570.31358345, -8966.72432263, 1705.77425734)
(4570.31358195, -8966.65286985, 1705.77425734)
(4570.31358319, -8966.58843767, 1705.77425734)
(4570.31358359, -8966.5140936, 1705.77425734)
(4570.3135853, -8966.45048782, 1705.77425734)
(4570.31358625, -8966.34847136, 1705.77425734)
(4570.31358844, -8966.26462738, 1705.77425734)
(4570.31358842, -8966.17954474, 1705.77425734)
(4570.31358974, -8966.11593893, 1705.77425734)
(4570.31358978, -8966.02672623, 1705.77425734)
(4570.31359156, -8965.94453433, 1705.77425734)
(4570.31359096, -8965.84045255, 1705.77425734)
(4570.31359207, -8965.75867377, 1705.77425734)
(4570.31358933, -8965.67152641, 1705.77425734)
(4570.31358955, -8965.5938776, 1705.77425734)
(4570.31358718, -8965.50838184, 1705.77425734)
(4570.31358734, -8965.45592757, 1705.77425734)
(4570.31358651, -8965.39480053, 1705.77425734)
(4570.31358728, -8965.31880389, 1705.77425734)
(4570.31358658, -8965.22050446, 1705.77425734)
(4570.31358737, -8965.14326881, 1705.77425734)
(4570.31358609, -8965.05323006, 1705.77425734)
(4570.31358659, -8964.98260291, 1705.77425734)
(4570.31358528, -8964.8950421, 1705.77425734)
(4570.31358594, -8964.82028454, 1705.77425734)
(4570.31358491, -8964.74346242, 1705.77425734)
(4570.31358533, -8964.69348641, 1705.77425734)
(4570.31358499, -8964.61707737, 1705.77425734)
(4570.31358488, -8964.54108089, 1705.77425734)
(4570.31358499, -8964.46673663, 1705.77425734)
(4570.31358086, -8964.38454528, 1705.77425734)
(4570.31358042, -8964.32259156, 1705.77425734)
(4570.31357897, -8964.26642073, 1705.77425734)
(4570.31357883, -8964.19703238, 1705.77425734)
(4570.31357777, -8964.1185581, 1705.77425734)
(4570.31357799, -8964.04421368, 1705.77425734)
(4570.31357724, -8963.9797823, 1705.77425734)
(4570.31357677, -8963.91452454, 1705.77425734)
(4570.31357477, -8963.84968009, 1705.77425734)
(4570.31863765, -8963.779605, 1705.77425726)
(4570.32543255, -8963.70654997, 1705.77425733)
(4570.3382249, -8963.63915321, 1705.77425697)
(4570.36938493, -8963.570317, 1705.77425727)
(4570.39709112, -8963.51674563, 1705.77425734)
(4570.41984308, -8963.46525907, 1705.77425729)
(4570.44518549, -8963.40064977, 1705.77425735)
(4570.46285719, -8963.33977292, 1705.77425762)
(4570.47757001, -8963.26625258, 1705.77425763)
(4570.49205511, -8963.21540226, 1705.77425938)
(4570.51961869, -8963.15096368, 1705.77425507)
(4570.54450385, -8963.09452648, 1705.77425779)
(4570.57175452, -8963.03232661, 1705.77425729)
(4570.59537959, -8962.98022831, 1705.77425737)
(4570.62919529, -8962.90560853, 1705.77425736)
(4570.64734885, -8962.85611654, 1705.77425735)
(4570.66331835, -8962.79429623, 1705.77425724)
(4570.6820129, -8962.72428491, 1705.77425733)
(4570.69998522, -8962.66538264, 1705.77425735)
(4570.71981732, -8962.60230368, 1705.77425733)
(4570.7322979, -8962.54531711, 1705.77425707)
(4570.73661658, -8962.48168021, 1705.77425743)
(4570.74351323, -8962.40201387, 1705.77425735)
(4570.75225567, -8962.33730556, 1705.77425737)
(4570.76282992, -8962.2648965, 1705.77425734)
(4570.76595708, -8962.21172, 1705.77425734)
(4570.75677072, -8962.14531914, 1705.77425726)
(4570.75293458, -8962.08267034, 1705.77425749)
(4570.76729613, -8961.99728253, 1705.77425725)
(4570.78577322, -8961.93527474, 1705.77425736)
(4570.8021611, -8961.87200374, 1705.77425731)
(4570.81359845, -8961.82105971, 1705.77425734)
(4570.82910188, -8961.74830907, 1705.77425733)
(4570.83757583, -8961.6753411, 1705.77425706)
(4570.84396446, -8961.61181243, 1705.77425745)
(4570.8544909, -8961.52995707, 1705.77425733)
(4570.85908428, -8961.4682827, 1705.77425735)
(4570.8633592, -8961.40748809, 1705.77425736)
(4570.86237851, -8961.34941935, 1705.77425737)
(4570.85255126, -8961.27797425, 1705.77425741)
(4570.84865749, -8961.19433917, 1705.77425741)
(4570.84169149, -8961.10518284, 1705.77425725)
(4570.81859013, -8961.00800237, 1705.77425736)
(4570.80550699, -8960.93201842, 1705.77425723)
(4570.79825409, -8960.83769545, 1705.77425733)
(4570.81123381, -8960.73902385, 1705.77425753)
(4570.84209999, -8960.63415237, 1705.77425731)
(4570.85496935, -8960.56497178, 1705.77425739)
(4570.85658416, -8960.47597034, 1705.77425166)
(4570.84859692, -8960.40843518, 1705.77425961)
(4570.83236897, -8960.32815674, 1705.77425738)
(4570.82476672, -8960.26711243, 1705.77425716)
(4570.81996667, -8960.20045064, 1705.77425742)
(4570.81412192, -8960.13255283, 1705.77425735)
(4570.81292195, -8960.07297809, 1705.77425729)
(4570.81256498, -8960.00693199, 1705.77425738)
(4570.82001203, -8959.93789214, 1705.7742574)
(4570.83192999, -8959.86930028, 1705.77425728)
(4570.84033333, -8959.80596513, 1705.77425736)
(4570.84736156, -8959.73817155, 1705.77425733)
(4570.85441275, -8959.68106579, 1705.77425734)
(4570.86306868, -8959.61087948, 1705.77425734)
(4570.8636268, -8959.54203216, 1705.77425733)
(4570.85976011, -8959.47887123, 1705.77425732)
(4570.85490132, -8959.4116053, 1705.77425733)
(4570.85216692, -8959.34147768, 1705.77425735)
(4570.84966152, -8959.28038118, 1705.77426178)
(4570.84717185, -8959.21563033, 1705.77425785)
(4570.83991755, -8959.1514683, 1705.77428199)
(4570.82496573, -8959.0930604, 1705.77425723)
(4570.81480127, -8959.02827148, 1705.77425723)
(4570.81593017, -8958.94052654, 1705.77425732)
(4570.82217392, -8958.88338035, 1705.77425732)
(4570.8288017, -8958.81027787, 1705.77425731)
(4570.83372835, -8958.75083677, 1705.77425735)
(4570.8378735, -8958.69182233, 1705.77425735)
(4570.84526502, -8958.63204225, 1705.7742573)
(4570.85636947, -8958.55066676, 1705.77425731)
(4570.85846692, -8958.48446688, 1705.77425763)
(4570.84753899, -8958.41881292, 1705.7742574)
(4570.82755208, -8958.35825931, 1705.77425756)
(4570.79830448, -8958.28621233, 1705.77425729)
(4570.76695509, -8958.22757222, 1705.77425725)
(4570.73105435, -8958.16716769, 1705.77425734)
(4570.70606425, -8958.12164896, 1705.77425735)
(4570.66852585, -8958.05118779, 1705.77425734)
(4570.63397493, -8957.99597436, 1705.77425767)
(4570.59053937, -8957.93583032, 1705.7742574)
(4570.5527397, -8957.87708284, 1705.77425732)
(4570.50589751, -8957.80037819, 1705.77425734)
(4570.47824521, -8957.74426935, 1705.77425732)
(4570.46440321, -8957.68001016, 1705.77425726)
(4570.46035563, -8957.61233243, 1705.77425733)
(4570.46516446, -8957.54701386, 1705.77425737)
(4570.46985403, -8957.46529434, 1705.77425737)
(4570.4824129, -8957.39769415, 1705.77425727)
(4570.50291345, -8957.33081239, 1705.77425728)
(4570.51374658, -8957.27323674, 1705.774257)
(4570.51743462, -8957.19975939, 1705.77425728)
(4570.51624614, -8957.14094929, 1705.77425733)
(4570.51524857, -8957.08114227, 1705.77425735)
(4570.51634602, -8956.997835, 1705.77425733)
(4570.5108404, -8956.93393807, 1705.77425733)
(4570.50074912, -8956.86980921, 1705.77425732)
(4570.49351604, -8956.81644246, 1705.77425733)
(4570.48492382, -8956.74008785, 1705.77425733)
(4570.47778617, -8956.6805863, 1705.77425733)
(4570.46860884, -8956.60266245, 1705.77425734)
(4570.4595533, -8956.54085612, 1705.77425733)
(4570.44805156, -8956.46274575, 1705.77425734)
(4570.44074411, -8956.41081391, 1705.77425734)
(4570.42952064, -8956.33064467, 1705.77425733)
(4570.42099887, -8956.27137624, 1705.77425733)
(4570.41021316, -8956.1974121, 1705.77425733)
(4570.39729696, -8956.1083073, 1705.77425734)
(4570.38675572, -8956.03889965, 1705.77425733)
(4570.37336701, -8955.9498624, 1705.77425734)
(4570.36927191, -8955.87793426, 1705.7742571)
(4570.36933857, -8955.78662182, 1705.77425738)
(4570.36400375, -8955.71094511, 1705.77425742)
(4570.3574684, -8955.64218776, 1705.77425737)
(4570.3550903, -8955.58433254, 1705.77425725)
(4570.35352953, -8955.53150074, 1705.77425731)
(4570.35063223, -8955.46670396, 1705.77425736)
(4570.34700215, -8955.39162075, 1705.77425735)
(4570.34410508, -8955.32848704, 1705.77425734)
(4570.34097224, -8955.25957633, 1705.77425733)
(4570.33867818, -8955.20219526, 1705.77425734)
(4570.33611187, -8955.13821389, 1705.77425735)
(4570.33402451, -8955.08372165, 1705.77425734)
(4570.33162284, -8955.02139286, 1705.77425734)
(4570.32905915, -8954.95452648, 1705.77425734)
(4570.32808513, -8954.89379809, 1705.77425734)
(4570.32725922, -8954.8322172, 1705.77425735)
(4570.32627018, -8954.78389241, 1705.77425734)
(4570.32469641, -8954.70955754, 1705.77425734)
(4570.32387908, -8954.64717189, 1705.77425735)
(4570.32289158, -8954.57115787, 1705.77425734)
(4570.32190287, -8954.50425027, 1705.77425734)
(4570.32103769, -8954.44436441, 1705.77425734)
(4570.32026334, -8954.38819385, 1705.77425734)
(4570.31984809, -8954.32911163, 1705.77425735)
(4570.31931387, -8954.24854645, 1705.77425734)
(4570.31873399, -8954.18742247, 1705.77425734)
(4570.31810972, -8954.12216799, 1705.77425734)
(4570.31738087, -8954.04617532, 1705.77425734)
(4570.31688405, -8953.9829765, 1705.77425734)
(4570.31648144, -8953.92349457, 1705.77425734)
(4570.31642693, -8953.86606556, 1705.77425735)
(4570.31636217, -8953.80161339, 1705.77425734)
(4570.3161716, -8953.73552682, 1705.77425734)
(4570.3159956, -8953.66076559, 1705.77425734)
(4570.31581469, -8953.6008781, 1705.77425734)
(4570.31559512, -8953.52777314, 1705.77425734)
(4570.31539397, -8953.47077904, 1705.77425734)
(4570.31513817, -8953.41419889, 1705.77425734)
(4570.31476957, -8953.34481743, 1705.77425734)
(4570.31464767, -8953.27872057, 1705.77425735)
(4570.31457035, -8953.20601839, 1705.77425734)
(4570.31442191, -8953.14365302, 1705.77425734)
(4570.31429858, -8953.0924383, 1705.77425734)
(4570.31412016, -8953.01850741, 1705.77425734)
(4570.31398605, -8952.96357587, 1705.77425734)
(4570.31379214, -8952.88510174, 1705.77425734)
(4570.31364624, -8952.82066864, 1705.77425734)
(4570.31355314, -8952.76821359, 1705.77425734)
(4570.31348172, -8952.70956167, 1705.77425734)
(4570.31345747, -8952.64016785, 1705.77425734)
(4570.31340064, -8952.58069165, 1705.77425734)
(4570.31338903, -8952.51336578, 1705.77425734)
(4570.31335163, -8952.45554252, 1705.77425734)
(4570.31336943, -8952.39028163, 1705.77425734)
(4570.31334911, -8952.33121949, 1705.77425734)
(4570.31333514, -8952.26596105, 1705.77425734)
(4570.31332174, -8952.21102887, 1705.77425734)
(4570.31335599, -8952.135443, 1705.77425734)
(4570.31335631, -8952.07101202, 1705.77425734)
(4570.31335827, -8951.99336336, 1705.77425734)
(4570.31335846, -8951.9359534, 1705.77425734)
(4570.3133595, -8951.86491311, 1705.77425734)
(4570.31336006, -8951.81369842, 1705.77425734)
(4570.31336305, -8951.7451364, 1705.77425734)
(4570.31336394, -8951.68524853, 1705.77425734)
(4570.31336561, -8951.60759983, 1705.77425734)
(4570.31336572, -8951.54812468, 1705.77425734)
(4570.31336637, -8951.4940184, 1705.77425734)
(4570.31337132, -8951.42586935, 1705.77425734)
(4570.31337291, -8951.36887269, 1705.77425734)
(4570.3133747, -8951.30567992, 1705.77425734)
(4570.31337607, -8951.24785669, 1705.77425734)
(4570.31337913, -8951.17970756, 1705.77425734)
(4570.31338036, -8951.11073302, 1705.77425734)
(4570.31338241, -8951.04506231, 1705.77425734)
(4570.31338322, -8950.98310914, 1705.77425734)
(4570.31338515, -8950.89596085, 1705.77425734)
(4570.31339715, -8950.79518252, 1705.77425734)
(4570.31340059, -8950.71629581, 1705.77425734)
(4570.31340508, -8950.62088735, 1705.77425734)
(4570.31340724, -8950.55397766, 1705.77425734)
(4570.31341009, -8950.48913284, 1705.77425734)
(4570.31341181, -8950.43337492, 1705.77425734)
(4570.31341395, -8950.37100836, 1705.77425734)
(4570.3134185, -8950.28633848, 1705.77425734)
(4570.31342081, -8950.21942897, 1705.77425734)
(4570.3134238, -8950.14425851, 1705.77425734)
(4570.31342558, -8950.08147914, 1705.77425734)
(4570.31342787, -8950.01374329, 1705.77425734)
(4570.31342924, -8949.9596374, 1705.77425734)
(4570.31343082, -8949.89974894, 1705.77425734)
(4570.31343356, -8949.82870878, 1705.77425734)
(4570.31343512, -8949.77005968, 1705.77425734)
(4570.31343724, -8949.69199825, 1705.77425734)
(4570.31343851, -8949.63045791, 1705.77425734)
(4570.31343978, -8949.57552576, 1705.77425734)
(4570.31344195, -8949.5090289, 1705.77425734)
(4570.31344315, -8949.45161879, 1705.77425734)
(4570.31344457, -8949.38883917, 1705.77425734)
(4570.31344571, -8949.33555923, 1705.77425734)
(4570.31344759, -8949.26451918, 1705.77425734)
(4570.31344865, -8949.21082627, 1705.77425734)
(4570.31345003, -8949.14350341, 1705.77425734)
(4570.31345119, -8949.082376, 1705.77425734)
(4570.313453, -8949.0084448, 1705.77425734)
(4570.31345409, -8948.94773051, 1705.77425734)
(4570.31345526, -8948.88701604, 1705.77425734)
(4570.31345611, -8948.83167099, 1705.77425734)
(4570.31345707, -8948.76971743, 1705.77425734)
(4570.31345858, -8948.69909039, 1705.77425734)
(4570.31345956, -8948.63383281, 1705.77425734)
(4570.3134609, -8948.55164115, 1705.77425734)
(4570.31346174, -8948.48555747, 1705.77425734)
(4570.3134628, -8948.41162628, 1705.77425734)
(4570.31346365, -8948.34843375, 1705.77425734)
(4570.31346433, -8948.29308865, 1705.77425734)
(4570.31346537, -8948.22204864, 1705.77425734)
(4570.31346617, -8948.15348682, 1705.77425734)
(4570.31346714, -8948.07501236, 1705.77425734)
(4570.31346779, -8948.01058074, 1705.77425734)
(4570.31346843, -8947.95234444, 1705.77425734)
(4570.31346904, -8947.89410817, 1705.77425734)
(4570.31346984, -8947.82389419, 1705.77425734)
(4570.31347047, -8947.75822352, 1705.77425734)
(4570.31347121, -8947.68264026, 1705.77425734)
(4570.31347178, -8947.61738261, 1705.77425734)
(4570.31347228, -8947.56079843, 1705.77425734)
(4570.31347297, -8947.49017145, 1705.77425734)
(4570.31347345, -8947.43276122, 1705.77425734)
(4570.31347399, -8947.36543841, 1705.77425734)
(4570.31347444, -8947.30555003, 1705.77425734)
(4570.31347486, -8947.24855281, 1705.77425734)
(4570.31347544, -8947.17420861, 1705.77425734)
(4570.3134758, -8947.12258071, 1705.77425734)
(4570.31347625, -8947.05608397, 1705.77425734)
(4570.31347666, -8946.99371747, 1705.77425734)
(4570.31347706, -8946.92928585, 1705.77425734)
(4570.31347754, -8946.84792028, 1705.77425734)
(4570.3134779, -8946.7880319, 1705.77425734)
(4570.31347825, -8946.7223612, 1705.77425734)
(4570.31347855, -8946.66825514, 1705.77425734)
(4570.31347885, -8946.61249699, 1705.77425734)
(4570.31347918, -8946.53773977, 1705.77425734)
(4570.31347951, -8946.4728951, 1705.77425734)
(4570.3134799, -8946.38492116, 1705.77425734)
(4570.31348024, -8946.31594628, 1705.77425734)
(4570.31348053, -8946.24531932, 1705.77425734)
(4570.31348078, -8946.19286536, 1705.77425734)
(4570.31348103, -8946.13297699, 1705.77425734)
(4570.31348122, -8946.05945886, 1705.77425734)
(4570.31348152, -8945.98387558, 1705.77425734)
(4570.31348182, -8945.88144579, 1705.77425734)
(4570.31348214, -8945.79636298, 1705.77425734)
(4570.3134823, -8945.71086718, 1705.77425734)
(4570.31348259, -8945.62454532, 1705.77425734)
(4570.31348266, -8945.55433139, 1705.77425734)
(4570.31348283, -8945.49320392, 1705.77425734)
(4570.31348296, -8945.41679464, 1705.77425734)
(4570.31348312, -8945.35731926, 1705.77425734)
(4570.31348328, -8945.27884485, 1705.77425734)
(4570.31348349, -8945.20945691, 1705.77425734)
(4570.31348366, -8945.12974341, 1705.77425734)
(4570.31348381, -8945.06324666, 1705.77425734)
(4570.3134838, -8944.99922807, 1705.77425734)
(4570.31348391, -8944.94429596, 1705.77425734)
(4570.31348399, -8944.87738622, 1705.77425734)
(4570.31348416, -8944.80882434, 1705.77425734)
(4570.31348426, -8944.74687087, 1705.77425734)
(4570.31348438, -8944.68656946, 1705.77425734)
(4570.31348439, -8944.62750715, 1705.77425734)
(4570.31348451, -8944.56142339, 1705.77425734)
(4570.31348459, -8944.48666618, 1705.77425734)
(4570.31348471, -8944.43173405, 1705.77425734)
(4570.3134848, -8944.37721498, 1705.77425734)
(4570.31348476, -8944.30700106, 1705.77425734)
(4570.31348486, -8944.24793871, 1705.77425734)
(4570.31348492, -8944.17400757, 1705.77425734)
(4570.31348498, -8944.1232057, 1705.77425734)
(4570.31348493, -8944.0517527, 1705.77425734)
(4570.31348499, -8943.9955815, 1705.77425734)
(4570.31348501, -8943.915455, 1705.77425734)
(4570.31348512, -8943.85515357, 1705.77425734)
(4570.31348518, -8943.79320008, 1705.77425734)
(4570.31348504, -8943.72794241, 1705.77425734)
(4570.3134851, -8943.66640189, 1705.77425734)
(4570.3134851, -8943.59453587, 1705.77425734)
(4570.3134852, -8943.53093028, 1705.77425734)
(4570.31348523, -8943.47310705, 1705.77425734)
(4570.31348528, -8943.41817495, 1705.77425734)
(4570.31348524, -8943.35250426, 1705.77425734)
(4570.31348532, -8943.28848562, 1705.77425734)
(4570.31348534, -8943.22529308, 1705.77425734)
(4570.31348538, -8943.16457865, 1705.77425734)
(4570.31348526, -8943.08858236, 1705.77425734)
(4570.3134853, -8943.03406325, 1705.77425734)
(4570.31348528, -8942.96467535, 1705.77425734)
(4570.31348534, -8942.905613, 1705.77425734)
(4570.31348538, -8942.84242048, 1705.77425734)
(4570.31348522, -8942.77798888, 1705.77425734)
(4570.31348523, -8942.72057861, 1705.77425734)
(4570.31348523, -8942.65573397, 1705.77425734)
(4570.31348524, -8942.59997581, 1705.77425734)
(4570.31348513, -8942.5334791, 1705.77425734)
(4570.31348514, -8942.47276463, 1705.77425734)
(4570.31348511, -8942.40544184, 1705.77425734)
(4570.31348518, -8942.34018412, 1705.77425734)
(4570.31348521, -8942.28070878, 1705.77425734)
(4570.31348506, -8942.21792928, 1705.77425734)
(4570.31348506, -8942.16258413, 1705.77425734)
(4570.31348504, -8942.09113114, 1705.77425734)
(4570.31348503, -8942.03000369, 1705.77425734)
(4570.31348488, -8941.95813765, 1705.77425734)
(4570.31348491, -8941.89164088, 1705.77425734)
(4570.31348481, -8941.81647066, 1705.77425734)
(4570.31348482, -8941.76153853, 1705.77425734)
(4570.3134848, -8941.69751993, 1705.77425734)
(4570.3134848, -8941.64093571, 1705.77425734)
(4570.31348467, -8941.56287433, 1705.77425734)
(4570.31348469, -8941.50092082, 1705.77425734)
(4570.31348461, -8941.42575062, 1705.77425734)
(4570.31348465, -8941.36916641, 1705.77425734)
(4570.31348464, -8941.3063869, 1705.77425734)
(4570.31348465, -8941.24195526, 1705.77425734)
(4570.31348451, -8941.1643069, 1705.77425734)
(4570.31348451, -8941.09946221, 1705.77425734)
(4570.31348442, -8941.02263989, 1705.77425734)
(4570.31348445, -8940.96233845, 1705.77425734)
(4570.31348443, -8940.89955892, 1705.77425734)
(4570.31348443, -8940.8425617, 1705.77425734)
(4570.31348431, -8940.77234779, 1705.77425734)
(4570.31348431, -8940.71493753, 1705.77425734)
(4570.31348426, -8940.63728918, 1705.77425734)
(4570.31348429, -8940.57492265, 1705.77425734)
(4570.31348427, -8940.49892638, 1705.77425734)
(4570.31348396, -8940.41219153, 1705.77425734)
(4570.31348392, -8940.33784728, 1705.77425734)
(4570.3134837, -8940.25317751, 1705.77425734)
(4570.31348369, -8940.173464, 1705.77425734)
(4570.31348348, -8940.09168541, 1705.77425734)
(4570.31348347, -8940.0384054, 1705.77425734)
(4570.31348337, -8939.97521287, 1705.77425734)
(4570.31348338, -8939.91656354, 1705.77425734)
(4570.31348335, -8939.8339589, 1705.77425734)
(4570.31348339, -8939.764984, 1705.77425734)
(4570.31348336, -8939.69353098, 1705.77425734)
(4570.31348335, -8939.63942491, 1705.77425734)
(4570.31348326, -8939.57788444, 1705.77425734)
(4570.31348326, -8939.52419138, 1705.77425734)
(4570.31348325, -8939.45604255, 1705.77425734)
(4570.31348324, -8939.39285, 1705.77425734)
(4570.31348312, -8939.32470119, 1705.77425734)
(4570.31348311, -8939.27059512, 1705.77425734)
(4570.31348308, -8939.21359793, 1705.77425734)
(4570.31348311, -8939.15742675, 1705.77425734)
(4570.31348312, -8939.09051699, 1705.77425734)
(4570.31348298, -8939.01080351, 1705.77425734)
(4570.31348298, -8938.95298021, 1705.77425734)
(4570.31348295, -8938.88813556, 1705.77425734)
(4570.31348297, -8938.83113832, 1705.77425734)
(4570.31348298, -8938.77414112, 1705.77425734)
(4570.31348285, -8938.69690579, 1705.77425734)
(4570.31348285, -8938.62710485, 1705.77425734)
(4570.3134828, -8938.55358673, 1705.77425734)
(4570.31348282, -8938.50030672, 1705.77425734)
(4570.31348281, -8938.44702672, 1705.77425734)
(4570.31348267, -8938.37061744, 1705.77425734)
(4570.31348265, -8938.30866391, 1705.77425734)
(4570.3134826, -8938.23349367, 1705.77425734)
(4570.31348262, -8938.16740992, 1705.77425734)
(4570.31348261, -8938.11330387, 1705.77425734)
(4570.31348249, -8938.05548064, 1705.77425734)
(4570.31348249, -8937.98650573, 1705.77425734)
(4570.31348244, -8937.90927041, 1705.77425734)
(4570.31348246, -8937.84236063, 1705.77425734)
(4570.31348243, -8937.77627692, 1705.77425734)
(4570.31348242, -8937.72340994, 1705.77425734)
(4570.31348236, -8937.67012995, 1705.77425734)
(4570.31348236, -8937.60074201, 1705.77425734)
(4570.31348231, -8937.52309363, 1705.77425734)
(4570.31348234, -8937.45329267, 1705.77425734)
(4570.31348233, -8937.39051314, 1705.77425734)
(4570.3134822, -8937.3273206, 1705.77425734)
(4570.31348218, -8937.27651872, 1705.77425734)
(4570.31348214, -8937.20754386, 1705.77425734)
(4570.31348212, -8937.14228618, 1705.77425734)
(4570.31348212, -8937.08652804, 1705.77425734)
(4570.31348206, -8937.03118294, 1705.77425734)
(4570.31348207, -8936.96799035, 1705.77425734)
(4570.31348203, -8936.89488523, 1705.77425734)
(4570.31348202, -8936.84036614, 1705.77425734)
(4570.31348193, -8936.77758661, 1705.77425734)
(4570.31348193, -8936.72348053, 1705.77425734)
(4570.31348191, -8936.65450566, 1705.77425734)
(4570.3134819, -8936.59090008, 1705.77425734)
(4570.31348177, -8936.51118662, 1705.77425734)
(4570.31348174, -8936.45005916, 1705.77425734)
(4570.31348168, -8936.3848015, 1705.77425734)
(4570.31348169, -8936.33028241, 1705.77425734)
(4570.31348167, -8936.26708986, 1705.77425734)
(4570.31348166, -8936.19935402, 1705.77425734)
(4570.31348155, -8936.12005355, 1705.77425734)
(4570.31348155, -8936.0593391, 1705.77425734)
(4570.3134815, -8935.99036422, 1705.77425734)
(4570.31348151, -8935.93047584, 1705.77425734)
(4570.3134815, -8935.87595679, 1705.77425734)
(4570.31348137, -8935.80574286, 1705.77425734)
(4570.31348135, -8935.75039772, 1705.77425734)
(4570.31348131, -8935.67564052, 1705.77425734)
(4570.31348133, -8935.61038283, 1705.77425734)
(4570.31348131, -8935.55379865, 1705.77425734)
(4570.3134812, -8935.49225819, 1705.77425734)
(4570.31348118, -8935.43236978, 1705.77425734)
(4570.31348114, -8935.35926465, 1705.77425734)
(4570.31348116, -8935.2981372, 1705.77425734)
(4570.31348116, -8935.24733534, 1705.77425734)
(4570.31348108, -8935.18496885, 1705.77425734)
(4570.31348107, -8935.1131028, 1705.77425734)
(4570.31348102, -8935.01232514, 1705.77425734)
(4570.31348103, -8934.92104699, 1705.77425734)
(4570.31348093, -8934.82935583, 1705.77425734)
(4570.31348092, -8934.7653372, 1705.77425734)
(4570.31348084, -8934.68521067, 1705.77425734)
(4570.31348084, -8934.63358275, 1705.77425734)
(4570.31348082, -8934.56171671, 1705.77425734)
(4570.31348083, -8934.49811112, 1705.77425734)
(4570.31348082, -8934.43161439, 1705.77425734)
(4570.31348067, -8934.34818371, 1705.77425734)
(4570.31348066, -8934.28829532, 1705.77425734)
(4570.31348061, -8934.22138557, 1705.77425734)
(4570.31348061, -8934.16645345, 1705.77425734)
(4570.31348059, -8934.11854275, 1705.77425734)
(4570.31348059, -8934.06071948, 1705.77425734)
(4570.31348053, -8933.98637528, 1705.77425734)
(4570.31348054, -8933.92607387, 1705.77425734)
(4570.31348053, -8933.85792504, 1705.77425734)
(4570.31348053, -8933.80010178, 1705.77425734)
(4570.31348047, -8933.73732227, 1705.77425734)
(4570.31348045, -8933.68404226, 1705.77425734)
(4570.31348043, -8933.62291483, 1705.77425734)
(4570.31348043, -8933.55765715, 1705.77425734)
(4570.31348036, -8933.48124785, 1705.77425734)
(4570.31348034, -8933.41557713, 1705.77425734)
(4570.31348029, -8933.3441241, 1705.77425734)
(4570.31348029, -8933.29208315, 1705.77425734)
(4570.31348029, -8933.23673803, 1705.77425734)
(4570.31348021, -8933.1685892, 1705.77425734)
(4570.3134802, -8933.10044035, 1705.77425734)
(4570.31348016, -8933.02609619, 1705.77425734)
(4570.31348016, -8932.9624906, 1705.77425734)
(4570.31348015, -8932.91499294, 1705.77425734)
(4570.31348009, -8932.86129992, 1705.77425734)
(4570.31348008, -8932.80223757, 1705.77425734)
(4570.31348005, -8932.72128501, 1705.77425734)
(4570.31348003, -8932.65065801, 1705.77425734)
(4570.31347993, -8932.56929242, 1705.77425734)
(4570.31347991, -8932.50238264, 1705.77425734)
(4570.31347986, -8932.44042916, 1705.77425734)
(4570.31347985, -8932.38838822, 1705.77425734)
(4570.31347983, -8932.33097801, 1705.77425734)
(4570.31347981, -8932.26448126, 1705.77425734)
(4570.31347981, -8932.20376685, 1705.77425734)
(4570.31347976, -8932.12735755, 1705.77425734)
(4570.31347975, -8932.07366451, 1705.77425734)
(4570.31347973, -8932.01460218, 1705.77425734)
(4570.31347972, -8931.96173519, 1705.77425734)
(4570.31347967, -8931.89193425, 1705.77425734)
(4570.31347967, -8931.83535004, 1705.77425734)
(4570.31347966, -8931.76472307, 1705.77425734)
(4570.31347965, -8931.70607377, 1705.77425734)
