(4531.72182181, -9066.73000056, 1705.7743368)
(4531.77736011, -9066.73011244, 1705.77461949)
(4531.87195188, -9066.73027939, 1705.7742578)
(4531.98594255, -9066.73044952, 1705.7742572)
(4532.04252494, -9066.73050751, 1705.77425727)
(4532.13587616, -9066.73046648, 1705.77425734)
(4532.21280748, -9066.724985, 1705.77425734)
(4532.32195313, -9066.71770103, 1705.77425739)
(4532.41484207, -9066.69720054, 1705.77425745)
(4532.48438477, -9066.65807302, 1705.77425742)
(4532.53178945, -9066.620309, 1705.77425749)
(4532.57969332, -9066.57659461, 1705.77425731)
(4532.63730831, -9066.52533588, 1705.77425732)
(4532.70314998, -9066.47211213, 1705.77425734)
(4532.75658022, -9066.4276868, 1705.77425736)
(4532.81564309, -9066.37711381, 1705.77425737)
(4532.85914003, -9066.33900776, 1705.77425734)
(4532.90841057, -9066.29502118, 1705.77425735)
(4532.96602666, -9066.24305941, 1705.77425734)
(4533.02092728, -9066.19359157, 1705.77425733)
(4533.0840986, -9066.13663642, 1705.77425734)
(4533.12953798, -9066.09575141, 1705.77425735)
(4533.1767852, -9066.05317973, 1705.77425734)
(4533.22159677, -9066.01283052, 1705.77425735)
(4533.28048777, -9065.95973403, 1705.77425734)
(4533.33173415, -9065.91356707, 1705.77425734)
(4533.38571892, -9065.86489178, 1705.77425735)
(4533.4387954, -9065.81705286, 1705.77425735)
(4533.48450882, -9065.77585088, 1705.77425734)
(4533.54061292, -9065.72521366, 1705.77425734)
(4533.58508806, -9065.68510561, 1705.77425734)
(4533.64275155, -9065.6331042, 1705.77425734)
(4533.6850802, -9065.59493366, 1705.77425734)
(4533.73415616, -9065.55067796, 1705.77425734)
(4533.77648476, -9065.51250734, 1705.77425734)
(4533.83629575, -9065.45856958, 1705.77425734)
(4533.88567948, -9065.41403746, 1705.77425734)
(4533.95101177, -9065.35512203, 1705.77425734)
(4534.00100913, -9065.31003708, 1705.77425734)
(4534.05407319, -9065.26218585, 1705.77425734)
(4534.09210829, -9065.22788821, 1705.77425734)
(4534.13903821, -9065.18556953, 1705.77425734)
(4534.19762266, -9065.13273932, 1705.77425734)
(4534.25068763, -9065.08488878, 1705.77425734)
(4534.30927319, -9065.03205924, 1705.77425734)
(4534.35957788, -9064.98669833, 1705.77425734)
(4534.40252045, -9064.94797553, 1705.77425734)
(4534.45251851, -9064.90289154, 1705.77425734)
(4534.49944891, -9064.86057349, 1705.77425734)
(4534.56018175, -9064.80580795, 1705.77425734)
(4534.60557884, -9064.76487266, 1705.77425734)
(4534.65312272, -9064.72200126, 1705.77425734)
(4534.70005359, -9064.67968336, 1705.77425734)
(4534.76446821, -9064.62160002, 1705.77425734)
(4534.82918983, -9064.56324007, 1705.77425734)
(4534.88440286, -9064.5134546, 1705.77425734)
(4534.95035146, -9064.45398856, 1705.77425734)
(4535.00403082, -9064.40558614, 1705.77425734)
(4535.05801683, -9064.35690708, 1705.77425734)
(4535.1058682, -9064.31375979, 1705.77425734)
(4535.14850502, -9064.27531451, 1705.77425734)
(4535.20801237, -9064.22165701, 1705.77425734)
(4535.25954472, -9064.17519088, 1705.77425734)
(4535.31997251, -9064.12070382, 1705.77425734)
(4535.36997128, -9064.07562072, 1705.77425734)
(4535.41475544, -9064.03523956, 1705.77425734)
(4535.4629138, -9063.99181604, 1705.77425734)
(4535.51444634, -9063.94535015, 1705.77425734)
(4535.5751812, -9063.89058684, 1705.77425734)
(4535.62057898, -9063.84965266, 1705.77425734)
(4535.66382963, -9063.81065461, 1705.77425734)
(4535.70401282, -9063.77442238, 1705.77425734)
(4535.76628153, -9063.71827632, 1705.77425734)
(4535.81444009, -9063.67485303, 1705.77425734)
(4535.87701574, -9063.61843062, 1705.77425734)
(4535.91934623, -9063.58026248, 1705.77425734)
(4535.96995893, -9063.5346267, 1705.77425734)
(4536.01106247, -9063.49756489, 1705.77425734)
(4536.06167517, -9063.4519291, 1705.77425734)
(4536.1135148, -9063.40518702, 1705.77425734)
(4536.17486376, -9063.34987125, 1705.77425734)
(4536.23130458, -9063.29898056, 1705.77425734)
(4536.31136513, -9063.22679354, 1705.77425734)
(4536.35983067, -9063.183094, 1705.77425734)
(4536.41627192, -9063.13220371, 1705.77425734)
(4536.47393981, -9063.08020688, 1705.77425734)
(4536.54019708, -9063.02046607, 1705.77425734)
(4536.61442933, -9062.953534, 1705.77425734)
(4536.67056401, -9062.90292058, 1705.77425734)
(4536.71688234, -9062.86115719, 1705.77425734)
(4536.76166713, -9062.82077666, 1705.77425734)
(4536.82393686, -9062.76463156, 1705.77425734)
(4536.87761715, -9062.71623035, 1705.77425734)
(4536.94050016, -9062.65953209, 1705.77425734)
(4536.99878166, -9062.60698218, 1705.77425734)
(4537.05031518, -9062.56051724, 1705.77425734)
(4537.08773804, -9062.52677467, 1705.77425734)
(4537.14970073, -9062.47090597, 1705.77425734)
(4537.19939334, -9062.42610028, 1705.77425734)
(4537.25184692, -9062.37880544, 1705.77425734)
(4537.29908634, -9062.33621289, 1705.77425734)
(4537.34172395, -9062.29776869, 1705.77425734)
(4537.40368682, -9062.2419002, 1705.77425734)
(4537.45368623, -9062.19681803, 1705.77425734)
(4537.51503559, -9062.14150264, 1705.77425734)
(4537.55767317, -9062.10305829, 1705.77425734)
(4537.60215145, -9062.06295452, 1705.77425734)
(4537.65307126, -9062.01704266, 1705.77425734)
(4537.71564782, -9061.96062133, 1705.77425734)
(4537.76748785, -9061.91387981, 1705.77425734)
(4537.82607678, -9061.86105379, 1705.77425734)
(4537.87024818, -9061.82122669, 1705.77425734)
(4537.91932773, -9061.77697448, 1705.77425734)
(4537.96165854, -9061.7388068, 1705.77425734)
(4538.01165822, -9061.69372471, 1705.77425734)
(4538.06656641, -9061.64421787, 1705.77425734)
(4538.10920412, -9061.60577372, 1705.77425734)
(4538.1644187, -9061.55599002, 1705.77425734)
(4538.21227097, -9061.51284397, 1705.77425734)
(4538.27423388, -9061.45697554, 1705.77425734)
(4538.32668761, -9061.40968094, 1705.77425734)
(4538.3711659, -9061.36957727, 1705.77425734)
(4538.4242335, -9061.32172988, 1705.77425734)
(4538.47085889, -9061.27969033, 1705.77425734)
(4538.52914099, -9061.227141, 1705.77425734)
(4538.57760687, -9061.18344183, 1705.77425734)
(4538.62914054, -9061.13697701, 1705.77425734)
(4538.67607283, -9061.09466085, 1705.77425734)
(4538.72300503, -9061.05234464, 1705.77425734)
(4538.78282106, -9060.99841265, 1705.77425734)
(4538.82975329, -9060.95609651, 1705.77425734)
(4538.88650183, -9060.90493003, 1705.77425734)
(4538.93190027, -9060.86399672, 1705.77425734)
(4538.97913939, -9060.82140406, 1705.77425734)
(4539.03005934, -9060.77549246, 1705.77425734)
(4539.07913882, -9060.73124019, 1705.77425734)
(4539.13680776, -9060.67924412, 1705.77425734)
(4539.18159276, -9060.63886401, 1705.77425734)
(4539.23128595, -9060.59405881, 1705.77425734)
(4539.27361688, -9060.55589128, 1705.77425734)
(4539.32300323, -9060.5113625, 1705.77425734)
(4539.3868074, -9060.45383523, 1705.77425734)
(4539.43926111, -9060.40654074, 1705.77425734)
(4539.4880342, -9060.36256547, 1705.77425734)
(4539.52607071, -9060.32827007, 1705.77425734)
(4539.59416876, -9060.26687027, 1705.77425734)
(4539.64570219, -9060.22040538, 1705.77425734)
(4539.70582484, -9060.16619654, 1705.77425734)
(4539.74723573, -9060.12885885, 1705.77425734)
(4539.79876971, -9060.08239458, 1705.77425734)
(4539.84907619, -9060.03703622, 1705.77425734)
(4539.92300281, -9059.97038169, 1705.77425734)
(4539.97269581, -9059.92557639, 1705.77425734)
(4540.03373884, -9059.87053819, 1705.77425734)
(4540.07606987, -9059.83237075, 1705.77425734)
(4540.12392268, -9059.789225, 1705.77425734)
(4540.16962791, -9059.7480151, 1705.77425734)
(4540.2208548, -9059.70182687, 1705.77425734)
(4540.27975088, -9059.64872494, 1705.77425734)
(4540.33005736, -9059.60336667, 1705.77425734)
(4540.39018024, -9059.54915805, 1705.77425734)
(4540.45643756, -9059.48941754, 1705.77425734)
(4540.5205482, -9059.43161362, 1705.77425734)
(4540.58005708, -9059.37795797, 1705.77425734)
(4540.6555176, -9059.30992082, 1705.77425734)
(4540.69968927, -9059.27009398, 1705.77425734)
(4540.76717427, -9059.20924779, 1705.77425734)
(4540.82208198, -9059.15974088, 1705.77425734)
(4540.89815602, -9059.09115066, 1705.77425734)
(4540.9656405, -9059.03030404, 1705.77425734)
(4541.02392254, -9058.97775467, 1705.77425734)
(4541.07177495, -9058.93460875, 1705.77425734)
(4541.12238833, -9058.88897376, 1705.77425734)
(4541.16655996, -9058.84914682, 1705.77425734)
(4541.22944365, -9058.79244904, 1705.77425734)
(4541.27361521, -9058.75262215, 1705.77425734)
(4541.32422869, -9058.70698731, 1705.77425734)
(4541.37085416, -9058.66494779, 1705.77425734)
(4541.42913631, -9058.61239838, 1705.77425734)
(4541.47514847, -9058.57091201, 1705.77425734)
(4541.52974995, -9058.52168186, 1705.77425734)
(4541.57576199, -9058.48019564, 1705.77425734)
(4541.63189699, -9058.42958247, 1705.77425734)
(4541.6763753, -9058.38947898, 1705.77425734)
(4541.73557776, -9058.33609988, 1705.77425734)
(4541.78312349, -9058.29323054, 1705.77425734)
(4541.83312337, -9058.2481487, 1705.77425734)
(4541.88373715, -9058.2025142, 1705.77425734)
(4541.92668176, -9058.16379372, 1705.77425734)
(4541.9815898, -9058.11428673, 1705.77425734)
(4542.0248411, -9058.07528949, 1705.77425734)
(4542.08097594, -9058.02467618, 1705.77425734)
(4542.13619045, -9057.97489261, 1705.77425734)
(4542.18833752, -9057.9278747, 1705.77425734)
(4542.23619052, -9057.88472909, 1705.77425734)
(4542.28220258, -9057.84324273, 1705.77425734)
(4542.33649704, -9057.79428896, 1705.77425734)
(4542.38404276, -9057.7514197, 1705.77425734)
(4542.4417114, -9057.69942349, 1705.77425734)
(4542.4840426, -9057.66125604, 1705.77425734)
(4542.53803056, -9057.61257897, 1705.77425734)
(4542.58373587, -9057.57136927, 1705.77425734)
(4542.6429383, -9057.51799037, 1705.77425734)
(4542.69416504, -9057.4718022, 1705.77425734)
(4542.75398104, -9057.41786998, 1705.77425734)
(4542.79815262, -9057.37804304, 1705.77425734)
(4542.84999301, -9057.33130178, 1705.77425734)
(4542.89447137, -9057.29119834, 1705.77425734)
(4542.95183348, -9057.23947897, 1705.77425734)
(4543.00121981, -9057.1949503, 1705.77425734)
(4543.05796835, -9057.14378391, 1705.77425734)
(4543.10888832, -9057.09787232, 1705.77425734)
(4543.16686371, -9057.04559966, 1705.77425734)
(4543.20980827, -9057.00687904, 1705.77425734)
(4543.25612725, -9056.96511606, 1705.77425734)
(4543.31471654, -9056.91229047, 1705.77425734)
(4543.36195561, -9056.86969789, 1705.77425734)
(4543.42698629, -9056.81106412, 1705.77425734)
(4543.4687039, -9056.77344982, 1705.77425734)
(4543.5236119, -9056.72394282, 1705.77425734)
(4543.56686322, -9056.68494559, 1705.77425734)
(4543.62238458, -9056.6348854, 1705.77425734)
(4543.67944006, -9056.58344286, 1705.77425734)
(4543.73189386, -9056.53614853, 1705.77425734)
(4543.77330503, -9056.4988109, 1705.77425734)
(4543.81931712, -9056.45732455, 1705.77425734)
(4543.88404097, -9056.39896716, 1705.77425734)
(4543.94109588, -9056.34752404, 1705.77425734)
(4544.00152529, -9056.2930387, 1705.77425734)
(4544.05397905, -9056.24574417, 1705.77425734)
(4544.10704649, -9056.19789661, 1705.77425734)
(4544.14907089, -9056.16000579, 1705.77425734)
(4544.2055127, -9056.10911618, 1705.77425734)
(4544.25643277, -9056.06320467, 1705.77425734)
(4544.31471509, -9056.0106554, 1705.77425734)
(4544.36072718, -9055.96916904, 1705.77425734)
(4544.41410135, -9055.92104497, 1705.77425734)
(4544.45980664, -9055.87983519, 1705.77425734)
(4544.50397834, -9055.84000829, 1705.77425734)
(4544.55612583, -9055.79299068, 1705.77425734)
(4544.60152444, -9055.75205753, 1705.77425734)
(4544.65827285, -9055.70089113, 1705.77425734)
(4544.70336464, -9055.66023451, 1705.77425734)
(4544.76103325, -9055.60823831, 1705.77425734)
(4544.80459145, -9055.56896457, 1705.77425734)
(4544.85857936, -9055.52028744, 1705.77425734)
(4544.89999025, -9055.48294979, 1705.77425734)
(4544.9659411, -9055.4234862, 1705.77425734)
(4545.01287341, -9055.3811701, 1705.77425734)
(4545.08158506, -9055.3192172, 1705.77425734)
(4545.13771979, -9055.26860379, 1705.77425734)
(4545.22176878, -9055.19282229, 1705.77425734)
(4545.28495878, -9055.1358477, 1705.77425734)
(4545.34692214, -9055.07997964, 1705.77425734)
(4545.4039772, -9055.02853658, 1705.77425734)
(4545.47054169, -9054.96852002, 1705.77425734)
(4545.51808752, -9054.92565084, 1705.77425734)
(4545.57452934, -9054.87476107, 1705.77425734)
(4545.61686049, -9054.83659362, 1705.77425734)
(4545.67115493, -9054.7876398, 1705.77425734)
(4545.71992769, -9054.74366425, 1705.77425734)
(4545.77146132, -9054.69719959, 1705.77425734)
(4545.81716673, -9054.65598982, 1705.77425734)
(4545.8699276, -9054.60841894, 1705.77425734)
(4545.91195199, -9054.57052809, 1705.77425734)
(4545.96931388, -9054.51880854, 1705.77425734)
(4546.01777991, -9054.47510959, 1705.77425734)
(4546.07360805, -9054.42477283, 1705.77425734)
(4546.12330119, -9054.37996756, 1705.77425734)
(4546.1800498, -9054.32880129, 1705.77425734)
(4546.22207418, -9054.2909105, 1705.77425734)
(4546.27698212, -9054.24140361, 1705.77425734)
(4546.32667517, -9054.19659835, 1705.77425734)
(4546.3907856, -9054.13879406, 1705.77425734)
(4546.44354611, -9054.09122299, 1705.77425734)
(4546.49845399, -9054.04171603, 1705.77425734)
(4546.53955816, -9054.00465494, 1705.77425734)
(4546.58894452, -9053.96012624, 1705.77425734)
(4546.65029434, -9053.90481126, 1705.77425734)
(4546.70121442, -9053.85889973, 1705.77425734)
(4546.76103033, -9053.80496766, 1705.77425734)
(4546.81010988, -9053.76071558, 1705.77425734)
(4546.85704238, -9053.71839954, 1705.77425734)
(4546.9058152, -9053.67442395, 1705.77425734)
(4546.95428138, -9053.63072497, 1705.77425734)
(4547.01716494, -9053.57402733, 1705.77425734)
(4547.06041632, -9053.53503026, 1705.77425734)
(4547.11287034, -9053.48773591, 1705.77425734)
(4547.15734872, -9053.44763244, 1705.77425734)
(4547.21900509, -9053.39204077, 1705.77425734)
(4547.26747112, -9053.3483418, 1705.77425734)
(4547.32268572, -9053.29855823, 1705.77425734)
(4547.37299234, -9053.25319982, 1705.77425734)
(4547.42790046, -9053.20369293, 1705.77425734)
(4547.47115186, -9053.1646958, 1705.77425734)
(4547.52575303, -9053.11546545, 1705.77425734)
(4547.57452583, -9053.07148993, 1705.77425734)
(4547.6374092, -9053.01479196, 1705.77425734)
(4547.68587528, -9052.97109296, 1705.77425734)
(4547.73802242, -9052.9240751, 1705.77425734)
(4547.77697934, -9052.88895001, 1705.77425734)
(4547.83434128, -9052.83723054, 1705.77425734)
(4547.88372762, -9052.79270188, 1705.77425734)
(4547.94998529, -9052.73296159, 1705.77425734)
(4547.99998511, -9052.68787973, 1705.77425734)
(4548.05243902, -9052.64058538, 1705.77425734)
(4548.09384988, -9052.60324768, 1705.77425734)
(4548.15243872, -9052.55042171, 1705.77425734)
(4548.19354292, -9052.51336056, 1705.77425734)
(4548.25305215, -9052.45970502, 1705.77425734)
(4548.30611942, -9052.41185746, 1705.77425734)
(4548.36256108, -9052.36096767, 1705.77425734)
(4548.40274499, -9052.32473624, 1705.77425734)
(4548.45611917, -9052.27661207, 1705.77425734)
(4548.50918653, -9052.22876449, 1705.77425734)
(4548.55826613, -9052.18451238, 1705.77425734)
(4548.61746859, -9052.1311335, 1705.77425734)
(4548.66194699, -9052.09103006, 1705.77425734)
(4548.71654822, -9052.04179965, 1705.77425734)
(4548.76562781, -9051.99754754, 1705.77425734)
(4548.81838843, -9051.94997659, 1705.77425734)
(4548.86501398, -9051.90793707, 1705.77425734)
(4548.91348014, -9051.8642381, 1705.77425734)
(4548.96685447, -9051.81611409, 1705.77425734)
(4549.00703839, -9051.77988268, 1705.77425734)
(4549.06041254, -9051.73175857, 1705.77425734)
(4549.1064246, -9051.6902722, 1705.77425734)
(4549.153357, -9051.64795612, 1705.77425734)
(4549.20857184, -9051.59817267, 1705.77425734)
(4549.25703795, -9051.55447375, 1705.77425734)
(4549.31869432, -9051.49888213, 1705.77425734)
(4549.37176158, -9051.45103455, 1705.77425734)
(4549.42666949, -9051.40152757, 1705.77425734)
(4549.46961412, -9051.36280694, 1705.77425734)
(4549.54139315, -9051.29808822, 1705.77425734)
(4549.59875487, -9051.24636855, 1705.77425734)
(4549.6840308, -9051.16948061, 1705.77425734)
(4549.75212875, -9051.10808074, 1705.77425734)
(4549.81286497, -9051.05331892, 1705.77425734)
(4549.86439852, -9051.00685425, 1705.77425734)
(4549.93525738, -9050.94296545, 1705.77425734)
(4549.9950732, -9050.88903318, 1705.77425734)
(4550.08924499, -9050.8041247, 1705.77425734)
(4550.13341659, -9050.76429783, 1705.77425734)
(4550.18679072, -9050.71617369, 1705.77425734)
(4550.24200532, -9050.66639007, 1705.77425734)
(4550.28587024, -9050.62683973, 1705.77425734)
(4550.34323219, -9050.57512023, 1705.77425734)
(4550.38648356, -9050.53612309, 1705.77425734)
(4550.44384543, -9050.48440351, 1705.77425734)
(4550.49169804, -9050.44125769, 1705.77425734)
(4550.55642188, -9050.38290023, 1705.77425734)
(4550.60550144, -9050.33864809, 1705.77425734)
(4550.65427432, -9050.29467258, 1705.77425734)
(4550.70151344, -9050.25207995, 1705.77425734)
(4550.75887542, -9050.20036039, 1705.77425734)
(4550.80488756, -9050.15887405, 1705.77425734)
(4550.86899789, -9050.10106982, 1705.77425734)
(4550.91746395, -9050.05737086, 1705.77425734)
(4550.96869086, -9050.01118277, 1705.77425734)
(4551.01654346, -9049.96803694, 1705.77425734)
(4551.07145134, -9049.91852987, 1705.77425734)
(4551.13556184, -9049.8607258, 1705.77425734)
(4551.1843347, -9049.81675035, 1705.77425734)
(4551.23280094, -9049.77305151, 1705.77425734)
(4551.27727933, -9049.73294803, 1705.77425734)
(4551.3377087, -9049.67846265, 1705.77425734)
(4551.38402754, -9049.63669971, 1705.77425734)
(4551.43617464, -9049.58968188, 1705.77425734)
(4551.4861745, -9049.54460007, 1705.77425734)
(4551.53003941, -9049.50504972, 1705.77425734)
(4551.58709462, -9049.45360671, 1705.77425734)
(4551.64322939, -9049.40299335, 1705.77425734)
(4551.70427223, -9049.34795489, 1705.77425734)
(4551.74875061, -9049.30785141, 1705.77425734)
(4551.79322907, -9049.26774795, 1705.77425734)
(4551.84752336, -9049.21879401, 1705.77425734)
(4551.9018177, -9049.16984011, 1705.77425734)
(4551.9588729, -9049.11839726, 1705.77425734)
(4551.99997706, -9049.08133614, 1705.77425734)
(4552.05243101, -9049.03404174, 1705.77425734)
(4552.10151061, -9048.9897896, 1705.77425734)
(4552.16899513, -9048.92894299, 1705.77425734)
(4552.22267591, -9048.88054224, 1705.77425734)
(4552.28249174, -9048.82661001, 1705.77425734)
(4552.3300376, -9048.78374074, 1705.77425734)
(4552.37758351, -9048.7408715, 1705.77425734)
(4552.42512938, -9048.69800228, 1705.77425734)
(4552.48279801, -9048.64600618, 1705.77425734)
(4552.53126411, -9048.60230724, 1705.77425734)
(4552.58586528, -9048.55307679, 1705.77425734)
(4552.62543571, -9048.51739851, 1705.77425734)
(4552.67942331, -9048.4687212, 1705.77425734)
(4552.72604893, -9048.42668171, 1705.77425734)
(4552.78770533, -9048.37109012, 1705.77425734)
(4552.83279723, -9048.3304335, 1705.77425734)
(4552.88218368, -9048.28590485, 1705.77425734)
(4552.92727554, -9048.24524822, 1705.77425734)
(4552.98617108, -9048.19214573, 1705.77425734)
(4553.03678444, -9048.14651076, 1705.77425734)
(4553.09383968, -9048.0950678, 1705.77425734)
(4553.13555737, -9048.05745353, 1705.77425734)
(4553.18341007, -9048.01430776, 1705.77425734)
(4553.22911543, -9047.973098, 1705.77425734)
(4553.28831774, -9047.91971892, 1705.77425734)
(4553.33525014, -9047.87740285, 1705.77425734)
(4553.3806488, -9047.83646962, 1705.77425734)
(4553.43463648, -9047.78779238, 1705.77425734)
(4553.48831726, -9047.73939166, 1705.77425734)
(4553.53954416, -9047.69320357, 1705.77425734)
(4553.58494278, -9047.65227037, 1705.77425734)
(4553.63310221, -9047.60884797, 1705.77425734)
(4553.68187509, -9047.56487243, 1705.77425734)
(4553.73893024, -9047.51342945, 1705.77425734)
(4553.79046381, -9047.46696477, 1705.77425734)
(4553.84261098, -9047.41994695, 1705.77425734)
(4553.88586238, -9047.38094976, 1705.77425734)
(4553.93586228, -9047.33586793, 1705.77425734)
(4553.99751853, -9047.28027624, 1705.77425734)
(4554.05672081, -9047.22689714, 1705.77425734)
(4554.11500302, -9047.17434791, 1705.77425734)
(4554.16408264, -9047.13009578, 1705.77425734)
(4554.24353043, -9047.05846283, 1705.77425734)
(4554.32205779, -9046.98765947, 1705.77425734)
(4554.38095331, -9046.9345569, 1705.77425734)
(4554.4447569, -9046.87702919, 1705.77425734)
(4554.48218008, -9046.84328696, 1705.77425734)
(4554.54905107, -9046.7829935, 1705.77425734)
(4554.60549259, -9046.73210356, 1705.77425734)
(4554.68033909, -9046.6646191, 1705.77425734)
(4554.73678063, -9046.61372914, 1705.77425734)
(4554.80917311, -9046.54845736, 1705.77425734)
(4554.86193368, -9046.50088634, 1705.77425734)
(4554.92512379, -9046.44391179, 1705.77425734)
(4554.9729764, -9046.40076597, 1705.77425734)
(4555.01714808, -9046.36093911, 1705.77425734)
(4555.06714789, -9046.31585727, 1705.77425734)
(4555.12481646, -9046.26386105, 1705.77425734)
(4555.18892693, -9046.20605686, 1705.77425734)
(4555.23923354, -9046.16069847, 1705.77425734)
(4555.2867795, -9046.11782932, 1705.77425734)
(4555.33125787, -9046.07772587, 1705.77425734)
(4555.38769948, -9046.02683597, 1705.77425734)
(4555.43279137, -9045.98617932, 1705.77425734)
(4555.4837115, -9045.94026775, 1705.77425734)
(4555.53187086, -9045.89684538, 1705.77425734)
(4555.58555175, -9045.84844473, 1705.77425734)
(4555.63279087, -9045.80585209, 1705.77425734)
(4555.68739201, -9045.75662163, 1705.77425734)
(4555.73463113, -9045.71402895, 1705.77425734)
(4555.79598067, -9045.65871383, 1705.77425734)
(4555.83585782, -9045.62275898, 1705.77425734)
(4555.88708468, -9045.57657083, 1705.77425734)
(4555.94015214, -9045.52872332, 1705.77425734)
(4555.98923175, -9045.48447121, 1705.77425734)
(4556.03309669, -9045.4449209, 1705.77425734)
(4556.08493698, -9045.39817961, 1705.77425734)
(4556.12910865, -9045.35835272, 1705.77425734)
(4556.18585708, -9045.30718631, 1705.77425734)
(4556.23585695, -9045.26210447, 1705.77425734)
(4556.29874027, -9045.2054065, 1705.77425734)
(4556.33984443, -9045.16834537, 1705.77425734)
(4556.39383203, -9045.11966807, 1705.77425734)
(4556.44168463, -9045.07652225, 1705.77425734)
(4556.50487467, -9045.01954764, 1705.77425734)
(4556.54659235, -9044.98193335, 1705.77425734)
(4556.59965974, -9044.93408584, 1705.77425734)
(4556.64475162, -9044.89342924, 1705.77425734)
(4556.70947543, -9044.8350718, 1705.77425734)
(4556.76192926, -9044.78777732, 1705.77425734)
(4556.81346289, -9044.74131262, 1705.77425734)
(4556.85548728, -9044.70342174, 1705.77425734)
(4556.90978161, -9044.65446785, 1705.77425734)
(4556.95947473, -9044.60966258, 1705.77425734)
(4557.01530288, -9044.55932585, 1705.77425734)
(4557.05978127, -9044.51922239, 1705.77425734)
(4557.1171431, -9044.46750277, 1705.77425734)
(4557.16407545, -9044.4251867, 1705.77425734)
(4557.22327777, -9044.37180759, 1705.77425734)
(4557.26836966, -9044.33115093, 1705.77425734)
(4557.3103941, -9044.29326005, 1705.77425734)
(4557.36622223, -9044.24292335, 1705.77425734)
(4557.41284784, -9044.20088387, 1705.77425734)
(4557.46867595, -9044.15054711, 1705.77425734)
(4557.51744881, -9044.10657155, 1705.77425734)
(4557.57051616, -9044.05872396, 1705.77425734)
(4557.62419698, -9044.01032323, 1705.77425734)
(4557.66836862, -9043.97049634, 1705.77425734)
(4557.7309452, -9043.91407495, 1705.77425734)
(4557.77787759, -9043.87175885, 1705.77425734)
(4557.8355462, -9043.81976264, 1705.77425734)
(4557.88738651, -9043.77302135, 1705.77425734)
(4557.94137411, -9043.72434406, 1705.77425734)
(4557.98615925, -9043.68396399, 1705.77425734)
(4558.04505482, -9043.63086145, 1705.77425734)
(4558.09720191, -9043.58384358, 1705.77425734)
(4558.14597483, -9043.53986812, 1705.77425734)
(4558.19382743, -9043.49672232, 1705.77425734)
(4558.25364327, -9043.44279009, 1705.77425734)
(4558.31161857, -9043.39051726, 1705.77425734)
(4558.38891902, -9043.32082023, 1705.77425734)
(4558.44566731, -9043.26965373, 1705.77425734)
(4558.5057899, -9043.21544495, 1705.77425734)
(4558.55947074, -9043.16704419, 1705.77425734)
(4558.63431722, -9043.09955978, 1705.77425734)
(4558.69842744, -9043.04175548, 1705.77425734)
(4558.77388747, -9042.97371796, 1705.77425734)
(4558.83738425, -9042.91646679, 1705.77425734)
(4558.89443928, -9042.86502368, 1705.77425734)
(4558.95486857, -9042.81053829, 1705.77425734)
(4559.00456166, -9042.76573302, 1705.77425734)
(4559.05180081, -9042.72314035, 1705.77425734)
(4559.092905, -9042.6860792, 1705.77425734)
(4559.14351839, -9042.64044425, 1705.77425734)
(4559.19321147, -9042.595639, 1705.77425734)
(4559.25241378, -9042.54225991, 1705.77425734)
(4559.29750566, -9042.50160327, 1705.77425734)
(4559.34566506, -9042.45818086, 1705.77425734)
(4559.39321094, -9042.41531162, 1705.77425734)
(4559.44351758, -9042.36995325, 1705.77425734)
(4559.48615548, -9042.33150924, 1705.77425734)
(4559.552413, -9042.27176889, 1705.77425734)
(4559.59781163, -9042.23083567, 1705.77425734)
(4559.6554802, -9042.17883945, 1705.77425734)
(4559.70302606, -9042.13597023, 1705.77425734)
(4559.748118, -9042.09531366, 1705.77425734)
(4559.79413014, -9042.05382731, 1705.77425734)
(4559.85609321, -9041.99795902, 1705.77425734)
(4559.91406849, -9041.9456862, 1705.77425734)
(4559.97879226, -9041.88732876, 1705.77425734)
(4560.03001909, -9041.84114062, 1705.77425734)
(4560.07879199, -9041.79716508, 1705.77425734)
(4560.11958942, -9041.7603805, 1705.77425734)
(4560.17020278, -9041.71474551, 1705.77425734)
(4560.2318591, -9041.65915388, 1705.77425734)
(4560.28124545, -9041.61462521, 1705.77425734)
(4560.33768706, -9041.5637353, 1705.77425734)
(4560.37817775, -9041.5272273, 1705.77425734)
(4560.43645982, -9041.47467792, 1705.77425734)
(4560.48707314, -9041.42904292, 1705.77425734)
(4560.53676626, -9041.38423766, 1705.77425734)
(4560.5861527, -9041.33970903, 1705.77425734)
(4560.6312446, -9041.2990524, 1705.77425734)
(4560.68553895, -9041.25009852, 1705.77425734)
(4560.72909709, -9041.21082478, 1705.77425734)
(4560.78339141, -9041.16187089, 1705.77425734)
(4560.83921948, -9041.11153411, 1705.77425734)
(4560.8916734, -9041.0642397, 1705.77425734)
(4560.9361518, -9041.02413622, 1705.77425734)
(4560.98829892, -9040.97711838, 1705.77425734)
(4561.03891226, -9040.93148339, 1705.77425734)
(4561.09627408, -9040.87976374, 1705.77425734)
(4561.14566044, -9040.83523504, 1705.77425734)
(4561.18860511, -9040.79651444, 1705.77425734)
(4561.25056819, -9040.74064623, 1705.77425734)
(4561.2925926, -9040.70275538, 1705.77425734)
(4561.3478072, -9040.65297178, 1705.77425734)
(4561.39688682, -9040.60871965, 1705.77425734)
(4561.45670263, -9040.55478739, 1705.77425734)
(4561.50118102, -9040.51468391, 1705.77425734)
(4561.5416717, -9040.47817592, 1705.77425734)
(4561.59443234, -9040.43060495, 1705.77425734)
(4561.64719293, -9040.38303393, 1705.77425734)
(4561.70424802, -9040.33159086, 1705.77425734)
(4561.7545546, -9040.28623245, 1705.77425734)
(4561.80639495, -9040.23949117, 1705.77425734)
(4561.85332732, -9040.19717508, 1705.77425734)
(4561.89903273, -9040.15596529, 1705.77425734)
(4561.95670135, -9040.10396909, 1705.77425734)
(4562.00117974, -9040.06386562, 1705.77425734)
(4562.06222253, -9040.00882708, 1705.77425734)
(4562.10884815, -9039.96678757, 1705.77425734)
(4562.17111795, -9039.9106427, 1705.77425734)
(4562.22081105, -9039.86583742, 1705.77425734)
(4562.27295814, -9039.81881957, 1705.77425734)
(4562.31620954, -9039.77982241, 1705.77425734)
(4562.37234439, -9039.72920909, 1705.77425734)
(4562.41927678, -9039.686893, 1705.77425734)
(4562.48553431, -9039.62715266, 1705.77425734)
(4562.54197585, -9039.57626272, 1705.77425734)
(4562.60240514, -9039.52177734, 1705.77425734)
(4562.65547247, -9039.47392973, 1705.77425734)
(4562.72663796, -9039.40976417, 1705.77425734)
(4562.78921445, -9039.35334273, 1705.77425734)
(4562.84626952, -9039.30189969, 1705.77425734)
(4562.89995035, -9039.25349894, 1705.77425734)
(4562.95761894, -9039.20150272, 1705.77425734)
(4563.0140605, -9039.15061277, 1705.77425734)
(4563.06958183, -9039.10055259, 1705.77425734)
(4563.11804794, -9039.05685363, 1705.77425734)
(4563.15945888, -9039.01951591, 1705.77425734)
(4563.21160597, -9038.97249804, 1705.77425734)
(4563.26958132, -9038.92022526, 1705.77425734)
(4563.31866092, -9038.87597317, 1705.77425734)
(4563.37540924, -9038.82480669, 1705.77425734)
(4563.42234162, -9038.78249061, 1705.77425734)
(4563.47786297, -9038.7324304, 1705.77425734)
(4563.5238751, -9038.69094403, 1705.77425734)
(4563.56620628, -9038.65277658, 1705.77425734)
(4563.62418161, -9038.60050383, 1705.77425734)
(4563.66958026, -9038.55957063, 1705.77425734)
(4563.72264762, -9038.51172304, 1705.77425734)
(4563.76651252, -9038.47217271, 1705.77425734)
(4563.82326083, -9038.42100621, 1705.77425734)
(4563.86221777, -9038.38588111, 1705.77425734)
(4563.91865936, -9038.33499121, 1705.77425734)
(4563.96957946, -9038.28907964, 1705.77425734)
(4564.03000878, -9038.23459423, 1705.77425734)
(4564.07602091, -9038.19310787, 1705.77425734)
(4564.13062199, -9038.14387741, 1705.77425734)
(4564.17694086, -9038.10211447, 1705.77425734)
(4564.22694074, -9038.05703263, 1705.77425734)
(4564.2907443, -9037.99950492, 1705.77425734)
(4564.33614294, -9037.95857174, 1705.77425734)
(4564.39411826, -9037.90629897, 1705.77425734)
(4564.43552917, -9037.86896125, 1705.77425734)
(4564.494118, -9037.81613529, 1705.77425734)
(4564.53706266, -9037.77741468, 1705.77425734)
(4564.58920976, -9037.7303968, 1705.77425734)
(4564.64933233, -9037.67618802, 1705.77425734)
(4564.69319724, -9037.63663771, 1705.77425734)
(4564.73522168, -9037.59874684, 1705.77425734)
(4564.78614178, -9037.55283527, 1705.77425734)
(4564.84626432, -9037.49862644, 1705.77425734)
(4564.90117213, -9037.44911941, 1705.77425734)
(4564.95454621, -9037.40099524, 1705.77425734)
(4564.99902462, -9037.36089175, 1705.77425734)
(4565.05577298, -9037.30972526, 1705.77425734)
(4565.10331886, -9037.26685603, 1705.77425734)
(4565.16865611, -9037.20794543, 1705.77425734)
(4565.21221427, -9037.16867168, 1705.77425734)
(4565.26313439, -9037.12276012, 1705.77425734)
(4565.31098701, -9037.0796143, 1705.77425734)
(4565.3625206, -9037.03314958, 1705.77425734)
(4565.41926894, -9036.98198313, 1705.77425734)
(4565.46650807, -9036.93939048, 1705.77425734)
(4565.51926869, -9036.89181947, 1705.77425734)
(4565.56006612, -9036.85503489, 1705.77425734)
(4565.62110891, -9036.79999632, 1705.77425734)
(4565.67386948, -9036.7524253, 1705.77425734)
(4565.73031105, -9036.70153537, 1705.77425734)
(4565.78613917, -9036.65119863, 1705.77425734)
(4565.83245806, -9036.60943571, 1705.77425734)
(4565.88123095, -9036.56546019, 1705.77425734)
(4565.93061729, -9036.52093151, 1705.77425734)
(4565.99166008, -9036.46589296, 1705.77425734)
(4566.04135319, -9036.42108768, 1705.77425734)
(4566.10791744, -9036.36107075, 1705.77425734)
(4566.1573038, -9036.31654205, 1705.77425734)
(4566.20945089, -9036.26952419, 1705.77425734)
(4566.25638328, -9036.22720811, 1705.77425734)
(4566.31405187, -9036.1752119, 1705.77425734)
(4566.36987993, -9036.12487512, 1705.77425734)
(4566.42478777, -9036.0753681, 1705.77425734)
(4566.46527844, -9036.03886011, 1705.77425734)
(4566.5300022, -9035.98050265, 1705.77425734)
(4566.59104497, -9035.92546406, 1705.77425734)
(4566.65883622, -9035.86434083, 1705.77425734)
(4566.71221029, -9035.81621666, 1705.77425734)
(4566.77969478, -9035.75537003, 1705.77425734)
(4566.83490935, -9035.70558639, 1705.77425734)
(4566.87601354, -9035.66852525, 1705.77425734)
(4566.94257775, -9035.60850832, 1705.77425734)
(4567.01742418, -9035.54102387, 1705.77425734)
(4567.06803753, -9035.49538887, 1705.77425734)
(4567.12570611, -9035.44339264, 1705.77425734)
(4567.16926427, -9035.40411888, 1705.77425734)
(4567.21803714, -9035.36014335, 1705.77425734)
(4567.26466277, -9035.31810385, 1705.77425734)
(4567.32478534, -9035.26389503, 1705.77425734)
(4567.37785268, -9035.21604743, 1705.77425734)
(4567.4281593, -9035.17068903, 1705.77425734)
(4567.47386468, -9035.12947926, 1705.77425734)
(4567.52723877, -9035.0813551, 1705.77425734)
(4567.5803061, -9035.03350749, 1705.77425734)
(4567.62693175, -9034.99146797, 1705.77425734)
(4567.67846539, -9034.94500328, 1705.77425734)
(4567.72907873, -9034.89936829, 1705.77425734)
(4567.78552031, -9034.84847838, 1705.77425734)
(4567.83306618, -9034.80560914, 1705.77425734)
(4567.89257524, -9034.75195346, 1705.77425734)
(4567.94104135, -9034.70825449, 1705.77425734)
(4567.9916547, -9034.66261951, 1705.77425734)
(4568.04380178, -9034.61560164, 1705.77425734)
(4568.10300411, -9034.56222255, 1705.77425734)
(4568.1563782, -9034.51409837, 1705.77425734)
(4568.19962963, -9034.4751012, 1705.77425734)
(4568.24104055, -9034.43776348, 1705.77425734)
(4568.30791153, -9034.37746999, 1705.77425734)
(4568.35453716, -9034.33543047, 1705.77425734)
(4568.41005849, -9034.28537027, 1705.77425734)
(4568.45821786, -9034.24194788, 1705.77425734)
(4568.51895391, -9034.18718593, 1705.77425734)
(4568.56373905, -9034.14680588, 1705.77425734)
(4568.61649966, -9034.09923487, 1705.77425734)
(4568.669567, -9034.05138726, 1705.77425734)
(4568.72999629, -9033.99690185, 1705.77425734)
(4568.78183663, -9033.95016055, 1705.77425734)
(4568.83275674, -9033.90424899, 1705.77425734)
(4568.87386091, -9033.86718784, 1705.77425734)
(4568.92570126, -9033.82044653, 1705.77425734)
(4568.97662138, -9033.77453499, 1705.77425734)
(4569.01987279, -9033.73553782, 1705.77425734)
(4569.07017939, -9033.69017942, 1705.77425734)
(4569.11956575, -9033.64565072, 1705.77425734)
(4569.16496441, -9033.60471751, 1705.77425734)
(4569.21557779, -9033.55908253, 1705.77425734)
(4569.25361449, -9033.52478714, 1705.77425734)
(4569.3103628, -9033.47362064, 1705.77425734)
(4569.36373689, -9033.42549647, 1705.77425734)
(4569.41250976, -9033.38152093, 1705.77425734)
(4569.4615894, -9033.33726883, 1705.77425734)
(4569.50760154, -9033.29578248, 1705.77425734)
(4569.55944188, -9033.2490412, 1705.77425734)
(4569.60115955, -9033.21142691, 1705.77425734)
(4569.65207966, -9033.16551533, 1705.77425734)
(4569.70177278, -9033.12071006, 1705.77425734)
(4569.75545363, -9033.07230932, 1705.77425734)
(4569.80146577, -9033.03082297, 1705.77425734)
(4569.8557601, -9032.98186907, 1705.77425734)
(4569.89901151, -9032.9428719, 1705.77425734)
(4569.95913405, -9032.88866305, 1705.77425734)
(4570.00667993, -9032.84579382, 1705.77425734)
(4570.06802947, -9032.79047871, 1705.77425734)
(4570.10913364, -9032.75341758, 1705.77425734)
(4570.17416415, -9032.69478353, 1705.77425734)
(4570.21680208, -9032.6563395, 1705.77425734)
(4570.27109642, -9032.6073856, 1705.77425734)
(4570.32293675, -9032.5606443, 1705.77425734)
(4570.38275254, -9032.50671204, 1705.77425734)
(4570.43950085, -9032.45554554, 1705.77425734)
(4570.48060503, -9032.41848439, 1705.77425734)
(4570.52815093, -9032.37561517, 1705.77425734)
(4570.57968451, -9032.32915046, 1705.77425734)
(4570.647169, -9032.26830382, 1705.77425734)
(4570.70759828, -9032.21381839, 1705.77425734)
(4570.78244472, -9032.14633393, 1705.77425734)
(4570.82446914, -9032.10844305, 1705.77425734)
(4570.88980639, -9032.04953244, 1705.77425734)
(4570.94133999, -9032.00306772, 1705.77425734)
(4571.00606375, -9031.94471025, 1705.77425734)
(4571.0437937, -9031.91069144, 1705.77425734)
(4571.10268924, -9031.85758892, 1705.77425734)
(4571.15698355, -9031.80863502, 1705.77425734)
(4571.21373187, -9031.75746851, 1705.77425734)
(4571.26526551, -9031.71100381, 1705.77425734)
(4571.30606295, -9031.67421924, 1705.77425734)
(4571.35636956, -9031.62886083, 1705.77425734)
(4571.41587859, -9031.57520515, 1705.77425734)
(4571.47600114, -9031.52099631, 1705.77425734)
(4571.52692123, -9031.47508474, 1705.77425734)
(4571.58152231, -9031.42585427, 1705.77425734)
(4571.6201725, -9031.39100573, 1705.77425734)
(4571.67078585, -9031.34537074, 1705.77425734)
(4571.73765686, -9031.28507726, 1705.77425734)
(4571.78673649, -9031.24082514, 1705.77425734)
(4571.84593879, -9031.18744604, 1705.77425734)
(4571.88336199, -9031.1537038, 1705.77425734)
(4571.9407238, -9031.10198415, 1705.77425734)
(4571.98642919, -9031.06077436, 1705.77425734)
(4572.04072353, -9031.01182046, 1705.77425734)
(4572.08458843, -9030.97227014, 1705.77425734)
(4572.14409747, -9030.91861447, 1705.77425734)
(4572.18090718, -9030.88542539, 1705.77425734)
(4572.24072297, -9030.83149313, 1705.77425734)
(4572.2891891, -9030.78779415, 1705.77425734)
(4572.35698033, -9030.72667092, 1705.77425734)
(4572.41955684, -9030.67024948, 1705.77425734)
(4572.46863645, -9030.62599736, 1705.77425734)
(4572.51710258, -9030.5822984, 1705.77425734)
(4572.56188773, -9030.54191834, 1705.77425734)
(4572.62323726, -9030.48660322, 1705.77425734)
(4572.67016964, -9030.44428714, 1705.77425734)
(4572.72538422, -9030.39450353, 1705.77425734)
(4572.7729301, -9030.35163429, 1705.77425734)
(4572.82446371, -9030.30516956, 1705.77425734)
(4572.86434089, -9030.26921471, 1705.77425734)
(4572.91618124, -9030.22247341, 1705.77425734)
(4572.98029151, -9030.16466911, 1705.77425734)
(4573.03458584, -9030.11571521, 1705.77425734)
(4573.0916409, -9030.06427214, 1705.77425734)
(4573.13335857, -9030.02665785, 1705.77425734)
(4573.17845047, -9029.98600122, 1705.77425734)
(4573.23243804, -9029.9373239, 1705.77425734)
(4573.28581213, -9029.88919972, 1705.77425734)
(4573.3447077, -9029.83609719, 1705.77425734)
(4573.38887936, -9029.79627029, 1705.77425734)
(4573.43857248, -9029.75146503, 1705.77425734)
(4573.4858116, -9029.70887238, 1705.77425734)
(4573.55084211, -9029.65023833, 1705.77425734)
(4573.60390944, -9029.60239072, 1705.77425734)
(4573.66587245, -9029.54652244, 1705.77425734)
(4573.73182318, -9029.48705867, 1705.77425734)
(4573.7873445, -9029.43699846, 1705.77425734)
(4573.83734437, -9029.39191661, 1705.77425734)
(4573.87538107, -9029.35762122, 1705.77425734)
(4573.91801899, -9029.31917719, 1705.77425734)
(4573.98090227, -9029.26247919, 1705.77425734)
(4574.03182237, -9029.21656762, 1705.77425734)
(4574.09347865, -9029.1609759, 1705.77425734)
(4574.13427607, -9029.12419134, 1705.77425734)
(4574.18734341, -9029.07634374, 1705.77425734)
(4574.23703651, -9029.03153849, 1705.77425734)
(4574.28458239, -9028.98866925, 1705.77425734)
(4574.34501169, -9028.93418384, 1705.77425734)
(4574.39133058, -9028.8924209, 1705.77425734)
(4574.44685191, -9028.8423607, 1705.77425734)
(4574.49071681, -9028.80281037, 1705.77425734)
(4574.54071668, -9028.75772853, 1705.77425734)
(4574.59194353, -9028.71154039, 1705.77425734)
(4574.65329307, -9028.65622526, 1705.77425734)
(4574.70237268, -9028.61197315, 1705.77425734)
(4574.74961181, -9028.56938051, 1705.77425734)
(4574.80298589, -9028.52125633, 1705.77425734)
(4574.87599184, -9028.45543131, 1705.77425734)
(4574.91617578, -9028.41919989, 1705.77425734)
(4575.0045191, -9028.33954609, 1705.77425734)
(4575.04961099, -9028.29888945, 1705.77425734)
(4575.10267834, -9028.25104186, 1705.77425734)
(4575.14746349, -9028.21066181, 1705.77425734)
(4575.20329155, -9028.16032503, 1705.77425734)
(4575.24930369, -9028.11883868, 1705.77425734)
(4575.306052, -9028.06767219, 1705.77425734)
(4575.3523709, -9028.02590926, 1705.77425734)
(4575.4115732, -9027.97253014, 1705.77425734)
(4575.46678777, -9027.92274651, 1705.77425734)
(4575.52599007, -9027.86936741, 1705.77425734)
(4575.57445618, -9027.82566844, 1705.77425734)
(4575.62261557, -9027.78224606, 1705.77425734)
(4575.66556023, -9027.74352545, 1705.77425734)
(4575.71924105, -9027.69512471, 1705.77425734)
(4575.77752311, -9027.64257534, 1705.77425734)
(4575.8232285, -9027.60136557, 1705.77425734)
(4575.86709342, -9027.56181524, 1705.77425734)
(4575.91985401, -9027.51424421, 1705.77425734)
(4575.97138761, -9027.46777949, 1705.77425734)
(4576.03120342, -9027.41384724, 1705.77425734)
(4576.07384133, -9027.37540323, 1705.77425734)
(4576.12813567, -9027.32644933, 1705.77425734)
(4576.17292082, -9027.28606928, 1705.77425734)
(4576.22200044, -9027.24181717, 1705.77425734)
(4576.27200029, -9027.19673533, 1705.77425734)
(4576.31954617, -9027.1538661, 1705.77425734)
(4576.38058896, -9027.09882755, 1705.77425734)
(4576.42261339, -9027.06093667, 1705.77425734)
(4576.47261326, -9027.01585483, 1705.77425734)
(4576.52261312, -9026.97077298, 1705.77425734)
(4576.58703012, -9026.91269209, 1705.77425734)
(4576.64531216, -9026.8601427, 1705.77425734)
(4576.69807275, -9026.81257168, 1705.77425734)
(4576.73825669, -9026.77634026, 1705.77425734)
(4576.78702955, -9026.73236473, 1705.77425734)
(4576.84715209, -9026.6781559, 1705.77425734)
(4576.90144641, -9026.629202, 1705.77425734)
(4576.95819474, -9026.57803549, 1705.77425734)
(4577.00021916, -9026.54014461, 1705.77425734)
(4577.06064844, -9026.4856592, 1705.77425734)
(4577.10972806, -9026.44140708, 1705.77425734)
(4577.17015734, -9026.38692167, 1705.77425734)
(4577.21800997, -9026.34377586, 1705.77425734)
(4577.27445154, -9026.29288594, 1705.77425734)
(4577.31985018, -9026.25195274, 1705.77425734)
(4577.37353101, -9026.203552, 1705.77425734)
(4577.42537136, -9026.1568107, 1705.77425734)
(4577.48702764, -9026.10121898, 1705.77425734)
(4577.53150604, -9026.0611155, 1705.77425734)
(4577.58150591, -9026.01603366, 1705.77425734)
(4577.62291683, -9025.97869594, 1705.77425734)
(4577.68395962, -9025.92365738, 1705.77425734)
(4577.73518647, -9025.87746924, 1705.77425734)
(4577.79622925, -9025.82243068, 1705.77425734)
(4577.85113706, -9025.77292363, 1705.77425734)
(4577.8971492, -9025.73143728, 1705.77425734)
(4577.93763989, -9025.69492928, 1705.77425734)
(4577.99592194, -9025.64237989, 1705.77425734)
(4578.04592181, -9025.59729804, 1705.77425734)
(4578.11432654, -9025.53562167, 1705.77425734)
(4578.1695411, -9025.48583805, 1705.77425734)
(4578.25819118, -9025.40590768, 1705.77425734)
(4578.30911128, -9025.35999612, 1705.77425734)
(4578.39193315, -9025.28532071, 1705.77425734)
(4578.43579806, -9025.24577038, 1705.77425734)
(4578.4830372, -9025.20317772, 1705.77425734)
(4578.53181007, -9025.15920217, 1705.77425734)
(4578.58978537, -9025.10692936, 1705.77425734)
(4578.6517484, -9025.05106108, 1705.77425734)
(4578.70174826, -9025.00597924, 1705.77425734)
(4578.73978497, -9024.97168385, 1705.77425734)
(4578.78763759, -9024.92853805, 1705.77425734)
(4578.85757605, -9024.86547879, 1705.77425734)
(4578.91125687, -9024.81707804, 1705.77425734)
(4578.97321989, -9024.76120975, 1705.77425734)
(4579.02536699, -9024.71419187, 1705.77425734)
(4579.07996807, -9024.66496139, 1705.77425734)
(4579.12291273, -9024.62624079, 1705.77425734)
(4579.16677764, -9024.58669046, 1705.77425734)
(4579.22812717, -9024.53137532, 1705.77425734)
(4579.28242149, -9024.48242142, 1705.77425734)
(4579.34101029, -9024.42959547, 1705.77425734)
(4579.38579543, -9024.38921542, 1705.77425734)
(4579.43947626, -9024.34081467, 1705.77425734)
(4579.47935345, -9024.30485983, 1705.77425734)
(4579.53487478, -9024.25479962, 1705.77425734)
(4579.59683781, -9024.19893133, 1705.77425734)
(4579.64530393, -9024.15523236, 1705.77425734)
(4579.69990501, -9024.10600189, 1705.77425734)
(4579.74223618, -9024.06783444, 1705.77425734)
(4579.7848741, -9024.02939042, 1705.77425734)
(4579.83702119, -9023.98237255, 1705.77425734)
(4579.88978177, -9023.93480153, 1705.77425734)
(4579.9569595, -9023.87423146, 1705.77425734)
(4580.00481213, -9023.83108565, 1705.77425734)
(4580.06370769, -9023.77798311, 1705.77425734)
(4580.10511861, -9023.74064539, 1705.77425734)
(4580.15757246, -9023.69335094, 1705.77425734)
(4580.20573183, -9023.64992855, 1705.77425734)
(4580.24898325, -9023.61093137, 1705.77425734)
(4580.30941254, -9023.55644597, 1705.77425734)
(4580.36309336, -9023.50804522, 1705.77425734)
(4580.42628337, -9023.45107064, 1705.77425734)
(4580.46830779, -9023.41317977, 1705.77425734)
(4580.52198863, -9023.36477902, 1705.77425734)
(4580.57382898, -9023.31803772, 1705.77425734)
(4580.64039321, -9023.25802078, 1705.77425734)
(4580.68763234, -9023.21542812, 1705.77425734)
(4580.73609847, -9023.17172916, 1705.77425734)
(4580.78119037, -9023.13107253, 1705.77425734)
(4580.83671169, -9023.08101233, 1705.77425734)
(4580.88855203, -9023.03427103, 1705.77425734)
(4580.95082179, -9022.97812617, 1705.77425734)
(4580.99622044, -9022.93719297, 1705.77425734)
(4581.05634297, -9022.88298413, 1705.77425734)
(4581.1048091, -9022.83928516, 1705.77425734)
(4581.15971693, -9022.7897781, 1705.77425734)
(4581.20726281, -9022.74690887, 1705.77425734)
(4581.26493137, -9022.69491264, 1705.77425734)
(4581.30787603, -9022.65619204, 1705.77425734)
(4581.36462434, -9022.60502554, 1705.77425734)
(4581.41309046, -9022.56132658, 1705.77425734)
(4581.47321299, -9022.50711775, 1705.77425734)
(4581.51983862, -9022.46507824, 1705.77425734)
(4581.56462378, -9022.42469818, 1705.77425734)
(4581.6072617, -9022.38625415, 1705.77425734)
(4581.66247628, -9022.33647052, 1705.77425734)
(4581.71155589, -9022.29221841, 1705.77425734)
(4581.77321217, -9022.23662669, 1705.77425734)
(4581.82321202, -9022.19154485, 1705.77425734)
(4581.86983766, -9022.14950534, 1705.77425734)
(4581.91861053, -9022.10552981, 1705.77425734)
(4581.99253671, -9022.03887508, 1705.77425734)
(4582.05480647, -9021.98273021, 1705.77425734)
(4582.11860999, -9021.92520247, 1705.77425734)
(4582.18087976, -9021.86905759, 1705.77425734)
(4582.27351756, -9021.78553174, 1705.77425734)
(4582.31186101, -9021.75095978, 1705.77425734)
(4582.36983631, -9021.69868697, 1705.77425734)
(4582.42443738, -9021.64945649, 1705.77425734)
(4582.48670714, -9021.59331163, 1705.77425734)
(4582.53885423, -9021.54629376, 1705.77425734)
(4582.59284181, -9021.49761643, 1705.77425734)
(4582.63394599, -9021.46055529, 1705.77425734)
(4582.69314829, -9021.40717617, 1705.77425734)
(4582.73977393, -9021.36513666, 1705.77425734)
(4582.80265719, -9021.30843864, 1705.77425734)
(4582.84805584, -9021.26750544, 1705.77425734)
(4582.90725813, -9021.21412633, 1705.77425734)
(4582.95725798, -9021.16904449, 1705.77425734)
(4583.0063376, -9021.12479238, 1705.77425734)
(4583.05572396, -9021.08026369, 1705.77425734)
(4583.10326984, -9021.03739446, 1705.77425734)
(4583.16185864, -9020.98456849, 1705.77425734)
(4583.21431249, -9020.93727404, 1705.77425734)
(4583.27596876, -9020.88168232, 1705.77425734)
(4583.33455755, -9020.82885636, 1705.77425734)
(4583.38547766, -9020.78294479, 1705.77425734)
(4583.4256616, -9020.74671338, 1705.77425734)
(4583.47811544, -9020.69941893, 1705.77425734)
(4583.54345267, -9020.64050831, 1705.77425734)
(4583.59406602, -9020.59487332, 1705.77425734)
(4583.66155051, -9020.53402667, 1705.77425734)
(4583.71921907, -9020.48203043, 1705.77425734)
(4583.79191826, -9020.41648199, 1705.77425734)
(4583.85020031, -9020.36393261, 1705.77425734)
(4583.91891179, -9020.30197966, 1705.77425734)
(4583.97197912, -9020.25413206, 1705.77425734)
(4584.03087465, -9020.20102953, 1705.77425734)
(4584.0698316, -9020.16590441, 1705.77425734)
(4584.11829772, -9020.12220545, 1705.77425734)
(4584.18700919, -9020.06025249, 1705.77425734)
(4584.23608882, -9020.01600037, 1705.77425734)
(4584.30081257, -9019.9576429, 1705.77425734)
(4584.35111917, -9019.91228448, 1705.77425734)
(4584.40817423, -9019.8608414, 1705.77425734)
(4584.44345021, -9019.82903519, 1705.77425734)
(4584.51093468, -9019.76818854, 1705.77425734)
(4584.56185478, -9019.72227697, 1705.77425734)
(4584.62596502, -9019.66447265, 1705.77425734)
(4584.67565814, -9019.61966738, 1705.77425734)
(4584.71798931, -9019.58149993, 1705.77425734)
(4584.77933884, -9019.52618479, 1705.77425734)
(4584.82167001, -9019.48801734, 1705.77425734)
(4584.87811158, -9019.43712741, 1705.77425734)
(4584.92995192, -9019.39038611, 1705.77425734)
(4584.98946096, -9019.33673043, 1705.77425734)
(4585.03547309, -9019.29524407, 1705.77425734)
(4585.08209873, -9019.25320457, 1705.77425734)
(4585.12350965, -9019.21586685, 1705.77425734)
(4585.18087146, -9019.16414719, 1705.77425734)
(4585.22841734, -9019.12127795, 1705.77425734)
(4585.29038037, -9019.06540965, 1705.77425734)
(4585.33577901, -9019.02447644, 1705.77425734)
(4585.39222057, -9018.97358651, 1705.77425734)
(4585.44375417, -9018.92712179, 1705.77425734)
(4585.49682151, -9018.87927419, 1705.77425734)
(4585.55418331, -9018.82755454, 1705.77425734)
(4585.62933647, -9018.7597935, 1705.77425734)
(4585.6965142, -9018.69922342, 1705.77425734)
(4585.7949802, -9018.61044262, 1705.77425734)
(4585.85050152, -9018.56038242, 1705.77425734)
(4585.91246455, -9018.50451412, 1705.77425734)
(4585.96583863, -9018.45638995, 1705.77425734)
(4586.00694281, -9018.41932881, 1705.77425734)
(4586.05050097, -9018.38005506, 1705.77425734)
(4586.11675849, -9018.32031474, 1705.77425734)
(4586.17178188, -9018.27090425, 1705.77425734)
(4586.24533135, -9018.20502065, 1705.77425734)
(4586.29441841, -9018.16134222, 1705.77425733)
(4586.36304909, -9018.100466, 1705.77425735)
(4586.41948229, -9018.05018712, 1705.77425734)
(4586.4811549, -9017.99523287, 1705.77425734)
(4586.52461527, -9017.956474, 1705.77425734)
(4586.56866441, -9017.91714069, 1705.77425734)
(4586.61521075, -9017.87562966, 1705.77425734)
(4586.67224106, -9017.82477791, 1705.77425734)
(4586.72279379, -9017.77969529, 1705.77425734)
(4586.78197644, -9017.72691334, 1705.77425734)
(4586.83283481, -9017.68155226, 1705.77425734)
(4586.89230724, -9017.62847767, 1705.77425734)
(4586.93487272, -9017.59056118, 1705.77425734)
(4586.97747147, -9017.55267641, 1705.77425734)
(4587.03678752, -9017.50001515, 1705.77425734)
(4587.08429499, -9017.45772757, 1705.77425735)
(4587.14655888, -9017.40221048, 1705.77425734)
(4587.19062998, -9017.36289809, 1705.77425734)
(4587.23836756, -9017.32025743, 1705.77425734)
(4587.28246637, -9017.28096092, 1705.77425734)
(4587.3327729, -9017.23620627, 1705.77425734)
(4587.39145938, -9017.18408482, 1705.77425734)
(4587.44667908, -9017.13493026, 1705.77425734)
(4587.50000485, -9017.08738407, 1705.77425734)
(4587.54638341, -9017.04573816, 1705.77425735)
(4587.59669341, -9017.00043373, 1705.77425734)
(4587.64754948, -9016.95503681, 1705.77425735)
(4587.70155122, -9016.90695768, 1705.77425735)
(4587.76084472, -9016.85426258, 1705.77425734)
(4587.80223591, -9016.81750196, 1705.77425734)
(4587.84613258, -9016.7785813, 1705.77425734)
(4587.89860709, -9016.73193174, 1705.77425734)
(4587.95259884, -9016.68388383, 1705.77425734)
(4588.0138069, -9016.62908414, 1705.77425735)
(4588.07236555, -9016.57684127, 1705.77425734)
(4588.12140758, -9016.53315584, 1705.77425734)
(4588.16771798, -9016.49198379, 1705.77425734)
(4588.21222242, -9016.45250319, 1705.77425734)
(4588.2744003, -9016.39745567, 1705.77425734)
(4588.33131397, -9016.34653854, 1705.77425734)
(4588.39580325, -9016.28860459, 1705.77425734)
(4588.44844749, -9016.24152112, 1705.77425734)
(4588.50571179, -9016.1903098, 1705.77425734)
(4588.54707525, -9016.15350556, 1705.77425734)
(4588.60022084, -9016.10632122, 1705.77425734)
(4588.65118537, -9016.06105675, 1705.77425734)
(4588.71023659, -9016.00871709, 1705.77425734)
(4588.76146296, -9015.96315791, 1705.77425734)
(4588.81663637, -9015.91396952, 1705.77425734)
(4588.85485271, -9015.87988588, 1705.77425734)
(4588.91768424, -9015.8237706, 1705.77425734)
(4588.96827369, -9015.77871903, 1705.77425734)
(4589.04175348, -9015.71339941, 1705.77425734)
(4589.09203858, -9015.66863817, 1705.77425734)
(4589.15280698, -9015.61453302, 1705.77425734)
(4589.20539852, -9015.56743516, 1705.77425734)
(4589.24563048, -9015.53129474, 1705.77425734)
(4589.29980877, -9015.48282832, 1705.77425734)
(4589.3743124, -9015.41619714, 1705.77425734)
(4589.43086268, -9015.36598892, 1705.77425734)
(4589.51533508, -9015.29122389, 1705.77425733)
(4589.58168391, -9015.23222241, 1705.77425734)
(4589.66645449, -9015.15666062, 1705.77425734)
(4589.7413321, -9015.08985057, 1705.77425734)
(4589.82874264, -9015.01166472, 1705.77425734)
(4589.88102068, -9014.96535745, 1705.77425733)
(4589.93316831, -9014.91896059, 1705.77425734)
(4589.99672367, -9014.86239445, 1705.77425734)
(4590.0480435, -9014.81636589, 1705.77425734)
(4590.10053402, -9014.7691634, 1705.77425735)
(4590.14393488, -9014.73032544, 1705.77425734)
(4590.19053445, -9014.68883763, 1705.77425735)
(4590.24799619, -9014.6378018, 1705.77425735)
(4590.30207809, -9014.5898167, 1705.77425734)
(4590.35960443, -9014.53886626, 1705.77425734)
(4590.40035332, -9014.50265443, 1705.77425734)
(4590.45031247, -9014.4581636, 1705.77425734)
(4590.49738145, -9014.41604271, 1705.77425734)
(4590.5493178, -9014.36945426, 1705.77425734)
(4590.59559203, -9014.32823424, 1705.77425734)
(4590.65771872, -9014.2731161, 1705.77425735)
(4590.70746818, -9014.2289709, 1705.77425734)
(4590.76900622, -9014.17445801, 1705.77425734)
(4590.82284759, -9014.12629524, 1705.77425732)
(4590.86647913, -9014.08714875, 1705.77425734)
(4590.91042834, -9014.04772105, 1705.77425734)
(4590.95906658, -9014.00421224, 1705.77425734)
(4591.02587511, -9013.94446678, 1705.77425734)
(4591.08519266, -9013.89177791, 1705.77425734)
(4591.15478814, -9013.83013153, 1705.77425734)
(4591.20113399, -9013.78900722, 1705.77425734)
(4591.25616849, -9013.7402439, 1705.77425734)
(4591.30231006, -9013.69895577, 1705.77425734)
(4591.36281316, -9013.64462026, 1705.77425735)
(4591.41770526, -9013.59568744, 1705.77425735)
(4591.48814375, -9013.53313735, 1705.77425734)
(4591.53448924, -9013.49200263, 1705.77425734)
(4591.58055911, -9013.45117639, 1705.77425734)
(4591.64286139, -9013.39571041, 1705.77425734)
(4591.69574667, -9013.34833305, 1705.77425734)
(4591.75871305, -9013.2917824, 1705.77425734)
(4591.80242093, -9013.2526736, 1705.77425734)
(4591.8550581, -9013.20558307, 1705.77425734)
(4591.90046441, -9013.16523171, 1705.77425734)
(4591.96231984, -9013.11042063, 1705.77425734)
(4592.01423413, -9013.06436167, 1705.77425734)
(4592.08133022, -9013.00491344, 1705.77425734)
(4592.12256992, -9012.96804784, 1705.77425735)
(4592.16866054, -9012.92670011, 1705.77425735)
(4592.21949795, -9012.88131349, 1705.77425734)
(4592.27743192, -9012.82961244, 1705.77425734)
(4592.32654969, -9012.78598714, 1705.77425735)
(4592.37633761, -9012.74187161, 1705.77425734)
(4592.42386949, -9012.69960795, 1705.77425734)
(4592.48248817, -9012.64743921, 1705.77425734)
(4592.54153923, -9012.59456324, 1705.77425734)
(4592.59374446, -9012.54765992, 1705.77425734)
(4592.64651765, -9012.50014489, 1705.77425734)
(4592.69499616, -9012.45702665, 1705.77425734)
(4592.75654223, -9012.40248723, 1705.77425733)
(4592.80783398, -9012.35696694, 1705.77425734)
(4592.8752338, -9012.29723714, 1705.77425734)
(4592.92152434, -9012.25607179, 1705.77425734)
(4592.97455669, -9012.20882379, 1705.77425734)
(4593.01894174, -9012.1692497, 1705.77425734)
(4593.0734599, -9012.12056796, 1705.77425734)
(4593.13019438, -9012.07000285, 1705.77425734)
(4593.17895208, -9012.02661874, 1705.77425734)
(4593.22930201, -9011.98190639, 1705.77425734)
(4593.27743469, -9011.93907588, 1705.77425733)
(4593.34189154, -9011.88166528, 1705.77425734)
(4593.3882703, -9011.84002299, 1705.77425734)
(4593.4548271, -9011.78006639, 1705.77425733)
(4593.5069616, -9011.73360487, 1705.77425734)
(4593.5644151, -9011.68255309, 1705.77425734)
(4593.61075261, -9011.64140109, 1705.77425734)
(4593.67722592, -9011.58247943, 1705.77425734)
(4593.75261949, -9011.51559204, 1705.77425734)
(4593.8036985, -9011.46990958, 1705.77425734)
(4593.86974335, -9011.41061734, 1705.77425734)
(4593.93856627, -9011.34936361, 1705.77425734)
(4594.01739107, -9011.27945435, 1705.77425734)
(4594.07485647, -9011.22845485, 1705.77425734)
(4594.1283521, -9011.18106446, 1705.77425734)
(4594.17110369, -9011.14280001, 1705.77425734)
(4594.2257432, -9011.09367759, 1705.77425733)
(4594.27254567, -9011.05183427, 1705.77425734)
(4594.33166428, -9010.99898075, 1705.77425734)
(4594.38773985, -9010.94890924, 1705.77425734)
(4594.42972552, -9010.91156613, 1705.77425735)
(4594.48536027, -9010.86220895, 1705.77425735)
(4594.53357022, -9010.81944037, 1705.77425734)
(4594.60285785, -9010.75809772, 1705.77425734)
(4594.64959057, -9010.71623543, 1705.77425734)
(4594.70331228, -9010.66794349, 1705.77425733)
(4594.75081186, -9010.62561699, 1705.77425734)
(4594.8138101, -9010.56962573, 1705.77425734)
(4594.8629343, -9010.52601611, 1705.77425734)
(4594.92106112, -9010.47450089, 1705.77425733)
(4594.9731812, -9010.42809205, 1705.77425734)
(4595.03108619, -9010.37639098, 1705.77425734)
(4595.07958712, -9010.33278955, 1705.77425734)
(4595.13873794, -9010.27942202, 1705.77425734)
(4595.18624798, -9010.23708261, 1705.77425734)
(4595.24282389, -9010.18690062, 1705.77425734)
(4595.28731825, -9010.14740523, 1705.77425734)
(4595.35318826, -9010.08904866, 1705.77425734)
(4595.40504994, -9010.04295659, 1705.77425734)
(4595.46241651, -9009.99187733, 1705.77425734)
(4595.51378251, -9009.94589021, 1705.77425734)
(4595.56002126, -9009.90465566, 1705.77425734)
(4595.61335104, -9009.85710034, 1705.77425734)
(4595.65780818, -9009.8175727, 1705.77425734)
(4595.71497779, -9009.7668471, 1705.77425734)
(4595.76836679, -9009.71936058, 1705.77425734)
(4595.82450992, -9009.66938144, 1705.77425734)
(4595.87012905, -9009.62870814, 1705.77425734)
(4595.91202421, -9009.59130785, 1705.77425734)
(4595.9677432, -9009.54149099, 1705.77425734)
(4596.01527775, -9009.49920547, 1705.77425734)
(4596.07584726, -9009.44546156, 1705.77425734)
(4596.12659332, -9009.40002308, 1705.77425734)
(4596.1840412, -9009.34844659, 1705.77425733)
(4596.22752142, -9009.30968232, 1705.77425734)
(4596.27351878, -9009.26876897, 1705.77425734)
(4596.33685703, -9009.2125376, 1705.77425734)
(4596.38443177, -9009.17030182, 1705.77425734)
(4596.44873683, -9009.11330717, 1705.77425734)
(4596.4963959, -9009.07062228, 1705.77425734)
(4596.55042626, -9009.02205253, 1705.77425733)
(4596.59823106, -9008.97944737, 1705.77425734)
(4596.65876391, -9008.92565514, 1705.77425735)
(4596.70603559, -9008.88369194, 1705.77425734)
(4596.76694016, -9008.82970697, 1705.77425734)
(4596.81566811, -9008.78631869, 1705.77425734)
(4596.87295889, -9008.73517024, 1705.77425734)
(4596.92269041, -9008.69046759, 1705.77425734)
(4596.97358467, -9008.64458041, 1705.77425734)
(4597.02046643, -9008.60278415, 1705.77425734)
(4597.0785383, -9008.55118174, 1705.77425734)
(4597.13075105, -9008.50482161, 1705.77425735)
(4597.21052968, -9008.43412771, 1705.77425734)
(4597.26176039, -9008.38857515, 1705.77425734)
(4597.33297234, -9008.32510753, 1705.77425734)
(4597.38536435, -9008.27837889, 1705.77425734)
(4597.43679575, -9008.23243907, 1705.77425734)
(4597.49078316, -9008.18436734, 1705.77425734)
(4597.59916612, -9008.08805647, 1705.77425734)
(4597.6420419, -9008.04988172, 1705.77425734)
(4597.71108443, -9007.98831492, 1705.77425734)
(4597.75191159, -9007.95161483, 1705.77425734)
(4597.806171, -9007.90268574, 1705.77425734)
(4597.85828833, -9007.85620537, 1705.77425735)
(4597.91605363, -9007.80487855, 1705.77425734)
(4597.96671747, -9007.75988638, 1705.77425735)
(4598.01556662, -9007.7165838, 1705.77425734)
(4598.05790237, -9007.67902828, 1705.77425734)
(4598.105216, -9007.63711939, 1705.77425734)
(4598.15352458, -9007.59391701, 1705.77425734)
(4598.22047637, -9007.53378426, 1705.77425734)
(4598.26614206, -9007.49312111, 1705.77425734)
(4598.31895928, -9007.4461964, 1705.77425734)
(4598.36591069, -9007.40449887, 1705.77425734)
(4598.4187581, -9007.35761957, 1705.77425734)
(4598.4781509, -9007.30504174, 1705.77425734)
(4598.52580558, -9007.26235383, 1705.77425734)
(4598.57676129, -9007.21654256, 1705.77425733)
(4598.62571847, -9007.17277138, 1705.77425734)
(4598.67744697, -9007.12652364, 1705.77425734)
(4598.73141977, -9007.07842241, 1705.77425734)
(4598.78143452, -9007.03394775, 1705.77425734)
(4598.84292363, -9006.97937154, 1705.77425734)
(4598.88678914, -9006.94042797, 1705.77425734)
(4598.94182495, -9006.89165827, 1705.77425734)
(4598.9867391, -9006.85147194, 1705.77425734)
(4599.04938986, -9006.79519833, 1705.77425733)
(4599.10244603, -9006.74792933, 1705.77425734)
(4599.1691568, -9006.68865389, 1705.77425734)
(4599.21210234, -9006.65053243, 1705.77425734)
(4599.25693427, -9006.61079891, 1705.77425734)
(4599.3084632, -9006.56496016, 1705.77425734)
(4599.38302624, -9006.49843108, 1705.77425734)
(4599.43704162, -9006.44985107, 1705.77425733)
(4599.49834383, -9006.39454514, 1705.77425734)
(4599.54279253, -9006.35497554, 1705.77425734)
(4599.59135647, -9006.31194374, 1705.77425733)
(4599.64265957, -9006.26642662, 1705.77425734)
(4599.70637518, -9006.21000027, 1705.77425734)
(4599.75853912, -9006.16363087, 1705.77425734)
(4599.81096489, -9006.11694162, 1705.77425734)
(4599.8601787, -9006.07288479, 1705.77425734)
(4599.90641737, -9006.0316499, 1705.77425734)
(4599.96406477, -9005.9802486, 1705.77425734)
(4600.01531292, -9005.93468082, 1705.77425734)
(4600.07125559, -9005.88505958, 1705.77425734)
(4600.1206334, -9005.8411433, 1705.77425734)
(4600.16967246, -9005.79747263, 1705.77425734)
(4600.21638268, -9005.75557614, 1705.77425734)
(4600.26487898, -9005.71195929, 1705.77425733)
(4600.32561416, -9005.65724295, 1705.77425733)
(4600.37164015, -9005.61633266, 1705.77425733)
(4600.42485035, -9005.56920196, 1705.77425733)
(4600.47646508, -9005.52341693, 1705.77425734)
(4600.53150971, -9005.47465283, 1705.77425734)
(4600.57967173, -9005.43185864, 1705.77425734)
(4600.62440901, -9005.39205471, 1705.77425734)
(4600.66780639, -9005.35325736, 1705.77425734)
(4600.72222419, -9005.304485, 1705.77425734)
(4600.77250967, -9005.25970114, 1705.77425734)
(4600.83334972, -9005.20564224, 1705.77425734)
(4600.87444201, -9005.16916777, 1705.77425734)
(4600.92947754, -9005.12039527, 1705.77425734)
(4600.97698669, -9005.07811917, 1705.77425734)
(4601.04477061, -9005.01764035, 1705.77425734)
(4601.09327491, -9004.9740465, 1705.77425734)
(4601.1692743, -9004.90545747, 1705.77425734)
(4601.20509065, -9004.87358885, 1705.77425734)
(4601.27691517, -9004.81008267, 1705.77425734)
(4601.32417042, -9004.76811796, 1705.77425734)
(4601.38383143, -9004.71522817, 1705.77425734)
(4601.43568968, -9004.66913445, 1705.77425734)
(4601.50538114, -9004.60706062, 1705.77425734)
(4601.56978722, -9004.54961036, 1705.77425734)
(4601.62551988, -9004.49981069, 1705.77425734)
(4601.69094316, -9004.44159115, 1705.77425734)
(4601.75459704, -9004.38510452, 1705.77425734)
(4601.80303882, -9004.34200044, 1705.77425735)
(4601.85020913, -9004.29996092, 1705.77425734)
(4601.90304474, -9004.25253344, 1705.77425734)
(4601.95581736, -9004.2050274, 1705.77425734)
(4602.00545151, -9004.16074177, 1705.77425735)
(4602.05575677, -9004.1159645, 1705.77425735)
(4602.11042085, -9004.06738623, 1705.77425735)
(4602.15397522, -9004.02870506, 1705.77425734)
(4602.20714708, -9003.98156372, 1705.77425734)
(4602.26148102, -9003.93327497, 1705.77425735)
(4602.31329962, -9003.88713905, 1705.77425734)
(4602.36107742, -9003.84454378, 1705.77425734)
(4602.40266487, -9003.80741934, 1705.77425734)
(4602.46700038, -9003.74989297, 1705.77425734)
(4602.50929902, -9003.71228429, 1705.77425734)
(4602.56616987, -9003.66183726, 1705.77425734)
(4602.60968087, -9003.6231323, 1705.77425734)
(4602.66212291, -9003.57644772, 1705.77425734)
(4602.70919282, -9003.53432367, 1705.77425734)
(4602.75990215, -9003.48883559, 1705.77425734)
(4602.80208903, -9003.45112453, 1705.77425734)
(4602.86028908, -9003.39910219, 1705.77425734)
(4602.91088944, -9003.35404266, 1705.77425734)
(4602.96802827, -9003.30327648, 1705.77425734)
(4603.02795309, -9003.2500605, 1705.77425734)
(4603.08328, -9003.20099789, 1705.77425734)
(4603.12493202, -9003.16394052, 1705.77425734)
(4603.16961928, -9003.12409069, 1705.77425734)
(4603.22170199, -9003.07763584, 1705.77425734)
(4603.283907, -9003.02206087, 1705.77425734)
(4603.33049164, -9002.98058117, 1705.77425734)
(4603.38052046, -9002.93612912, 1705.77425734)
(4603.42933016, -9002.892795, 1705.77425734)
(4603.4743753, -9002.85271061, 1705.77425735)
(4603.53509437, -9002.79856676, 1705.77425734)
(4603.58330645, -9002.75525832, 1705.77425734)
(4603.65015134, -9002.69500254, 1705.77425734)
(4603.69737337, -9002.65295463, 1705.77425734)
(4603.75113967, -9002.60521047, 1705.77425734)
(4603.79098895, -9002.56981845, 1705.77425734)
(4603.84973198, -9002.51774589, 1705.77425734)
(4603.8988582, -9002.47415435, 1705.77425734)
(4603.95792568, -9002.42184194, 1705.77425734)
(4604.00251048, -9002.381914, 1705.77425734)
(4604.05561525, -9002.3341756, 1705.77425734)
(4604.10401776, -9002.29100353, 1705.77425734)
(4604.17197276, -9002.23063338, 1705.77425734)
(4604.21522903, -9002.19223771, 1705.77425734)
(4604.26809915, -9002.14538007, 1705.77425734)
(4604.30789593, -9002.10996682, 1705.77425734)
(4604.36766972, -9002.0566349, 1705.77425734)
(4604.42231976, -9002.00752453, 1705.77425734)
(4604.48519605, -9001.95087838, 1705.77425734)
(4604.52437737, -9001.91596267, 1705.77425734)
(4604.573823, -9001.8720606, 1705.77425734)
(4604.62449065, -9001.82706991, 1705.77425735)
(4604.67612592, -9001.78130207, 1705.77425734)
(4604.73367259, -9001.73037551, 1705.77425734)
(4604.77037792, -9001.69770704, 1705.77425734)
(4604.8264537, -9001.64768058, 1705.77425734)
(4604.88069855, -9001.59930485, 1705.77425734)
(4604.93891282, -9001.54731728, 1705.77425734)
(4605.00951608, -9001.48437782, 1705.77425734)
(4605.06450696, -9001.43555103, 1705.77425734)
(4605.14333121, -9001.36566439, 1705.77425734)
(4605.19158781, -9001.32240918, 1705.77425734)
(4605.26100719, -9001.26006879, 1705.77425734)
(4605.3022566, -9001.2231686, 1705.77425734)
(4605.3678243, -9001.16451462, 1705.77425734)
(4605.42185534, -9001.11645963, 1705.77425734)
(4605.49325903, -9001.05312253, 1705.77425734)
(4605.55690772, -9000.99663883, 1705.77425734)
(4605.63360854, -9000.928716, 1705.77425734)
(4605.70490328, -9000.86476337, 1705.77425734)
(4605.75919141, -9000.81586387, 1705.77425733)
(4605.79748815, -9000.78181644, 1705.77425733)
(4605.85441737, -9000.73140743, 1705.77425733)
(4605.90602823, -9000.68562573, 1705.77425734)
(4605.97376199, -9000.62564406, 1705.77425734)
(4606.02821138, -9000.57692945, 1705.77425734)
(4606.09205799, -9000.5195258, 1705.77425734)
(4606.14684467, -9000.47049991, 1705.77425734)
(4606.19332561, -9000.42891722, 1705.77425734)
(4606.24518745, -9000.38277509, 1705.77425734)
(4606.30112194, -9000.33313008, 1705.77425735)
(4606.3591958, -9000.28156333, 1705.77425734)
(4606.40060796, -9000.24483033, 1705.77425734)
(4606.4600039, -9000.19225707, 1705.77425733)
(4606.50275442, -9000.15398907, 1705.77425734)
(4606.56229081, -9000.10043423, 1705.77425734)
(4606.60886579, -9000.05892935, 1705.77425734)
(4606.66755726, -9000.00679333, 1705.77425734)
(4606.71328681, -8999.9662042, 1705.77425734)
(4606.7726537, -8999.91359593, 1705.77425734)
(4606.82199962, -8999.86966071, 1705.77425734)
(4606.86820908, -8999.82841958, 1705.77425734)
(4606.9172098, -8999.78470994, 1705.77425734)
(4606.97726122, -8999.7310607, 1705.77425734)
(4607.02847631, -8999.68546226, 1705.77425735)
(4607.08035749, -8999.63936405, 1705.77425734)
(4607.12467622, -8999.59973215, 1705.77425734)
(4607.16986622, -8999.55921854, 1705.77425734)
(4607.22239648, -8999.51204565, 1705.77425734)
(4607.26466858, -8999.47439309, 1705.77425734)
(4607.32897914, -8999.41736298, 1705.77425734)
(4607.38181469, -8999.37047022, 1705.77425734)
(4607.43220682, -8999.32580482, 1705.77425734)
(4607.47600339, -8999.28681433, 1705.77425734)
(4607.5215244, -8999.24606259, 1705.77425734)
(4607.58143108, -8999.19228761, 1705.77425734)
(4607.6243095, -8999.15408436, 1705.77425735)
(4607.68363947, -8999.10141829, 1705.77425734)
(4607.73029833, -8999.06001109, 1705.77425734)
(4607.78997716, -8999.00713327, 1705.77425734)
(4607.82730163, -8998.97391561, 1705.77425734)
(4607.87966919, -8998.92717619, 1705.77425733)
(4607.93156632, -8998.88055909, 1705.77425735)
(4607.99840884, -8998.82030569, 1705.77425736)
(4608.04994248, -8998.77440462, 1705.77425735)
(4608.11888165, -8998.71324821, 1705.77425734)
(4608.1636789, -8998.6734782, 1705.77425734)
(4608.21035843, -8998.63209386, 1705.77425734)
(4608.25357998, -8998.59368455, 1705.77425734)
(4608.30758217, -8998.54564833, 1705.77425734)
(4608.36493384, -8998.49455313, 1705.77425734)
(4608.40931905, -8998.45497745, 1705.77425734)
(4608.45582923, -8998.41344551, 1705.77425734)
(4608.50456874, -8998.37004493, 1705.77425734)
(4608.55828268, -8998.32228617, 1705.77425734)
(4608.60646829, -8998.27949577, 1705.77425734)
(4608.65995383, -8998.23209099, 1705.77425734)
(4608.70300568, -8998.19353964, 1705.77425734)
(4608.76317316, -8998.13944932, 1705.77425735)
(4608.81057672, -8998.09703837, 1705.77425734)
(4608.875838, -8998.03866017, 1705.77425734)
(4608.92059096, -8997.99882861, 1705.77425734)
(4608.96971152, -8997.9552031, 1705.77425734)
(4609.01635016, -8997.91377642, 1705.77425734)
(4609.07044504, -8997.86581035, 1705.77425734)
(4609.11828356, -8997.82327314, 1705.77425734)
(4609.17810727, -8997.76998381, 1705.77425734)
(4609.22156702, -8997.73123184, 1705.77425734)
(4609.2871721, -8997.67264376, 1705.77425734)
(4609.36578989, -8997.60255836, 1705.77425734)
(4609.42387681, -8997.55099299, 1705.77425734)
(4609.49532857, -8997.48772146, 1705.77425734)
(4609.55682728, -8997.43264309, 1705.77425734)
(4609.64698139, -8997.35140309, 1705.77425733)
(4609.71721437, -8997.2886327, 1705.77425734)
(4609.77376919, -8997.23842927, 1705.77425734)
(4609.8356455, -8997.18364043, 1705.77425734)
(4609.88013596, -8997.14415807, 1705.77425734)
(4609.92557905, -8997.10387794, 1705.77425734)
(4609.97617105, -8997.05885778, 1705.77425734)
(4610.03040841, -8997.0104855, 1705.77425734)
(4610.07817741, -8996.96787834, 1705.77425734)
(4610.1302239, -8996.92138575, 1705.77425734)
(4610.17588017, -8996.88072948, 1705.77425734)
(4610.22960428, -8996.83297617, 1705.77425734)
(4610.27284811, -8996.79457394, 1705.77425734)
(4610.33654381, -8996.73813242, 1705.77425734)
(4610.38542337, -8996.69433757, 1705.77425734)
(4610.45290404, -8996.63357203, 1705.77425735)
(4610.50120448, -8996.59030585, 1705.77425734)
(4610.55507358, -8996.54210713, 1705.77425734)
(4610.59739329, -8996.50449831, 1705.77425734)
(4610.66297098, -8996.4464048, 1705.77425734)
(4610.70683875, -8996.40746421, 1705.77425735)
(4610.76650024, -8996.35457663, 1705.77425734)
(4610.80968231, -8996.31613866, 1705.77425734)
(4610.86760656, -8996.26445809, 1705.77425734)
(4610.90643848, -8996.22982255, 1705.77425734)
(4610.96434082, -8996.17810697, 1705.77425734)
(4611.01401201, -8996.13388341, 1705.77425734)
(4611.07761854, -8996.07735112, 1705.77425734)
(4611.12852221, -8996.03204194, 1705.77425734)
(4611.18065634, -8995.9856287, 1705.77425734)
(4611.22250502, -8995.94819045, 1705.77425734)
(4611.27874672, -8995.89774073, 1705.77425734)
(4611.32770263, -8995.85396788, 1705.77425734)
(4611.38281912, -8995.80469317, 1705.77425734)
(4611.43157656, -8995.76128736, 1705.77425734)
(4611.49151817, -8995.70806983, 1705.77425734)
(4611.54126212, -8995.66391726, 1705.77425734)
(4611.58887596, -8995.62171949, 1705.77425734)
(4611.64333484, -8995.57354021, 1705.77425734)
(4611.69222517, -8995.5297391, 1705.77425734)
(4611.74530617, -8995.4819604, 1705.77425736)
(4611.79805174, -8995.43495904, 1705.77425735)
(4611.85611617, -8995.38336436, 1705.77425734)
(4611.9046248, -8995.34030505, 1705.77425734)
(4611.95131362, -8995.29892783, 1705.77425734)
(4611.9988214, -8995.25664967, 1705.77425734)
(4612.06228423, -8995.20001125, 1705.77425734)
(4612.11140112, -8995.15586032, 1705.77425735)
(4612.16658968, -8995.1061075, 1705.77425736)
(4612.21038193, -8995.06705114, 1705.77425734)
(4612.26816313, -8995.01573577, 1705.77425734)
(4612.31574425, -8994.97349219, 1705.77425735)
(4612.37201818, -8994.92361657, 1705.77425734)
(4612.41403876, -8994.88633154, 1705.77425734)
(4612.47062881, -8994.83620598, 1705.77425733)
(4612.51491887, -8994.79656637, 1705.77425734)
(4612.57571039, -8994.74193769, 1705.77425734)
(4612.62382966, -8994.69906383, 1705.77425734)
(4612.68406031, -8994.64555453, 1705.77425735)
(4612.7266955, -8994.60770546, 1705.77425734)
(4612.77152497, -8994.56796931, 1705.77425734)
(4612.82288667, -8994.52252056, 1705.77425734)
(4612.8711819, -8994.47930526, 1705.77425734)
(4612.9316471, -8994.42493611, 1705.77425735)
(4612.98089934, -8994.38087433, 1705.77425734)
(4613.05078221, -8994.31837052, 1705.77425734)
(4613.09707601, -8994.277164, 1705.77425734)
(4613.14712501, -8994.23271789, 1705.77425735)
(4613.20519674, -8994.18114686, 1705.77425734)
(4613.26763053, -8994.12577808, 1705.77425734)
(4613.3518021, -8994.05132684, 1705.77425734)
(4613.40840506, -8994.00068439, 1705.77425734)
(4613.48269508, -8993.93390474, 1705.77425734)
(4613.54322102, -8993.88008471, 1705.77425734)
(4613.62766045, -8993.80528656, 1705.77425734)
(4613.67943798, -8993.75911982, 1705.77425734)
(4613.72500583, -8993.71840181, 1705.77425733)
(4613.77812121, -8993.6706658, 1705.77425735)
(4613.84096535, -8993.61399114, 1705.77425733)
(4613.88445803, -8993.5752191, 1705.77425734)
(4613.94196396, -8993.52421247, 1705.77425734)
(4613.99016724, -8993.48142724, 1705.77425734)
(4614.04056651, -8993.43675929, 1705.77425734)
(4614.08784091, -8993.39481486, 1705.77425734)
(4614.13073511, -8993.35666672, 1705.77425734)
(4614.18746976, -8993.30612279, 1705.77425734)
(4614.24263873, -8993.25692423, 1705.77425734)
(4614.30608047, -8993.20025369, 1705.77425734)
(4614.36347788, -8993.1491744, 1705.77425734)
(4614.4289549, -8993.09101351, 1705.77425734)
(4614.47431189, -8993.05065473, 1705.77425735)
(4614.52119834, -8993.00890868, 1705.77425735)
(4614.56791503, -8992.96702077, 1705.77425735)
(4614.61887383, -8992.92120486, 1705.77425734)
(4614.68544501, -8992.86124519, 1705.77425734)
(4614.7327043, -8992.81923514, 1705.77425733)
(4614.7803492, -8992.77703899, 1705.77425734)
(4614.82176343, -8992.74029923, 1705.77425734)
(4614.88671693, -8992.68277828, 1705.77425734)
(4614.93333611, -8992.6413568, 1705.77425734)
(4614.98825448, -8992.59249355, 1705.77425734)
(4615.03326414, -8992.55238136, 1705.77425734)
(4615.08227274, -8992.50868415, 1705.77425734)
(4615.1337112, -8992.46275278, 1705.77425734)
(4615.18245733, -8992.41935541, 1705.77425734)
(4615.23494734, -8992.37270316, 1705.77425734)
(4615.29395145, -8992.32032136, 1705.77425734)
(4615.3408391, -8992.27858351, 1705.77425734)
(4615.39506831, -8992.23019742, 1705.77425734)
(4615.43805745, -8992.19157948, 1705.77425734)
(4615.50028387, -8992.13545864, 1705.77425734)
(4615.55149804, -8992.08981883, 1705.77425734)
(4615.60155154, -8992.04536185, 1705.77425734)
(4615.64727419, -8992.00475821, 1705.77425735)
(4615.69674219, -8991.9609053, 1705.77425735)
(4615.75861976, -8991.90614357, 1705.77425734)
(4615.7993298, -8991.86990206, 1705.77425734)
(4615.85754391, -8991.81793369, 1705.77425734)
(4615.90130928, -8991.7789008, 1705.77425734)
(4615.96106422, -8991.72553788, 1705.77425734)
(4616.00548026, -8991.68597518, 1705.77425734)
(4616.05857691, -8991.63876179, 1705.77425734)
(4616.10243631, -8991.5998077, 1705.77425734)
(4616.16024571, -8991.54856117, 1705.77425734)
(4616.20575896, -8991.50780558, 1705.77425734)
(4616.25980963, -8991.45925555, 1705.77425734)
(4616.30445398, -8991.41933568, 1705.77425734)
(4616.36664989, -8991.36372665, 1705.77425734)
(4616.42334182, -8991.31310506, 1705.77425734)
(4616.48565436, -8991.25760016, 1705.77425734)
(4616.53543166, -8991.21346313, 1705.77425734)
(4616.5871212, -8991.1677469, 1705.77425734)
(4616.63402305, -8991.12603072, 1705.77425734)
(4616.69165767, -8991.07464325, 1705.77425734)
(4616.74282021, -8991.02901751, 1705.77425734)
(4616.80503174, -8990.97344847, 1705.77425734)
(4616.85624782, -8990.92785451, 1705.77425734)
(4616.91676979, -8990.87407101, 1705.77425734)
(4616.96273642, -8990.83315457, 1705.77425734)
(4617.02196523, -8990.780425, 1705.77425734)
(4617.067193, -8990.73995343, 1705.77425734)
(4617.13326729, -8990.6806767, 1705.77425734)
(4617.18406377, -8990.63524417, 1705.77425734)
(4617.25302736, -8990.57357066, 1705.77425734)
(4617.30896081, -8990.52391198, 1705.77425734)
(4617.39625089, -8990.44671082, 1705.77425734)
(4617.45303287, -8990.39622221, 1705.77425734)
(4617.52298802, -8990.33383647, 1705.77425734)
(4617.57970094, -8990.2832632, 1705.77425734)
(4617.65115193, -8990.21944035, 1705.77425734)
(4617.69990853, -8990.17604711, 1705.77425734)
(4617.75520282, -8990.12694461, 1705.77425734)
(4617.79407715, -8990.09234808, 1705.77425734)
(4617.84498091, -8990.04703743, 1705.77425734)
(4617.89514, -8990.00216814, 1705.77425734)
(4617.95877293, -8989.94511183, 1705.77425734)
(4618.01249248, -8989.89733078, 1705.77425735)
(4618.07865562, -8989.8386696, 1705.77425733)
(4618.13386995, -8989.78951425, 1705.77425734)
(4618.19857967, -8989.73178182, 1705.77425734)
(4618.24696185, -8989.68861685, 1705.77425734)
(4618.291614, -8989.6487218, 1705.77425734)
(4618.33695875, -8989.60833482, 1705.77425734)
(4618.38975537, -8989.56140224, 1705.77425734)
(4618.43856044, -8989.51806334, 1705.77425734)
(4618.48360311, -8989.47797478, 1705.77425734)
(4618.52860986, -8989.43785283, 1705.77425734)
(4618.57360846, -8989.39772041, 1705.77425734)
(4618.62812469, -8989.34903183, 1705.77425734)
(4618.67528665, -8989.30697035, 1705.77425734)
(4618.73385869, -8989.2547514, 1705.77425734)
(4618.78546816, -8989.20895411, 1705.77425734)
(4618.83899392, -8989.16157903, 1705.77425734)
(4618.87868027, -8989.12607346, 1705.77425735)
(4618.9262845, -8989.08332394, 1705.77425734)
(4618.9721747, -8989.04231911, 1705.77425734)
(4619.02390472, -8988.99607607, 1705.77425734)
(4619.08359554, -8988.94263547, 1705.77425734)
(4619.12278572, -8988.90774338, 1705.77425735)
(4619.17190818, -8988.86411957, 1705.77425735)
(4619.22103691, -8988.82051364, 1705.77425734)
(4619.27298452, -8988.77448057, 1705.77425734)
(4619.33209455, -8988.72220039, 1705.77425734)
(4619.38161478, -8988.67786227, 1705.77425734)
(4619.42824802, -8988.63586331, 1705.77425734)
(4619.47138747, -8988.59734326, 1705.77425734)
(4619.51615225, -8988.5575269, 1705.77425734)
(4619.56464248, -8988.51444373, 1705.77425734)
(4619.61595452, -8988.46893853, 1705.77425734)
(4619.66255003, -8988.42748758, 1705.77425734)
(4619.7121965, -8988.38325872, 1705.77425734)
(4619.75859267, -8988.34162694, 1705.77425734)
(4619.80095479, -8988.30353809, 1705.77425734)
(4619.85585715, -8988.25407274, 1705.77425734)
(4619.89907173, -8988.21560484, 1705.77425734)
(4619.94731065, -8988.17283503, 1705.77425734)
(4619.98995609, -8988.1349916, 1705.77425734)
(4620.03664245, -8988.09361022, 1705.77425734)
(4620.09233948, -8988.04433117, 1705.77425733)
(4620.13430399, -8988.00701044, 1705.77425734)
(4620.19070018, -8987.95672097, 1705.77425734)
(4620.23385379, -8987.91824691, 1705.77425734)
(4620.27913513, -8987.87782007, 1705.77425734)
(4620.3240762, -8987.83763489, 1705.77425734)
(4620.37468762, -8987.79259461, 1705.77425734)
(4620.42751732, -8987.74569095, 1705.77425734)
(4620.47133074, -8987.70670418, 1705.77425734)
(4620.51020494, -8987.67210563, 1705.77425734)
(4620.56048293, -8987.62733507, 1705.77425735)
(4620.6099412, -8987.58294188, 1705.77425734)
(4620.66700644, -8987.53156742, 1705.77425733)
(4620.71508266, -8987.48863965, 1705.77425734)
(4620.75583366, -8987.45238664, 1705.77425734)
(4620.82042714, -8987.39506474, 1705.77425735)
(4620.86985161, -8987.35117769, 1705.77425734)
(4620.9313576, -8987.29663126, 1705.77425734)
(4620.98258489, -8987.25107195, 1705.77425734)
(4621.05657156, -8987.18512814, 1705.77425734)
(4621.12529481, -8987.1238246, 1705.77425734)
(4621.20041711, -8987.05667321, 1705.77425734)
(4621.25942335, -8987.00427371, 1705.77425734)
(4621.31263691, -8986.95716429, 1705.77425734)
(4621.35421565, -8986.92004865, 1705.77425734)
(4621.40279632, -8986.87652369, 1705.77425734)
(4621.47099281, -8986.81528826, 1705.77425734)
(4621.51962151, -8986.77177058, 1705.77425734)
(4621.57782963, -8986.71974797, 1705.77425734)
(4621.61366602, -8986.68791124, 1705.77425734)
(4621.66283951, -8986.64433195, 1705.77425734)
(4621.72401873, -8986.5900396, 1705.77425734)
(4621.77811085, -8986.54207902, 1705.77425734)
(4621.84030005, -8986.48705514, 1705.77425735)
(4621.89255296, -8986.44020426, 1705.77425734)
(4621.94991246, -8986.38854515, 1705.77425734)
(4621.99374479, -8986.34953656, 1705.77425734)
(4622.04476131, -8986.30429805, 1705.77425734)
(4622.08586174, -8986.26782956, 1705.77425734)
(4622.14337597, -8986.21686904, 1705.77425733)
(4622.19056742, -8986.17486072, 1705.77425733)
(4622.24878057, -8986.12288733, 1705.77425734)
(4622.29329888, -8986.08288178, 1705.77425734)
(4622.34664783, -8986.03478854, 1705.77425735)
(4622.39197988, -8985.99435892, 1705.77425734)
(4622.44231801, -8985.94960579, 1705.77425734)
(4622.48925843, -8985.90788749, 1705.77425734)
(4622.53684164, -8985.86565162, 1705.77425734)
(4622.5918893, -8985.81688714, 1705.77425734)
(4622.63695311, -8985.77682474, 1705.77425734)
(4622.68999643, -8985.7295849, 1705.77425734)
(4622.73037728, -8985.69358642, 1705.77425734)
(4622.77165715, -8985.65673822, 1705.77425734)
(4622.83383508, -8985.6011389, 1705.77425734)
(4622.87611887, -8985.56351608, 1705.77425734)
(4622.9305117, -8985.51525543, 1705.77425734)
(4622.97154994, -8985.47874193, 1705.77425734)
(4623.01783173, -8985.43755709, 1705.77425734)
(4623.07365996, -8985.38784272, 1705.77425735)
(4623.12157012, -8985.3448171, 1705.77425734)
(4623.17799307, -8985.29397155, 1705.77425734)
(4623.22454651, -8985.2524318, 1705.77425734)
(4623.26345787, -8985.21783668, 1705.77425734)
(4623.30699966, -8985.17913371, 1705.77425735)
(4623.3682012, -8985.12484797, 1705.77425734)
(4623.41764572, -8985.08098427, 1705.77425734)
(4623.47609905, -8985.0292184, 1705.77425734)
(4623.51856734, -8984.9912505, 1705.77425735)
(4623.56650417, -8984.94824871, 1705.77425733)
(4623.60872118, -8984.91057116, 1705.77425734)
(4623.66912183, -8984.8566722, 1705.77425734)
(4623.71823874, -8984.81304651, 1705.77425735)
(4623.77421327, -8984.7634513, 1705.77425734)
(4623.82143854, -8984.72146592, 1705.77425734)
(4623.8646219, -8984.68302033, 1705.77425734)
(4623.91200563, -8984.6406289, 1705.77425734)
(4623.97285071, -8984.58604033, 1705.77425734)
(4624.02365586, -8984.54061805, 1705.77425734)
(4624.07969658, -8984.49051798, 1705.77425734)
(4624.12661646, -8984.44877332, 1705.77425734)
(4624.18316967, -8984.39858456, 1705.77425734)
(4624.22704414, -8984.35964482, 1705.77425734)
(4624.28795707, -8984.30567079, 1705.77425734)
(4624.32990691, -8984.26833284, 1705.77425734)
(4624.38105125, -8984.22269973, 1705.77425734)
(4624.42666395, -8984.18201778, 1705.77425734)
(4624.48302414, -8984.13167708, 1705.77425734)
(4624.52929385, -8984.09046719, 1705.77425734)
(4624.5774564, -8984.04764946, 1705.77425734)
(4624.62162389, -8984.00842097, 1705.77425734)
(4624.68407312, -8983.95306622, 1705.77425734)
(4624.73880603, -8983.90404545, 1705.77425734)
(4624.7965152, -8983.85215813, 1705.77425736)
(4624.85221595, -8983.80229651, 1705.77425734)
(4624.90238907, -8983.75740533, 1705.77425734)
(4624.95673252, -8983.70907701, 1705.77425734)
(4625.00989582, -8983.66190957, 1705.77425734)
(4625.06798393, -8983.61035527, 1705.77425734)
(4625.12517567, -8983.55966017, 1705.77425734)
(4625.18931742, -8983.50253722, 1705.77425733)
(4625.27274121, -8983.42796607, 1705.77425734)
(4625.34579818, -8983.36281319, 1705.77425734)
(4625.43399162, -8983.28422234, 1705.77425734)
(4625.49649118, -8983.22889528, 1705.77425734)
(4625.53652364, -8983.19314608, 1705.77425734)
(4625.58633573, -8983.1485189, 1705.77425734)
(4625.63120841, -8983.1082688, 1705.77425734)
(4625.6910824, -8983.05444432, 1705.77425734)
(4625.7419862, -8983.00908665, 1705.77425734)
(4625.79884344, -8982.95860544, 1705.77425734)
(4625.84673931, -8982.91609693, 1705.77425734)
(4625.8866249, -8982.88074636, 1705.77425734)
(4625.93204938, -8982.84044949, 1705.77425734)
(4625.98988133, -8982.78923383, 1705.77425734)
(4626.04032041, -8982.7440855, 1705.77425734)
(4626.09988998, -8982.69056408, 1705.77425734)
(4626.14709076, -8982.64851929, 1705.77425734)
(4626.20485738, -8982.59721126, 1705.77425734)
(4626.25151221, -8982.55580028, 1705.77425734)
(4626.29016207, -8982.52154867, 1705.77425734)
(4626.34802372, -8982.47035581, 1705.77425733)
(4626.39629418, -8982.42711463, 1705.77425734)
(4626.45276767, -8982.37633169, 1705.77425734)
(4626.50017122, -8982.33392042, 1705.77425734)
(4626.55404638, -8982.28573554, 1705.77425734)
(4626.59965958, -8982.24502567, 1705.77425734)
(4626.64408372, -8982.20545801, 1705.77425734)
(4626.69074466, -8982.16403923, 1705.77425734)
(4626.7442552, -8982.11664536, 1705.77425734)
(4626.7911775, -8982.07493903, 1705.77425734)
(4626.83961039, -8982.03183011, 1705.77425734)
(4626.88330612, -8981.99274581, 1705.77425734)
(4626.93157132, -8981.94948016, 1705.77425735)
(4626.98462324, -8981.90221231, 1705.77425734)
(4627.03743242, -8981.8552845, 1705.77425734)
(4627.08192633, -8981.81579346, 1705.77425734)
(4627.12335881, -8981.7790747, 1705.77425734)
(4627.17627213, -8981.73226212, 1705.77425734)
(4627.22179139, -8981.69151755, 1705.77425734)
(4627.27798302, -8981.64103314, 1705.77425734)
(4627.31863064, -8981.60469941, 1705.77425734)
(4627.36235875, -8981.56561539, 1705.77425734)
(4627.42301003, -8981.51137971, 1705.77425735)
(4627.47732021, -8981.46302811, 1705.77425735)
(4627.53850534, -8981.40872286, 1705.77425735)
(4627.59412772, -8981.3593692, 1705.77425734)
(4627.65288982, -8981.30732773, 1705.77425734)
(4627.69134335, -8981.27292238, 1705.77425734)
(4627.7383482, -8981.23073791, 1705.77425733)
(4627.78949633, -8981.185079, 1705.77425734)
(4627.84557681, -8981.13502343, 1705.77425734)
(4627.89655139, -8981.08975317, 1705.77425735)
(4627.94820969, -8981.04400559, 1705.77425734)
(4627.98679626, -8981.00970704, 1705.77425735)
(4628.03337655, -8980.9682443, 1705.77425734)
(4628.0819908, -8980.92475202, 1705.77425734)
(4628.14069246, -8980.87210097, 1705.77425734)
(4628.1930401, -8980.82530557, 1705.77425734)
(4628.25585893, -8980.76915375, 1705.77425734)
(4628.30648625, -8980.72411809, 1705.77425734)
(4628.35995331, -8980.67667663, 1705.77425734)
(4628.40321451, -8980.63828985, 1705.77425734)
(4628.45701496, -8980.59061597, 1705.77425734)
(4628.50082461, -8980.55163917, 1705.77425734)
(4628.55627423, -8980.50215038, 1705.77425734)
(4628.60311901, -8980.46036705, 1705.77425734)
(4628.65147379, -8980.41717913, 1705.77425734)
(4628.69188141, -8980.38118896, 1705.77425734)
(4628.74435859, -8980.33452231, 1705.77425734)
(4628.79253975, -8980.2917262, 1705.77425734)
(4628.85374328, -8980.23746251, 1705.77425734)
(4628.89955132, -8980.19641951, 1705.77425735)
(4628.95911035, -8980.14288562, 1705.77425736)
(4629.00072843, -8980.10575622, 1705.77425734)
(4629.06159808, -8980.05170833, 1705.77425734)
(4629.10453802, -8980.01358058, 1705.77425734)
(4629.1538872, -8979.96963368, 1705.77425734)
(4629.20843813, -8979.92097972, 1705.77425734)
(4629.25312339, -8979.88111495, 1705.77425734)
(4629.2916227, -8979.84672776, 1705.77425734)
(4629.35083384, -8979.79396876, 1705.77425734)
(4629.40608375, -8979.74482727, 1705.77425734)
(4629.45674254, -8979.69984226, 1705.77425734)
(4629.49684839, -8979.66414562, 1705.77425735)
(4629.56928512, -8979.59955926, 1705.77425734)
(4629.62044288, -8979.55392244, 1705.77425734)
(4629.68448982, -8979.49668884, 1705.77425734)
(4629.73633204, -8979.45054491, 1705.77425734)
(4629.80244473, -8979.3918469, 1705.77425734)
(4629.85890682, -8979.34160057, 1705.77425735)
(4629.91286617, -8979.293518, 1705.77425734)
(4629.95832418, -8979.25270302, 1705.77425735)
(4629.99545344, -8979.21929165, 1705.77425733)
(4630.03791466, -8979.18126681, 1705.77425734)
(4630.09023759, -8979.13444461, 1705.77425734)
(4630.1390389, -8979.0910693, 1705.77425734)
(4630.19718473, -8979.03954542, 1705.77425734)
(4630.24322651, -8978.99869176, 1705.77425734)
(4630.28372597, -8978.96279505, 1705.77425734)
(4630.32301476, -8978.92802099, 1705.77425734)
(4630.37163903, -8978.88455199, 1705.77425734)
(4630.42048798, -8978.84071406, 1705.77425734)
(4630.46485527, -8978.8011032, 1705.77425734)
(4630.51230964, -8978.75874908, 1705.77425735)
(4630.55184847, -8978.72362524, 1705.77425734)
(4630.60038957, -8978.68059189, 1705.77425734)
(4630.64365269, -8978.64221065, 1705.77425734)
(4630.69437175, -8978.59728923, 1705.77425734)
(4630.73529132, -8978.56068745, 1705.77425734)
(4630.78258822, -8978.51821645, 1705.77425734)
(4630.82478418, -8978.48051464, 1705.77425734)
(4630.87189782, -8978.43840363, 1705.77425735)
(4630.91836159, -8978.39681326, 1705.77425734)
(4630.96030871, -8978.35943186, 1705.77425734)
(4631.00631641, -8978.31853018, 1705.77425734)
(4631.04862427, -8978.28093532, 1705.77425734)
(4631.10085584, -8978.23460251, 1705.77425733)
(4631.14714926, -8978.19343204, 1705.77425734)
(4631.19095422, -8978.15443845, 1705.77425734)
(4631.22541989, -8978.1236131, 1705.77425734)
(4631.27644552, -8978.07786338, 1705.77425735)
(4631.32178014, -8978.03745864, 1705.77425734)
(4631.37179687, -8977.99298798, 1705.77425734)
(4631.41009211, -8977.95896452, 1705.77425734)
(4631.4570727, -8977.91729624, 1705.77425734)
(4631.50398959, -8977.87558351, 1705.77425735)
(4631.5548912, -8977.8302757, 1705.77425734)
(4631.59827109, -8977.79145878, 1705.77425734)
(4631.6422188, -8977.75203948, 1705.77425734)
(4631.68071349, -8977.71763561, 1705.77425734)
(4631.73276397, -8977.6711283, 1705.77425734)
(4631.78143929, -8977.62765947, 1705.77425734)
(4631.82804198, -8977.58618709, 1705.77425734)
(4631.87437874, -8977.54503333, 1705.77425734)
(4631.91176764, -8977.51185228, 1705.77425734)
(4631.96341105, -8977.46609949, 1705.77425734)
(4632.00753434, -8977.42685045, 1705.77425734)
(4632.0679341, -8977.37297906, 1705.77425734)
(4632.1141621, -8977.33174557, 1705.77425734)
(4632.17021429, -8977.28167877, 1705.77425734)
(4632.21185527, -8977.24458831, 1705.77425734)
(4632.26341907, -8977.1987554, 1705.77425734)
(4632.3054271, -8977.16144867, 1705.77425734)
(4632.34994055, -8977.12198149, 1705.77425734)
(4632.39209843, -8977.08428242, 1705.77425734)
(4632.44556804, -8977.03631642, 1705.77425734)
(4632.49811809, -8976.98916066, 1705.77425733)
(4632.55215545, -8976.94057012, 1705.77425734)
(4632.59135196, -8976.90566944, 1705.77425734)
(4632.63647133, -8976.86561211, 1705.77425734)
(4632.67633199, -8976.83022833, 1705.77425735)
(4632.71837998, -8976.79295345, 1705.77425735)
(4632.77315031, -8976.74449337, 1705.77425734)
(4632.82036068, -8976.7025053, 1705.77425734)
(4632.88015553, -8976.64919872, 1705.77425734)
(4632.92485151, -8976.60935061, 1705.77425734)
(4632.96643995, -8976.57222579, 1705.77425734)
(4633.00652741, -8976.53650401, 1705.77425734)
(4633.05864267, -8976.49006943, 1705.77425734)
(4633.10804222, -8976.4461572, 1705.77425734)
(4633.16582993, -8976.39488639, 1705.77425734)
(4633.23736485, -8976.33115692, 1705.77425734)
(4633.29448698, -8976.2798541, 1705.77425734)
(4633.34819305, -8976.2315295, 1705.77425733)
(4633.41035793, -8976.17587637, 1705.77425734)
(4633.45511234, -8976.13603963, 1705.77425734)
(4633.50301433, -8976.0935211, 1705.77425734)
(4633.54844599, -8976.05321339, 1705.77425735)
(4633.62082665, -8975.98912094, 1705.77425734)
(4633.67883565, -8975.93752325, 1705.77425734)
(4633.75341213, -8975.87101031, 1705.77425734)
(4633.80580154, -8975.82427657, 1705.77425734)
(4633.84860428, -8975.78603379, 1705.77425734)
(4633.8908665, -8975.74839525, 1705.77425734)
(4633.94646322, -8975.6990111, 1705.77425734)
(4633.9936657, -8975.6569986, 1705.77425734)
(4634.04333435, -8975.61278482, 1705.77425734)
(4634.10810957, -8975.55510309, 1705.77425733)
(4634.15323711, -8975.5145441, 1705.77425734)
(4634.21301574, -8975.46063532, 1705.77425734)
(4634.25035095, -8975.42737365, 1705.77425734)
(4634.29916447, -8975.38400866, 1705.77425734)
(4634.34056509, -8975.34724634, 1705.77425735)
(4634.38725201, -8975.30585878, 1705.77425735)
(4634.43953654, -8975.25957942, 1705.77425734)
(4634.48212848, -8975.22171394, 1705.77425734)
(4634.52284705, -8975.18547171, 1705.77425734)
(4634.55984699, -8975.15250701, 1705.77425734)
(4634.60392324, -8975.11320688, 1705.77425734)
(4634.64799283, -8975.07389643, 1705.77425734)
(4634.69082847, -8975.03568082, 1705.77425734)
(4634.72935395, -8975.00131536, 1705.77425735)
(4634.77867749, -8974.95733471, 1705.77425734)
