(4486.4202123, -9086.03000054, 1705.77425885)
(4486.46579184, -9086.03004687, 1705.77484351)
(4486.55046831, -9086.03008866, 1705.77425692)
(4486.62811743, -9086.03025662, 1705.77425766)
(4486.70576294, -9086.03033719, 1705.77425741)
(4486.80240508, -9086.03033356, 1705.77425737)
(4486.88831413, -9086.03037948, 1705.77425733)
(4487.00479135, -9086.03026309, 1705.77425735)
(4487.10137941, -9086.0158998, 1705.77425735)
(4487.18217863, -9085.980972, 1705.77425745)
(4487.23495114, -9085.94059171, 1705.77428628)
(4487.2797401, -9085.89182494, 1705.77431207)
(4487.32619601, -9085.82944089, 1705.7742579)
(4487.37999095, -9085.76043004, 1705.77425736)
(4487.42893062, -9085.70486587, 1705.77425713)
(4487.48458129, -9085.64765487, 1705.77425705)
(4487.52734204, -9085.60273186, 1705.77425743)
(4487.57395839, -9085.55263766, 1705.77425732)
(4487.61776366, -9085.50500578, 1705.77425734)
(4487.66785226, -9085.44970476, 1705.77425733)
(4487.72504803, -9085.38578216, 1705.77425733)
(4487.76802305, -9085.33832332, 1705.77425735)
(4487.81331101, -9085.28849807, 1705.77425734)
(4487.85379353, -9085.24380782, 1705.77425734)
(4487.90173327, -9085.19082598, 1705.77425734)
(4487.94741835, -9085.14026204, 1705.77425734)
(4487.99168336, -9085.09120017, 1705.77425734)
(4488.04226454, -9085.03504571, 1705.77425734)
(4488.08349321, -9084.98935702, 1705.77425734)
(4488.13163984, -9084.93600294, 1705.77425734)
(4488.17314597, -9084.89000788, 1705.77425734)
(4488.22986114, -9084.82714179, 1705.77425734)
(4488.27274682, -9084.77961132, 1705.77425734)
(4488.31506338, -9084.73268239, 1705.77425734)
(4488.35019571, -9084.69373165, 1705.77425734)
(4488.40161978, -9084.63666134, 1705.77425734)
(4488.44642509, -9084.58696747, 1705.77425734)
(4488.50588615, -9084.52101561, 1705.77425734)
(4488.55428686, -9084.46733477, 1705.77425734)
(4488.61264294, -9084.40260926, 1705.77425734)
(4488.65136383, -9084.359664, 1705.77425734)
(4488.70031654, -9084.30536907, 1705.77425734)
(4488.73793009, -9084.2636511, 1705.77425734)
(4488.78742982, -9084.20873863, 1705.77425734)
(4488.83223334, -9084.15904305, 1705.77425734)
(4488.89086394, -9084.09400881, 1705.77425734)
(4488.93290212, -9084.04738167, 1705.77425734)
(4488.97604522, -9083.99952758, 1705.77425734)
(4489.01393497, -9083.95750194, 1705.77425734)
(4489.05763231, -9083.90903435, 1705.77425734)
(4489.11847437, -9083.84154516, 1705.77425734)
(4489.16466085, -9083.79031633, 1705.77425734)
(4489.21056926, -9083.73939435, 1705.77425734)
(4489.24901208, -9083.69675517, 1705.77425734)
(4489.29879367, -9083.64153868, 1705.77425734)
(4489.34608722, -9083.58908333, 1705.77425734)
(4489.39227359, -9083.53785516, 1705.77425734)
(4489.43099112, -9083.49490859, 1705.77425734)
(4489.46971052, -9083.45196257, 1705.77425734)
(4489.53000169, -9083.38508938, 1705.77425734)
(4489.5761891, -9083.33386127, 1705.77425734)
(4489.63399122, -9083.26974921, 1705.77425734)
(4489.6823909, -9083.21606757, 1705.77425734)
(4489.73189615, -9083.16115853, 1705.77425734)
(4489.76619103, -9083.12312094, 1705.77425734)
(4489.80905935, -9083.07557397, 1705.77425734)
(4489.86492497, -9083.01360877, 1705.77425734)
(4489.91387772, -9082.95931344, 1705.77425734)
(4489.97167987, -9082.89520154, 1705.77425734)
(4490.01537826, -9082.84673436, 1705.77425734)
(4490.07262785, -9082.78323596, 1705.77425734)
(4490.11826206, -9082.7326219, 1705.77425734)
(4490.16278934, -9082.68323483, 1705.77425734)
(4490.20012657, -9082.64182331, 1705.77425734)
(4490.25212197, -9082.58415377, 1705.77425734)
(4490.29277806, -9082.5390611, 1705.77425734)
(4490.34781486, -9082.47801706, 1705.77425734)
(4490.39206625, -9082.42893691, 1705.77425734)
(4490.43963611, -9082.3761754, 1705.77425734)
(4490.4872068, -9082.32341409, 1705.77425734)
(4490.56879509, -9082.23292206, 1705.77425734)
(4490.62327968, -9082.17249236, 1705.77425734)
(4490.65757412, -9082.13445506, 1705.77425734)
(4490.713442, -9082.07249124, 1705.77425734)
(4490.77760645, -9082.00132455, 1705.77425734)
(4490.83292097, -9081.93997465, 1705.77425734)
(4490.90925407, -9081.855311, 1705.77425734)
(4490.94935722, -9081.81083191, 1705.77425734)
(4490.98503484, -9081.77126075, 1705.77425734)
(4491.02983975, -9081.72156713, 1705.77425734)
(4491.09068532, -9081.6540822, 1705.77425734)
(4491.13770284, -9081.60193478, 1705.77425734)
(4491.18942197, -9081.54457224, 1705.77425734)
(4491.23284419, -9081.49641246, 1705.77425734)
(4491.27405348, -9081.45070679, 1705.77425734)
(4491.32604916, -9081.39303798, 1705.77425734)
(4491.37527927, -9081.33843659, 1705.77425734)
(4491.41897767, -9081.28996974, 1705.77425734)
(4491.45631526, -9081.24855836, 1705.77425734)
(4491.50997033, -9081.18904894, 1705.77425734)
(4491.55283926, -9081.14150295, 1705.77425734)
(4491.60981332, -9081.07831259, 1705.77425734)
(4491.66651108, -9081.01542877, 1705.77425734)
(4491.71325227, -9080.9635882, 1705.77425734)
(4491.75556794, -9080.91665565, 1705.77425734)
(4491.79290537, -9080.87524462, 1705.77425734)
(4491.84517759, -9080.81726887, 1705.77425734)
(4491.89274855, -9080.76450786, 1705.77425734)
(4491.94833984, -9080.7028511, 1705.77425734)
(4491.98982598, -9080.65683885, 1705.77425734)
(4492.03490736, -9080.60683889, 1705.77425734)
(4492.07169183, -9080.56604132, 1705.77425734)
(4492.11622039, -9080.51665469, 1705.77425734)
(4492.17153503, -9080.45530454, 1705.77425734)
(4492.21468064, -9080.40745174, 1705.77425734)
(4492.26059174, -9080.35653151, 1705.77425734)
(4492.30373744, -9080.30867875, 1705.77425734)
(4492.3504786, -9080.25683808, 1705.77425734)
(4492.40496391, -9080.19640848, 1705.77425734)
(4492.44617349, -9080.15070302, 1705.77425734)
(4492.49180793, -9080.10008951, 1705.77425734)
(4492.53025181, -9080.05745145, 1705.77425734)
(4492.57726951, -9080.00530407, 1705.77425734)
(4492.61847931, -9079.95959846, 1705.77425734)
(4492.66051865, -9079.91297272, 1705.77425734)
(4492.70919538, -9079.85898492, 1705.77425734)
(4492.74985184, -9079.81389289, 1705.77425734)
(4492.80323074, -9079.75469029, 1705.77425734)
(4492.84886578, -9079.70407671, 1705.77425734)
(4492.90030864, -9079.6470215, 1705.77425734)
(4492.94013542, -9079.60284987, 1705.77425734)
(4492.97830267, -9079.5605187, 1705.77425734)
(4493.0278094, -9079.50561054, 1705.77425734)
(4493.06984893, -9079.45898469, 1705.77425734)
(4493.12627017, -9079.39640794, 1705.77425734)
(4493.16830956, -9079.34978233, 1705.77425734)
(4493.22085869, -9079.29150023, 1705.77425734)
(4493.26262165, -9079.24518123, 1705.77425734)
(4493.30466116, -9079.19855541, 1705.77425734)
(4493.35803993, -9079.13935279, 1705.77425734)
(4493.40561079, -9079.08659218, 1705.77425734)
(4493.46673366, -9079.01880084, 1705.77425734)
(4493.51430469, -9078.96604008, 1705.77425734)
(4493.56878996, -9078.9056105, 1705.77425734)
(4493.6041916, -9078.86634677, 1705.77425734)
(4493.65286868, -9078.81235921, 1705.77425734)
(4493.70126939, -9078.75867835, 1705.77425734)
(4493.76681781, -9078.6859789, 1705.77425734)
(4493.81992037, -9078.62708327, 1705.77425734)
(4493.88353247, -9078.55653132, 1705.77425734)
(4493.92474218, -9078.51082595, 1705.77425734)
(4493.98005725, -9078.44947624, 1705.77425734)
(4494.01988421, -9078.40530446, 1705.77425734)
(4494.06551911, -9078.35469105, 1705.77425734)
(4494.11060082, -9078.30469123, 1705.77425734)
(4494.16259678, -9078.24702258, 1705.77425734)
(4494.20823181, -9078.19640906, 1705.77425734)
(4494.26216402, -9078.13659303, 1705.77425734)
(4494.31028815, -9078.08321895, 1705.77425734)
(4494.38026148, -9078.00561181, 1705.77425734)
(4494.43612978, -9077.94364871, 1705.77425734)
(4494.49891234, -9077.87401669, 1705.77425734)
(4494.56141834, -9077.80469173, 1705.77425734)
(4494.62171144, -9077.73782061, 1705.77425734)
(4494.67204828, -9077.68199242, 1705.77425734)
(4494.72985263, -9077.617882, 1705.77425734)
(4494.78101905, -9077.56113368, 1705.77425734)
(4494.82859, -9077.5083732, 1705.77425734)
(4494.87699067, -9077.45469236, 1705.77425734)
(4494.91571131, -9077.41174759, 1705.77425734)
(4494.96411199, -9077.35806657, 1705.77425734)
(4495.00421545, -9077.31358815, 1705.77425734)
(4495.06561505, -9077.24549022, 1705.77425734)
(4495.10405907, -9077.2028523, 1705.77425734)
(4495.14914093, -9077.15285231, 1705.77425734)
(4495.19339313, -9077.10377261, 1705.77425734)
(4495.23930465, -9077.05285251, 1705.77425734)
(4495.28549254, -9077.00162566, 1705.77425734)
(4495.32780857, -9076.95469328, 1705.77425734)
(4495.37869849, -9076.8982516, 1705.77425734)
(4495.42295068, -9076.84917191, 1705.77425734)
(4495.46637301, -9076.80101251, 1705.77425734)
(4495.51422052, -9076.74794523, 1705.77425734)
(4495.5548771, -9076.70285337, 1705.77425734)
(4495.60880932, -9076.64303741, 1705.77425734)
(4495.64891287, -9076.59855891, 1705.77425734)
(4495.69482438, -9076.54763876, 1705.77425734)
(4495.73686384, -9076.50101319, 1705.77425734)
(4495.78249874, -9076.4503999, 1705.77425734)
(4495.82647428, -9076.40162699, 1705.77425734)
(4495.87570473, -9076.34702574, 1705.77425734)
(4495.91580824, -9076.30254729, 1705.77425734)
(4495.96033682, -9076.25316095, 1705.77425734)
(4496.00431232, -9076.20438814, 1705.77425734)
(4496.04939414, -9076.15438826, 1705.77425734)
(4496.09945429, -9076.09886671, 1705.77425734)
(4496.14315329, -9076.0504005, 1705.77425734)
(4496.18878816, -9075.99978716, 1705.77425734)
(4496.22861501, -9075.95561556, 1705.77425734)
(4496.28641927, -9075.8915053, 1705.77425734)
(4496.33454353, -9075.83813114, 1705.77425734)
(4496.38322086, -9075.78414351, 1705.77425734)
(4496.43300441, -9075.72892898, 1705.77425734)
(4496.4667466, -9075.69150582, 1705.77425734)
(4496.51791302, -9075.63475744, 1705.77425734)
(4496.55939945, -9075.5887452, 1705.77425734)
(4496.61471459, -9075.52739557, 1705.77425734)
(4496.6586901, -9075.47862276, 1705.77425734)
(4496.71262224, -9075.41880705, 1705.77425734)
(4496.75078971, -9075.37647588, 1705.77425734)
(4496.7911698, -9075.33169066, 1705.77425734)
(4496.83901735, -9075.27862319, 1705.77425734)
(4496.88658834, -9075.22586261, 1705.77425734)
(4496.94328622, -9075.16297939, 1705.77425734)
(4496.9836663, -9075.11819422, 1705.77425734)
(4497.03815177, -9075.05776481, 1705.77425734)
(4497.07383008, -9075.01819433, 1705.77425734)
(4497.12057132, -9074.96635403, 1705.77425734)
(4497.16371707, -9074.91850148, 1705.77425734)
(4497.22622308, -9074.84917646, 1705.77425734)
(4497.26936896, -9074.80132375, 1705.77425734)
(4497.31666338, -9074.74886983, 1705.77425734)
(4497.35483081, -9074.7065387, 1705.77425734)
(4497.40461434, -9074.65132419, 1705.77425734)
(4497.4532917, -9074.5973366, 1705.77425734)
(4497.49782045, -9074.54795015, 1705.77425734)
(4497.54954003, -9074.4905882, 1705.77425734)
(4497.58770745, -9074.44825705, 1705.77425734)
(4497.63832067, -9074.3921223, 1705.77425734)
(4497.67897731, -9074.34703041, 1705.77425734)
(4497.73650509, -9074.28322681, 1705.77425734)
(4497.77854465, -9074.23660114, 1705.77425734)
(4497.82611561, -9074.18384059, 1705.77425734)
(4497.86511273, -9074.14058923, 1705.77425734)
(4497.91461972, -9074.08568136, 1705.77425734)
(4497.95444669, -9074.04150962, 1705.77425734)
(4497.99980513, -9073.99120293, 1705.77425734)
(4498.04156806, -9073.94488406, 1705.77425734)
(4498.08194804, -9073.90009898, 1705.77425734)
(4498.13781618, -9073.83813594, 1705.77425734)
(4498.17570709, -9073.79611146, 1705.77425734)
(4498.22466101, -9073.74181704, 1705.77425734)
(4498.26421135, -9073.69795213, 1705.77425734)
(4498.31703723, -9073.6393634, 1705.77425734)
(4498.36737397, -9073.58353535, 1705.77425734)
(4498.41051983, -9073.53568266, 1705.77425734)
(4498.4755151, -9073.4635968, 1705.77425734)
(4498.52529868, -9073.40838226, 1705.77425734)
(4498.58752803, -9073.33936406, 1705.77425734)
(4498.64533239, -9073.27525377, 1705.77425734)
(4498.7036898, -9073.21052984, 1705.77425734)
(4498.76425988, -9073.14335216, 1705.77425734)
(4498.83008481, -9073.07034627, 1705.77425734)
(4498.87489014, -9073.02065311, 1705.77425734)
(4498.93131162, -9072.95807649, 1705.77425734)
(4498.9703088, -9072.91482509, 1705.77425734)
(4499.02119864, -9072.8583836, 1705.77425734)
(4499.06489759, -9072.80991753, 1705.77425734)
(4499.10942631, -9072.76053114, 1705.77425734)
(4499.15672073, -9072.70807717, 1705.77425734)
(4499.19737737, -9072.66298525, 1705.77425734)
(4499.24301228, -9072.61237194, 1705.77425734)
(4499.28200944, -9072.56912056, 1705.77425734)
(4499.335112, -9072.51022498, 1705.77425734)
(4499.38047048, -9072.4599183, 1705.77425734)
(4499.42555228, -9072.40991837, 1705.77425734)
(4499.46150709, -9072.37004122, 1705.77425734)
(4499.50548255, -9072.32126841, 1705.77425734)
(4499.55305359, -9072.26850784, 1705.77425734)
(4499.6011778, -9072.21513369, 1705.77425734)
(4499.64487679, -9072.16666753, 1705.77425734)
(4499.68525677, -9072.12188238, 1705.77425734)
(4499.7278494, -9072.0746433, 1705.77425734)
(4499.78344109, -9072.01298701, 1705.77425734)
(4499.83073561, -9071.96053311, 1705.77425734)
(4499.8879868, -9071.8970363, 1705.77425734)
(4499.93362177, -9071.846423, 1705.77425734)
(4499.97344861, -9071.8022514, 1705.77425734)
(4500.01880702, -9071.7519448, 1705.77425734)
(4500.0724627, -9071.69243565, 1705.77425734)
(4500.11450224, -9071.64580997, 1705.77425734)
(4500.16926414, -9071.58507397, 1705.77425734)
(4500.21102705, -9071.53875512, 1705.77425734)
(4500.2536197, -9071.49151596, 1705.77425734)
(4500.29455298, -9071.44611726, 1705.77425734)
(4500.34101773, -9071.39458362, 1705.77425734)
(4500.3946733, -9071.33507457, 1705.77425734)
(4500.43671277, -9071.28844898, 1705.77425734)
(4500.48317744, -9071.23691538, 1705.77425734)
(4500.52189809, -9071.19397068, 1705.77425734)
(4500.57997901, -9071.12955363, 1705.77425734)
(4500.62146536, -9071.08354152, 1705.77425734)
(4500.66516427, -9071.03507545, 1705.77425734)
(4500.71937304, -9070.97495285, 1705.77425734)
(4500.75643424, -9070.93384861, 1705.77425734)
(4500.80096295, -9070.88446218, 1705.77425734)
(4500.84604479, -9070.83446234, 1705.77425734)
(4500.90578506, -9070.76820493, 1705.77425734)
(4500.95335609, -9070.71544436, 1705.77425734)
(4501.00562894, -9070.657469, 1705.77425734)
(4501.05154052, -9070.60654887, 1705.77425734)
(4501.08638904, -9070.5678987, 1705.77425734)
(4501.13617258, -9070.51268415, 1705.77425734)
(4501.18180758, -9070.46207078, 1705.77425734)
(4501.23242097, -9070.40593589, 1705.77425734)
(4501.27307765, -9070.36084396, 1705.77425734)
(4501.31484056, -9070.31452509, 1705.77425734)
(4501.36130522, -9070.26299156, 1705.77425734)
(4501.40694015, -9070.2123782, 1705.77425734)
(4501.45312833, -9070.16115131, 1705.77425734)
(4501.50512457, -9070.10348269, 1705.77425734)
(4501.5457812, -9070.05839081, 1705.77425734)
(4501.59279901, -9070.00624376, 1705.77425734)
(4501.6406466, -9069.95317643, 1705.77425734)
(4501.68268615, -9069.90655074, 1705.77425734)
(4501.73855445, -9069.84458763, 1705.77425734)
(4501.7833597, -9069.79489452, 1705.77425734)
(4501.83369639, -9069.73906651, 1705.77425734)
(4501.87822507, -9069.68968016, 1705.77425734)
(4501.92690241, -9069.63569253, 1705.77425734)
(4501.96838881, -9069.58968036, 1705.77425734)
(4502.01927871, -9069.53323881, 1705.77425734)
(4502.06076503, -9069.48722671, 1705.77425734)
(4502.10944231, -9069.43323911, 1705.77425734)
(4502.14678007, -9069.39182813, 1705.77425734)
(4502.19407454, -9069.33937422, 1705.77425734)
(4502.23528434, -9069.29366883, 1705.77425734)
(4502.28423818, -9069.23937456, 1705.77425734)
(4502.32489478, -9069.1942827, 1705.77425734)
(4502.37329551, -9069.14060183, 1705.77425734)
(4502.41865397, -9069.09029517, 1705.77425734)
(4502.47313936, -9069.02986587, 1705.77425734)
(4502.51213651, -9068.98661449, 1705.77425734)
(4502.56440928, -9068.92863921, 1705.77425734)
(4502.61972449, -9068.86728965, 1705.77425734)
(4502.69439995, -9068.78446773, 1705.77425734)
(4502.75248081, -9068.7200508, 1705.77425734)
(4502.81415712, -9068.65164609, 1705.77425734)
(4502.85730296, -9068.60379343, 1705.77425734)
(4502.93308468, -9068.51974451, 1705.77425734)
(4502.99918623, -9068.44643188, 1705.77425734)
(4503.05782019, -9068.3814013, 1705.77425734)
(4503.10234894, -9068.33201487, 1705.77425734)
(4503.15268574, -9068.27618677, 1705.77425734)
(4503.20246935, -9068.22097226, 1705.77425734)
(4503.24284936, -9068.17618715, 1705.77425734)
(4503.29180321, -9068.1218928, 1705.77425734)
(4503.32692835, -9068.08293581, 1705.77425734)
(4503.37615884, -9068.0283347, 1705.77425734)
(4503.4187515, -9067.98109558, 1705.77425734)
(4503.47102426, -9067.92312033, 1705.77425734)
(4503.5138935, -9067.87557444, 1705.77425734)
(4503.5584222, -9067.826188, 1705.77425734)
(4503.5999086, -9067.78017582, 1705.77425734)
(4503.64941562, -9067.725268, 1705.77425734)
(4503.68951907, -9067.68078964, 1705.77425734)
(4503.74400445, -9067.6203604, 1705.77425734)
(4503.78327822, -9067.57680221, 1705.77425734)
(4503.83084928, -9067.52404159, 1705.77425734)
(4503.87952656, -9067.47005399, 1705.77425734)
(4503.92682098, -9067.41760019, 1705.77425734)
(4503.97439198, -9067.36483959, 1705.77425734)
(4504.01532522, -9067.31944091, 1705.77425734)
(4504.06704492, -9067.26207905, 1705.77425734)
(4504.11572225, -9067.20809149, 1705.77425734)
(4504.15997431, -9067.15901193, 1705.77425734)
(4504.20920471, -9067.10441085, 1705.77425734)
(4504.24958479, -9067.05962566, 1705.77425734)
(4504.29687925, -9067.00717178, 1705.77425734)
(4504.33532328, -9066.96453386, 1705.77425734)
(4504.38289426, -9066.9117733, 1705.77425734)
(4504.42714636, -9066.8626937, 1705.77425734)
(4504.46946247, -9066.81576129, 1705.77425734)
(4504.52367133, -9066.75563868, 1705.77425734)
(4504.57207209, -9066.70195785, 1705.77425734)
(4504.62959976, -9066.63815439, 1705.77425734)
(4504.6688735, -9066.59459625, 1705.77425734)
(4504.71229589, -9066.54643686, 1705.77425734)
(4504.7582075, -9066.49551672, 1705.77425734)
(4504.81020372, -9066.43784817, 1705.77425734)
(4504.86524219, -9066.3768054, 1705.77425734)
(4504.91557897, -9066.32097732, 1705.77425734)
(4504.95264012, -9066.27987309, 1705.77425734)
(4504.9955094, -9066.23232716, 1705.77425734)
(4505.04556958, -9066.17680584, 1705.77425734)
(4505.0917577, -9066.12557904, 1705.77425734)
(4505.14071157, -9066.07128474, 1705.77425734)
(4505.17666643, -9066.03140754, 1705.77425734)
(4505.21787624, -9065.98570212, 1705.77425734)
(4505.27429765, -9065.92312558, 1705.77425734)
(4505.31854974, -9065.87404599, 1705.77425734)
(4505.37663062, -9065.80962899, 1705.77425734)
(4505.4159044, -9065.7660708, 1705.77425734)
(4505.47011327, -9065.70594822, 1705.77425734)
(4505.507451, -9065.6645373, 1705.77425734)
(4505.55640486, -9065.61024302, 1705.77425734)
(4505.61006047, -9065.55073398, 1705.77425734)
(4505.65652522, -9065.49920035, 1705.77425734)
(4505.70077733, -9065.45012069, 1705.77425734)
(4505.74309342, -9065.40318831, 1705.77425734)
(4505.78762207, -9065.35380197, 1705.77425734)
(4505.83242734, -9065.30410888, 1705.77425734)
(4505.8752966, -9065.25656297, 1705.77425734)
(4505.92563338, -9065.20073483, 1705.77425734)
(4505.96103508, -9065.16147112, 1705.77425734)
(4506.01330784, -9065.10349586, 1705.77425734)
(4506.05783651, -9065.05410953, 1705.77425734)
(4506.10844987, -9064.99797471, 1705.77425734)
(4506.15353174, -9064.94797482, 1705.77425734)
(4506.19252892, -9064.9047234, 1705.77425734)
(4506.24175935, -9064.85012233, 1705.77425734)
(4506.28241596, -9064.80503045, 1705.77425734)
(4506.3321996, -9064.74981586, 1705.77425734)
(4506.3758986, -9064.7013497, 1705.77425734)
(4506.42429937, -9064.64766885, 1705.77425734)
(4506.47187036, -9064.59490829, 1705.77425734)
(4506.51501615, -9064.5470557, 1705.77425734)
(4506.5869258, -9064.46730129, 1705.77425734)
(4506.64334728, -9064.40472474, 1705.77425734)
(4506.7194055, -9064.32036913, 1705.77425734)
(4506.7866134, -9064.24582947, 1705.77425734)
(4506.86045915, -9064.16392777, 1705.77425734)
(4506.89724372, -9064.12313033, 1705.77425734)
(4506.95421825, -9064.05994035, 1705.77425734)
(4507.00095953, -9064.00810003, 1705.77425734)
(4507.07148633, -9063.92987934, 1705.77425734)
(4507.12237627, -9063.87343776, 1705.77425734)
(4507.1895841, -9063.79889809, 1705.77425734)
(4507.23881457, -9063.74429702, 1705.77425734)
(4507.28057754, -9063.69797811, 1705.77425734)
(4507.32040447, -9063.65380642, 1705.77425734)
(4507.37516644, -9063.59307037, 1705.77425734)
(4507.42329059, -9063.53969633, 1705.77425734)
(4507.4819246, -9063.47466586, 1705.77425734)
(4507.53309113, -9063.41791753, 1705.77425734)
(4507.59144861, -9063.35319375, 1705.77425734)
(4507.63929619, -9063.30012643, 1705.77425734)
(4507.68161225, -9063.25319406, 1705.77425734)
(4507.72143917, -9063.2090224, 1705.77425734)
(4507.7773075, -9063.14705934, 1705.77425734)
(4507.81990018, -9063.09982019, 1705.77425734)
(4507.86415228, -9063.0507406, 1705.77425734)
(4507.91808448, -9062.99092484, 1705.77425734)
(4507.96012398, -9062.94429921, 1705.77425734)
(4508.00769502, -9062.89153859, 1705.77425734)
(4508.04973455, -9062.84491294, 1705.77425734)
(4508.10339021, -9062.78540392, 1705.77425734)
(4508.14515314, -9062.73908505, 1705.77425734)
(4508.18995841, -9062.68939193, 1705.77425734)
(4508.22646643, -9062.64890122, 1705.77425734)
(4508.28399419, -9062.58509767, 1705.77425734)
(4508.32243821, -9062.54245977, 1705.77425734)
(4508.38051906, -9062.47804281, 1705.77425734)
(4508.41813336, -9062.43632515, 1705.77425734)
(4508.47234221, -9062.3762026, 1705.77425734)
(4508.51299886, -9062.33111069, 1705.77425734)
(4508.55559151, -9062.28387157, 1705.77425734)
(4508.60952372, -9062.22405579, 1705.77425734)
(4508.65903079, -9062.16914796, 1705.77425734)
(4508.70383607, -9062.1194548, 1705.77425734)
(4508.74559903, -9062.07313589, 1705.77425734)
(4508.79427634, -9062.01914833, 1705.77425734)
(4508.84212392, -9061.96608103, 1705.77425734)
(4508.88305711, -9061.9206824, 1705.77425734)
(4508.93145785, -9061.86700153, 1705.77425734)
(4508.9721145, -9061.82190961, 1705.77425734)
(4509.02659989, -9061.76148034, 1705.77425734)
(4509.06974569, -9061.71362773, 1705.77425734)
(4509.12367795, -9061.65381194, 1705.77425734)
(4509.16212201, -9061.61117399, 1705.77425734)
(4509.21245881, -9061.5553459, 1705.77425734)
(4509.25892352, -9061.50381232, 1705.77425734)
(4509.31257916, -9061.44430331, 1705.77425734)
(4509.35268263, -9061.39982492, 1705.77425734)
(4509.39914736, -9061.3482913, 1705.77425734)
(4509.44035716, -9061.30258589, 1705.77425734)
(4509.49899119, -9061.2375554, 1705.77425734)
(4509.54379645, -9061.18786231, 1705.77425734)
(4509.59468638, -9061.13142074, 1705.77425734)
(4509.63396016, -9061.08786255, 1705.77425734)
(4509.68319064, -9061.03326143, 1705.77425734)
(4509.72274096, -9060.98939654, 1705.77425734)
(4509.77058852, -9060.93632923, 1705.77425734)
(4509.81179829, -9060.89062386, 1705.77425734)
(4509.8698792, -9060.82620684, 1705.77425734)
(4509.90611063, -9060.78602289, 1705.77425734)
(4509.95312848, -9060.73387579, 1705.77425734)
(4509.9948914, -9060.68755691, 1705.77425734)
(4510.04799392, -9060.62866136, 1705.77425734)
(4510.09335237, -9060.57835472, 1705.77425734)
(4510.14064683, -9060.52590085, 1705.77425734)
(4510.17964401, -9060.48264945, 1705.77425734)
(4510.22638528, -9060.43080913, 1705.77425734)
(4510.28335982, -9060.36761913, 1705.77425734)
(4510.32788853, -9060.31823275, 1705.77425734)
(4510.38928833, -9060.25013475, 1705.77425734)
(4510.42690262, -9060.20841708, 1705.77425734)
(4510.48608979, -9060.1427731, 1705.77425734)
(4510.54693647, -9060.07528861, 1705.77425734)
(4510.60750657, -9060.00811083, 1705.77425734)
(4510.64899293, -9059.96209869, 1705.77425734)
(4510.70181884, -9059.90350993, 1705.77425734)
(4510.75270877, -9059.84706839, 1705.77425734)
(4510.81770406, -9059.77498267, 1705.77425734)
(4510.86942373, -9059.71762086, 1705.77425734)
(4510.91229294, -9059.67007498, 1705.77425734)
(4510.9479712, -9059.63050455, 1705.77425734)
(4511.00660526, -9059.56547404, 1705.77425734)
(4511.05389974, -9059.51302017, 1705.77425734)
(4511.11032119, -9059.45044365, 1705.77425734)
(4511.15042465, -9059.40596527, 1705.77425734)
(4511.19937853, -9059.35167097, 1705.77425734)
(4511.23865228, -9059.30811282, 1705.77425734)
(4511.285117, -9059.25657919, 1705.77425734)
(4511.32826283, -9059.20872656, 1705.77425734)
(4511.38108876, -9059.15013777, 1705.77425734)
(4511.42008594, -9059.10688637, 1705.77425734)
(4511.46655067, -9059.05535276, 1705.77425734)
(4511.51107938, -9059.00596637, 1705.77425734)
(4511.57137288, -9058.93909536, 1705.77425734)
(4511.61230607, -9058.89369673, 1705.77425734)
(4511.65323925, -9058.84829811, 1705.77425734)
(4511.69500218, -9058.80197923, 1705.77425734)
(4511.7483813, -9058.74277692, 1705.77425734)
(4511.79761179, -9058.68817584, 1705.77425734)
(4511.84794855, -9058.63234779, 1705.77425734)
(4511.90824202, -9058.56547679, 1705.77425734)
(4511.9530473, -9058.51578365, 1705.77425734)
(4511.99315079, -9058.47130521, 1705.77425734)
(4512.03491373, -9058.42498632, 1705.77425734)
(4512.09161172, -9058.36210308, 1705.77425734)
(4512.13752327, -9058.31118301, 1705.77425734)
(4512.19283842, -9058.24983347, 1705.77425734)
(4512.23487794, -9058.20320783, 1705.77425734)
(4512.28576786, -9058.14676627, 1705.77425734)
(4512.32144613, -9058.10719584, 1705.77425734)
(4512.3695703, -9058.05382176, 1705.77425734)
(4512.42101338, -9057.99676667, 1705.77425734)
(4512.46720155, -9057.94553979, 1705.77425734)
(4512.51255996, -9057.89523318, 1705.77425734)
(4512.55515261, -9057.84799407, 1705.77425734)
(4512.59912813, -9057.79922123, 1705.77425734)
(4512.64144421, -9057.75228884, 1705.77425734)
(4512.69233414, -9057.69584726, 1705.77425734)
(4512.73824571, -9057.64492715, 1705.77425734)
(4512.78222123, -9057.59615429, 1705.77425734)
(4512.82149498, -9057.55259613, 1705.77425734)
(4512.87155519, -9057.4970748, 1705.77425734)
(4512.92438118, -9057.43848597, 1705.77425734)
(4512.96337837, -9057.39523455, 1705.77425734)
(4513.01094936, -9057.34247398, 1705.77425734)
(4513.04994652, -9057.29922258, 1705.77425734)
(4513.1047085, -9057.23848656, 1705.77425734)
(4513.14508856, -9057.1937014, 1705.77425734)
(4513.19874425, -9057.13419236, 1705.77425734)
(4513.24852787, -9057.0789778, 1705.77425734)
(4513.29195025, -9057.03081843, 1705.77425734)
(4513.3334366, -9056.98480627, 1705.77425734)
(4513.37381668, -9056.94002109, 1705.77425734)
(4513.4249832, -9056.88327276, 1705.77425734)
(4513.47227764, -9056.83081894, 1705.77425734)
(4513.52565672, -9056.77161668, 1705.77425734)
(4513.56797281, -9056.7246843, 1705.77425734)
(4513.60586368, -9056.68265987, 1705.77425734)
(4513.65979594, -9056.62284406, 1705.77425734)
(4513.69989941, -9056.57836566, 1705.77425734)
(4513.74719384, -9056.52591183, 1705.77425734)
(4513.78868021, -9056.47989968, 1705.77425734)
(4513.83708098, -9056.42621882, 1705.77425734)
(4513.88105653, -9056.37744593, 1705.77425734)
(4513.92945726, -9056.3237651, 1705.77425734)
(4513.96928415, -9056.27959347, 1705.77425734)
(4514.01989748, -9056.22345867, 1705.77425734)
(4514.06442618, -9056.1740723, 1705.77425734)
(4514.12057105, -9056.11180252, 1705.77425734)
(4514.16841865, -9056.05873519, 1705.77425734)
(4514.22981844, -9055.99063723, 1705.77425734)
(4514.27075167, -9055.94523857, 1705.77425734)
(4514.3230245, -9055.88726325, 1705.77425734)
(4514.38525404, -9055.81824503, 1705.77425734)
(4514.4355908, -9055.762417, 1705.77425734)
(4514.50584101, -9055.68450312, 1705.77425734)
(4514.55202917, -9055.63327626, 1705.77425734)
(4514.61785418, -9055.56027032, 1705.77425734)
(4514.66044684, -9055.5130312, 1705.77425734)
(4514.7154854, -9055.45198842, 1705.77425734)
(4514.75475917, -9055.40843024, 1705.77425734)
(4514.80288336, -9055.35505613, 1705.77425734)
(4514.83717875, -9055.31701942, 1705.77425734)
(4514.8897281, -9055.25873739, 1705.77425734)
(4514.93149102, -9055.21241852, 1705.77425734)
(4514.98680616, -9055.151069, 1705.77425734)
(4515.02829252, -9055.10505685, 1705.77425734)
(4515.07586354, -9055.05229625, 1705.77425734)
(4515.12205168, -9055.00106941, 1705.77425734)
(4515.16326145, -9054.95536402, 1705.77425734)
(4515.21415139, -9054.89892243, 1705.77425734)
(4515.25646749, -9054.85199002, 1705.77425734)
(4515.30680427, -9054.79616195, 1705.77425734)
(4515.34884377, -9054.74953633, 1705.77425734)
(4515.39226614, -9054.70137698, 1705.77425734)
(4515.44647497, -9054.64125445, 1705.77425734)
(4515.48519558, -9054.59830978, 1705.77425734)
(4515.53414947, -9054.54401544, 1705.77425734)
(4515.58089076, -9054.4921751, 1705.77425734)
(4515.63620589, -9054.43082557, 1705.77425734)
(4515.68322378, -9054.37867846, 1705.77425734)
(4515.72747591, -9054.32959882, 1705.77425734)
(4515.7675794, -9054.28512041, 1705.77425734)
(4515.80712971, -9054.24125552, 1705.77425734)
(4515.86106194, -9054.18143975, 1705.77425734)
(4515.90393117, -9054.13389388, 1705.77425734)
(4515.95675713, -9054.07530507, 1705.77425734)
(4515.99354171, -9054.03450763, 1705.77425734)
(4516.04028299, -9053.98266729, 1705.77425734)
(4516.08536483, -9053.93266743, 1705.77425734)
(4516.12989353, -9053.88328106, 1705.77425734)
(4516.18631498, -9053.82070451, 1705.77425734)
(4516.22863108, -9053.77377212, 1705.77425734)
(4516.26541564, -9053.73297469, 1705.77425734)
(4516.30883801, -9053.68481534, 1705.77425734)
(4516.36830177, -9053.61886462, 1705.77425734)
(4516.41863856, -9053.56303654, 1705.77425734)
(4516.47450686, -9053.50107352, 1705.77425734)
(4516.51931211, -9053.45138041, 1705.77425734)
(4516.56660654, -9053.39892657, 1705.77425734)
(4516.60394427, -9053.35751562, 1705.77425734)
(4516.65815313, -9053.29739306, 1705.77425734)
(4516.70461786, -9053.24585946, 1705.77425734)
(4516.75163571, -9053.19371238, 1705.77425734)
(4516.79727069, -9053.14309905, 1705.77425734)
(4516.83875704, -9053.09708691, 1705.77425734)
(4516.88162628, -9053.04954102, 1705.77425734)
(4516.93417566, -9052.99125897, 1705.77425734)
(4516.9814701, -9052.93880513, 1705.77425734)
(4517.0337429, -9052.88082983, 1705.77425734)
(4517.06720857, -9052.84371336, 1705.77425734)
(4517.11505619, -9052.790646, 1705.77425734)
(4517.16511641, -9052.73512467, 1705.77425734)
(4517.20826221, -9052.68727206, 1705.77425734)
(4517.26191786, -9052.62776304, 1705.77425734)
(4517.30091503, -9052.58451163, 1705.77425734)
(4517.34710318, -9052.53328477, 1705.77425734)
(4517.3913553, -9052.48420515, 1705.77425734)
(4517.44169207, -9052.42837709, 1705.77425734)
(4517.50226215, -9052.36119936, 1705.77425734)
(4517.54762058, -9052.31089274, 1705.77425734)
(4517.59325559, -9052.26027936, 1705.77425734)
(4517.63391222, -9052.21518746, 1705.77425734)
(4517.68618501, -9052.15721217, 1705.77425734)
(4517.73652177, -9052.10138413, 1705.77425734)
(4517.7896243, -9052.04248858, 1705.77425734)
(4517.83138724, -9051.99616969, 1705.77425734)
(4517.90191404, -9051.91794904, 1705.77425734)
(4517.94810218, -9051.8667222, 1705.77425734)
(4518.00562993, -9051.80291868, 1705.77425734)
(4518.05154152, -9051.75199855, 1705.77425734)
(4518.11957914, -9051.67653863, 1705.77425734)
(4518.1643844, -9051.62684554, 1705.77425734)
(4518.23905981, -9051.5440237, 1705.77425734)
(4518.28303536, -9051.49525082, 1705.77425734)
(4518.32977665, -9051.44341047, 1705.77425734)
(4518.37513506, -9051.39310386, 1705.77425734)
(4518.42796101, -9051.33451507, 1705.77425734)
(4518.47083026, -9051.28696918, 1705.77425734)
(4518.52531569, -9051.22653987, 1705.77425734)
(4518.56431288, -9051.18328845, 1705.77425734)
(4518.60939471, -9051.1332886, 1705.77425734)
(4518.65475311, -9051.08298202, 1705.77425734)
(4518.71117454, -9051.02040551, 1705.77425734)
(4518.75404378, -9050.97285962, 1705.77425734)
(4518.8016148, -9050.92009903, 1705.77425734)
(4518.842548, -9050.87470039, 1705.77425734)
(4518.89924602, -9050.81181713, 1705.77425734)
(4518.93990266, -9050.76672522, 1705.77425734)
(4518.98830343, -9050.71304436, 1705.77425734)
(4519.03117267, -9050.66549848, 1705.77425734)
(4519.08123286, -9050.60997717, 1705.77425734)
(4519.12354893, -9050.5630448, 1705.77425734)
(4519.17858748, -9050.50200203, 1705.77425734)
(4519.22505221, -9050.45046843, 1705.77425734)
(4519.27289981, -9050.39740109, 1705.77425734)
(4519.31300328, -9050.35292269, 1705.77425734)
(4519.36251033, -9050.29801487, 1705.77425734)
(4519.405103, -9050.25077573, 1705.77425734)
(4519.46180104, -9050.18789244, 1705.77425734)
(4519.50079822, -9050.14464102, 1705.77425734)
(4519.55638992, -9050.08298476, 1705.77425734)
(4519.59455736, -9050.04065361, 1705.77425734)
(4519.64655358, -9049.98298507, 1705.77425734)
(4519.68665707, -9049.93850666, 1705.77425734)
(4519.7397596, -9049.87961112, 1705.77425734)
(4519.78428828, -9049.83022475, 1705.77425734)
(4519.82660436, -9049.78329236, 1705.77425734)
(4519.87666457, -9049.72777103, 1705.77425734)
(4519.92119328, -9049.67838464, 1705.77425734)
(4519.96489224, -9049.62991851, 1705.77425734)
(4520.00444257, -9049.58605362, 1705.77425734)
(4520.04731179, -9049.53850775, 1705.77425734)
(4520.09930801, -9049.48083921, 1705.77425734)
(4520.14356012, -9049.43175959, 1705.77425734)
(4520.19527978, -9049.37439778, 1705.77425734)
(4520.23427695, -9049.33114637, 1705.77425734)
(4520.27714618, -9049.28360049, 1705.77425734)
(4520.32388749, -9049.23176014, 1705.77425734)
(4520.37920264, -9049.17041059, 1705.77425734)
(4520.42096558, -9049.12409169, 1705.77425734)
(4520.46798344, -9049.0719446, 1705.77425734)
(4520.50310855, -9049.03298767, 1705.77425734)
(4520.5581471, -9048.97194491, 1705.77425734)
(4520.59935689, -9048.92623952, 1705.77425734)
(4520.6413964, -9048.87961388, 1705.77425734)
(4520.69173317, -9048.82378581, 1705.77425734)
(4520.73598528, -9048.77470619, 1705.77425734)
(4520.78576891, -9048.71949161, 1705.77425734)
(4520.8258724, -9048.67501319, 1705.77425734)
(4520.87620919, -9048.61918511, 1705.77425734)
(4520.92212076, -9048.56826501, 1705.77425734)
(4520.97079807, -9048.51427745, 1705.77425734)
(4521.02058168, -9048.45906289, 1705.77425734)
(4521.06262119, -9048.41243725, 1705.77425734)
(4521.105767, -9048.36458462, 1705.77425734)
(4521.15195515, -9048.31335777, 1705.77425734)
(4521.19288835, -9048.26795913, 1705.77425734)
(4521.24211883, -9048.21335805, 1705.77425734)
(4521.28609438, -9048.16458517, 1705.77425734)
(4521.34085638, -9048.10384911, 1705.77425734)
(4521.37736437, -9048.06335843, 1705.77425734)
(4521.42576511, -9048.00967761, 1705.77425734)
(4521.46752803, -9047.96335874, 1705.77425734)
(4521.52339632, -9047.90139573, 1705.77425734)
(4521.5634998, -9047.85691732, 1705.77425734)
(4521.60830506, -9047.8072242, 1705.77425734)
(4521.65421663, -9047.7563041, 1705.77425734)
(4521.72944522, -9047.67286873, 1705.77425734)
(4521.77701626, -9047.62010813, 1705.77425734)
(4521.85196827, -9047.53697951, 1705.77425734)
(4521.90036901, -9047.48329869, 1705.77425734)
(4521.94323823, -9047.43575282, 1705.77425734)
(4521.99938309, -9047.37348306, 1705.77425734)
(4522.04584782, -9047.32194946, 1705.77425734)
(4522.10586474, -9047.25538522, 1705.77425734)
(4522.14596821, -9047.21090682, 1705.77425734)
(4522.18579512, -9047.16673516, 1705.77425734)
(4522.22838779, -9047.11949601, 1705.77425734)
(4522.28812816, -9047.05323851, 1705.77425734)
(4522.33486945, -9047.00139817, 1705.77425734)
(4522.39322691, -9046.93667445, 1705.77425734)
(4522.43969162, -9046.88514086, 1705.77425734)
(4522.48228428, -9046.83790173, 1705.77425734)
(4522.52294092, -9046.79280983, 1705.77425734)
(4522.57272454, -9046.73759526, 1705.77425734)
(4522.63052886, -9046.673485, 1705.77425734)
(4522.67699359, -9046.62195139, 1705.77425734)
(4522.72760696, -9046.56581656, 1705.77425734)
(4522.76328523, -9046.52624611, 1705.77425734)
(4522.80809049, -9046.47655301, 1705.77425734)
(4522.85095972, -9046.42900714, 1705.77425734)
(4522.89355237, -9046.38176803, 1705.77425734)
(4522.95384587, -9046.31489704, 1705.77425734)
(4522.99118359, -9046.27348611, 1705.77425734)
(4523.03681858, -9046.22287275, 1705.77425734)
(4523.07802836, -9046.17716736, 1705.77425734)
(4523.13527954, -9046.11367059, 1705.77425734)
(4523.18893524, -9046.05416154, 1705.77425734)
(4523.24314409, -9045.994039, 1705.77425734)
(4523.29707634, -9045.93422323, 1705.77425734)
(4523.34685996, -9045.87900868, 1705.77425734)
(4523.38613371, -9045.83545052, 1705.77425734)
(4523.43619391, -9045.7799292, 1705.77425734)
(4523.48016945, -9045.73115633, 1705.77425734)
(4523.5329954, -9045.67256754, 1705.77425734)
(4523.57780067, -9045.62287442, 1705.77425734)
(4523.63173295, -9045.56305861, 1705.77425734)
(4523.66990041, -9045.52072743, 1705.77425734)
(4523.71193992, -9045.4741018, 1705.77425734)
(4523.75508572, -9045.42624918, 1705.77425734)
(4523.81399633, -9045.36091196, 1705.77425734)
(4523.85990789, -9045.30999186, 1705.77425734)
(4523.91384015, -9045.25017607, 1705.77425734)
(4523.95173103, -9045.20815164, 1705.77425734)
(4523.99266423, -9045.162753, 1705.77425734)
(4524.04106498, -9045.10907216, 1705.77425734)
(4524.08863602, -9045.05631156, 1705.77425734)
(4524.1458872, -9044.99281478, 1705.77425734)
(4524.19262849, -9044.94097444, 1705.77425734)
(4524.23964635, -9044.88882735, 1705.77425734)
(4524.27670749, -9044.84772319, 1705.77425734)
(4524.32593796, -9044.79312212, 1705.77425734)
(4524.37489186, -9044.73882779, 1705.77425734)
(4524.43573851, -9044.67134332, 1705.77425734)
(4524.47777802, -9044.62471768, 1705.77425734)
(4524.52507247, -9044.57226383, 1705.77425734)
(4524.56268678, -9044.53054614, 1705.77425734)
(4524.60610918, -9044.48238675, 1705.77425734)
(4524.65119102, -9044.43238689, 1705.77425734)
(4524.7081656, -9044.3691969, 1705.77425734)
(4524.75075826, -9044.32195778, 1705.77425734)
(4524.80054188, -9044.26674322, 1705.77425734)
(4524.84285797, -9044.21981083, 1705.77425734)
(4524.87991911, -9044.17870665, 1705.77425734)
(4524.93053246, -9044.12257183, 1705.77425734)
(4524.97063594, -9044.07809343, 1705.77425734)
(4525.0190367, -9044.02441258, 1705.77425734)
(4525.06052307, -9043.97840043, 1705.77425734)
(4525.09813737, -9043.93668275, 1705.77425734)
(4525.15511195, -9043.87349275, 1705.77425734)
(4525.19881091, -9043.82502664, 1705.77425734)
(4525.2499774, -9043.76827834, 1705.77425734)
(4525.28786828, -9043.72625392, 1705.77425734)
(4525.3445663, -9043.66337065, 1705.77425734)
(4525.39269047, -9043.60999657, 1705.77425734)
(4525.42726243, -9043.57165312, 1705.77425734)
(4525.49336404, -9043.49834042, 1705.77425734)
(4525.55559359, -9043.42932219, 1705.77425734)
(4525.59929255, -9043.38085607, 1705.77425734)
(4525.64326808, -9043.33208321, 1705.77425734)
(4525.70383814, -9043.2649055, 1705.77425734)
(4525.74366504, -9043.22073384, 1705.77425734)
(4525.79178921, -9043.16735976, 1705.77425734)
(4525.83133954, -9043.12349485, 1705.77425734)
(4525.8863781, -9043.06245207, 1705.77425734)
(4525.93754462, -9043.00570375, 1705.77425734)
(4525.99120032, -9042.9461947, 1705.77425734)
(4526.03019751, -9042.90294328, 1705.77425734)
(4526.0689181, -9042.85999862, 1705.77425734)
(4526.11344678, -9042.81061227, 1705.77425734)
(4526.17429342, -9042.74312781, 1705.77425734)
(4526.22214102, -9042.69006047, 1705.77425734)
(4526.28298768, -9042.622576, 1705.77425734)
(4526.32641006, -9042.57441662, 1705.77425734)
(4526.37591711, -9042.51950879, 1705.77425734)
(4526.41104224, -9042.48055183, 1705.77425734)
(4526.459443, -9042.42687099, 1705.77425734)
(4526.5061843, -9042.37503064, 1705.77425734)
(4526.54905353, -9042.32748477, 1705.77425734)
(4526.59911372, -9042.27196346, 1705.77425734)
(4526.64225953, -9042.22411084, 1705.77425734)
(4526.68319273, -9042.1787122, 1705.77425734)
(4526.72440251, -9042.13300681, 1705.77425734)
(4526.77280326, -9042.07932597, 1705.77425734)
(4526.82894812, -9042.0170562, 1705.77425734)
(4526.875966, -9041.96490909, 1705.77425734)
(4526.92104785, -9041.91490922, 1705.77425734)
(4526.95810901, -9041.87380503, 1705.77425734)
(4527.01148811, -9041.81460275, 1705.77425734)
(4527.06542037, -9041.75478698, 1705.77425734)
(4527.12654359, -9041.68699577, 1705.77425734)
(4527.17715695, -9041.63086096, 1705.77425734)
(4527.23468469, -9041.56705746, 1705.77425734)
(4527.27478817, -9041.52257905, 1705.77425734)
(4527.32263577, -9041.46951171, 1705.77425734)
(4527.3668879, -9041.42043208, 1705.77425734)
(4527.41307605, -9041.36920521, 1705.77425734)
(4527.4625831, -9041.31429739, 1705.77425734)
(4527.50545233, -9041.26675152, 1705.77425734)
(4527.55247019, -9041.21460444, 1705.77425734)
(4527.59395654, -9041.16859231, 1705.77425734)
(4527.64152756, -9041.11583172, 1705.77425734)
(4527.69020489, -9041.06184414, 1705.77425734)
(4527.72643631, -9041.0216602, 1705.77425734)
(4527.77428391, -9040.96859286, 1705.77425734)
(4527.81632342, -9040.92196721, 1705.77425734)
(4527.86942597, -9040.86307165, 1705.77425734)
(4527.91755015, -9040.80969757, 1705.77425734)
(4527.96788692, -9040.75386951, 1705.77425734)
(4528.01103272, -9040.7060169, 1705.77425734)
(4528.04781729, -9040.66521947, 1705.77425734)
(4528.10506846, -9040.60172272, 1705.77425734)
(4528.15346921, -9040.54804189, 1705.77425734)
(4528.21210325, -9040.48301139, 1705.77425734)
(4528.25884456, -9040.43117103, 1705.77425734)
(4528.3210741, -9040.3621528, 1705.77425734)
(4528.36864513, -9040.30939221, 1705.77425734)
(4528.41898191, -9040.25356415, 1705.77425734)
(4528.4701484, -9040.19681586, 1705.77425734)
(4528.53486711, -9040.12503693, 1705.77425734)
(4528.58520389, -9040.06920886, 1705.77425734)
(4528.64024245, -9040.00816608, 1705.77425734)
(4528.69030266, -9039.95264476, 1705.77425734)
(4528.74921329, -9039.88730751, 1705.77425734)
(4528.79816721, -9039.83301317, 1705.77425734)
(4528.84546166, -9039.78055932, 1705.77425734)
(4528.87948047, -9039.74282937, 1705.77425734)
(4528.93202984, -9039.68454734, 1705.77425734)
(4528.98734498, -9039.62319783, 1705.77425734)
(4529.04210697, -9039.5624618, 1705.77425734)
(4529.08414647, -9039.51583617, 1705.77425734)
(4529.13199407, -9039.46276883, 1705.77425734)
(4529.16601288, -9039.42503887, 1705.77425734)
(4529.21745597, -9039.3679838, 1705.77425734)
(4529.26530358, -9039.31491645, 1705.77425734)
(4529.32061873, -9039.25356692, 1705.77425734)
(4529.36763659, -9039.20141984, 1705.77425734)
(4529.41271842, -9039.15141999, 1705.77425734)
(4529.45337505, -9039.1063281, 1705.77425734)
(4529.49596771, -9039.05908897, 1705.77425734)
(4529.54519818, -9039.0044879, 1705.77425734)
(4529.59608811, -9038.94804633, 1705.77425734)
(4529.64531859, -9038.89344525, 1705.77425734)
(4529.6829329, -9038.85172757, 1705.77425734)
(4529.72220666, -9038.80816939, 1705.77425734)
(4529.76562905, -9038.76001001, 1705.77425734)
(4529.8173487, -9038.70264822, 1705.77425734)
(4529.86353684, -9038.65142138, 1705.77425734)
(4529.9185754, -9038.59037862, 1705.77425734)
(4529.96033833, -9038.54405973, 1705.77425734)
(4529.99850577, -9038.50172856, 1705.77425734)
(4530.04137501, -9038.45418268, 1705.77425734)
(4530.09917933, -9038.39007242, 1705.77425734)
(4530.14343145, -9038.34099279, 1705.77425734)
(4530.18878988, -9038.29068617, 1705.77425734)
(4530.22834021, -9038.24682126, 1705.77425734)
(4530.28337878, -9038.18577849, 1705.77425734)
(4530.32209937, -9038.14283383, 1705.77425734)
(4530.36939381, -9038.09038, 1705.77425734)
(4530.4274747, -9038.02596301, 1705.77425734)
(4530.47449257, -9037.97381591, 1705.77425734)
(4530.51929783, -9037.9241228, 1705.77425734)
(4530.55746528, -9037.88179162, 1705.77425734)
(4530.60946152, -9037.82412306, 1705.77425734)
(4530.65260734, -9037.77627042, 1705.77425734)
(4530.6999018, -9037.72381657, 1705.77425734)
(4530.74387733, -9037.67504371, 1705.77425734)
(4530.78812944, -9037.6259641, 1705.77425734)
(4530.83210497, -9037.57719124, 1705.77425734)
(4530.88465435, -9037.5189092, 1705.77425734)
(4530.92669386, -9037.47228356, 1705.77425734)
(4530.98477475, -9037.40786656, 1705.77425734)
(4531.02487823, -9037.36338816, 1705.77425734)
(4531.07410872, -9037.30878707, 1705.77425734)
(4531.11974372, -9037.2581737, 1705.77425734)
(4531.17644175, -9037.19529044, 1705.77425734)
(4531.21488577, -9037.15265252, 1705.77425734)
(4531.26632884, -9037.09559748, 1705.77425734)
(4531.30504943, -9037.05265282, 1705.77425734)
(4531.35787539, -9036.99406404, 1705.77425734)
(4531.40295723, -9036.94406418, 1705.77425734)
(4531.44720934, -9036.89498456, 1705.77425734)
(4531.48731282, -9036.85050615, 1705.77425734)
(4531.53488385, -9036.79774555, 1705.77425734)
(4531.57498734, -9036.75326713, 1705.77425734)
(4531.63085564, -9036.69130411, 1705.77425734)
(4531.67732036, -9036.63977051, 1705.77425734)
(4531.73954988, -9036.57075232, 1705.77425734)
(4531.80841723, -9036.49437218, 1705.77425734)
(4531.85239276, -9036.44559931, 1705.77425734)
(4531.89194309, -9036.4017344, 1705.77425734)
(4531.94670508, -9036.34099837, 1705.77425734)
(4532.00616887, -9036.27504762, 1705.77425734)
(4532.09550283, -9036.17596811, 1705.77425734)
(4532.14500988, -9036.12106029, 1705.77425734)
(4532.19617638, -9036.064312, 1705.77425734)
(4532.23047176, -9036.0262753, 1705.77425734)
(4532.27831935, -9035.97320797, 1705.77425734)
(4532.32450749, -9035.92198112, 1705.77425734)
(4532.38397127, -9035.85603038, 1705.77425734)
(4532.43735039, -9035.79682809, 1705.77425734)
(4532.48685745, -9035.74192025, 1705.77425734)
(4532.53110957, -9035.69284063, 1705.77425734)
(4532.57342566, -9035.64590824, 1705.77425734)
(4532.62182641, -9035.59222741, 1705.77425734)
(4532.66635509, -9035.54284106, 1705.77425734)
(4532.70452253, -9035.5005099, 1705.77425734)
(4532.75845479, -9035.44069412, 1705.77425734)
(4532.80491951, -9035.38916052, 1705.77425734)
(4532.85636259, -9035.33210547, 1705.77425734)
(4532.90006156, -9035.28363934, 1705.77425734)
(4532.94044162, -9035.23885418, 1705.77425734)
(4532.99216129, -9035.18149236, 1705.77425734)
(4533.03890259, -9035.12965201, 1705.77425734)
(4533.09504745, -9035.06738225, 1705.77425734)
(4533.14234189, -9035.01492842, 1705.77425734)
(4533.18687057, -9034.96554207, 1705.77425734)
(4533.22586775, -9034.92229066, 1705.77425734)
(4533.26956671, -9034.87382454, 1705.77425734)
(4533.32100979, -9034.81676948, 1705.77425734)
(4533.3824096, -9034.7486715, 1705.77425734)
(4533.43412927, -9034.69130968, 1705.77425734)
(4533.49414621, -9034.62474544, 1705.77425734)
(4533.53314338, -9034.58149403, 1705.77425734)
(4533.57601261, -9034.53394815, 1705.77425734)
(4533.62137102, -9034.48364156, 1705.77425734)
(4533.67972849, -9034.41891782, 1705.77425734)
(4533.72923554, -9034.36401, 1705.77425734)
(4533.79091192, -9034.29560528, 1705.77425734)
(4533.8299091, -9034.25235386, 1705.77425734)
(4533.87969273, -9034.19713928, 1705.77425734)
(4533.91786019, -9034.1548081, 1705.77425734)
(4533.96238889, -9034.10542173, 1705.77425734)
(4534.01964006, -9034.04192498, 1705.77425734)
(4534.06997683, -9033.98609693, 1705.77425734)
(4534.11699469, -9033.93394984, 1705.77425734)
(4534.15792789, -9033.8885512, 1705.77425734)
(4534.20466918, -9033.83671086, 1705.77425734)
(4534.24975103, -9033.78671099, 1705.77425734)
(4534.29649233, -9033.73487064, 1705.77425734)
(4534.33936157, -9033.68732475, 1705.77425734)
(4534.38831548, -9033.63303041, 1705.77425734)
(4534.42814239, -9033.58885875, 1705.77425734)
(4534.48179807, -9033.52934972, 1705.77425734)
(4534.52715648, -9033.47904312, 1705.77425734)
(4534.5849608, -9033.41493288, 1705.77425734)
(4534.6270003, -9033.36830725, 1705.77425734)
(4534.67208214, -9033.31830739, 1705.77425734)
(4534.71273877, -9033.27321549, 1705.77425734)
(4534.75560801, -9033.22566961, 1705.77425734)
(4534.7990304, -9033.17751022, 1705.77425734)
(4534.85683474, -9033.11339996, 1705.77425734)
(4534.90495892, -9033.06002587, 1705.77425734)
(4534.96303981, -9032.99560888, 1705.77425734)
(4535.02360988, -9032.92843117, 1705.77425734)
(4535.07864844, -9032.8673884, 1705.77425734)
(4535.11377356, -9032.82843146, 1705.77425734)
(4535.18264091, -9032.7520513, 1705.77425734)
(4535.24514702, -9032.68272633, 1705.77425734)
(4535.30544054, -9032.61585534, 1705.77425734)
(4535.35550075, -9032.56033401, 1705.77425734)
(4535.41773028, -9032.4913158, 1705.77425734)
(4535.47110939, -9032.43211353, 1705.77425734)
(4535.53306234, -9032.36340207, 1705.77425734)
(4535.58229281, -9032.308801, 1705.77425734)
(4535.63567192, -9032.24959871, 1705.77425734)
(4535.66858443, -9032.21309574, 1705.77425734)
(4535.70868791, -9032.16861733, 1705.77425734)
(4535.75708867, -9032.11493649, 1705.77425734)
(4535.80936149, -9032.05696118, 1705.77425734)
(4535.85333703, -9032.00818831, 1705.77425734)
(4535.89897202, -9031.95757496, 1705.77425734)
(4535.93935207, -9031.91278982, 1705.77425734)
(4535.99217802, -9031.85420103, 1705.77425734)
(4536.03532383, -9031.80634841, 1705.77425734)
(4536.08759663, -9031.74837311, 1705.77425734)
(4536.13378478, -9031.69714626, 1705.77425734)
(4536.1802495, -9031.64561265, 1705.77425734)
(4536.21786381, -9031.60389497, 1705.77425734)
(4536.26294566, -9031.5538951, 1705.77425734)
(4536.30636805, -9031.50573572, 1705.77425734)
(4536.36030031, -9031.44591994, 1705.77425734)
(4536.40178666, -9031.39990781, 1705.77425734)
(4536.44769822, -9031.34898772, 1705.77425734)
(4536.48503594, -9031.30757679, 1705.77425734)
(4536.52928805, -9031.25849718, 1705.77425734)
(4536.57271044, -9031.2103378, 1705.77425734)
(4536.63106791, -9031.14561405, 1705.77425734)
(4536.67642634, -9031.09530743, 1705.77425734)
(4536.73754958, -9031.02751619, 1705.77425734)
(4536.77931252, -9030.9811973, 1705.77425734)
(4536.82439436, -9030.93119745, 1705.77425734)
(4536.86422125, -9030.8870258, 1705.77425734)
(4536.91953638, -9030.82567629, 1705.77425734)
(4536.96793713, -9030.77199546, 1705.77425734)
(4537.03071981, -9030.70236376, 1705.77425734)
(4537.07663138, -9030.65144365, 1705.77425734)
(4537.13609517, -9030.5854929, 1705.77425734)
(4537.17813469, -9030.53886725, 1705.77425734)
(4537.23179038, -9030.47935821, 1705.77425734)
(4537.2680218, -9030.43917427, 1705.77425734)
(4537.31448651, -9030.38764068, 1705.77425734)
(4537.36067465, -9030.33641384, 1705.77425734)
(4537.41377718, -9030.27751831, 1705.77425734)
(4537.47102835, -9030.21402156, 1705.77425734)
(4537.51970567, -9030.16003397, 1705.77425734)
(4537.56865957, -9030.10573964, 1705.77425734)
(4537.6037847, -9030.06678268, 1705.77425734)
(4537.65135573, -9030.01402208, 1705.77425734)
(4537.69920333, -9029.96095474, 1705.77425734)
(4537.75949684, -9029.89408377, 1705.77425734)
(4537.80236607, -9029.8465379, 1705.77425734)
(4537.84993708, -9029.79377732, 1705.77425734)
(4537.89308289, -9029.7459247, 1705.77425734)
(4537.93042061, -9029.70451377, 1705.77425734)
(4537.98407629, -9029.64500473, 1705.77425734)
(4538.02998787, -9029.59408462, 1705.77425734)
(4538.0877922, -9029.52997436, 1705.77425734)
(4538.13591638, -9029.47660027, 1705.77425734)
(4538.18293426, -9029.42445317, 1705.77425734)
(4538.21805937, -9029.38549623, 1705.77425734)
(4538.27365108, -9029.32383997, 1705.77425734)
(4538.32868964, -9029.26279721, 1705.77425734)
(4538.38981286, -9029.19500599, 1705.77425734)
(4538.4611694, -9029.1158651, 1705.77425734)
(4538.51205934, -9029.05942353, 1705.77425734)
(4538.58258615, -9028.98120288, 1705.77425734)
(4538.6470283, -9028.90973068, 1705.77425734)
(4538.71921456, -9028.82966956, 1705.77425734)
(4538.78725217, -9028.75420967, 1705.77425734)
(4538.86275733, -9028.67046757, 1705.77425734)
(4538.91171123, -9028.61617324, 1705.77425734)
(4538.96315431, -9028.55911818, 1705.77425734)
(4539.01044877, -9028.50666432, 1705.77425734)
(4539.06521077, -9028.44592829, 1705.77425734)
(4539.1047611, -9028.40206337, 1705.77425734)
(4539.14790691, -9028.35421075, 1705.77425734)
(4539.19049957, -9028.30697163, 1705.77425734)
(4539.24000661, -9028.25206382, 1705.77425734)
(4539.2845353, -9028.20267746, 1705.77425734)
(4539.3276811, -9028.15482483, 1705.77425734)
(4539.36584855, -9028.11249366, 1705.77425734)
(4539.41784479, -9028.05482511, 1705.77425734)
(4539.4598843, -9028.00819946, 1705.77425734)
(4539.50634903, -9027.95666585, 1705.77425734)
(4539.54645252, -9027.91218744, 1705.77425734)
(4539.60536314, -9027.8468502, 1705.77425734)
(4539.64878553, -9027.79869083, 1705.77425734)
(4539.69193133, -9027.75083822, 1705.77425734)
(4539.72816274, -9027.71065429, 1705.77425734)
(4539.78264815, -9027.65022502, 1705.77425734)
(4539.82772999, -9027.60022515, 1705.77425734)
(4539.87502444, -9027.54777131, 1705.77425734)
(4539.93310535, -9027.4833543, 1705.77425734)
(4539.97154938, -9027.44071637, 1705.77425734)
(4540.01220602, -9027.39562446, 1705.77425734)
(4540.06530856, -9027.33672892, 1705.77425734)
(4540.11951739, -9027.2766064, 1705.77425734)
(4540.16072716, -9027.23090102, 1705.77425734)
(4540.19861803, -9027.1888766, 1705.77425734)
(4540.24342329, -9027.1391835, 1705.77425734)
(4540.30095104, -9027.07537999, 1705.77425734)
(4540.34879864, -9027.02231265, 1705.77425734)
(4540.39581652, -9026.97016555, 1705.77425734)
(4540.43177137, -9026.93028835, 1705.77425734)
(4540.4987027, -9026.85605542, 1705.77425734)
(4540.54627372, -9026.80329483, 1705.77425734)
(4540.60324831, -9026.74010484, 1705.77425734)
(4540.65026617, -9026.68795775, 1705.77425734)
(4540.70309213, -9026.62936897, 1705.77425734)
(4540.74070643, -9026.58765129, 1705.77425734)
(4540.79131978, -9026.53151648, 1705.77425734)
(4540.83695478, -9026.48090311, 1705.77425734)
(4540.89780145, -9026.41341862, 1705.77425734)
(4540.94481932, -9026.36127152, 1705.77425734)
(4540.99377323, -9026.30697719, 1705.77425734)
(4541.03332355, -9026.26311229, 1705.77425734)
(4541.08310717, -9026.20789773, 1705.77425734)
(4541.12929531, -9026.15667089, 1705.77425734)
(4541.17935551, -9026.10114958, 1705.77425734)
(4541.22471392, -9026.05084297, 1705.77425734)
(4541.26398768, -9026.00728481, 1705.77425734)
(4541.3206857, -9025.94440154, 1705.77425734)
(4541.36825673, -9025.89164094, 1705.77425734)
(4541.42274216, -9025.83121165, 1705.77425734)
(4541.46229249, -9025.78734674, 1705.77425734)
(4541.51484187, -9025.7290647, 1705.77425734)
(4541.55356246, -9025.68612005, 1705.77425734)
(4541.60666499, -9025.62722452, 1705.77425734)
(4541.64815134, -9025.58121238, 1705.77425734)
(4541.69212688, -9025.53243951, 1705.77425734)
(4541.73140063, -9025.48888135, 1705.77425734)
(4541.78367345, -9025.43090604, 1705.77425734)
(4541.83069133, -9025.37875893, 1705.77425734)
(4541.89098484, -9025.31188794, 1705.77425734)
(4541.93551353, -9025.26250158, 1705.77425734)
(4541.98861606, -9025.20360605, 1705.77425734)
(4542.03203844, -9025.15544668, 1705.77425734)
(4542.07767343, -9025.10483334, 1705.77425734)
(4542.12220212, -9025.05544698, 1705.77425734)
(4542.17890013, -9024.99256371, 1705.77425734)
(4542.22398198, -9024.94256385, 1705.77425734)
(4542.27348904, -9024.88765601, 1705.77425734)
(4542.31912404, -9024.83704265, 1705.77425734)
(4542.3799707, -9024.76955817, 1705.77425734)
(4542.42201021, -9024.72293253, 1705.77425734)
(4542.47760192, -9024.66127628, 1705.77425734)
(4542.54785214, -9024.5833624, 1705.77425734)
(4542.61588976, -9024.50790249, 1705.77425734)
(4542.65571667, -9024.46373083, 1705.77425734)
(4542.70135166, -9024.41311747, 1705.77425734)
(4542.74781639, -9024.36158386, 1705.77425734)
(4542.80257839, -9024.30084782, 1705.77425734)
(4542.85070257, -9024.24747373, 1705.77425734)
(4542.91210237, -9024.17937577, 1705.77425734)
(4542.95635448, -9024.13029617, 1705.77425734)
(4543.00005343, -9024.08183005, 1705.77425734)
(4543.0448587, -9024.03213694, 1705.77425734)
(4543.0868982, -9023.98551131, 1705.77425734)
(4543.13861786, -9023.9281495, 1705.77425734)
(4543.17899792, -9023.88336434, 1705.77425734)
(4543.22407977, -9023.83336447, 1705.77425734)
(4543.26805532, -9023.78459159, 1705.77425734)
(4543.31120113, -9023.73673896, 1705.77425734)
(4543.36070818, -9023.68183114, 1705.77425734)
(4543.39998193, -9023.63827299, 1705.77425734)
(4543.45502048, -9023.57723023, 1705.77425734)
(4543.49623026, -9023.53152484, 1705.77425734)
(4543.54739676, -9023.47477654, 1705.77425734)
(4543.58888312, -9023.42876439, 1705.77425734)
(4543.63479469, -9023.37784428, 1705.77425734)
(4543.68734409, -9023.31956222, 1705.77425734)
(4543.73159621, -9023.27048259, 1705.77425734)
(4543.77225284, -9023.22539069, 1705.77425734)
(4543.81567523, -9023.17723132, 1705.77425734)
(4543.86656515, -9023.12078977, 1705.77425734)
(4543.91662535, -9023.06526846, 1705.77425734)
(4543.95368649, -9023.02416429, 1705.77425734)
(4544.00125751, -9022.9714037, 1705.77425734)
(4544.04302044, -9022.92508481, 1705.77425734)
(4544.09501668, -9022.86741626, 1705.77425734)
(4544.1381625, -9022.81956362, 1705.77425734)
(4544.1918182, -9022.76005457, 1705.77425734)
(4544.23662347, -9022.71036145, 1705.77425734)
(4544.280599, -9022.66158858, 1705.77425734)
(4544.32070248, -9022.61711019, 1705.77425734)
(4544.36910322, -9022.56342937, 1705.77425734)
(4544.41584451, -9022.51158903, 1705.77425734)
(4544.46977677, -9022.45177325, 1705.77425734)
(4544.51734779, -9022.39901266, 1705.77425734)
(4544.56906745, -9022.34165085, 1705.77425734)
(4544.60806464, -9022.29839943, 1705.77425734)
(4544.64789155, -9022.25422776, 1705.77425734)
(4544.70375985, -9022.19226474, 1705.77425734)
(4544.74884169, -9022.14226488, 1705.77425734)
(4544.80747573, -9022.0772344, 1705.77425734)
(4544.85311071, -9022.02662105, 1705.77425734)
(4544.90980873, -9021.9637378, 1705.77425734)
(4544.95516714, -9021.91343119, 1705.77425734)
(4545.00052556, -9021.86312458, 1705.77425734)
(4545.04173535, -9021.81741918, 1705.77425734)
(4545.08764692, -9021.76649907, 1705.77425734)
(4545.13770714, -9021.71097774, 1705.77425734)
(4545.18002322, -9021.66404535, 1705.77425734)
(4545.22897712, -9021.60975103, 1705.77425734)
(4545.26493196, -9021.56987385, 1705.77425734)
(4545.31056695, -9021.5192605, 1705.77425734)
(4545.36283975, -9021.46128521, 1705.77425734)
(4545.40736844, -9021.41189885, 1705.77425734)
(4545.46102412, -9021.35238981, 1705.77425734)
(4545.50195733, -9021.30699116, 1705.77425734)
(4545.56252742, -9021.23981341, 1705.77425734)
(4545.61037503, -9021.18674607, 1705.77425734)
(4545.67979554, -9021.10975242, 1705.77425734)
(4545.72819628, -9021.0560716, 1705.77425734)
(4545.77963935, -9020.99901655, 1705.77425734)
(4545.85569767, -9020.91466097, 1705.77425734)
(4545.92207584, -9020.84104154, 1705.77425734)
(4545.95969014, -9020.79932386, 1705.77425734)
(4546.00975035, -9020.74380253, 1705.77425734)
(4546.06368262, -9020.68398674, 1705.77425734)
(4546.10323295, -9020.64012182, 1705.77425734)
(4546.15439946, -9020.58337352, 1705.77425734)
(4546.19477951, -9020.53858838, 1705.77425734)
(4546.2426271, -9020.48552105, 1705.77425734)
(4546.28383687, -9020.43981566, 1705.77425734)
(4546.33223762, -9020.38613484, 1705.77425734)
(4546.38506358, -9020.32754604, 1705.77425734)
(4546.42489049, -9020.28337438, 1705.77425734)
(4546.47246152, -9020.23061378, 1705.77425734)
(4546.5103524, -9020.18858935, 1705.77425734)
(4546.57285851, -9020.11926438, 1705.77425734)
(4546.61572775, -9020.0717185, 1705.77425734)
(4546.66883028, -9020.01282297, 1705.77425734)
(4546.70340224, -9019.97447953, 1705.77425734)
(4546.75650477, -9019.915584, 1705.77425734)
(4546.79633167, -9019.87141235, 1705.77425734)
(4546.85358284, -9019.80791559, 1705.77425734)
(4546.8961755, -9019.76067645, 1705.77425734)
(4546.94485284, -9019.70668886, 1705.77425734)
(4546.98329687, -9019.66405093, 1705.77425734)
(4547.04054805, -9019.60055417, 1705.77425734)
(4547.0820344, -9019.55454203, 1705.77425734)
(4547.13541351, -9019.49533975, 1705.77425734)
(4547.18298452, -9019.44257918, 1705.77425734)
(4547.23415102, -9019.38583088, 1705.77425734)
(4547.26789326, -9019.34840767, 1705.77425734)
(4547.31905977, -9019.29165936, 1705.77425734)
(4547.36829025, -9019.23705828, 1705.77425734)
(4547.43909364, -9019.15853087, 1705.77425734)
(4547.48804755, -9019.10423654, 1705.77425734)
(4547.55027709, -9019.03521833, 1705.77425734)
(4547.59812468, -9018.982151, 1705.77425734)
(4547.64624884, -9018.92877693, 1705.77425734)
(4547.68303341, -9018.8879795, 1705.77425734)
(4547.73475306, -9018.8306177, 1705.77425734)
(4547.78232409, -9018.77785711, 1705.77425734)
(4547.82961854, -9018.72540326, 1705.77425734)
(4547.88686972, -9018.66190649, 1705.77425734)
(4547.9258669, -9018.61865507, 1705.77425734)
(4547.9726082, -9018.56681472, 1705.77425734)
(4548.01409456, -9018.52080258, 1705.77425734)
(4548.06581421, -9018.46344079, 1705.77425734)
(4548.11117262, -9018.41313419, 1705.77425734)
(4548.15487158, -9018.36466808, 1705.77425734)
(4548.1955282, -9018.31957618, 1705.77425734)
(4548.24641813, -9018.26313462, 1705.77425734)
(4548.29149998, -9018.21313475, 1705.77425734)
(4548.34156019, -9018.15761342, 1705.77425734)
(4548.37834477, -9018.11681598, 1705.77425734)
(4548.42757525, -9018.0622149, 1705.77425734)
(4548.47652915, -9018.00792058, 1705.77425734)
(4548.51912181, -9017.96068145, 1705.77425734)
(4548.56752255, -9017.90700063, 1705.77425734)
(4548.60956205, -9017.860375, 1705.77425734)
(4548.65381416, -9017.81129539, 1705.77425734)
(4548.69391764, -9017.76681699, 1705.77425734)
(4548.74895621, -9017.70577421, 1705.77425734)
(4548.79293175, -9017.65700133, 1705.77425734)
(4548.85018293, -9017.59350456, 1705.77425734)
(4548.88890354, -9017.55055989, 1705.77425734)
(4548.9406232, -9017.49319808, 1705.77425734)
(4548.98681134, -9017.44197124, 1705.77425734)
(4549.05512553, -9017.3662046, 1705.77425734)
(4549.10518573, -9017.31068329, 1705.77425734)
(4549.16160717, -9017.24810678, 1705.77425734)
(4549.21609259, -9017.18767749, 1705.77425734)
(4549.2683654, -9017.12970218, 1705.77425734)
(4549.31095807, -9017.08246304, 1705.77425734)
(4549.37650652, -9017.00976385, 1705.77425734)
(4549.43043879, -9016.94994807, 1705.77425734)
(4549.51119888, -9016.86037778, 1705.77425734)
(4549.56430141, -9016.80148225, 1705.77425734)
(4549.62597779, -9016.73307754, 1705.77425734)
(4549.66995333, -9016.68430466, 1705.77425734)
(4549.71420545, -9016.63522504, 1705.77425734)
(4549.76260621, -9016.5815442, 1705.77425734)
(4549.80132682, -9016.53859952, 1705.77425734)
(4549.85498251, -9016.47909048, 1705.77425734)
(4549.89702202, -9016.43246485, 1705.77425734)
(4549.95150742, -9016.37203558, 1705.77425734)
(4549.98995144, -9016.32939767, 1705.77425734)
(4550.04028821, -9016.27356962, 1705.77425734)
(4550.08841239, -9016.22019553, 1705.77425734)
(4550.13211135, -9016.17172941, 1705.77425734)
(4550.18244814, -9016.11590133, 1705.77425734)
(4550.2250408, -9016.06866219, 1705.77425734)
(4550.27205868, -9016.01651509, 1705.77425734)
(4550.31603422, -9015.96774221, 1705.77425734)
(4550.3561377, -9015.92326381, 1705.77425734)
(4550.4050916, -9015.8689695, 1705.77425734)
(4550.44242931, -9015.82755858, 1705.77425734)
(4550.49387239, -9015.77050353, 1705.77425734)
(4550.53950738, -9015.71989018, 1705.77425734)
(4550.59122703, -9015.66252837, 1705.77425734)
(4550.63022421, -9015.61927696, 1705.77425734)
(4550.66839167, -9015.57694578, 1705.77425734)
(4550.71430324, -9015.52602566, 1705.77425734)
(4550.7707247, -9015.46344914, 1705.77425734)
(4550.81774257, -9015.41130205, 1705.77425734)
(4550.87416401, -9015.34872555, 1705.77425734)
(4550.91371433, -9015.30486065, 1705.77425734)
(4550.95907274, -9015.25455405, 1705.77425734)
(4550.99751676, -9015.21191614, 1705.77425734)
(4551.04425805, -9015.16007579, 1705.77425734)
(4551.09653087, -9015.10210048, 1705.77425734)
(4551.13635778, -9015.05792882, 1705.77425734)
(4551.18088647, -9015.00854244, 1705.77425734)
(4551.21767105, -9014.96774501, 1705.77425734)
(4551.27105016, -9014.90854272, 1705.77425734)
(4551.31972748, -9014.85455514, 1705.77425734)
(4551.37227686, -9014.79627311, 1705.77425734)
(4551.41929473, -9014.74412603, 1705.77425734)
(4551.46465314, -9014.69381942, 1705.77425734)
(4551.51139443, -9014.64197907, 1705.77425734)
(4551.56283752, -9014.58492401, 1705.77425734)
(4551.60957882, -9014.53308365, 1705.77425734)
(4551.65825616, -9014.47909606, 1705.77425734)
(4551.69808306, -9014.4349244, 1705.77425734)
(4551.7420586, -9014.38615153, 1705.77425734)
(4551.79045935, -9014.33247071, 1705.77425734)
(4551.83664749, -9014.28124387, 1705.77425734)
(4551.89389865, -9014.21774713, 1705.77425734)
(4551.93455528, -9014.17265523, 1705.77425734)
(4551.97880739, -9014.12357561, 1705.77425734)
(4552.02610184, -9014.07112176, 1705.77425734)
(4552.07588548, -9014.01590718, 1705.77425734)
(4552.13203035, -9013.95363741, 1705.77425734)
(4552.17904823, -9013.90149031, 1705.77425734)
(4552.22164089, -9013.85425118, 1705.77425734)
(4552.25980833, -9013.81192002, 1705.77425734)
(4552.31540004, -9013.75026376, 1705.77425734)
(4552.36435394, -9013.69596944, 1705.77425734)
(4552.41966908, -9013.63461992, 1705.77425734)
(4552.46336804, -9013.5861538, 1705.77425734)
(4552.5059607, -9013.53891466, 1705.77425734)
(4552.54551104, -9013.49504974, 1705.77425734)
(4552.6143784, -9013.41866957, 1705.77425734)
(4552.662226, -9013.36560223, 1705.77425734)
(4552.74270953, -9013.27633869, 1705.77425734)
(4552.79719493, -9013.21590942, 1705.77425734)
(4552.85223349, -9013.15486666, 1705.77425734)
(4552.91169727, -9013.08891592, 1705.77425734)
(4552.98498984, -9013.00762779, 1705.77425734)
(4553.04168787, -9012.94474452, 1705.77425734)
(4553.11083181, -9012.86805761, 1705.77425734)
(4553.15508392, -9012.81897799, 1705.77425734)
(4553.19380452, -9012.77603333, 1705.77425734)
(4553.23860978, -9012.72634023, 1705.77425734)
(4553.29088258, -9012.66836494, 1705.77425734)
(4553.34453826, -9012.60885591, 1705.77425734)
(4553.40372547, -9012.54321192, 1705.77425734)
(4553.45074334, -9012.49106482, 1705.77425734)
(4553.49499546, -9012.44198519, 1705.77425734)
(4553.52901428, -9012.40425522, 1705.77425734)
(4553.58958437, -9012.33707749, 1705.77425734)
(4553.63909142, -9012.28216968, 1705.77425734)
(4553.69081107, -9012.22480788, 1705.77425734)
(4553.72870194, -9012.18278347, 1705.77425734)
(4553.78097474, -9012.12480818, 1705.77425734)
(4553.82135479, -9012.08002303, 1705.77425734)
(4553.88081857, -9012.01407229, 1705.77425734)
(4553.92175179, -9011.96867363, 1705.77425734)
(4553.971812, -9011.9131523, 1705.77425734)
(4554.01163891, -9011.86898064, 1705.77425734)
(4554.06474145, -9011.8100851, 1705.77425734)
(4554.11148274, -9011.75824476, 1705.77425734)
(4554.1551817, -9011.70977865, 1705.77425734)
(4554.19666805, -9011.66376651, 1705.77425734)
(4554.25253633, -9011.6018035, 1705.77425734)
(4554.2973416, -9011.55211039, 1705.77425734)
(4554.34242344, -9011.50211053, 1705.77425734)
(4554.38556926, -9011.45425789, 1705.77425734)
(4554.42511959, -9011.41039297, 1705.77425734)
(4554.47075459, -9011.35977961, 1705.77425734)
(4554.51113465, -9011.31499445, 1705.77425734)
(4554.56617322, -9011.25395168, 1705.77425734)
(4554.61208478, -9011.20303159, 1705.77425734)
(4554.65854949, -9011.151498, 1705.77425734)
(4554.70224845, -9011.10303189, 1705.77425734)
(4554.73903301, -9011.06223446, 1705.77425734)
(4554.79019952, -9011.00548615, 1705.77425734)
(4554.83196246, -9010.95916725, 1705.77425734)
(4554.885065, -9010.9002717, 1705.77425734)
(4554.92599822, -9010.85487304, 1705.77425734)
(4554.98214309, -9010.79260327, 1705.77425734)
(4555.01782136, -9010.75303283, 1705.77425734)
(4555.06262662, -9010.70333973, 1705.77425734)
(4555.10577242, -9010.65548711, 1705.77425734)
(4555.16634249, -9010.5883094, 1705.77425734)
(4555.21363694, -9010.53585556, 1705.77425734)
(4555.27254757, -9010.47051831, 1705.77425734)
(4555.31596996, -9010.42235893, 1705.77425734)
(4555.3588392, -9010.37481304, 1705.77425734)
(4555.39617693, -9010.33340211, 1705.77425734)
(4555.44402453, -9010.28033476, 1705.77425734)
(4555.50210543, -9010.21591777, 1705.77425734)
(4555.54663412, -9010.16653141, 1705.77425734)
(4555.58922677, -9010.11929229, 1705.77425734)
(4555.62739421, -9010.07696113, 1705.77425734)
(4555.67441208, -9010.02481404, 1705.77425734)
(4555.71728131, -9009.97726816, 1705.77425734)
(4555.76844782, -9009.92051984, 1705.77425734)
(4555.8041261, -9009.88094939, 1705.77425734)
(4555.85667549, -9009.82266734, 1705.77425734)
(4555.89816185, -9009.77665519, 1705.77425734)
(4555.94711576, -9009.72236086, 1705.77425734)
(4555.98943184, -9009.67542848, 1705.77425734)
(4556.02842901, -9009.63217708, 1705.77425734)
(4556.07987208, -9009.57512204, 1705.77425734)
(4556.12163501, -9009.52880315, 1705.77425734)
(4556.17031233, -9009.47481557, 1705.77425734)
(4556.2151176, -9009.42512246, 1705.77425734)
(4556.25743369, -9009.37819006, 1705.77425734)
(4556.32851366, -9009.29935591, 1705.77425734)
(4556.3907432, -9009.23033769, 1705.77425734)
(4556.44246286, -9009.1729759, 1705.77425734)
(4556.50773472, -9009.10058347, 1705.77425734)
(4556.56111382, -9009.0413812, 1705.77425734)
(4556.64353338, -9008.94997041, 1705.77425734)
(4556.69469989, -9008.8932221, 1705.77425734)
(4556.74918531, -9008.8327928, 1705.77425734)
(4556.78265098, -9008.79567634, 1705.77425734)
(4556.82994543, -9008.74322249, 1705.77425734)
(4556.87309125, -9008.69536986, 1705.77425734)
(4556.9350442, -9008.62665841, 1705.77425734)
(4556.98095576, -9008.57573831, 1705.77425734)
(4557.03461144, -9008.51622929, 1705.77425734)
(4557.07443834, -9008.47205763, 1705.77425734)
(4557.11620127, -9008.42573874, 1705.77425734)
(4557.15547503, -9008.38218058, 1705.77425734)
(4557.20636497, -9008.32573901, 1705.77425734)
(4557.2550423, -9008.27175142, 1705.77425734)
(4557.30565566, -9008.2156166, 1705.77425734)
(4557.35405641, -9008.16193577, 1705.77425734)
(4557.40743552, -9008.10273349, 1705.77425734)
(4557.4417309, -9008.06469679, 1705.77425734)
(4557.48681274, -9008.01469694, 1705.77425734)
(4557.54682966, -9007.94813272, 1705.77425734)
(4557.58720971, -9007.90334756, 1705.77425734)
(4557.6386528, -9007.8462925, 1705.77425734)
(4557.67682026, -9007.80396132, 1705.77425734)
(4557.72715705, -9007.74813324, 1705.77425734)
(4557.76366504, -9007.70764255, 1705.77425734)
(4557.80930004, -9007.6570292, 1705.77425734)
(4557.86489175, -9007.59537294, 1705.77425734)
(4557.91273934, -9007.54230561, 1705.77425734)
(4557.96279954, -9007.4867843, 1705.77425734)
(4557.99875438, -9007.44690712, 1705.77425734)
(4558.04798485, -9007.39230604, 1705.77425734)
(4558.08836491, -9007.34752089, 1705.77425734)
(4558.13344676, -9007.29752102, 1705.77425734)
(4558.18488985, -9007.24046595, 1705.77425734)
(4558.22720594, -9007.19353356, 1705.77425734)
(4558.28279766, -9007.13187729, 1705.77425734)
(4558.32013538, -9007.09046637, 1705.77425734)
(4558.37462079, -9007.0300371, 1705.77425734)
(4558.41140535, -9006.98923968, 1705.77425734)
(4558.46672049, -9006.92789016, 1705.77425734)
(4558.50903657, -9006.88095778, 1705.77425734)
(4558.56518144, -9006.81868801, 1705.77425734)
(4558.60500835, -9006.77451634, 1705.77425734)
(4558.65479199, -9006.71930176, 1705.77425734)
(4558.69710808, -9006.67236937, 1705.77425734)
(4558.75408268, -9006.60917936, 1705.77425734)
(4558.80441945, -9006.55335131, 1705.77425734)
(4558.86056431, -9006.49108155, 1705.77425734)
(4558.90371012, -9006.44322894, 1705.77425734)
(4558.9460262, -9006.39629655, 1705.77425734)
(4558.98917201, -9006.34844393, 1705.77425734)
(4559.03840249, -9006.29384284, 1705.77425734)
(4559.08403749, -9006.24322948, 1705.77425734)
(4559.12994907, -9006.19230936, 1705.77425734)
(4559.17115885, -9006.14660396, 1705.77425734)
(4559.21596412, -9006.09691085, 1705.77425734)
(4559.26215226, -9006.04568401, 1705.77425734)
(4559.31221246, -9005.9901627, 1705.77425734)
(4559.35480511, -9005.94292358, 1705.77425734)
(4559.39656817, -9005.89660468, 1705.77425734)
(4559.43702605, -9005.8518833, 1705.77425734)
(4559.48779547, -9005.79588115, 1705.77425734)
(4559.53311351, -9005.74608167, 1705.77425734)
(4559.58991155, -9005.68383217, 1705.77425734)
(4559.63423107, -9005.63536176, 1705.77425734)
(4559.68586111, -9005.57902133, 1705.77425734)
(4559.72294544, -9005.53849244, 1705.77425734)
(4559.78042472, -9005.47575423, 1705.77425734)
(4559.82654131, -9005.42502555, 1705.77425734)
(4559.89470938, -9005.34968286, 1705.77425734)
(4559.95541531, -9005.28317227, 1705.77425734)
(4560.00754199, -9005.2261702, 1705.77425734)
(4560.04517855, -9005.18502685, 1705.77425734)
(4560.09261536, -9005.13325476, 1705.77425734)
(4560.14699648, -9005.07384543, 1705.77425734)
(4560.24187721, -9004.97031369, 1705.77425734)
(4560.29039199, -9004.91674635, 1705.77425735)
(4560.34851705, -9004.85236604, 1705.77425734)
(4560.39812591, -9004.798093, 1705.77425733)
(4560.44615703, -9004.74573716, 1705.77425734)
(4560.48965328, -9004.69819967, 1705.77425734)
(4560.54433835, -9004.63850598, 1705.77425734)
(4560.58449307, -9004.59463337, 1705.77425734)
(4560.62635246, -9004.54895726, 1705.77425734)
(4560.66692646, -9004.50436333, 1705.77425735)
(4560.71464722, -9004.45175364, 1705.77425734)
(4560.76453693, -9004.39664764, 1705.77425734)
(4560.80465467, -9004.35272857, 1705.77425734)
(4560.84315775, -9004.31069177, 1705.77425734)
(4560.88832527, -9004.2613218, 1705.77425734)
(4560.94608592, -9004.1982792, 1705.77425734)
(4561.00130527, -9004.13795879, 1705.77425734)
(4561.04343064, -9004.09196908, 1705.77425734)
(4561.07909083, -9004.05294661, 1705.77425734)
(4561.12472318, -9004.00289775, 1705.77425734)
(4561.17561325, -9003.94702327, 1705.77425734)
(4561.23090199, -9003.88621629, 1705.77425734)
(4561.27403895, -9003.83891044, 1705.77425734)
(4561.31749508, -9003.79133644, 1705.77425734)
(4561.35735503, -9003.7477478, 1705.77425734)
(4561.397524, -9003.7038806, 1705.77425734)
(4561.45839326, -9003.63752497, 1705.77425734)
(4561.50628048, -9003.58506078, 1705.77425734)
(4561.56217353, -9003.52368853, 1705.77425734)
(4561.60054973, -9003.48155233, 1705.77425734)
(4561.64390163, -9003.43389349, 1705.77425734)
(4561.68257595, -9003.3914629, 1705.77425734)
(4561.72934347, -9003.34020439, 1705.77425734)
(4561.78284483, -9003.28166719, 1705.77425734)
(4561.82410246, -9003.23655928, 1705.77425734)
(4561.86958395, -9003.18691595, 1705.77425734)
(4561.91137904, -9003.14118727, 1705.77425734)
(4561.96511145, -9003.08230945, 1705.77425733)
(4562.01257678, -9003.03002536, 1705.77425734)
(4562.05458068, -9002.98392465, 1705.77425734)
(4562.09630568, -9002.93812968, 1705.77425734)
(4562.14335672, -9002.88656545, 1705.77425734)
(4562.18459938, -9002.84144489, 1705.77425734)
(4562.22864598, -9002.79329218, 1705.77425734)
(4562.26965994, -9002.74852005, 1705.77425734)
(4562.3230013, -9002.69039056, 1705.77425734)
(4562.36093932, -9002.64896753, 1705.77425734)
(4562.41003674, -9002.59536215, 1705.77425734)
(4562.44947696, -9002.55195475, 1705.77425734)
(4562.49827656, -9002.49807756, 1705.77425734)
(4562.54470109, -9002.44706282, 1705.77425734)
(4562.58616792, -9002.40158522, 1705.77425734)
(4562.63548218, -9002.34761194, 1705.77425734)
(4562.68455455, -9002.29397839, 1705.77425734)
(4562.7409302, -9002.23246871, 1705.77425734)
(4562.78582042, -9002.18340984, 1705.77425734)
(4562.82572518, -9002.13986476, 1705.77425734)
(4562.87073659, -9002.09037602, 1705.77425734)
(4562.91569164, -9002.04083189, 1705.77425734)
(4562.9714173, -9001.97931147, 1705.77425734)
(4563.01070156, -9001.93630537, 1705.77425734)
(4563.05507922, -9001.8878823, 1705.77425734)
(4563.09885528, -9001.84004043, 1705.77425734)
(4563.15271567, -9001.78127067, 1705.77425734)
(4563.20960539, -9001.71912065, 1705.77425734)
(4563.25732983, -9001.66705481, 1705.77425734)
(4563.30788981, -9001.61145034, 1705.77425734)
(4563.34979102, -9001.56526932, 1705.77425734)
(4563.39664154, -9001.51354046, 1705.77425734)
(4563.43898449, -9001.46717586, 1705.77425734)
(4563.50038929, -9001.40017848, 1705.77425734)
(4563.54471484, -9001.35172126, 1705.77425734)
(4563.61948927, -9001.27010185, 1705.77425734)
(4563.67582714, -9001.20856678, 1705.77425734)
(4563.73726225, -9001.14161068, 1705.77425734)
(4563.79022066, -9001.08316116, 1705.77425734)
(4563.85488589, -9001.01133363, 1705.77425735)
(4563.90311672, -9000.95858218, 1705.77425734)
(4563.95794411, -9000.89899586, 1705.77425734)
(4564.01176618, -9000.84019441, 1705.77425734)
(4564.04941238, -9000.79906476, 1705.77425734)
(4564.08680412, -9000.75826063, 1705.77425734)
(4564.13484304, -9000.70592153, 1705.77425734)
(4564.17983647, -9000.65641165, 1705.77425734)
(4564.23995935, -9000.58994607, 1705.77425734)
(4564.28783663, -9000.53745445, 1705.77425734)
(4564.35166266, -9000.4676455, 1705.77425734)
(4564.39570708, -9000.41948792, 1705.77425734)
(4564.44285878, -9000.36801229, 1705.77425734)
(4564.47771481, -9000.32992557, 1705.77425734)
(4564.52012525, -9000.28363503, 1705.77425734)
(4564.57039592, -9000.22886025, 1705.77425734)
(4564.61203703, -9000.18299798, 1705.77425734)
(4564.65996362, -9000.13000777, 1705.77425734)
(4564.69249542, -9000.09427069, 1705.77425734)
(4564.73369837, -9000.04911169, 1705.77425734)
(4564.78358241, -8999.99453966, 1705.77425734)
(4564.82706062, -8999.94698558, 1705.77425734)
(4564.88090539, -8999.88819756, 1705.77425734)
(4564.91882966, -8999.84675916, 1705.77425734)
(4564.95733521, -8999.80473198, 1705.77425734)
(4564.995781, -8999.76265926, 1705.77425734)
(4565.04752961, -8999.70588881, 1705.77425734)
(4565.09313941, -8999.65581636, 1705.77425734)
(4565.14871118, -8999.59470855, 1705.77425734)
(4565.18572334, -8999.55411475, 1705.77425734)
(4565.22582492, -8999.51019035, 1705.77425734)
(4565.26734192, -8999.46476153, 1705.77425734)
(4565.3200597, -8999.40718322, 1705.77425734)
(4565.3655126, -8999.35751675, 1705.77425734)
(4565.41407199, -8999.30453255, 1705.77425734)
(4565.45113836, -8999.26399529, 1705.77425734)
(4565.49290634, -8999.21824278, 1705.77425734)
(4565.53262554, -8999.17454256, 1705.77425734)
(4565.58809884, -8999.11335245, 1705.77425734)
(4565.62733918, -8999.07031485, 1705.77425734)
(4565.67694022, -8999.01604208, 1705.77425734)
(4565.71568687, -8998.9736753, 1705.77425734)
(4565.75864875, -8998.9267663, 1705.77425734)
(4565.80388339, -8998.87745541, 1705.77425734)
(4565.84766737, -8998.82962409, 1705.77425734)
(4565.89758665, -8998.77509424, 1705.77425735)
(4565.93896588, -8998.72954982, 1705.77425734)
(4565.9819656, -8998.68213475, 1705.77425735)
(4566.02061635, -8998.63968254, 1705.77425734)
(4566.06650013, -8998.58929417, 1705.77425734)
(4566.10772521, -8998.54415277, 1705.77425734)
(4566.15624996, -8998.49113438, 1705.77425734)
(4566.19416481, -8998.44968827, 1705.77425734)
(4566.23517475, -8998.40491384, 1705.77425734)
(4566.28013172, -8998.35590985, 1705.77425734)
(4566.32080489, -8998.31139939, 1705.77425734)
(4566.36476959, -8998.26318263, 1705.77425734)
(4566.41473492, -8998.20814787, 1705.77425734)
(4566.45201073, -8998.16723715, 1705.77425734)
(4566.4948496, -8998.12022144, 1705.77425734)
(4566.53493375, -8998.0762788, 1705.77425734)
(4566.58202327, -8998.02474897, 1705.77425734)
(4566.64167472, -8997.95952267, 1705.77425734)
(4566.68211582, -8997.91534852, 1705.77425734)
(4566.72818734, -8997.86512501, 1705.77425734)
(4566.77135759, -8997.81786136, 1705.77425734)
(4566.8233683, -8997.76077494, 1705.77425734)
(4566.86953302, -8997.71008999, 1705.77425734)
(4566.93176565, -8997.6416404, 1705.77425734)
(4566.99049931, -8997.57725102, 1705.77425734)
(4567.06074934, -8997.50044211, 1705.77425734)
(4567.10843405, -8997.44833948, 1705.77425734)
(4567.15589379, -8997.39658837, 1705.77425734)
(4567.19600393, -8997.35268176, 1705.77425734)
(4567.2477437, -8997.29590671, 1705.77425734)
(4567.29946807, -8997.23911481, 1705.77425734)
(4567.35503796, -8997.17800361, 1705.77425734)
(4567.40402275, -8997.1242916, 1705.77425734)
(4567.44497388, -8997.07946344, 1705.77425734)
(4567.47814315, -8997.0431893, 1705.77425734)
(4567.52835746, -8996.98835806, 1705.77425734)
(4567.5828076, -8996.92900568, 1705.77425734)
(4567.62986292, -8996.87746033, 1705.77425734)
(4567.68352493, -8996.81852623, 1705.77425734)
(4567.72496203, -8996.77303276, 1705.77425734)
(4567.76247709, -8996.73178915, 1705.77425734)
(4567.80393071, -8996.6863038, 1705.77425734)
(4567.84623895, -8996.63992286, 1705.77425734)
(4567.90168152, -8996.57924342, 1705.77425734)
(4567.94098812, -8996.53626865, 1705.77425734)
(4567.99093219, -8996.4817502, 1705.77425734)
(4568.02941097, -8996.43970179, 1705.77425734)
(4568.07628898, -8996.38854213, 1705.77425734)
(4568.11194536, -8996.3495159, 1705.77425734)
(4568.16285991, -8996.2936641, 1705.77425734)
(4568.2026298, -8996.25000532, 1705.77425734)
(4568.25764988, -8996.18951269, 1705.77425734)
(4568.29799764, -8996.14525416, 1705.77425734)
(4568.33781607, -8996.10163208, 1705.77425734)
(4568.38016823, -8996.05528712, 1705.77425734)
(4568.42535119, -8996.00592995, 1705.77425734)
(4568.46857064, -8995.95869928, 1705.77425734)
(4568.51572906, -8995.90723416, 1705.77425734)
(4568.56278225, -8995.85568518, 1705.77425734)
(4568.60108203, -8995.81348849, 1705.77425735)
(4568.64543217, -8995.76451109, 1705.77425734)
(4568.68521065, -8995.72084514, 1705.77425734)
(4568.74009654, -8995.66077039, 1705.77425734)
(4568.7830206, -8995.61382859, 1705.77425734)
(4568.82347064, -8995.56966016, 1705.77425734)
(4568.86032526, -8995.52947809, 1705.77425734)
(4568.90187365, -8995.48407941, 1705.77425734)
(4568.95515131, -8995.42589955, 1705.77425734)
(4568.99988563, -8995.37671281, 1705.77425734)
(4569.03761517, -8995.33511193, 1705.77425734)
(4569.08305904, -8995.28489778, 1705.77425734)
(4569.12343015, -8995.24064869, 1705.77425734)
(4569.17391428, -8995.1854973, 1705.77425734)
(4569.22242711, -8995.13247175, 1705.77425734)
(4569.27879411, -8995.07095679, 1705.77425734)
(4569.31727462, -8995.02891081, 1705.77425734)
(4569.35298716, -8994.98992713, 1705.77425734)
(4569.4032548, -8994.93514601, 1705.77425734)
(4569.44546594, -8994.88868645, 1705.77425734)
(4569.50114761, -8994.82711435, 1705.77425734)
(4569.54511477, -8994.77888404, 1705.77425734)
(4569.57826247, -8994.74258819, 1705.77425734)
(4569.62089206, -8994.69593349, 1705.77425734)
(4569.67472304, -8994.63713273, 1705.77425734)
(4569.71905385, -8994.58868221, 1705.77425734)
(4569.77375104, -8994.52899994, 1705.77425734)
(4569.81581969, -8994.48296474, 1705.77425734)
(4569.8659235, -8994.42804856, 1705.77425734)
(4569.90375383, -8994.38653283, 1705.77425734)
(4569.9440583, -8994.34224288, 1705.77425734)
(4569.99099261, -8994.29058529, 1705.77425734)
(4570.03206376, -8994.24586019, 1705.77425734)
(4570.08498922, -8994.18846872, 1705.77425734)
(4570.12987345, -8994.13941492, 1705.77425734)
(4570.17498032, -8994.09000354, 1705.77425733)
(4570.21303097, -8994.04813669, 1705.77425734)
(4570.26045762, -8993.99581916, 1705.77425734)
(4570.30632087, -8993.94541312, 1705.77425734)
(4570.36606879, -8993.87972157, 1705.77425734)
(4570.41188213, -8993.82981989, 1705.77425734)
(4570.47262076, -8993.76390058, 1705.77425734)
(4570.51384754, -8993.71878037, 1705.77425733)
(4570.56335659, -8993.66444759, 1705.77425733)
(4570.60897854, -8993.61438722, 1705.77425734)
(4570.65956585, -8993.55879365, 1705.77425734)
(4570.70597117, -8993.50776528, 1705.77425734)
(4570.74401334, -8993.46642295, 1705.77425734)
(4570.81043224, -8993.39450404, 1705.77425734)
(4570.88334694, -8993.3140613, 1705.77425734)
(4570.93616626, -8993.25547378, 1705.77425734)
(4570.9737398, -8993.21426339, 1705.77425734)
(4571.01360032, -8993.17066658, 1705.77425734)
(4571.05405019, -8993.12649113, 1705.77425734)
(4571.10009757, -8993.07624487, 1705.77425734)
(4571.13413726, -8993.03909008, 1705.77425734)
(4571.17653215, -8992.99278773, 1705.77425734)
(4571.22142174, -8992.94372962, 1705.77425734)
