(4484.4199884, -9071.73000054, 1705.77425734)
(4484.46785917, -9071.73009431, 1705.77480903)
(4484.55501753, -9071.73023654, 1705.77428168)
(4484.66157898, -9071.73056361, 1705.77425709)
(4484.73508178, -9071.73048744, 1705.77425729)
(4484.80820013, -9071.73072071, 1705.77425736)
(4484.90320989, -9071.7311641, 1705.77425734)
(4484.98848822, -9071.71979878, 1705.77425728)
(4485.08312981, -9071.68961438, 1705.77425725)
(4485.14637948, -9071.65751631, 1705.77425698)
(4485.21779354, -9071.61470277, 1705.77425774)
(4485.26024092, -9071.58650886, 1705.774316)
(4485.31713198, -9071.53494265, 1705.77428744)
(4485.36303893, -9071.48623511, 1705.7742582)
(4485.41712886, -9071.42313846, 1705.77425824)
(4485.47291942, -9071.35991684, 1705.77425737)
(4485.51491695, -9071.31321191, 1705.77425732)
(4485.556434, -9071.26721212, 1705.77425735)
(4485.59955887, -9071.21880181, 1705.77425733)
(4485.65795511, -9071.15302449, 1705.77425734)
(4485.70036041, -9071.10460796, 1705.77425735)
(4485.74977839, -9071.04800042, 1705.77425735)
(4485.78728106, -9071.00508849, 1705.77425734)
(4485.82936333, -9070.95685437, 1705.77425734)
(4485.87363907, -9070.9061435, 1705.77425734)
(4485.91898229, -9070.85417062, 1705.77425734)
(4485.97078865, -9070.79468331, 1705.77425734)
(4486.01557979, -9070.74332268, 1705.77425734)
(4486.0625089, -9070.68944514, 1705.77425734)
(4486.10267628, -9070.64336705, 1705.77425734)
(4486.14960897, -9070.58949057, 1705.77425734)
(4486.19655034, -9070.53561899, 1705.77425734)
(4486.23778897, -9070.48828412, 1705.77425734)
(4486.2833336, -9070.43593986, 1705.77425734)
(4486.31832498, -9070.39576015, 1705.77425734)
(4486.37013353, -9070.33626931, 1705.77425734)
(4486.41543345, -9070.2842546, 1705.77425734)
(4486.46968314, -9070.2219617, 1705.77425734)
(4486.51905079, -9070.16527524, 1705.77425734)
(4486.57357274, -9070.10267066, 1705.77425734)
(4486.61100589, -9070.05968828, 1705.77425734)
(4486.65630346, -9070.0076724, 1705.77425734)
(4486.69102401, -9069.96780489, 1705.77425734)
(4486.74445994, -9069.90644655, 1705.77425734)
(4486.78731864, -9069.85723542, 1705.77425734)
(4486.84156946, -9069.79494231, 1705.77425734)
(4486.87900262, -9069.75196015, 1705.77425734)
(4486.9183346, -9069.70679828, 1705.77425734)
(4486.96851535, -9069.64917737, 1705.77425734)
(4487.0116453, -9069.59965475, 1705.77425734)
(4487.0664387, -9069.53673871, 1705.77425734)
(4487.10658512, -9069.49064242, 1705.77425734)
(4487.14456069, -9069.447038, 1705.77425734)
(4487.19121672, -9069.39346689, 1705.77425734)
(4487.24519557, -9069.33148526, 1705.77425734)
(4487.29130973, -9069.27853665, 1705.77425734)
(4487.34827297, -9069.21312914, 1705.77425734)
(4487.38787667, -9069.16765608, 1705.77425734)
(4487.42368219, -9069.12654342, 1705.77425734)
(4487.47169535, -9069.07141517, 1705.77425734)
(4487.51536805, -9069.02126999, 1705.77425734)
(4487.56880469, -9068.95991117, 1705.77425734)
(4487.6124773, -9068.90976613, 1705.77425734)
(4487.65696291, -9068.8586867, 1705.77425734)
(4487.6941256, -9068.81601673, 1705.77425734)
(4487.74674994, -9068.75559342, 1705.77425734)
(4487.79476337, -9068.7004653, 1705.77425734)
(4487.85308389, -9068.63350195, 1705.77425734)
(4487.90028338, -9068.57930854, 1705.77425734)
(4487.94938147, -9068.52293448, 1705.77425734)
(4487.98979974, -9068.47652724, 1705.77425734)
(4488.02180857, -9068.43977528, 1705.77425734)
(4488.07687368, -9068.37654915, 1705.77425734)
(4488.11946172, -9068.32765048, 1705.77425734)
(4488.17805395, -9068.26037549, 1705.77425734)
(4488.21792968, -9068.21459116, 1705.77425734)
(4488.27136805, -9068.15323405, 1705.77425734)
(4488.30825972, -9068.11087611, 1705.77425734)
(4488.34325238, -9068.0706984, 1705.77425734)
(4488.38502685, -9068.02273412, 1705.77425734)
(4488.43819413, -9067.96168825, 1705.77425734)
(4488.4910905, -9067.90095424, 1705.77425734)
(4488.55890551, -9067.82309024, 1705.77425734)
(4488.61397189, -9067.75986473, 1705.77425734)
(4488.65845877, -9067.70878553, 1705.77425734)
(4488.70592998, -9067.65428065, 1705.77425734)
(4488.7675062, -9067.58358016, 1705.77425734)
(4488.8350508, -9067.50602793, 1705.77425734)
(4488.88957433, -9067.4434248, 1705.77425734)
(4488.9346041, -9067.39172296, 1705.77425734)
(4488.99211134, -9067.32569424, 1705.77425734)
(4489.02574794, -9067.28707384, 1705.77425734)
(4489.07132, -9067.23474929, 1705.77425734)
(4489.1139086, -9067.1858507, 1705.77425734)
(4489.17494289, -9067.11577314, 1705.77425734)
(4489.22621174, -9067.05690834, 1705.77425734)
(4489.27558153, -9067.00022358, 1705.77425734)
(4489.31193104, -9066.95848862, 1705.77425734)
(4489.35641843, -9066.90740988, 1705.77425734)
(4489.4068736, -9066.84947924, 1705.77425734)
(4489.45407316, -9066.79528608, 1705.77425734)
(4489.49910297, -9066.74358473, 1705.77425734)
(4489.54521777, -9066.6906373, 1705.77425734)
(4489.58536505, -9066.64454189, 1705.77425734)
(4489.6393466, -9066.58256236, 1705.77425734)
(4489.6824776, -9066.53304122, 1705.77425734)
(4489.72398093, -9066.48538881, 1705.77425734)
(4489.77090943, -9066.43150694, 1705.77425734)
(4489.8134981, -9066.3826084, 1705.77425734)
(4489.86069805, -9066.32841521, 1705.77425734)
(4489.9051854, -9066.27733681, 1705.77425734)
(4489.9559117, -9066.21909498, 1705.77425734)
(4489.99741528, -9066.17144248, 1705.77425734)
(4490.03810506, -9066.12472424, 1705.77425734)
(4490.08313484, -9066.07302261, 1705.77425734)
(4490.12490957, -9066.0250587, 1705.77425734)
(4490.18024736, -9065.96152215, 1705.77425734)
(4490.22175093, -9065.91386966, 1705.77425734)
(4490.27220627, -9065.85593903, 1705.77425734)
(4490.31072598, -9065.81171252, 1705.77425734)
(4490.35494207, -9065.7609456, 1705.77425734)
(4490.40431195, -9065.70426099, 1705.77425734)
(4490.44879943, -9065.65318252, 1705.77425734)
(4490.49274438, -9065.60272682, 1705.77425734)
(4490.52963651, -9065.560369, 1705.77425734)
(4490.57737908, -9065.50555317, 1705.77425734)
(4490.62105265, -9065.45540921, 1705.77425734)
(4490.67313536, -9065.39560998, 1705.77425734)
(4490.71680915, -9065.34546577, 1705.77425734)
(4490.76482306, -9065.29033829, 1705.77425734)
(4490.80659786, -9065.24237444, 1705.77425734)
(4490.85298404, -9065.18911596, 1705.77425734)
(4490.89665776, -9065.13897196, 1705.77425734)
(4490.9365338, -9065.09318819, 1705.77425734)
(4490.98237757, -9065.04055229, 1705.77425734)
(4491.0211685, -9064.9960144, 1705.77425734)
(4491.07542137, -9064.93372376, 1705.77425734)
(4491.11475483, -9064.88856302, 1705.77425734)
(4491.16602402, -9064.82969818, 1705.77425734)
(4491.21566566, -9064.77270204, 1705.77425734)
(4491.2604244, -9064.72131222, 1705.77425734)
(4491.29378996, -9064.68300352, 1705.77425734)
(4491.34722909, -9064.62164719, 1705.77425734)
(4491.39415809, -9064.56776564, 1705.77425734)
(4491.45356522, -9064.49955716, 1705.77425734)
(4491.49832398, -9064.44816737, 1705.77425734)
(4491.54281138, -9064.39708907, 1705.77425734)
(4491.57671956, -9064.35815741, 1705.77425734)
(4491.63178653, -9064.29493223, 1705.77425734)
(4491.67898678, -9064.24073923, 1705.77425734)
(4491.7400213, -9064.17066219, 1705.77425734)
(4491.78315244, -9064.12114117, 1705.77425734)
(4491.82953877, -9064.06788256, 1705.77425734)
(4491.86426082, -9064.02801642, 1705.77425734)
(4491.91742887, -9063.96697144, 1705.77425734)
(4491.95757613, -9063.92087638, 1705.77425734)
(4492.01698316, -9063.85266818, 1705.77425734)
(4492.06092823, -9063.8022127, 1705.77425734)
(4492.11382509, -9063.74147914, 1705.77425734)
(4492.1680782, -9063.67918844, 1705.77425734)
(4492.23209674, -9063.60568558, 1705.77425734)
(4492.28879127, -9063.54059183, 1705.77425734)
(4492.35091114, -9063.46926884, 1705.77425734)
(4492.41004701, -9063.40137203, 1705.77425734)
(4492.46077352, -9063.3431303, 1705.77425734)
(4492.51638299, -9063.27928234, 1705.77425734)
(4492.57904538, -9063.20733641, 1705.77425734)
(4492.62136281, -9063.15874967, 1705.77425734)
(4492.68483876, -9063.08586966, 1705.77425734)
(4492.72362972, -9063.04133185, 1705.77425734)
(4492.775984, -9062.98122123, 1705.77425734)
(4492.81558885, -9062.93574897, 1705.77425734)
(4492.85926257, -9062.88560499, 1705.77425734)
(4492.90646273, -9062.83141221, 1705.77425734)
(4492.95067899, -9062.78064535, 1705.77425734)
(4492.99706548, -9062.72738675, 1705.77425734)
(4493.0361278, -9062.68253739, 1705.77425734)
(4493.08793948, -9062.62304978, 1705.77425734)
(4493.12971432, -9062.57508605, 1705.77425734)
(4493.17393056, -9062.52431921, 1705.77425734)
(4493.21190779, -9062.48071571, 1705.77425734)
(4493.2534115, -9062.43306328, 1705.77425734)
(4493.29708524, -9062.38291922, 1705.77425734)
(4493.33994516, -9062.33370965, 1705.77425734)
(4493.38850163, -9062.27795957, 1705.77425734)
(4493.43054784, -9062.22968429, 1705.77425734)
(4493.47286535, -9062.18109748, 1705.77425734)
(4493.51219891, -9062.1359367, 1705.77425734)
(4493.56184044, -9062.07894077, 1705.77425734)
(4493.60415783, -9062.03035414, 1705.77425734)
(4493.65407068, -9061.97304673, 1705.77425734)
(4493.69774453, -9061.92290268, 1705.77425734)
(4493.74684365, -9061.86652958, 1705.77425734)
(4493.78699093, -9061.82043452, 1705.77425734)
(4493.82957958, -9061.77153643, 1705.77425734)
(4493.87976369, -9061.71391756, 1705.77425734)
(4493.92045361, -9061.66719948, 1705.77425734)
(4493.97199413, -9061.60802327, 1705.77425734)
(4494.00970004, -9061.5647313, 1705.77425734)
(4494.05337374, -9061.5145874, 1705.77425734)
(4494.10003141, -9061.46101748, 1705.77425734)
(4494.15157191, -9061.40184125, 1705.77425734)
(4494.19443194, -9061.35263156, 1705.77425734)
(4494.24678615, -9061.2925211, 1705.77425734)
(4494.2839495, -9061.24985206, 1705.77425734)
(4494.33603249, -9061.19005304, 1705.77425734)
(4494.37428102, -9061.14613807, 1705.77425734)
(4494.42500776, -9061.08789623, 1705.77425734)
(4494.4711229, -9061.0349492, 1705.77425734)
(4494.5215782, -9060.97701896, 1705.77425734)
(4494.56498071, -9060.92718645, 1705.77425734)
(4494.61272351, -9060.87237059, 1705.77425734)
(4494.65097201, -9060.82845562, 1705.77425734)
(4494.70251245, -9060.76927953, 1705.77425734)
(4494.74591492, -9060.71944708, 1705.77425734)
(4494.78714729, -9060.67210619, 1705.77425734)
(4494.83895906, -9060.6126185, 1705.77425734)
(4494.87449491, -9060.57181805, 1705.77425734)
(4494.92088132, -9060.51855955, 1705.77425734)
(4494.9664539, -9060.46623548, 1705.77425734)
(4495.02694612, -9060.39678143, 1705.77425734)
(4495.07089123, -9060.34632595, 1705.77425734)
(4495.13002718, -9060.27842908, 1705.77425734)
(4495.17397219, -9060.22797371, 1705.77425734)
(4495.22225742, -9060.17253508, 1705.77425734)
(4495.25860705, -9060.13080033, 1705.77425734)
(4495.31123263, -9060.07037828, 1705.77425734)
(4495.35300758, -9060.02241444, 1705.77425734)
(4495.40943076, -9059.95763221, 1705.77425734)
(4495.44984932, -9059.91122574, 1705.77425734)
(4495.49677828, -9059.8573443, 1705.77425734)
(4495.53556934, -9059.81280643, 1705.77425734)
(4495.58656732, -9059.75425318, 1705.77425734)
(4495.62725714, -9059.70753524, 1705.77425734)
(4495.67011704, -9059.65832567, 1705.77425734)
(4495.71379083, -9059.60818168, 1705.77425734)
(4495.76099112, -9059.55398873, 1705.77425734)
(4495.80168102, -9059.5072707, 1705.77425734)
(4495.84616857, -9059.4561924, 1705.77425734)
(4495.88658711, -9059.40978593, 1705.77425734)
(4495.93622869, -9059.35279, 1705.77425734)
(4495.97746112, -9059.30544905, 1705.77425734)
(4496.03252809, -9059.24222397, 1705.77425734)
(4496.0734892, -9059.19519456, 1705.77425734)
(4496.13018366, -9059.13010089, 1705.77425734)
(4496.16870341, -9059.08587453, 1705.77425734)
(4496.23353599, -9059.01143711, 1705.77425734)
(4496.27802358, -9058.96035875, 1705.77425734)
(4496.32712257, -9058.90398574, 1705.77425734)
(4496.36754112, -9058.85757925, 1705.77425734)
(4496.43535755, -9058.77971587, 1705.77425734)
(4496.48391415, -9058.72396567, 1705.77425734)
(4496.54087988, -9058.65856049, 1705.77425734)
(4496.60110082, -9058.58941793, 1705.77425734)
(4496.67135864, -9058.50875141, 1705.77425734)
(4496.71177728, -9058.46234482, 1705.77425734)
(4496.76847178, -9058.39725112, 1705.77425734)
(4496.80889033, -9058.35084465, 1705.77425734)
(4496.86666992, -9058.28450512, 1705.77425734)
(4496.90057818, -9058.24557343, 1705.77425734)
(4496.94072555, -9058.19947832, 1705.77425734)
(4496.98304296, -9058.15089161, 1705.77425734)
(4497.03159949, -9058.09514153, 1705.77425734)
(4497.08286869, -9058.03627688, 1705.77425734)
(4497.12111721, -9057.99236193, 1705.77425734)
(4497.16180711, -9057.94564389, 1705.77425734)
(4497.20548089, -9057.89549992, 1705.77425734)
(4497.25430865, -9057.83943839, 1705.77425734)
(4497.30069507, -9057.78617992, 1705.77425734)
(4497.34599647, -9057.73416719, 1705.77425734)
(4497.37936219, -9057.6958584, 1705.77425734)
(4497.42086586, -9057.64820604, 1705.77425734)
(4497.46670973, -9057.59557049, 1705.77425734)
(4497.5179789, -9057.53670586, 1705.77425734)
(4497.56219525, -9057.48593895, 1705.77425734)
(4497.60234262, -9057.43984381, 1705.77425734)
(4497.64438883, -9057.39156853, 1705.77425734)
(4497.69647181, -9057.33176956, 1705.77425734)
(4497.74394327, -9057.2772653, 1705.77425734)
(4497.79466995, -9057.2190235, 1705.77425734)
(4497.83698744, -9057.17043674, 1705.77425734)
(4497.87659224, -9057.12496455, 1705.77425734)
(4497.92080853, -9057.0741977, 1705.77425734)
(4497.97316277, -9057.01408727, 1705.77425734)
(4498.02171937, -9056.95833712, 1705.77425734)
(4498.06810586, -9056.90507855, 1705.77425734)
(4498.1074394, -9056.85991781, 1705.77425734)
(4498.14948553, -9056.81164259, 1705.77425734)
(4498.19315928, -9056.76149867, 1705.77425734)
(4498.24849748, -9056.69796219, 1705.77425734)
(4498.29244258, -9056.64750672, 1705.77425734)
(4498.34344054, -9056.58895349, 1705.77425734)
(4498.38440164, -9056.54192409, 1705.77425734)
(4498.42210754, -9056.49863213, 1705.77425734)
(4498.47310549, -9056.44007888, 1705.77425734)
(4498.51515172, -9056.39180356, 1705.77425734)
(4498.56994741, -9056.32888998, 1705.77425734)
(4498.61199357, -9056.28061477, 1705.77425734)
(4498.66706046, -9056.21738981, 1705.77425734)
(4498.70747907, -9056.17098326, 1705.77425734)
(4498.75630694, -9056.11492163, 1705.77425734)
(4498.79726808, -9056.06789218, 1705.77425734)
(4498.8474522, -9056.01027338, 1705.77425734)
(4498.90279035, -9055.94673692, 1705.77425734)
(4498.94402277, -9055.89939599, 1705.77425734)
(4498.9844414, -9055.85298939, 1705.77425734)
(4499.0264876, -9055.80471413, 1705.77425734)
(4499.07694298, -9055.74678388, 1705.77425734)
(4499.120888, -9055.6963285, 1705.77425734)
(4499.16700319, -9055.64338143, 1705.77425734)
(4499.21827242, -9055.58451669, 1705.77425734)
(4499.26140368, -9055.53499562, 1705.77425734)
(4499.31240158, -9055.47644244, 1705.77425734)
(4499.35390522, -9055.42879012, 1705.77425734)
(4499.40083421, -9055.37490867, 1705.77425734)
(4499.44288045, -9055.32663337, 1705.77425734)
(4499.48926689, -9055.27337485, 1705.77425734)
(4499.53104178, -9055.22541109, 1705.77425734)
(4499.58312474, -9055.1656121, 1705.77425734)
(4499.62462841, -9055.11795974, 1705.77425734)
(4499.66965855, -9055.06625845, 1705.77425734)
(4499.71360361, -9055.01580302, 1705.77425734)
(4499.76758545, -9054.95382386, 1705.77425734)
(4499.81153049, -9054.90336846, 1705.77425734)
(4499.85222037, -9054.85665045, 1705.77425734)
(4499.89046887, -9054.8127355, 1705.77425734)
(4499.94038177, -9054.75542807, 1705.77425734)
(4499.98486932, -9054.70434978, 1705.77425734)
(4500.03396837, -9054.64797678, 1705.77425734)
(4500.07086052, -9054.60561914, 1705.77425734)
(4500.12023092, -9054.54893461, 1705.77425734)
(4500.17014383, -9054.4916272, 1705.77425734)
(4500.23443373, -9054.4178128, 1705.77425734)
(4500.27702244, -9054.36891465, 1705.77425734)
(4500.32395142, -9054.31503319, 1705.77425734)
(4500.37983221, -9054.25087377, 1705.77425734)
(4500.46745095, -9054.15027441, 1705.77425734)
(4500.52495928, -9054.08424634, 1705.77425734)
(4500.56863308, -9054.03410233, 1705.77425734)
(4500.61773221, -9053.97772927, 1705.77425734)
(4500.70236705, -9053.8805559, 1705.77425734)
(4500.74576957, -9053.83072339, 1705.77425734)
(4500.79459743, -9053.77466174, 1705.77425734)
(4500.83203212, -9053.73168116, 1705.77425734)
(4500.88465765, -9053.67125924, 1705.77425734)
(4500.92616128, -9053.62360694, 1705.77425734)
(4500.97634543, -9053.56598811, 1705.77425734)
(4501.01106746, -9053.52612208, 1705.77425734)
(4501.05392748, -9053.47691244, 1705.77425734)
(4501.0995001, -9053.42458828, 1705.77425734)
(4501.14371639, -9053.37382143, 1705.77425734)
(4501.19281547, -9053.31744841, 1705.77425734)
(4501.2316065, -9053.27291057, 1705.77425734)
(4501.2793493, -9053.21809476, 1705.77425734)
(4501.32003917, -9053.17137677, 1705.77425734)
(4501.36561176, -9053.11905265, 1705.77425734)
(4501.40820046, -9053.07015453, 1705.77425734)
(4501.45295931, -9053.01876473, 1705.77425734)
(4501.49744692, -9052.96768637, 1705.77425734)
(4501.53759426, -9052.92159128, 1705.77425734)
(4501.59727266, -9052.85307158, 1705.77425734)
(4501.6379625, -9052.80635361, 1705.77425734)
(4501.68462021, -9052.75278362, 1705.77425734)
(4501.72585264, -9052.70544268, 1705.77425734)
(4501.78146212, -9052.64159475, 1705.77425734)
(4501.82486461, -9052.59176227, 1705.77425734)
(4501.87342115, -9052.53601217, 1705.77425734)
(4501.91302596, -9052.49054, 1705.77425734)
(4501.95263078, -9052.4450678, 1705.77425734)
(4501.99684709, -9052.39430089, 1705.77425734)
(4502.03807946, -9052.34696001, 1705.77425734)
(4502.08202448, -9052.29650462, 1705.77425734)
(4502.12298562, -9052.24947517, 1705.77425734)
(4502.16964336, -9052.19590518, 1705.77425734)
(4502.22498157, -9052.13236867, 1705.77425734)
(4502.26268749, -9052.08907668, 1705.77425734)
(4502.3041911, -9052.04142437, 1705.77425734)
(4502.35437526, -9051.98380554, 1705.77425734)
(4502.41079856, -9051.91902322, 1705.77425734)
(4502.46016894, -9051.86233872, 1705.77425734)
(4502.50682662, -9051.80876879, 1705.77425734)
(4502.54534634, -9051.76454245, 1705.77425734)
(4502.58359481, -9051.72062754, 1705.77425734)
(4502.64137443, -9051.65428793, 1705.77425734)
(4502.68559076, -9051.60352103, 1705.77425734)
(4502.7466255, -9051.53344409, 1705.77425734)
(4502.78894294, -9051.48485741, 1705.77425734)
(4502.83424432, -9051.4328447, 1705.77425734)
(4502.86652496, -9051.39578175, 1705.77425734)
(4502.9169804, -9051.33785143, 1705.77425734)
(4502.96011163, -9051.28833038, 1705.77425734)
(4503.0154498, -9051.22479393, 1705.77425734)
(4503.05342702, -9051.18119046, 1705.77425734)
(4503.10333994, -9051.12388302, 1705.77425734)
(4503.14104589, -9051.080591, 1705.77425734)
(4503.19801166, -9051.01518586, 1705.77425734)
(4503.2403291, -9050.96659918, 1705.77425734)
(4503.28915693, -9050.91053759, 1705.77425734)
(4503.32577783, -9050.86849138, 1705.77425734)
(4503.3727068, -9050.81460995, 1705.77425734)
(4503.40932766, -9050.77256377, 1705.77425734)
(4503.46439457, -9050.70933879, 1705.77425734)
(4503.50833964, -9050.65888335, 1705.77425734)
(4503.56476294, -9050.59410103, 1705.77425734)
(4503.6008413, -9050.55267774, 1705.77425734)
(4503.6496691, -9050.49661619, 1705.77425734)
(4503.68927388, -9050.45114404, 1705.77425734)
(4503.74542587, -9050.38667321, 1705.77425734)
(4503.78448816, -9050.34182392, 1705.77425734)
(4503.83575738, -9050.28295924, 1705.77425734)
(4503.87454837, -9050.23842145, 1705.77425734)
(4503.92364745, -9050.18204843, 1705.77425734)
(4503.9708477, -9050.12785555, 1705.77425734)
(4504.01506404, -9050.07708864, 1705.77425734)
(4504.06416314, -9050.02071558, 1705.77425734)
(4504.10539551, -9049.9733747, 1705.77425734)
(4504.15286698, -9049.91887041, 1705.77425734)
(4504.20250861, -9049.86187447, 1705.77425734)
(4504.26435722, -9049.79086309, 1705.77425734)
(4504.31996669, -9049.72701519, 1705.77425734)
(4504.37937385, -9049.65880695, 1705.77425734)
(4504.42250511, -9049.60928587, 1705.77425734)
(4504.48625259, -9049.53609431, 1705.77425734)
(4504.53697928, -9049.47785255, 1705.77425734)
(4504.59530136, -9049.41089014, 1705.77425734)
(4504.63816134, -9049.36168054, 1705.77425734)
(4504.68753171, -9049.30499602, 1705.77425734)
(4504.73663083, -9049.24862296, 1705.77425734)
(4504.80281963, -9049.17262839, 1705.77425734)
(4504.84784974, -9049.12092716, 1705.77425734)
(4504.91349606, -9049.04555543, 1705.77425734)
(4504.96395151, -9048.9876251, 1705.77425734)
(4505.02281614, -9048.92003976, 1705.77425734)
(4505.07245774, -9048.86304385, 1705.77425734)
(4505.12535455, -9048.80231045, 1705.77425734)
(4505.15736392, -9048.76555895, 1705.77425734)
(4505.20320784, -9048.71292334, 1705.77425734)
(4505.2485092, -9048.66091066, 1705.77425734)
(4505.30818765, -9048.59239096, 1705.77425734)
(4505.35321778, -9048.54068971, 1705.77425734)
(4505.39553526, -9048.49210297, 1705.77425734)
(4505.44436309, -9048.43604138, 1705.77425734)
(4505.48261154, -9048.3921265, 1705.77425734)
(4505.53713592, -9048.32952442, 1705.77425734)
(4505.57592693, -9048.2849866, 1705.77425734)
(4505.62963756, -9048.22331883, 1705.77425734)
(4505.67086995, -9048.17597794, 1705.77425734)
(4505.72241042, -9048.11680184, 1705.77425734)
(4505.76120142, -9048.07226404, 1705.77425734)
(4505.80379015, -9048.02336586, 1705.77425734)
(4505.8501766, -9047.97010732, 1705.77425734)
(4505.89005267, -9047.92432368, 1705.77425734)
(4505.94294946, -9047.86359032, 1705.77425734)
(4505.98445311, -9047.815938, 1705.77425734)
(4506.03545106, -9047.75738478, 1705.77425734)
(4506.07831106, -9047.70817515, 1705.77425734)
(4506.1176446, -9047.66301442, 1705.77425734)
(4506.17081266, -9047.6019696, 1705.77425734)
(4506.2131301, -9047.5533829, 1705.77425734)
(4506.25761769, -9047.50230456, 1705.77425734)
(4506.30400415, -9047.44904602, 1705.77425734)
(4506.35934237, -9047.38550955, 1705.77425734)
(4506.40518626, -9047.33287398, 1705.77425734)
(4506.44424851, -9047.28802473, 1705.77425734)
(4506.4862947, -9047.23974948, 1705.77425734)
(4506.52942595, -9047.19022839, 1705.77425734)
(4506.58015266, -9047.13198662, 1705.77425734)
(4506.62301262, -9047.08277702, 1705.77425734)
(4506.66722893, -9047.03201016, 1705.77425734)
(4506.71144525, -9046.98124327, 1705.77425734)
(4506.75647538, -9046.929542, 1705.77425734)
(4506.80096296, -9046.87846365, 1705.77425734)
(4506.84246661, -9046.83081131, 1705.77425734)
(4506.90078871, -9046.76384889, 1705.77425734)
(4506.9420211, -9046.716508, 1705.77425734)
(4506.99247654, -9046.65857768, 1705.77425734)
(4507.03235261, -9046.61279404, 1705.77425734)
(4507.07385626, -9046.56514171, 1705.77425734)
(4507.11346104, -9046.51966955, 1705.77425734)
(4507.17015558, -9046.4545758, 1705.77425734)
(4507.20948913, -9046.40941506, 1705.77425734)
(4507.25750317, -9046.35428781, 1705.77425734)
(4507.29548037, -9046.31068437, 1705.77425734)
(4507.34132425, -9046.2580488, 1705.77425734)
(4507.37984398, -9046.21382245, 1705.77425734)
(4507.4327408, -9046.15308905, 1705.77425734)
(4507.47668586, -9046.10263361, 1705.77425734)
(4507.52659874, -9046.04532621, 1705.77425734)
(4507.56457593, -9046.00172277, 1705.77425734)
(4507.61014857, -9045.94939863, 1705.77425734)
(4507.6551787, -9045.89769737, 1705.77425734)
(4507.70807553, -9045.83696395, 1705.77425734)
(4507.75147804, -9045.78713143, 1705.77425734)
(4507.79379546, -9045.73854475, 1705.77425734)
(4507.83557038, -9045.69058096, 1705.77425734)
(4507.89253619, -9045.62517577, 1705.77425734)
(4507.94597555, -9045.56381947, 1705.77425734)
(4508.0127069, -9045.48720198, 1705.77425734)
(4508.06641751, -9045.42553425, 1705.77425734)
(4508.11470282, -9045.37009554, 1705.77425734)
(4508.16461574, -9045.31278812, 1705.77425734)
(4508.23405974, -9045.23305611, 1705.77425734)
(4508.28858414, -9045.17045403, 1705.77425734)
(4508.34826259, -9045.10193429, 1705.77425734)
(4508.40007436, -9045.04244671, 1705.77425734)
(4508.4399504, -9044.99666308, 1705.77425734)
(4508.47765633, -9044.95337109, 1705.77425734)
(4508.53543593, -9044.88703154, 1705.77425734)
(4508.58290745, -9044.8325272, 1705.77425734)
(4508.63824567, -9044.76899072, 1705.77425734)
(4508.68137691, -9044.71946967, 1705.77425734)
(4508.73156105, -9044.66185084, 1705.77425734)
(4508.76818192, -9044.61980466, 1705.77425734)
(4508.80751546, -9044.57464393, 1705.77425734)
(4508.85688582, -9044.51795942, 1705.77425734)
(4508.89703315, -9044.47186434, 1705.77425734)
(4508.94152071, -9044.42078602, 1705.77425734)
(4508.98682209, -9044.36877333, 1705.77425734)
(4509.03402235, -9044.31458044, 1705.77425734)
(4509.07742488, -9044.2647479, 1705.77425734)
(4509.11702966, -9044.21927573, 1705.77425734)
(4509.15717698, -9044.17318067, 1705.77425734)
(4509.2114301, -9044.11089003, 1705.77425734)
(4509.25564643, -9044.06012315, 1705.77425734)
(4509.30962832, -9043.99814394, 1705.77425734)
(4509.35818488, -9043.94239381, 1705.77425734)
(4509.40158738, -9043.89256131, 1705.77425734)
(4509.43576686, -9043.8533182, 1705.77425734)
(4509.49056255, -9043.79040461, 1705.77425734)
(4509.53993293, -9043.7337201, 1705.77425734)
(4509.59581366, -9043.66956074, 1705.77425734)
(4509.64057249, -9043.61817098, 1705.77425734)
(4509.68099107, -9043.57176445, 1705.77425734)
(4509.71896828, -9043.52816099, 1705.77425734)
(4509.77240764, -9043.46680469, 1705.77425734)
(4509.81011357, -9043.42351269, 1705.77425734)
(4509.86165404, -9043.36433658, 1705.77425734)
(4509.89393466, -9043.32727364, 1705.77425734)
(4509.9452039, -9043.26840896, 1705.77425734)
(4509.98996276, -9043.21701915, 1705.77425734)
(4510.03933312, -9043.16033467, 1705.77425734)
(4510.08517701, -9043.10769909, 1705.77425734)
(4510.12722319, -9043.05942385, 1705.77425734)
(4510.17713609, -9043.00211644, 1705.77425734)
(4510.21321444, -9042.96069315, 1705.77425734)
(4510.26339859, -9042.9030743, 1705.77425734)
(4510.30381718, -9042.85666777, 1705.77425734)
(4510.35237374, -9042.80091764, 1705.77425734)
(4510.39441994, -9042.75264238, 1705.77425734)
(4510.44596044, -9042.69346623, 1705.77425734)
(4510.48258131, -9042.65142004, 1705.77425734)
(4510.53249419, -9042.59411266, 1705.77425734)
(4510.57047138, -9042.55050922, 1705.77425734)
(4510.62228313, -9042.49102165, 1705.77425734)
(4510.66785579, -9042.43869749, 1705.77425734)
(4510.70529046, -9042.39571694, 1705.77425734)
(4510.75520334, -9042.33840955, 1705.77425734)
(4510.79914838, -9042.28795413, 1705.77425734)
(4510.85231647, -9042.22690928, 1705.77425734)
(4510.89409141, -9042.17894546, 1705.77425734)
(4510.94237671, -9042.12350678, 1705.77425734)
(4510.98143897, -9042.07865752, 1705.77425734)
(4511.02185755, -9042.03225101, 1705.77425734)
(4511.07746701, -9041.96840309, 1705.77425734)
(4511.11924194, -9041.92043928, 1705.77425734)
(4511.16671344, -9041.86593495, 1705.77425734)
(4511.20333431, -9041.82388877, 1705.77425734)
(4511.25053454, -9041.76969591, 1705.77425734)
(4511.29610719, -9041.71737176, 1705.77425734)
(4511.33761086, -9041.66971939, 1705.77425734)
(4511.38345478, -9041.61708378, 1705.77425734)
(4511.42414463, -9041.5703658, 1705.77425734)
(4511.47785522, -9041.50869808, 1705.77425734)
(4511.51881635, -9041.46166865, 1705.77425734)
(4511.56086254, -9041.41339338, 1705.77425734)
(4511.60100988, -9041.3672983, 1705.77425734)
(4511.65743313, -9041.30251602, 1705.77425734)
(4511.71222881, -9041.23960247, 1705.77425734)
(4511.78140157, -9041.16018187, 1705.77425734)
(4511.82860182, -9041.10598899, 1705.77425734)
(4511.87498825, -9041.05273048, 1705.77425734)
(4511.91703443, -9041.00445524, 1705.77425734)
(4511.98512211, -9040.92628049, 1705.77425734)
(4512.03096603, -9040.87364488, 1705.77425734)
(4512.0936284, -9040.80169917, 1705.77425734)
(4512.13513206, -9040.75404683, 1705.77425734)
(4512.18531621, -9040.69642798, 1705.77425734)
(4512.22790494, -9040.6475298, 1705.77425734)
(4512.27944544, -9040.58835367, 1705.77425734)
(4512.32610315, -9040.53478371, 1705.77425734)
(4512.37330337, -9040.48059086, 1705.77425734)
(4512.41209436, -9040.43605306, 1705.77425734)
(4512.45902333, -9040.38217165, 1705.77425734)
(4512.50405345, -9040.3304704, 1705.77425734)
(4512.54854102, -9040.27939207, 1705.77425734)
(4512.59248607, -9040.22893665, 1705.77425734)
(4512.6396863, -9040.17474378, 1705.77425734)
(4512.68037617, -9040.12802578, 1705.77425734)
(4512.73245921, -9040.06822674, 1705.77425734)
(4512.77803185, -9040.01590259, 1705.77425734)
(4512.82089182, -9039.966693, 1705.77425734)
(4512.86673571, -9039.91405741, 1705.77425734)
(4512.9087819, -9039.86578216, 1705.77425734)
(4512.96113619, -9039.80567167, 1705.77425734)
(4513.00725137, -9039.75272462, 1705.77425734)
(4513.052824, -9039.70040048, 1705.77425734)
(4513.09215753, -9039.65523976, 1705.77425734)
(4513.13827272, -9039.6022927, 1705.77425734)
(4513.18872815, -9039.54436237, 1705.77425734)
(4513.22968928, -9039.49733292, 1705.77425734)
(4513.27553317, -9039.44469734, 1705.77425734)
(4513.31188277, -9039.40296262, 1705.77425734)
(4513.35691288, -9039.35126138, 1705.77425734)
(4513.3995016, -9039.30236322, 1705.77425734)
(4513.45511108, -9039.23851529, 1705.77425734)
(4513.50068371, -9039.18619115, 1705.77425734)
(4513.54951154, -9039.13012957, 1705.77425734)
(4513.58260596, -9039.09213226, 1705.77425734)
(4513.6338752, -9039.03326758, 1705.77425734)
(4513.67809152, -9038.9825007, 1705.77425734)
(4513.7217653, -9038.93235673, 1705.77425734)
(4513.76652412, -9038.88096696, 1705.77425734)
(4513.80802777, -9038.83331462, 1705.77425734)
(4513.85522801, -9038.77912175, 1705.77425734)
(4513.90405585, -9038.72306016, 1705.77425734)
(4513.96264924, -9038.65578626, 1705.77425734)
(4514.00578049, -9038.6062652, 1705.77425734)
(4514.05976238, -9038.54428599, 1705.77425734)
(4514.09665453, -9038.50192833, 1705.77425734)
(4514.14168465, -9038.45022709, 1705.77425734)
(4514.1823745, -9038.40350912, 1705.77425734)
(4514.23906902, -9038.3384154, 1705.77425734)
(4514.27487609, -9038.29730358, 1705.77425734)
(4514.31882115, -9038.24684814, 1705.77425734)
(4514.35571329, -9038.2044905, 1705.77425734)
(4514.40101466, -9038.15247781, 1705.77425734)
(4514.45581033, -9038.08956425, 1705.77425734)
(4514.48592083, -9038.05499294, 1705.77425734)
(4514.53149348, -9038.00266878, 1705.77425734)
(4514.58194892, -9037.94473846, 1705.77425734)
(4514.6413561, -9037.87653021, 1705.77425734)
(4514.6863862, -9037.82482899, 1705.77425734)
(4514.74660719, -9037.75568637, 1705.77425734)
(4514.7948925, -9037.70024769, 1705.77425734)
(4514.84019387, -9037.648235, 1705.77425734)
(4514.87898487, -9037.60369719, 1705.77425734)
(4514.91967473, -9037.5569792, 1705.77425734)
(4514.97311408, -9037.4956229, 1705.77425734)
(4515.02004307, -9037.44174147, 1705.77425734)
(4515.07619507, -9037.37727065, 1705.77425734)
(4515.12014011, -9037.32681523, 1705.77425734)
(4515.16082996, -9037.28009726, 1705.77425734)
(4515.20504628, -9037.22933038, 1705.77425734)
(4515.25170398, -9037.17576042, 1705.77425734)
(4515.32413192, -9037.09260239, 1705.77425734)
(4515.38191151, -9037.02626285, 1705.77425734)
(4515.42856923, -9036.97269288, 1705.77425734)
(4515.48065226, -9036.91289384, 1705.77425734)
(4515.52324099, -9036.86399568, 1705.77425734)
(4515.5736964, -9036.80606539, 1705.77425734)
(4515.6377151, -9036.73256244, 1705.77425734)
(4515.71177064, -9036.64753569, 1705.77425734)
(4515.75815708, -9036.59427718, 1705.77425734)
(4515.81268148, -9036.53167508, 1705.77425734)
(4515.856084, -9036.48184256, 1705.77425734)
(4515.90898083, -9036.42110916, 1705.77425734)
(4515.94533045, -9036.37937441, 1705.77425734)
(4515.99225942, -9036.325493, 1705.77425734)
(4516.03756078, -9036.27348033, 1705.77425734)
(4516.09317025, -9036.20963242, 1705.77425734)
(4516.13223251, -9036.16478315, 1705.77425734)
(4516.17672009, -9036.11370481, 1705.77425734)
(4516.22175021, -9036.06200357, 1705.77425734)
(4516.27383322, -9036.00220455, 1705.77425734)
(4516.31533688, -9035.9545522, 1705.77425734)
(4516.36307966, -9035.89973642, 1705.77425734)
(4516.40512586, -9035.85146116, 1705.77425734)
(4516.45341115, -9035.79602248, 1705.77425734)
(4516.49545733, -9035.74774724, 1705.77425734)
(4516.5486254, -9035.68670241, 1705.77425734)
(4516.59175666, -9035.63718134, 1705.77425734)
(4516.63787183, -9035.58423429, 1705.77425734)
(4516.68046055, -9035.53533613, 1705.77425734)
(4516.72603319, -9035.48301199, 1705.77425734)
(4516.77350469, -9035.42850766, 1705.77425734)
(4516.81555089, -9035.38023239, 1705.77425734)
(4516.8622086, -9035.32666242, 1705.77425734)
(4516.90506859, -9035.27745281, 1705.77425734)
(4516.95362514, -9035.22170269, 1705.77425734)
(4516.99540006, -9035.17373891, 1705.77425734)
(4517.04314283, -9035.11892314, 1705.77425734)
(4517.10065116, -9035.05289504, 1705.77425734)
(4517.13862836, -9035.00929158, 1705.77425734)
(4517.18772745, -9034.95291855, 1705.77425734)
(4517.22841731, -9034.90620055, 1705.77425734)
(4517.28294173, -9034.84359844, 1705.77425734)
(4517.31929135, -9034.80186369, 1705.77425734)
(4517.36106627, -9034.75389989, 1705.77425734)
(4517.40528258, -9034.70313303, 1705.77425734)
(4517.45600925, -9034.64489128, 1705.77425734)
(4517.5007681, -9034.5935015, 1705.77425734)
(4517.55257986, -9034.53401392, 1705.77425734)
(4517.59028579, -9034.49072192, 1705.77425734)
(4517.63694349, -9034.43715196, 1705.77425734)
(4517.67980348, -9034.38794235, 1705.77425734)
(4517.72618993, -9034.33468383, 1705.77425734)
(4517.77664536, -9034.27675351, 1705.77425734)
(4517.81408003, -9034.23377296, 1705.77425734)
(4517.85639748, -9034.18518627, 1705.77425734)
(4517.90088505, -9034.13410795, 1705.77425734)
(4517.94537263, -9034.08302962, 1705.77425734)
(4517.98633376, -9034.03600017, 1705.77425734)
(4518.03651791, -9033.97838132, 1705.77425734)
(4518.08100549, -9033.92730299, 1705.77425734)
(4518.12956205, -9033.87155286, 1705.77425734)
(4518.16970939, -9033.82545777, 1705.77425734)
(4518.22016483, -9033.76752745, 1705.77425734)
(4518.25570064, -9033.72672707, 1705.77425734)
(4518.30127328, -9033.67440293, 1705.77425734)
(4518.34467578, -9033.62457042, 1705.77425734)
(4518.38536564, -9033.57785244, 1705.77425734)
(4518.43120955, -9033.52521684, 1705.77425734)
(4518.47976611, -9033.46946671, 1705.77425734)
(4518.51937091, -9033.42399454, 1705.77425734)
(4518.57877809, -9033.35578627, 1705.77425734)
(4518.62299441, -9033.30501938, 1705.77425734)
(4518.67806137, -9033.24179436, 1705.77425734)
(4518.71549604, -9033.1988138, 1705.77425734)
(4518.75889855, -9033.14898129, 1705.77425734)
(4518.80175853, -9033.09977169, 1705.77425734)
(4518.86062318, -9033.03218634, 1705.77425734)
(4518.90999355, -9032.97550185, 1705.77425734)
(4518.97943758, -9032.89576982, 1705.77425734)
(4519.03775971, -9032.82880737, 1705.77425734)
(4519.07872084, -9032.78177792, 1705.77425734)
(4519.12619235, -9032.72727359, 1705.77425734)
(4519.189126, -9032.65501644, 1705.77425734)
(4519.24310788, -9032.59303725, 1705.77425734)
(4519.30631278, -9032.52046866, 1705.77425734)
(4519.35595441, -9032.46347271, 1705.77425734)
(4519.41102135, -9032.4002477, 1705.77425734)
(4519.4438445, -9032.36256186, 1705.77425734)
(4519.49023094, -9032.30930335, 1705.77425734)
(4519.53905878, -9032.25324176, 1705.77425734)
(4519.60172117, -9032.18129604, 1705.77425734)
(4519.64810762, -9032.12803754, 1705.77425734)
(4519.70398835, -9032.06387818, 1705.77425734)
(4519.7446782, -9032.01716021, 1705.77425734)
(4519.77940021, -9031.97729419, 1705.77425734)
(4519.82443033, -9031.92559295, 1705.77425734)
(4519.88410878, -9031.85707324, 1705.77425734)
(4519.93239408, -9031.80163456, 1705.77425734)
(4519.98963115, -9031.73591791, 1705.77425734)
(4520.03493254, -9031.68390521, 1705.77425734)
(4520.07507987, -9031.63781012, 1705.77425734)
(4520.11197201, -9031.59545248, 1705.77425734)
(4520.15917224, -9031.54125963, 1705.77425734)
(4520.20257475, -9031.49142712, 1705.77425734)
(4520.26035434, -9031.42508758, 1705.77425734)
(4520.30375686, -9031.37525505, 1705.77425734)
(4520.34553178, -9031.32729125, 1705.77425734)
(4520.38188139, -9031.28555652, 1705.77425734)
(4520.44020352, -9031.21859406, 1705.77425734)
(4520.48577618, -9031.16626991, 1705.77425734)
(4520.53541781, -9031.10927396, 1705.77425734)
(4520.57990539, -9031.05819563, 1705.77425734)
(4520.62195157, -9031.00992038, 1705.77425734)
(4520.67267825, -9030.95167863, 1705.77425734)
(4520.7158095, -9030.90215757, 1705.77425734)
(4520.76680746, -9030.84360436, 1705.77425734)
(4520.8123801, -9030.79128021, 1705.77425734)
(4520.86419185, -9030.73179264, 1705.77425734)
(4520.90244033, -9030.68787773, 1705.77425734)
(4520.94258766, -9030.64178264, 1705.77425734)
(4520.98409133, -9030.59413028, 1705.77425734)
(4521.04132839, -9030.52841365, 1705.77425734)
(4521.09124128, -9030.47110626, 1705.77425734)
(4521.14332429, -9030.41130725, 1705.77425734)
(4521.18347162, -9030.36521217, 1705.77425734)
(4521.22470401, -9030.31787127, 1705.77425734)
(4521.2659364, -9030.27053038, 1705.77425734)
(4521.31584929, -9030.21322298, 1705.77425734)
(4521.37037371, -9030.15062087, 1705.77425734)
(4521.4124199, -9030.1023456, 1705.77425734)
(4521.45500862, -9030.05344743, 1705.77425734)
(4521.49596975, -9030.006418, 1705.77425734)
(4521.54262744, -9029.95284805, 1705.77425734)
(4521.59226907, -9029.89585212, 1705.77425734)
(4521.64543715, -9029.83480728, 1705.77425734)
(4521.71108346, -9029.75943559, 1705.77425734)
(4521.75367218, -9029.71053744, 1705.77425734)
(4521.79924482, -9029.65821329, 1705.77425734)
(4521.83966342, -9029.61180674, 1705.77425734)
(4521.87547051, -9029.57069491, 1705.77425734)
(4521.92673973, -9029.51183024, 1705.77425734)
(4521.97746642, -9029.45358849, 1705.77425734)
(4522.02765057, -9029.39596965, 1705.77425734)
(4522.06834043, -9029.34925167, 1705.77425734)
(4522.11635446, -9029.29412444, 1705.77425734)
(4522.16084204, -9029.24304611, 1705.77425734)
(4522.20126063, -9029.19663958, 1705.77425734)
(4522.25388618, -9029.13621764, 1705.77425734)
(4522.29132086, -9029.09323708, 1705.77425734)
(4522.34394642, -9029.03281514, 1705.77425734)
(4522.38545008, -9028.98516279, 1705.77425734)
(4522.42939512, -9028.93470737, 1705.77425734)
(4522.47334016, -9028.88425196, 1705.77425734)
(4522.51592888, -9028.83535381, 1705.77425734)
(4522.57560734, -9028.76683409, 1705.77425734)
(4522.61060062, -9028.72665662, 1705.77425734)
(4522.67055034, -9028.65782545, 1705.77425734)
(4522.71720805, -9028.60425549, 1705.77425734)
(4522.78936474, -9028.52140891, 1705.77425734)
(4522.83141093, -9028.47313365, 1705.77425734)
(4522.88512154, -9028.41146591, 1705.77425734)
(4522.91930102, -9028.37222281, 1705.77425734)
(4522.97111277, -9028.31273525, 1705.77425734)
(4523.01451528, -9028.26290273, 1705.77425734)
(4523.06876843, -9028.20061208, 1705.77425734)
(4523.11813879, -9028.14392759, 1705.77425734)
(4523.16967928, -9028.08475147, 1705.77425734)
(4523.20602889, -9028.04301673, 1705.77425734)
(4523.25322914, -9027.98882385, 1705.77425734)
(4523.29636039, -9027.93930278, 1705.77425734)
(4523.35034227, -9027.87732359, 1705.77425734)
(4523.3967287, -9027.8240651, 1705.77425734)
(4523.43931741, -9027.77516694, 1705.77425734)
(4523.47295436, -9027.73654674, 1705.77425734)
(4523.5217822, -9027.68048515, 1705.77425734)
(4523.57684913, -9027.61726014, 1705.77425734)
(4523.62106545, -9027.56649326, 1705.77425734)
(4523.67369101, -9027.50607132, 1705.77425734)
(4523.70976936, -9027.46464803, 1705.77425734)
(4523.7561558, -9027.41138952, 1705.77425734)
(4523.79738819, -9027.36404863, 1705.77425734)
(4523.83889184, -9027.31639629, 1705.77425734)
(4523.89423004, -9027.25285984, 1705.77425734)
(4523.93546243, -9027.20551894, 1705.77425734)
(4523.98917304, -9027.1438512, 1705.77425734)
(4524.02389505, -9027.10398518, 1705.77425734)
(4524.07245162, -9027.04823505, 1705.77425734)
(4524.11558288, -9026.99871398, 1705.77425734)
(4524.16007046, -9026.94763564, 1705.77425734)
(4524.21920639, -9026.87973882, 1705.77425734)
(4524.255556, -9026.83800409, 1705.77425734)
(4524.29922977, -9026.78786013, 1705.77425734)
(4524.34588747, -9026.73429018, 1705.77425734)
(4524.40041188, -9026.67168807, 1705.77425734)
(4524.44489947, -9026.62060974, 1705.77425734)
(4524.4929135, -9026.56548252, 1705.77425734)
(4524.53143323, -9026.52125615, 1705.77425734)
(4524.57754841, -9026.46830909, 1705.77425734)
(4524.62936017, -9026.40882151, 1705.77425734)
(4524.67140637, -9026.36054625, 1705.77425734)
(4524.72077672, -9026.30386177, 1705.77425734)
(4524.76255164, -9026.25589798, 1705.77425734)
(4524.81219326, -9026.19890204, 1705.77425734)
(4524.85369692, -9026.1512497, 1705.77425734)
(4524.89520058, -9026.10359735, 1705.77425734)
(4524.93806056, -9026.05438773, 1705.77425734)
(4524.97793662, -9026.0086041, 1705.77425734)
(4525.03246104, -9025.94600199, 1705.77425734)
(4525.07694863, -9025.89492365, 1705.77425734)
(4525.1349995, -9025.82827265, 1705.77425734)
(4525.18219973, -9025.77407979, 1705.77425734)
(4525.23916552, -9025.70867462, 1705.77425734)
(4525.27904158, -9025.662891, 1705.77425734)
(4525.31647625, -9025.61991045, 1705.77425734)
(4525.35960751, -9025.57038939, 1705.77425734)
(4525.41603078, -9025.50560711, 1705.77425734)
(4525.46350228, -9025.45110279, 1705.77425734)
(4525.52372328, -9025.38196015, 1705.77425734)
(4525.57173732, -9025.32683292, 1705.77425734)
(4525.65420209, -9025.23215114, 1705.77425734)
(4525.69896093, -9025.18076137, 1705.77425734)
(4525.77220267, -9025.09666899, 1705.77425734)
(4525.81370633, -9025.04901664, 1705.77425734)
(4525.85656632, -9024.99980703, 1705.77425734)
(4525.89806997, -9024.95215468, 1705.77425734)
(4525.94716908, -9024.89578164, 1705.77425734)
(4526.00413489, -9024.83037644, 1705.77425734)
(4526.05486158, -9024.77213468, 1705.77425734)
(4526.10992852, -9024.70890968, 1705.77425734)
(4526.15495862, -9024.65720845, 1705.77425734)
(4526.20080253, -9024.60457286, 1705.77425734)
(4526.23877973, -9024.5609694, 1705.77425734)
(4526.29059148, -9024.50148183, 1705.77425734)
(4526.33507906, -9024.4504035, 1705.77425734)
(4526.38716209, -9024.39060447, 1705.77425734)
(4526.42324043, -9024.34918118, 1705.77425734)
(4526.46338777, -9024.30308609, 1705.77425734)
(4526.50923168, -9024.25045049, 1705.77425734)
(4526.56456988, -9024.18691404, 1705.77425734)
(4526.60770113, -9024.13739298, 1705.77425734)
(4526.66141174, -9024.07572524, 1705.77425734)
(4526.70020274, -9024.03118743, 1705.77425734)
(4526.739265, -9023.98633816, 1705.77425734)
(4526.78375258, -9023.93525983, 1705.77425734)
(4526.83800573, -9023.87296917, 1705.77425734)
(4526.88276458, -9023.82157938, 1705.77425734)
(4526.93674647, -9023.75960017, 1705.77425734)
(4526.98014899, -9023.70976765, 1705.77425734)
(4527.03006187, -9023.65246026, 1705.77425734)
(4527.06912413, -9023.60761101, 1705.77425734)
(4527.11062779, -9023.55995866, 1705.77425734)
(4527.15728549, -9023.50638871, 1705.77425734)
(4527.21018231, -9023.44565532, 1705.77425734)
(4527.2600952, -9023.38834792, 1705.77425734)
(4527.31244949, -9023.32823744, 1705.77425734)
(4527.35829341, -9023.27560183, 1705.77425734)
(4527.40549365, -9023.22140896, 1705.77425734)
(4527.44808237, -9023.1725108, 1705.77425734)
(4527.49229868, -9023.12174393, 1705.77425734)
(4527.54058397, -9023.06630526, 1705.77425734)
(4527.58480028, -9023.01553839, 1705.77425734)
(4527.64339368, -9022.94826448, 1705.77425734)
(4527.68543986, -9022.89998923, 1705.77425734)
(4527.73698035, -9022.84081311, 1705.77425734)
(4527.77332997, -9022.79907837, 1705.77425734)
(4527.82107274, -9022.74426259, 1705.77425734)
(4527.86176261, -9022.69754459, 1705.77425734)
(4527.9116755, -9022.6402372, 1705.77425734)
(4527.95155156, -9022.59445358, 1705.77425734)
(4527.99142761, -9022.54866996, 1705.77425734)
(4528.03401633, -9022.4997718, 1705.77425734)
(4528.07958897, -9022.44744766, 1705.77425734)
(4528.12326275, -9022.39730369, 1705.77425734)
(4528.16422388, -9022.35027425, 1705.77425734)
(4528.21657816, -9022.29016376, 1705.77425734)
(4528.26079449, -9022.23939687, 1705.77425734)
(4528.31260625, -9022.17990929, 1705.77425734)
(4528.35058345, -9022.13630584, 1705.77425734)
(4528.39534229, -9022.08491606, 1705.77425734)
(4528.43820227, -9022.03570646, 1705.77425734)
(4528.48268984, -9021.98462813, 1705.77425734)
(4528.53070388, -9021.92950091, 1705.77425734)
(4528.56705348, -9021.88776617, 1705.77425734)
(4528.61425372, -9021.8335733, 1705.77425734)
(4528.65738497, -9021.78405223, 1705.77425734)
(4528.70594155, -9021.72830209, 1705.77425734)
(4528.7593809, -9021.66694579, 1705.77425734)
(4528.80142709, -9021.61867054, 1705.77425734)
(4528.84401581, -9021.56977239, 1705.77425734)
(4528.88741832, -9021.51993987, 1705.77425734)
(4528.95225082, -9021.44550256, 1705.77425734)
(4529.00867409, -9021.38072028, 1705.77425734)
(4529.06672496, -9021.31406928, 1705.77425734)
(4529.13074367, -9021.24056631, 1705.77425734)
(4529.21863378, -9021.13965544, 1705.77425734)
(4529.26312136, -9021.08857711, 1705.77425734)
(4529.30109856, -9021.04497366, 1705.77425734)
(4529.34233094, -9020.99763277, 1705.77425734)
(4529.39387143, -9020.93845666, 1705.77425734)
(4529.44107166, -9020.8842638, 1705.77425734)
(4529.49885126, -9020.81792426, 1705.77425734)
(4529.54089745, -9020.769649, 1705.77425734)
(4529.58240111, -9020.72199665, 1705.77425734)
(4529.62173464, -9020.67683592, 1705.77425734)
(4529.67327514, -9020.6176598, 1705.77425734)
(4529.71586386, -9020.56876163, 1705.77425734)
(4529.76550548, -9020.5117657, 1705.77425734)
(4529.80945053, -9020.46131028, 1705.77425734)
(4529.84959785, -9020.41521521, 1705.77425734)
(4529.89815441, -9020.35946508, 1705.77425734)
(4529.93830174, -9020.31336999, 1705.77425734)
(4529.98577324, -9020.25886568, 1705.77425734)
(4530.03405855, -9020.20342699, 1705.77425734)
(4530.09156689, -9020.13739889, 1705.77425734)
(4530.13768207, -9020.08445184, 1705.77425734)
(4530.1786432, -9020.03742239, 1705.77425734)
(4530.2158066, -9019.9947533, 1705.77425734)
(4530.26544822, -9019.93775737, 1705.77425734)
(4530.31346225, -9019.88263015, 1705.77425734)
(4530.3669016, -9019.82127386, 1705.77425734)
(4530.41898462, -9019.76147484, 1705.77425734)
(4530.46862625, -9019.70447889, 1705.77425734)
(4530.50280573, -9019.66523578, 1705.77425734)
(4530.54946344, -9019.61166581, 1705.77425734)
(4530.60453039, -9019.5484408, 1705.77425734)
(4530.65335822, -9019.49237921, 1705.77425734)
(4530.71222288, -9019.42479387, 1705.77425734)
(4530.75643919, -9019.374027, 1705.77425734)
(4530.79794284, -9019.32637465, 1705.77425734)
(4530.83836143, -9019.27996812, 1705.77425734)
(4530.89478471, -9019.21518584, 1705.77425734)
(4530.93764469, -9019.16597622, 1705.77425734)
(4530.9962381, -9019.09870231, 1705.77425734)
(4531.03801303, -9019.05073851, 1705.77425734)
(4531.08873972, -9018.99249675, 1705.77425734)
(4531.12102034, -9018.95543381, 1705.77425734)
(4531.17066196, -9018.89843788, 1705.77425734)
(4531.22681396, -9018.83396706, 1705.77425734)
(4531.27265787, -9018.78133147, 1705.77425734)
(4531.32446962, -9018.7218439, 1705.77425734)
(4531.36244682, -9018.67824044, 1705.77425734)
(4531.41534365, -9018.61750705, 1705.77425734)
(4531.45250706, -9018.57483795, 1705.77425734)
(4531.50133489, -9018.51877636, 1705.77425734)
(4531.55423171, -9018.45804297, 1705.77425734)
(4531.60116068, -9018.40416157, 1705.77425734)
(4531.64944597, -9018.3487229, 1705.77425734)
(4531.6879657, -9018.30449654, 1705.77425734)
(4531.73109695, -9018.25497548, 1705.77425734)
(4531.77477073, -9018.20483151, 1705.77425734)
(4531.82197097, -9018.15063864, 1705.77425734)
(4531.86889995, -9018.09675722, 1705.77425734)
(4531.9041645, -9018.05626829, 1705.77425734)
(4531.9540774, -9017.99896089, 1705.77425734)
(4532.00019257, -9017.94601383, 1705.77425734)
(4532.04874914, -9017.89026371, 1705.77425734)
(4532.10164595, -9017.82953033, 1705.77425734)
(4532.16729225, -9017.75415865, 1705.77425734)
(4532.22805577, -9017.68439313, 1705.77425734)
(4532.3173022, -9017.581925, 1705.77425734)
(4532.3672151, -9017.5246176, 1705.77425734)
(4532.42390964, -9017.45952386, 1705.77425734)
(4532.47680646, -9017.39879048, 1705.77425734)
(4532.53621365, -9017.33058222, 1705.77425734)
(4532.58558401, -9017.27389774, 1705.77425734)
(4532.63848082, -9017.21316436, 1705.77425734)
(4532.67021891, -9017.17672433, 1705.77425734)
(4532.71877547, -9017.1209742, 1705.77425734)
(4532.76000787, -9017.07363331, 1705.77425734)
(4532.80829317, -9017.01819462, 1705.77425734)
(4532.86010493, -9016.95870704, 1705.77425734)
(4532.89509822, -9016.91852957, 1705.77425734)
(4532.93443175, -9016.87336885, 1705.77425734)
(4532.97756299, -9016.82384779, 1705.77425734)
(4533.02611955, -9016.76809766, 1705.77425734)
(4533.06545308, -9016.72293695, 1705.77425734)
(4533.11129699, -9016.67030135, 1705.77425734)
(4533.14656153, -9016.62981243, 1705.77425734)
(4533.20162848, -9016.56658742, 1705.77425734)
(4533.24367467, -9016.51831216, 1705.77425734)
(4533.29548643, -9016.45882458, 1705.77425734)
(4533.33264984, -9016.41615548, 1705.77425734)
(4533.37605236, -9016.36632296, 1705.77425734)
(4533.41538589, -9016.32116224, 1705.77425734)
(4533.46529877, -9016.26385485, 1705.77425734)
(4533.51114268, -9016.21121926, 1705.77425734)
(4533.55725785, -9016.15827221, 1705.77425734)
(4533.60391555, -9016.10470226, 1705.77425734)
(4533.63619618, -9016.06763932, 1705.77425734)
(4533.68448148, -9016.01220064, 1705.77425734)
(4533.72381501, -9015.96703991, 1705.77425734)
(4533.78457854, -9015.89727437, 1705.77425734)
(4533.826896, -9015.84868766, 1705.77425734)
(4533.8838618, -9015.78328249, 1705.77425734)
(4533.94571038, -9015.71227116, 1705.77425734)
(4533.99372441, -9015.65714394, 1705.77425734)
(4534.05041895, -9015.59205021, 1705.77425734)
(4534.09382146, -9015.54221769, 1705.77425734)
(4534.1323412, -9015.49799133, 1705.77425734)
(4534.17330233, -9015.45096188, 1705.77425734)
(4534.22402903, -9015.39272011, 1705.77425734)
(4534.27339939, -9015.33603562, 1705.77425734)
(4534.32819507, -9015.27312206, 1705.77425734)
(4534.3762091, -9015.21799485, 1705.77425734)
(4534.43208983, -9015.15383549, 1705.77425734)
(4534.47332222, -9015.1064946, 1705.77425734)
(4534.51591094, -9015.05759644, 1705.77425734)
(4534.55904219, -9015.00807537, 1705.77425734)
(4534.60624243, -9014.9538825, 1705.77425734)
(4534.66456457, -9014.88692004, 1705.77425734)
(4534.71067975, -9014.83397298, 1705.77425734)
(4534.76791682, -9014.76825634, 1705.77425734)
(4534.80616528, -9014.72434144, 1705.77425734)
(4534.85011032, -9014.67388602, 1705.77425734)
(4534.89297031, -9014.62467642, 1705.77425734)
(4534.94451079, -9014.5655003, 1705.77425734)
(4534.99252483, -9014.51037308, 1705.77425734)
(4535.0473205, -9014.44745952, 1705.77425734)
(4535.09262189, -9014.39544682, 1705.77425734)
(4535.13195542, -9014.35028609, 1705.77425734)
(4535.17454415, -9014.30138793, 1705.77425734)
(4535.22282945, -9014.24594925, 1705.77425734)
(4535.27274234, -9014.18864186, 1705.77425734)
(4535.33377712, -9014.11856489, 1705.77425734)
(4535.37636584, -9014.06966673, 1705.77425734)
(4535.41732696, -9014.02263729, 1705.77425734)
(4535.46696859, -9013.96564135, 1705.77425734)
(4535.52556199, -9013.89836744, 1705.77425734)
(4535.57845881, -9013.83763405, 1705.77425734)
(4535.64681778, -9013.75914782, 1705.77425734)
(4535.69618815, -9013.70246333, 1705.77425734)
(4535.74501597, -9013.64640176, 1705.77425734)
(4535.8017105, -9013.58130804, 1705.77425734)
(4535.89366958, -9013.47572539, 1705.77425734)
(4535.93246058, -9013.43118757, 1705.77425734)
(4535.97070905, -9013.38727266, 1705.77425734)
(4536.0146541, -9013.33681723, 1705.77425734)
(4536.07216245, -9013.27078913, 1705.77425734)
(4536.1152937, -9013.22126806, 1705.77425734)
(4536.16086634, -9013.16894392, 1705.77425734)
(4536.20019987, -9013.1237832, 1705.77425734)
(4536.23980466, -9013.07831104, 1705.77425734)
(4536.28700489, -9013.02411818, 1705.77425734)
(4536.34017297, -9012.96307334, 1705.77425734)
(4536.38357549, -9012.91324082, 1705.77425734)
(4536.42779181, -9012.86247394, 1705.77425734)
(4536.46631154, -9012.81824757, 1705.77425734)
(4536.508629, -9012.76966086, 1705.77425734)
(4536.54959013, -9012.72263141, 1705.77425734)
(4536.59190759, -9012.6740447, 1705.77425734)
(4536.64616073, -9012.61175406, 1705.77425734)
(4536.69525982, -9012.55538103, 1705.77425734)
(4536.75466701, -9012.48717278, 1705.77425734)
(4536.79020282, -9012.4463724, 1705.77425734)
(4536.8346904, -9012.39529407, 1705.77425734)
(4536.87104001, -9012.35355933, 1705.77425734)
(4536.92041038, -9012.29687484, 1705.77425734)
(4536.97927505, -9012.22928947, 1705.77425734)
(4537.03298567, -9012.16762172, 1705.77425734)
(4537.07828704, -9012.11560903, 1705.77425734)
(4537.11409411, -9012.07449721, 1705.77425734)
(4537.16427827, -9012.01687837, 1705.77425734)
(4537.20822331, -9011.96642295, 1705.77425734)
(4537.26437532, -9011.90195213, 1705.77425734)
(4537.3088629, -9011.85087379, 1705.77425734)
(4537.35199415, -9011.80135272, 1705.77425734)
(4537.39702427, -9011.74965148, 1705.77425734)
(4537.4474797, -9011.69172116, 1705.77425734)
(4537.49929146, -9011.63223359, 1705.77425734)
(4537.54025258, -9011.58520415, 1705.77425734)
(4537.58663901, -9011.53194566, 1705.77425734)
(4537.63166912, -9011.48024442, 1705.77425734)
(4537.68456593, -9011.41951105, 1705.77425734)
(4537.73176617, -9011.36531818, 1705.77425734)
(4537.77842388, -9011.31174822, 1705.77425734)
(4537.81504475, -9011.26970203, 1705.77425734)
(4537.87282436, -9011.20336248, 1705.77425734)
(4537.91541309, -9011.15446431, 1705.77425734)
(4537.97075129, -9011.09092785, 1705.77425734)
(4538.01632393, -9011.03860371, 1705.77425734)
(4538.0624391, -9010.98565666, 1705.77425734)
(4538.09716111, -9010.94579065, 1705.77425734)
(4538.14734527, -9010.88817181, 1705.77425734)
(4538.20024209, -9010.82743842, 1705.77425734)
(4538.24581473, -9010.77511427, 1705.77425734)
(4538.29681269, -9010.71656106, 1705.77425734)
(4538.33723129, -9010.67015451, 1705.77425734)
(4538.38633039, -9010.61378147, 1705.77425734)
(4538.43136051, -9010.56208023, 1705.77425734)
(4538.48724124, -9010.49792087, 1705.77425734)
(4538.53227135, -9010.44621964, 1705.77425734)
(4538.58055664, -9010.39078097, 1705.77425734)
(4538.61690625, -9010.34904623, 1705.77425734)
(4538.66112256, -9010.29827935, 1705.77425734)
(4538.70778027, -9010.24470939, 1705.77425734)
(4538.76447481, -9010.17961566, 1705.77425734)
(4538.80570721, -9010.13227475, 1705.77425734)
(4538.85100859, -9010.08026206, 1705.77425734)
(4538.89658123, -9010.02793791, 1705.77425734)
(4538.95327577, -9009.96284419, 1705.77425734)
(4538.99477942, -9009.91519185, 1705.77425734)
(4539.04577737, -9009.85663865, 1705.77425734)
(4539.08945115, -9009.80649468, 1705.77425734)
(4539.13855025, -9009.75012164, 1705.77425734)
(4539.19090454, -9009.69001116, 1705.77425734)
(4539.24298757, -9009.63021212, 1705.77425734)
(4539.29696945, -9009.56823292, 1705.77425734)
(4539.33548919, -9009.52400656, 1705.77425734)
(4539.39679524, -9009.45361813, 1705.77425734)
(4539.461899, -9009.37886936, 1705.77425734)
(4539.5386672, -9009.2907281, 1705.77425734)
(4539.57854326, -9009.24494447, 1705.77425734)
(4539.6273711, -9009.18888288, 1705.77425734)
(4539.67131615, -9009.13842745, 1705.77425734)
(4539.71390487, -9009.08952928, 1705.77425734)
(4539.76788676, -9009.02755008, 1705.77425734)
(4539.81047548, -9008.97865192, 1705.77425734)
(4539.85469179, -9008.92788505, 1705.77425734)
(4539.89538164, -9008.88116707, 1705.77425734)
(4539.9542463, -9008.81358172, 1705.77425734)
(4539.99954768, -9008.76156903, 1705.77425734)
(4540.06275259, -9008.68900042, 1705.77425734)
(4540.10642638, -9008.63885644, 1705.77425734)
(4540.15878067, -9008.57874596, 1705.77425734)
(4540.1997418, -9008.53171651, 1705.77425734)
(4540.23988913, -9008.48562143, 1705.77425734)
(4540.29251468, -9008.4251995, 1705.77425734)
(4540.33727352, -9008.37380973, 1705.77425734)
(4540.3896278, -9008.31369926, 1705.77425734)
(4540.43058892, -9008.26666982, 1705.77425734)
(4540.48077308, -9008.20905097, 1705.77425734)
(4540.52227674, -9008.16139862, 1705.77425734)
(4540.56866319, -9008.10814011, 1705.77425734)
(4540.60881052, -9008.06204502, 1705.77425734)
(4540.65763835, -9008.00598343, 1705.77425734)
(4540.70293973, -9007.95397074, 1705.77425734)
(4540.75773541, -9007.89105719, 1705.77425734)
(4540.79571261, -9007.84745374, 1705.77425734)
(4540.84372664, -9007.79232652, 1705.77425734)
(4540.88577282, -9007.74405127, 1705.77425734)
(4540.92998913, -9007.69328439, 1705.77425734)
(4540.98044456, -9007.63535409, 1705.77425734)
(4541.02167695, -9007.58801319, 1705.77425734)
(4541.07213239, -9007.53008287, 1705.77425734)
(4541.11065212, -9007.48585651, 1705.77425734)
(4541.15893743, -9007.43041783, 1705.77425734)
(4541.20261121, -9007.38027386, 1705.77425734)
(4541.2430298, -9007.33386733, 1705.77425734)
(4541.2888737, -9007.28123174, 1705.77425734)
(4541.32576584, -9007.2388741, 1705.77425734)
(4541.37242354, -9007.18530414, 1705.77425734)
(4541.41555479, -9007.13578308, 1705.77425734)
(4541.46112744, -9007.08345893, 1705.77425734)
(4541.51348173, -9007.02334844, 1705.77425734)
(4541.55145893, -9006.97974498, 1705.77425734)
(4541.59676031, -9006.92773228, 1705.77425734)
(4541.63772144, -9006.88070284, 1705.77425734)
(4541.69441597, -9006.81560912, 1705.77425734)
(4541.7345633, -9006.76951405, 1705.77425734)
(4541.78067847, -9006.716567, 1705.77425734)
(4541.82109706, -9006.67016047, 1705.77425734)
(4541.8682973, -9006.61596761, 1705.77425734)
(4541.90898716, -9006.56924962, 1705.77425734)
(4541.96513917, -9006.50477879, 1705.77425734)
(4542.00664283, -9006.45712643, 1705.77425734)
(4542.05791206, -9006.39826176, 1705.77425734)
(4542.09670306, -9006.35372395, 1705.77425734)
(4542.13685038, -9006.30762888, 1705.77425734)
(4542.18594947, -9006.25125585, 1705.77425734)
(4542.23179338, -9006.19862025, 1705.77425734)
(4542.28469019, -9006.13788687, 1705.77425734)
(4542.33189043, -9006.08369401, 1705.77425734)
(4542.37610675, -9006.03292712, 1705.77425734)
(4542.41978053, -9005.98278315, 1705.77425734)
(4542.47701761, -9005.9170665, 1705.77425734)
(4542.54673291, -9005.83702301, 1705.77425734)
(4542.60098605, -9005.77473237, 1705.77425734)
(4542.67070133, -9005.6946889, 1705.77425734)
(4542.72685334, -9005.63021808, 1705.77425734)
(4542.78653179, -9005.56169837, 1705.77425734)
(4542.82261014, -9005.52027508, 1705.77425734)
(4542.87333683, -9005.46203332, 1705.77425734)
(4542.91890948, -9005.40970916, 1705.77425734)
(4542.96529593, -9005.35645065, 1705.77425734)
(4543.00707085, -9005.30848685, 1705.77425734)
(4543.05508488, -9005.25335963, 1705.77425734)
(4543.0976736, -9005.20446148, 1705.77425734)
(4543.13836345, -9005.1577435, 1705.77425734)
(4543.18800508, -9005.10074756, 1705.77425734)
(4543.23086506, -9005.05153795, 1705.77425734)
(4543.27589517, -9004.9998367, 1705.77425734)
(4543.31360111, -9004.9565447, 1705.77425734)
(4543.35835996, -9004.90515491, 1705.77425734)
(4543.4080016, -9004.84815895, 1705.77425734)
(4543.45004779, -9004.7998837, 1705.77425734)
(4543.49182271, -9004.7519199, 1705.77425734)
(4543.53902294, -9004.69772704, 1705.77425734)
(4543.58785077, -9004.64166547, 1705.77425734)
(4543.63532227, -9004.58716115, 1705.77425734)
(4543.67601213, -9004.54044317, 1705.77425734)
(4543.71290427, -9004.49808553, 1705.77425734)
(4543.7609183, -9004.44295829, 1705.77425734)
(4543.80784728, -9004.38907688, 1705.77425734)
(4543.86752575, -9004.32055715, 1705.77425734)
(4543.90821561, -9004.27383916, 1705.77425734)
(4543.95948483, -9004.2149745, 1705.77425734)
(4543.99420684, -9004.17510849, 1705.77425734)
(4544.04113581, -9004.12122709, 1705.77425734)
(4544.08806477, -9004.06734568, 1705.77425734)
(4544.14557311, -9004.0013176, 1705.77425734)
(4544.1962998, -9003.94307584, 1705.77425734)
(4544.25869092, -9003.87144158, 1705.77425734)
(4544.29992332, -9003.82410068, 1705.77425734)
(4544.3444109, -9003.77302234, 1705.77425734)
(4544.38781342, -9003.72318982, 1705.77425734)
(4544.44776314, -9003.65435866, 1705.77425734)
(4544.49306451, -9003.60234598, 1705.77425734)
(4544.54569006, -9003.54192405, 1705.77425734)
(4544.58366726, -9003.4983206, 1705.77425734)
(4544.62083067, -9003.45565151, 1705.77425734)
(4544.66450445, -9003.40550753, 1705.77425734)
(4544.72255532, -9003.33885653, 1705.77425734)
(4544.76405899, -9003.29120417, 1705.77425734)
(4544.81668454, -9003.23078224, 1705.77425734)
(4544.85493301, -9003.18686733, 1705.77425734)
(4544.90294704, -9003.13174011, 1705.77425734)
(4544.94228056, -9003.0865794, 1705.77425734)
(4544.98622561, -9003.03612398, 1705.77425734)
(4545.03451091, -9002.9806853, 1705.77425734)
(4545.07167431, -9002.93801621, 1705.77425734)
(4545.12511366, -9002.87665991, 1705.77425734)
(4545.16824492, -9002.82713884, 1705.77425734)
(4545.21381757, -9002.77481469, 1705.77425734)
(4545.25450743, -9002.7280967, 1705.77425734)
(4545.29601109, -9002.68044435, 1705.77425734)
(4545.34592398, -9002.62313696, 1705.77425734)
(4545.38878396, -9002.57392735, 1705.77425734)
(4545.44005318, -9002.5150627, 1705.77425734)
(4545.48074303, -9002.46834471, 1705.77425734)
(4545.52360302, -9002.4191351, 1705.77425734)
(4545.56293655, -9002.37397438, 1705.77425734)
(4545.61664717, -9002.31230663, 1705.77425734)
(4545.66466121, -9002.25717939, 1705.77425734)
(4545.71430284, -9002.20018344, 1705.77425734)
(4545.75417891, -9002.15439982, 1705.77425734)
(4545.80490559, -9002.09615806, 1705.77425734)
(4545.8586162, -9002.03449033, 1705.77425734)
(4545.91883719, -9001.96534772, 1705.77425734)
(4545.96278224, -9001.91489229, 1705.77425734)
(4546.02381703, -9001.84481531, 1705.77425734)
(4546.06694828, -9001.79529424, 1705.77425734)
(4546.11957384, -9001.7348723, 1705.77425734)
(4546.16541775, -9001.68223669, 1705.77425734)
(4546.2283514, -9001.60997954, 1705.77425734)
(4546.29291264, -9001.53585368, 1705.77425734)
(4546.33929908, -9001.48259518, 1705.77425734)
(4546.37754754, -9001.43868028, 1705.77425734)
(4546.43071562, -9001.37763544, 1705.77425734)
(4546.47710207, -9001.32437693, 1705.77425734)
(4546.51752066, -9001.27797039, 1705.77425734)
(4546.57177381, -9001.21567974, 1705.77425734)
(4546.60703836, -9001.17519081, 1705.77425734)
(4546.65396734, -9001.12130939, 1705.77425734)
(4546.69330087, -9001.07614868, 1705.77425734)
(4546.75216552, -9001.00856333, 1705.77425734)
(4546.80045082, -9000.95312466, 1705.77425734)
(4546.84385333, -9000.90329214, 1705.77425734)
(4546.88535699, -9000.8556398, 1705.77425734)
(4546.93174343, -9000.80238129, 1705.77425734)
(4546.97650228, -9000.7509915, 1705.77425734)
(4547.02288872, -9000.69773299, 1705.77425734)
(4547.06574871, -9000.64852337, 1705.77425734)
(4547.12244325, -9000.58342964, 1705.77425734)
(4547.16665957, -9000.53266276, 1705.77425734)
(4547.213046, -9000.47940426, 1705.77425734)
(4547.26078876, -9000.4245885, 1705.77425734)
(4547.31558444, -9000.36167495, 1705.77425734)
(4547.3554605, -9000.31589132, 1705.77425734)
(4547.3942515, -9000.2713535, 1705.77425734)
(4547.4338563, -9000.22588132, 1705.77425734)
(4547.48946578, -9000.1620334, 1705.77425734)
(4547.53585223, -9000.10877489, 1705.77425734)
(4547.57816968, -9000.06018818, 1705.77425734)
(4547.62618371, -9000.00506096, 1705.77425734)
(4547.66036319, -8999.96581786, 1705.77425734)
(4547.71027608, -8999.90851047, 1705.77425734)
(4547.75639125, -8999.85556342, 1705.77425734)
(4547.81471338, -8999.78860097, 1705.77425734)
(4547.85784464, -8999.7390799, 1705.77425734)
(4547.90314602, -8999.6870672, 1705.77425734)
(4547.94220829, -8999.64221793, 1705.77425734)
(4547.97801537, -8999.6011061, 1705.77425734)
(4548.03226852, -8999.53881544, 1705.77425734)
(4548.08109634, -8999.48275386, 1705.77425734)
(4548.13155177, -8999.42482357, 1705.77425734)
(4548.17278415, -8999.37748268, 1705.77425734)
(4548.21618667, -8999.32765017, 1705.77425734)
(4548.26148804, -8999.27563748, 1705.77425734)
(4548.30597562, -8999.22455914, 1705.77425734)
(4548.36050004, -8999.16195703, 1705.77425734)
(4548.39983357, -8999.1167963, 1705.77425734)
(4548.4424223, -8999.06789814, 1705.77425734)
(4548.48962254, -8999.01370527, 1705.77425734)
(4548.53573771, -8998.96075822, 1705.77425734)
(4548.58863452, -8998.90002485, 1705.77425734)
(4548.64478652, -8998.83555403, 1705.77425734)
(4548.6892741, -8998.7844757, 1705.77425734)
(4548.73403294, -8998.73308592, 1705.77425734)
(4548.7763504, -8998.68449921, 1705.77425734)
(4548.83168861, -8998.62096274, 1705.77425734)
(4548.87888886, -8998.56676986, 1705.77425734)
(4548.9347696, -8998.50261049, 1705.77425734)
(4548.98251237, -8998.44779472, 1705.77425734)
(4549.01804818, -8998.40699435, 1705.77425734)
(4549.05656791, -8998.362768, 1705.77425734)
(4549.1048532, -8998.30732933, 1705.77425734)
(4549.15910634, -8998.24503868, 1705.77425734)
(4549.20386519, -8998.19364889, 1705.77425734)
(4549.25323556, -8998.1369644, 1705.77425734)
(4549.2909415, -8998.09367239, 1705.77425734)
(4549.35387515, -8998.02141523, 1705.77425734)
(4549.398634, -8997.97002544, 1705.77425734)
(4549.46834929, -8997.88998196, 1705.77425734)
(4549.52260243, -8997.82769132, 1705.77425734)
(4549.57766937, -8997.76446632, 1705.77425734)
(4549.61754543, -8997.71868269, 1705.77425734)
(4549.66040541, -8997.66947308, 1705.77425734)
(4549.7246954, -8997.59565865, 1705.77425734)
(4549.79169804, -8997.51872969, 1705.77425734)
(4549.84459486, -8997.4579963, 1705.77425734)
(4549.90074687, -8997.39352548, 1705.77425734)
(4549.95011723, -8997.33684099, 1705.77425734)
(4550.00437037, -8997.27455035, 1705.77425734)
(4550.05401199, -8997.21755441, 1705.77425734)
(4550.1093502, -8997.15401795, 1705.77425734)
(4550.14841247, -8997.10916868, 1705.77425734)
(4550.19371385, -8997.05715598, 1705.77425734)
(4550.2384727, -8997.00576619, 1705.77425734)
(4550.30194888, -8996.93288612, 1705.77425734)
(4550.34589393, -8996.8824307, 1705.77425734)
(4550.40014707, -8996.82014006, 1705.77425734)
(4550.43731048, -8996.77747097, 1705.77425734)
(4550.4861383, -8996.72140939, 1705.77425734)
(4550.52872702, -8996.67251123, 1705.77425734)
(4550.57782612, -8996.61613819, 1705.77425734)
(4550.62638269, -8996.56038806, 1705.77425734)
(4550.66653002, -8996.51429297, 1705.77425734)
(4550.71400153, -8996.45978865, 1705.77425734)
(4550.75848911, -8996.40871031, 1705.77425734)
(4550.79510998, -8996.36666412, 1705.77425734)
(4550.83742744, -8996.31807742, 1705.77425734)
(4550.8930369, -8996.25422951, 1705.77425734)
(4550.94105093, -8996.19910229, 1705.77425734)
(4550.98879393, -8996.14428635, 1705.77425734)
(4551.02930578, -8996.09795664, 1705.77425734)
(4551.0753113, -8996.04545802, 1705.77425734)
(4551.11244873, -8996.00331054, 1705.77425734)
(4551.1597464, -8995.94974098, 1705.77425734)
(4551.2007344, -8995.90328145, 1705.77425734)
(4551.25872782, -8995.83767428, 1705.77425734)
(4551.30308362, -8995.78703276, 1705.77425734)
(4551.34736386, -8995.73632165, 1705.77425734)
(4551.38009858, -8995.6991033, 1705.77425734)
(4551.43171995, -8995.64054431, 1705.77425734)
(4551.47680043, -8995.5894343, 1705.77425734)
(4551.5257665, -8995.53403871, 1705.77425734)
(4551.56740468, -8995.48650906, 1705.77425734)
(4551.61439934, -8995.43268821, 1705.77425735)
(4551.65530805, -8995.3861563, 1705.77425734)
(4551.69437607, -8995.34185689, 1705.77425734)
(4551.738387, -8995.2920035, 1705.77425734)
(4551.78298453, -8995.24156564, 1705.77425734)
(4551.83392003, -8995.18405331, 1705.77425734)
(4551.8676867, -8995.14554759, 1705.77425734)
(4551.91413817, -8995.09233789, 1705.77425734)
(4551.96317124, -8995.03645706, 1705.77425734)
(4552.00730583, -8994.98616853, 1705.77425734)
(4552.04787398, -8994.93989528, 1705.77425734)
(4552.0860844, -8994.89649004, 1705.77425734)
(4552.13884576, -8994.83673095, 1705.77425734)
(4552.18313932, -8994.78657744, 1705.77425734)
(4552.23869755, -8994.72377794, 1705.77425734)
(4552.28282464, -8994.67349553, 1705.77425734)
(4552.32145244, -8994.62937179, 1705.77425734)
(4552.36371318, -8994.58128239, 1705.77425734)
(4552.41470391, -8994.52327118, 1705.77425734)
(4552.45870379, -8994.47340711, 1705.77425734)
(4552.50084168, -8994.42575682, 1705.77425734)
(4552.54116829, -8994.3798292, 1705.77425734)
(4552.58659071, -8994.32793168, 1705.77425734)
(4552.63020002, -8994.27827817, 1705.77425734)
(4552.67817893, -8994.22366756, 1705.77425734)
(4552.71726656, -8994.17938371, 1705.77425734)
(4552.76406159, -8994.1264785, 1705.77425734)
(4552.80148292, -8994.08403734, 1705.77425734)
(4552.84900422, -8994.03012546, 1705.77425734)
(4552.89421348, -8993.97859083, 1705.77425734)
(4552.94018162, -8993.92607346, 1705.77425733)
(4552.98977378, -8993.86958175, 1705.77425734)
(4553.057625, -8993.79229611, 1705.77425734)
(4553.11006473, -8993.73280215, 1705.77425734)
(4553.16531229, -8993.6702777, 1705.77425734)
(4553.21235205, -8993.61704068, 1705.77425734)
(4553.26464515, -8993.55797415, 1705.77425734)
(4553.31553732, -8993.49987569, 1705.77425734)
(4553.37529002, -8993.43141635, 1705.77425734)
(4553.42857294, -8993.37100831, 1705.77425734)
(4553.48715031, -8993.30481004, 1705.77425734)
(4553.53355024, -8993.25211846, 1705.77425734)
(4553.58698142, -8993.19131092, 1705.77425734)
(4553.62516568, -8993.14789119, 1705.77425734)
(4553.66876702, -8993.098237, 1705.77425734)
(4553.7099751, -8993.05142106, 1705.77425734)
(4553.76215389, -8992.99225388, 1705.77425734)
(4553.80337011, -8992.94544952, 1705.77425734)
(4553.84895211, -8992.89368293, 1705.77425734)
(4553.89398721, -8992.8425356, 1705.77425734)
(4553.93164186, -8992.79974916, 1705.77425734)
(4553.98344083, -8992.7408033, 1705.77425734)
(4554.02711131, -8992.69120186, 1705.77425734)
(4554.08202222, -8992.62893495, 1705.77425734)
(4554.13185798, -8992.57211947, 1705.77425734)
(4554.17646268, -8992.52114957, 1705.77425734)
(4554.2192369, -8992.4724116, 1705.77425733)
(4554.2623631, -8992.42343141, 1705.77425734)
(4554.31566078, -8992.36304354, 1705.77425734)
(4554.35175233, -8992.32217846, 1705.77425734)
(4554.40731921, -8992.25938732, 1705.77425734)
(4554.44900709, -8992.21190266, 1705.77425734)
(4554.50282879, -8992.15032975, 1705.77425734)
(4554.53933832, -8992.10873431, 1705.77425734)
(4554.58048027, -8992.06186331, 1705.77425734)
(4554.63497159, -8991.99978059, 1705.77425734)
(4554.68057006, -8991.94802243, 1705.77425734)
(4554.72951589, -8991.89260837, 1705.77425734)
(4554.76862, -8991.84834211, 1705.77425734)
(4554.81842789, -8991.79203943, 1705.77425734)
(4554.85384669, -8991.7516954, 1705.77425734)
(4554.89548252, -8991.70416783, 1705.77425734)
(4554.94821689, -8991.64385107, 1705.77425734)
(4554.9919355, -8991.59428442, 1705.77425735)
(4555.03981559, -8991.54013048, 1705.77425734)
(4555.08268355, -8991.49147862, 1705.77425734)
(4555.13264714, -8991.43476438, 1705.77425734)
(4555.17193649, -8991.39011622, 1705.77425733)
(4555.21910033, -8991.3364453, 1705.77425734)
(4555.27194012, -8991.27621695, 1705.77425734)
(4555.31591505, -8991.22633124, 1705.77425734)
(4555.36323105, -8991.17278607, 1705.77425734)
(4555.40310067, -8991.12754784, 1705.77425734)
(4555.45579908, -8991.06773931, 1705.77425733)
(4555.50217373, -8991.01502386, 1705.77425734)
(4555.55831772, -8990.95109972, 1705.77425734)
(4555.60198318, -8990.90149536, 1705.77425734)
(4555.64185898, -8990.85625954, 1705.77425734)
(4555.68333699, -8990.809137, 1705.77425734)
(4555.73568874, -8990.7495771, 1705.77425734)
(4555.78123, -8990.69777536, 1705.77425734)
(4555.82455626, -8990.64842828, 1705.77425734)
(4555.86193747, -8990.60594579, 1705.77425734)
(4555.91328518, -8990.54769487, 1705.77425734)
(4555.95509941, -8990.50031179, 1705.77425734)
(4556.00735116, -8990.44120869, 1705.77425734)
(4556.05061939, -8990.39180585, 1705.77425734)
(4556.10033659, -8990.33487516, 1705.77425734)
(4556.1376458, -8990.29233259, 1705.77425734)
(4556.18339784, -8990.240165, 1705.77425734)
(4556.22324399, -8990.19489928, 1705.77425734)
(4556.26668383, -8990.14564524, 1705.77425734)
(4556.32466045, -8990.08002215, 1705.77425734)
(4556.36238053, -8990.03729008, 1705.77425734)
(4556.40970551, -8989.98375317, 1705.77425734)
(4556.4546443, -8989.93253424, 1705.77425734)
(4556.52342076, -8989.85387857, 1705.77425734)
(4556.58213325, -8989.7872483, 1705.77425734)
(4556.64148164, -8989.72008095, 1705.77425734)
(4556.69772308, -8989.65623875, 1705.77425734)
(4556.75691344, -8989.58894307, 1705.77425734)
(4556.79209235, -8989.5489312, 1705.77425734)
(4556.87246688, -8989.4573653, 1705.77425734)
(4556.9134555, -8989.41090559, 1705.77425734)
(4556.96845539, -8989.34871614, 1705.77425734)
(4557.02087277, -8989.28921508, 1705.77425734)
(4557.06033978, -8989.24418122, 1705.77425734)
(4557.10708829, -8989.19070161, 1705.77425735)
(4557.15094171, -8989.14071332, 1705.77425734)
(4557.19615957, -8989.0891756, 1705.77425734)
(4557.23437526, -8989.04577607, 1705.77425734)
(4557.27837131, -8988.99590903, 1705.77425734)
(4557.3262002, -8988.94171379, 1705.77425734)
(4557.38201401, -8988.87859037, 1705.77425734)
(4557.4281725, -8988.82623484, 1705.77425734)
(4557.47918595, -8988.76824931, 1705.77425734)
(4557.51355219, -8988.72917282, 1705.77425734)
(4557.5585214, -8988.67797249, 1705.77425734)
(4557.60627582, -8988.62371357, 1705.77425734)
(4557.64970259, -8988.57445077, 1705.77425734)
(4557.69508696, -8988.5230578, 1705.77425734)
(4557.72991696, -8988.48329036, 1705.77425734)
(4557.78341673, -8988.42198465, 1705.77425734)
(4557.82432602, -8988.37545352, 1705.77425734)
(4557.88171707, -8988.31041488, 1705.77425735)
(4557.92545826, -8988.26087642, 1705.77425734)
(4557.96129894, -8988.22033994, 1705.77425734)
(4557.99925974, -8988.17727562, 1705.77425734)
(4558.05519086, -8988.11371455, 1705.77425734)
(4558.10401273, -8988.05820001, 1705.77425734)
(4558.16286829, -8987.99116091, 1705.77425734)
(4558.20600688, -8987.9421901, 1705.77425734)
(4558.2552022, -8987.88644711, 1705.77425734)
(4558.29631723, -8987.83956232, 1705.77425734)
(4558.33982491, -8987.78982948, 1705.77425734)
(4558.38641447, -8987.73674572, 1705.77425734)
(4558.42680839, -8987.69086295, 1705.77425734)
(4558.48528534, -8987.62457909, 1705.77425734)
(4558.52794408, -8987.57628859, 1705.77425734)
(4558.57365817, -8987.52463541, 1705.77425734)
(4558.61369563, -8987.47900601, 1705.77425734)
(4558.65911153, -8987.42710568, 1705.77425734)
(4558.7042427, -8987.37549987, 1705.77425734)
(4558.74400303, -8987.330162, 1705.77425734)
(4558.79575423, -8987.2711693, 1705.77425734)
(4558.83537958, -8987.22625762, 1705.77425734)
(4558.88764244, -8987.1671566, 1705.77425734)
(4558.92647466, -8987.12320193, 1705.77425734)
(4558.97517884, -8987.06812882, 1705.77425734)
(4559.0150467, -8987.02289266, 1705.77425734)
(4559.06386365, -8986.96737688, 1705.77425734)
(4559.1009597, -8986.92520136, 1705.77425734)
(4559.14729131, -8986.87244978, 1705.77425734)
(4559.19204705, -8986.82160322, 1705.77425734)
(4559.24367082, -8986.76304944, 1705.77425734)
(4559.27641185, -8986.72584333, 1705.77425734)
(4559.3257481, -8986.66968194, 1705.77425734)
(4559.36801844, -8986.62160396, 1705.77425734)
(4559.42360731, -8986.55829111, 1705.77425734)
(4559.46672817, -8986.50930609, 1705.77425734)
(4559.51099402, -8986.45912914, 1705.77425734)
(4559.5492055, -8986.41573261, 1705.77425734)
(4559.59314704, -8986.36582334, 1705.77425734)
(4559.64500259, -8986.30692371, 1705.77425734)
(4559.69002418, -8986.25576478, 1705.77425734)
(4559.73473621, -8986.20488466, 1705.77425734)
(4559.78141285, -8986.15187818, 1705.77425734)
(4559.83933137, -8986.08620699, 1705.77425734)
(4559.87963261, -8986.04025663, 1705.77425734)
(4559.9418881, -8985.96906399, 1705.77425734)
(4559.98526618, -8985.91975222, 1705.77425734)
(4560.04757468, -8985.84913591, 1705.77425734)
(4560.09213134, -8985.79866355, 1705.77425734)
(4560.16684793, -8985.71421154, 1705.77425734)
(4560.22102725, -8985.65240529, 1705.77425734)
(4560.283208, -8985.58113285, 1705.77425733)
(4560.33165769, -8985.5258353, 1705.77425734)
(4560.3937605, -8985.4550475, 1705.77425734)
(4560.43615484, -8985.40706969, 1705.77425733)
(4560.47860947, -8985.35914479, 1705.77425734)
(4560.5138895, -8985.31921662, 1705.77425734)
(4560.56698819, -8985.25920578, 1705.77425734)
(4560.61058811, -8985.20955945, 1705.77425735)
(4560.65765428, -8985.15580818, 1705.77425734)
(4560.71119603, -8985.0945515, 1705.77425734)
(4560.75630042, -8985.04345157, 1705.77425734)
(4560.79328372, -8985.00171564, 1705.77425733)
(4560.83261514, -8984.95710394, 1705.77425734)
(4560.89077801, -8984.89110094, 1705.77425734)
(4560.93578634, -8984.83993426, 1705.77425734)
(4560.99846301, -8984.76855808, 1705.77425734)
(4561.04377175, -8984.71709711, 1705.77425734)
(4561.09267764, -8984.66165208, 1705.77425734)
(4561.13499044, -8984.61361197, 1705.77425734)
(4561.17129583, -8984.57238767, 1705.77425734)
(4561.21360556, -8984.52434388, 1705.77425734)
(4561.25820661, -8984.4733741, 1705.77425734)
(4561.3087004, -8984.41548488, 1705.77425734)
(4561.35151501, -8984.36677747, 1705.77425734)
(4561.40531981, -8984.30573442, 1705.77425734)
(4561.45176262, -8984.25306972, 1705.77425734)
(4561.48758075, -8984.21251327, 1705.77425734)
(4561.52425486, -8984.17106021, 1705.77425734)
(4561.5636007, -8984.1264617, 1705.77425734)
(4561.61740596, -8984.06542697, 1705.77425734)
(4561.67565737, -8983.99896422, 1705.77425734)
(4561.72638705, -8983.94127314, 1705.77425734)
(4561.77035331, -8983.89138286, 1705.77425734)
(4561.80999054, -8983.84648587, 1705.77425734)
(4561.85322598, -8983.79760201, 1705.77425734)
(4561.893237, -8983.75193713, 1705.77425734)
(4561.94593625, -8983.69157521, 1705.77425734)
(4561.98549012, -8983.64660276, 1705.77425734)
(4562.03466484, -8983.59084167, 1705.77425734)
(4562.07811449, -8983.54159725, 1705.77425734)
(4562.12078871, -8983.49331944, 1705.77425734)
(4562.15820823, -8983.45087699, 1705.77425734)
(4562.20352242, -8983.39942703, 1705.77425734)
(4562.24417089, -8983.35322489, 1705.77425734)
(4562.28642328, -8983.30513433, 1705.77425734)
(4562.32325973, -8983.26327538, 1705.77425734)
(4562.36500892, -8983.21583791, 1705.77425734)
(4562.4067545, -8983.16839853, 1705.77425734)
(4562.45286267, -8983.11599392, 1705.77425734)
(4562.49559466, -8983.06722722, 1705.77425734)
(4562.54099276, -8983.01530694, 1705.77425734)
(4562.57946361, -8982.97158014, 1705.77425734)
(4562.6251124, -8982.91986466, 1705.77425734)
(4562.66475596, -8982.8749726, 1705.77425734)
(4562.70963225, -8982.82423167, 1705.77425734)
(4562.74759213, -8982.78116693, 1705.77425734)
(4562.79888192, -8982.72287502, 1705.77425734)
(4562.83938721, -8982.67654148, 1705.77425733)
(4562.87820738, -8982.63202777, 1705.77425734)
(4562.91663156, -8982.58826268, 1705.77425734)
(4562.95919633, -8982.53989032, 1705.77425734)
(4563.01218414, -8982.47978115, 1705.77425734)
(4563.05208231, -8982.43456263, 1705.77425734)
(4563.09256892, -8982.38876062, 1705.77425734)
(4563.13518182, -8982.34043475, 1705.77425734)
(4563.19008151, -8982.27816167, 1705.77425734)
(4563.24577362, -8982.21493881, 1705.77425734)
(4563.29131347, -8982.16314088, 1705.77425734)
(4563.33707724, -8982.11099009, 1705.77425734)
(4563.38896045, -8982.05211079, 1705.77425734)
(4563.42422839, -8982.01217218, 1705.77425734)
(4563.47379596, -8981.95567278, 1705.77425734)
(4563.54881407, -8981.86985286, 1705.77425734)
(4563.60455653, -8981.80666109, 1705.77425735)
(4563.65926775, -8981.74476455, 1705.77425734)
(4563.70656655, -8981.6912052, 1705.77425734)
(4563.75939063, -8981.63150412, 1705.77425734)
(4563.79206169, -8981.59423257, 1705.77425734)
(4563.83770852, -8981.54196924, 1705.77425734)
(4563.88484112, -8981.48826583, 1705.77425734)
(4563.93906174, -8981.42649586, 1705.77425734)
(4563.99983599, -8981.35728958, 1705.77425734)
(4564.04356133, -8981.30773517, 1705.77425734)
(4564.09528359, -8981.24926082, 1705.77425734)
(4564.14286093, -8981.19539826, 1705.77425734)
(4564.18218601, -8981.15078462, 1705.77425734)
(4564.21955874, -8981.10830399, 1705.77425734)
(4564.26129217, -8981.06085663, 1705.77425734)
(4564.30871447, -8981.00686222, 1705.77425734)
(4564.35483581, -8980.95446788, 1705.77425734)
(4564.39470729, -8980.90922865, 1705.77425734)
(4564.44336311, -8980.8541124, 1705.77425734)
(4564.48009403, -8980.81217011, 1705.77425736)
(4564.52599791, -8980.75959148, 1705.77425735)
(4564.56362768, -8980.71677669, 1705.77425734)
(4564.61114516, -8980.66285694, 1705.77425734)
(4564.65103557, -8980.61763069, 1705.77425734)
(4564.70054198, -8980.56160864, 1705.77425734)
(4564.74150881, -8980.51513592, 1705.77425734)
(4564.78382183, -8980.46709522, 1705.77425734)
(4564.82747039, -8980.41748092, 1705.77425734)
(4564.86699617, -8980.37249274, 1705.77425734)
(4564.91710785, -8980.31536543, 1705.77425734)
(4564.95315377, -8980.2744575, 1705.77425734)
(4565.00210037, -8980.21904682, 1705.77425734)
(4565.03587441, -8980.18055549, 1705.77425734)
(4565.08374083, -8980.12585874, 1705.77425733)
(4565.12379284, -8980.08022652, 1705.77425734)
(4565.17421078, -8980.02281981, 1705.77425735)
(4565.20892357, -8979.98348982, 1705.77425734)
(4565.25435216, -8979.932132, 1705.77425735)
(4565.2945003, -8979.88658847, 1705.77425734)
(4565.33792211, -8979.83732243, 1705.77425734)
(4565.38788294, -8979.78060657, 1705.77425733)
(4565.43028368, -8979.73209006, 1705.77425734)
(4565.46910275, -8979.68757535, 1705.77425734)
(4565.5067115, -8979.644742, 1705.77425734)
(4565.55257146, -8979.59266422, 1705.77425734)
(4565.60148161, -8979.53721784, 1705.77425734)
(4565.64193392, -8979.49138703, 1705.77425734)
(4565.68050648, -8979.44775377, 1705.77425734)
(4565.72175632, -8979.40097918, 1705.77425734)
(4565.76409545, -8979.35296119, 1705.77425735)
(4565.81296111, -8979.29748488, 1705.77425734)
(4565.85306059, -8979.25190089, 1705.77425734)
(4565.89503204, -8979.20411407, 1705.77425734)
(4565.93487633, -8979.15884966, 1705.77425734)
(4565.9886809, -8979.09781224, 1705.77425734)
(4566.03315416, -8979.04727563, 1705.77425734)
(4566.08384673, -8978.98955883, 1705.77425734)
(4566.12175372, -8978.94644274, 1705.77425734)
(4566.17080512, -8978.89057913, 1705.77425734)
(4566.21146859, -8978.84438335, 1705.77425734)
(4566.26830097, -8978.77995574, 1705.77425734)
(4566.30515034, -8978.73811125, 1705.77425734)
(4566.34882235, -8978.68851485, 1705.77425734)
(4566.38941268, -8978.6422651, 1705.77425734)
(4566.43812274, -8978.58665527, 1705.77425734)
(4566.47654487, -8978.54289197, 1705.77425734)
(4566.5195985, -8978.4938525, 1705.77425734)
(4566.56051983, -8978.4473328, 1705.77425734)
(4566.60667264, -8978.39496572, 1705.77425734)
(4566.65915812, -8978.33551664, 1705.77425734)
(4566.69824953, -8978.29124105, 1705.77425734)
(4566.74558673, -8978.23771484, 1705.77425734)
(4566.78943818, -8978.18773964, 1705.77425734)
(4566.84763109, -8978.12122522, 1705.77425734)
(4566.89537881, -8978.06695715, 1705.77425734)
(4566.96124135, -8977.99231659, 1705.77425734)
(4567.00655093, -8977.94086195, 1705.77425734)
(4567.07724196, -8977.86057487, 1705.77425734)
(4567.13533933, -8977.79451566, 1705.77425734)
(4567.19582001, -8977.7256051, 1705.77425734)
(4567.23651613, -8977.67943717, 1705.77425735)
(4567.30570737, -8977.60112587, 1705.77425734)
(4567.34830401, -8977.55278845, 1705.77425733)
(4567.40093633, -8977.49292787, 1705.77425734)
(4567.43966305, -8977.44888636, 1705.77425734)
(4567.48952887, -8977.39209188, 1705.77425734)
(4567.52391726, -8977.35302875, 1705.77425734)
(4567.56735531, -8977.30377548, 1705.77425734)
(4567.61510354, -8977.24951681, 1705.77425734)
(4567.65946104, -8977.19888293, 1705.77425734)
(4567.70892676, -8977.14228991, 1705.77425734)
(4567.74494966, -8977.10136178, 1705.77425734)
(4567.78430774, -8977.05676639, 1705.77425735)
(4567.82504182, -8977.01063247, 1705.77425734)
(4567.86991944, -8976.9598907, 1705.77425734)
(4567.91976919, -8976.90362106, 1705.77425734)
(4567.96141941, -8976.85609774, 1705.77425735)
(4568.00949077, -8976.80101362, 1705.77425735)
(4568.04735317, -8976.75785763, 1705.77425734)
(4568.09148092, -8976.7075618, 1705.77425734)
(4568.13344852, -8976.65976432, 1705.77425734)
(4568.1850032, -8976.60114794, 1705.77425734)
(4568.22711142, -8976.55347008, 1705.77425735)
(4568.27885333, -8976.49501299, 1705.77425734)
(4568.32420489, -8976.44359725, 1705.77425734)
(4568.36515447, -8976.39711107, 1705.77425734)
(4568.40034968, -8976.35711412, 1705.77425734)
(4568.44151764, -8976.31026992, 1705.77425734)
(4568.49109266, -8976.25376935, 1705.77425734)
(4568.53696441, -8976.20170282, 1705.77425734)
(4568.58534676, -8976.14689529, 1705.77425734)
(4568.62021195, -8976.1071627, 1705.77425734)
(4568.65911503, -8976.06273022, 1705.77425733)
(4568.70749009, -8976.00737876, 1705.77425733)
(4568.75143703, -8975.95746401, 1705.77425735)
(4568.79738992, -8975.90546358, 1705.77425734)
(4568.83484998, -8975.86305089, 1705.77425734)
(4568.87808419, -8975.81416589, 1705.77425734)
(4568.92123841, -8975.76521822, 1705.77425734)
(4568.96325552, -8975.71747017, 1705.77425734)
(4568.99735374, -8975.6787076, 1705.77425734)
(4569.04259975, -8975.62720108, 1705.77425734)
(4569.09634765, -8975.56611335, 1705.77425734)
(4569.1394804, -8975.51714144, 1705.77425734)
(4569.19441262, -8975.45489472, 1705.77425734)
(4569.23522691, -8975.40829557, 1705.77425734)
(4569.27515277, -8975.36255876, 1705.77425734)
(4569.3155072, -8975.3166387, 1705.77425734)
(4569.36822151, -8975.25683973, 1705.77425734)
(4569.4182308, -8975.20016365, 1705.77425734)
(4569.46936964, -8975.14227971, 1705.77425734)
(4569.52070935, -8975.08403048, 1705.77425734)
(4569.56562404, -8975.03278702, 1705.77425734)
(4569.61536366, -8974.97588674, 1705.77425734)
(4569.66003208, -8974.92496518, 1705.77425734)
(4569.70061629, -8974.87870339, 1705.77425734)
(4569.73337494, -8974.84150409, 1705.77425734)
(4569.7847766, -8974.78329779, 1705.77425734)
(4569.83179301, -8974.73004073, 1705.77425734)
(4569.88241535, -8974.67280359, 1705.77425734)
(4569.92065156, -8974.62943214, 1705.77425734)
(4569.96512097, -8974.57889241, 1705.77425734)
(4570.0022181, -8974.5367177, 1705.77425734)
(4570.0474664, -8974.4852116, 1705.77425734)
(4570.0878483, -8974.43932063, 1705.77425734)
(4570.13723568, -8974.38320011, 1705.77425734)
(4570.17488629, -8974.34040995, 1705.77425734)
(4570.22344826, -8974.28521431, 1705.77425734)
(4570.26436625, -8974.23869603, 1705.77425734)
(4570.31315895, -8974.18315477, 1705.77425734)
(4570.36443694, -8974.1248442, 1705.77425734)
(4570.4190411, -8974.06285844, 1705.77425734)
(4570.45950294, -8974.0170352, 1705.77425734)
(4570.50373513, -8973.9668334, 1705.77425734)
(4570.56159115, -8973.90111157, 1705.77425734)
(4570.59583072, -8973.86191885, 1705.77425734)
(4570.64085941, -8973.81021482, 1705.77425734)
(4570.68393106, -8973.76118328, 1705.77425734)
(4570.75384417, -8973.68185558, 1705.77425734)
(4570.80386089, -8973.62518532, 1705.77425734)
(4570.87309346, -8973.54690887, 1705.77425734)
(4570.93290421, -8973.47906061, 1705.77425734)
(4570.98937066, -8973.41487103, 1705.77425734)
(4571.03873378, -8973.35873315, 1705.77425734)
(4571.09512444, -8973.29447863, 1705.77425734)
(4571.14592198, -8973.2368406, 1705.77425734)
(4571.20337022, -8973.17185497, 1705.77425734)
(4571.24308579, -8973.12647867, 1705.77425734)
(4571.2870636, -8973.07604882, 1705.77425734)
(4571.31925456, -8973.03945136, 1705.77425734)
(4571.36186803, -8972.9911187, 1705.77425734)
(4571.40148682, -8972.9462048, 1705.77425734)
(4571.45482882, -8972.8858577, 1705.77425734)
(4571.49716615, -8972.83784085, 1705.77425734)
(4571.54655997, -8972.78173079, 1705.77425734)
(4571.58720155, -8972.73552409, 1705.77425734)
(4571.62481443, -8972.69270393, 1705.77425734)
(4571.66055527, -8972.65208141, 1705.77425734)
(4571.70557493, -8972.60092009, 1705.77425734)
(4571.74458888, -8972.55657843, 1705.77425734)
(4571.78605356, -8972.50944207, 1705.77425734)
(4571.82035598, -8972.47031185, 1705.77425734)
(4571.86359619, -8972.42089194, 1705.77425734)
(4571.89906067, -8972.3805732, 1705.77425734)
(4571.94167079, -8972.33223918, 1705.77425734)
(4571.97828497, -8972.29073331, 1705.77425734)
(4572.01931188, -8972.24430553, 1705.77425734)
(4572.05727749, -8972.20124366, 1705.77425734)
(4572.10451801, -8972.14763539, 1705.77425733)
(4572.14263862, -8972.1041651, 1705.77425734)
(4572.19022574, -8972.04977092, 1705.77425734)
(4572.22864099, -8972.00600083, 1705.77425734)
(4572.27359658, -8971.95478293, 1705.77425734)
(4572.30989328, -8971.91354635, 1705.77425734)
(4572.34540602, -8971.87327201, 1705.77425734)
(4572.39653933, -8971.81538301, 1705.77425734)
(4572.43918349, -8971.76708132, 1705.77425734)
(4572.48541561, -8971.71478423, 1705.77425734)
(4572.52137656, -8971.67381806, 1705.77425734)
(4572.56056295, -8971.62908611, 1705.77425734)
(4572.60813666, -8971.5746792, 1705.77425734)
(4572.64936828, -8971.52787999, 1705.77425734)
(4572.69914198, -8971.47154211, 1705.77425734)
(4572.74090672, -8971.42412011, 1705.77425734)
(4572.78430788, -8971.37483562, 1705.77425734)
(4572.81536951, -8971.33945536, 1705.77425733)
(4572.85890874, -8971.289749, 1705.77425734)
(4572.8973651, -8971.24601172, 1705.77425734)
(4572.94652801, -8971.19023868, 1705.77425734)
(4572.98588088, -8971.14564054, 1705.77425734)
(4573.03375704, -8971.09148713, 1705.77425734)
(4573.06845061, -8971.05214763, 1705.77425734)
(4573.10776265, -8971.00751872, 1705.77425734)
(4573.15059855, -8970.95884044, 1705.77425734)
(4573.19176565, -8970.91199614, 1705.77425734)
(4573.24324396, -8970.85332121, 1705.77425734)
(4573.28119543, -8970.81023986, 1705.77425734)
(4573.32931427, -8970.75575073, 1705.77425734)
(4573.36309335, -8970.71726369, 1705.77425733)
(4573.40009442, -8970.67500971, 1705.77425733)
(4573.44439993, -8970.62432872, 1705.77425734)
(4573.48452484, -8970.5787569, 1705.77425734)
(4573.53672209, -8970.51960339, 1705.77425734)
(4573.57744408, -8970.4734614, 1705.77425734)
(4573.61025785, -8970.43631452, 1705.77425734)
(4573.65213843, -8970.38898818, 1705.77425734)
(4573.68974179, -8970.34616817, 1705.77425735)
(4573.73027012, -8970.29986738, 1705.77425735)
(4573.76888527, -8970.25573026, 1705.77425733)
(4573.8161505, -8970.20160308, 1705.77425734)
(4573.85378602, -8970.15879066, 1705.77425734)
(4573.88683828, -8970.12129937, 1705.77425734)
(4573.92454199, -8970.07855088, 1705.77425734)
(4573.97240672, -8970.02438732, 1705.77425734)
(4574.01233421, -8969.97919743, 1705.77425734)
(4574.05858362, -8969.92691592, 1705.77425734)
(4574.09408488, -8969.88664021, 1705.77425734)
(4574.1281266, -8969.847834, 1705.77425734)
(4574.1884837, -8969.7788248, 1705.77425735)
(4574.24499345, -8969.71465997, 1705.77425734)
(4574.29914308, -8969.65337075, 1705.77425734)
(4574.34747054, -8969.59852135, 1705.77425734)
(4574.39768451, -8969.54148048, 1705.77425734)
(4574.45086889, -8969.48100166, 1705.77425734)
(4574.51870787, -8969.40371248, 1705.77425734)
(4574.57824538, -8969.33616054, 1705.77425734)
(4574.64608625, -8969.25941095, 1705.77425734)
(4574.70531675, -8969.19215291, 1705.77425734)
(4574.75678469, -8969.13347188, 1705.77425734)
(4574.80334477, -8969.08037148, 1705.77425734)
(4574.84687773, -8969.03065874, 1705.77425734)
(4574.88011235, -8968.99278153, 1705.77425734)
(4574.91771884, -8968.94995264, 1705.77425734)
(4574.96226415, -8968.89946826, 1705.77425735)
(4575.01123928, -8968.8440777, 1705.77425734)
(4575.05684687, -8968.79233579, 1705.77425734)
(4575.08934372, -8968.75546246, 1705.77425734)
(4575.1292081, -8968.71021832, 1705.77425734)
(4575.16304187, -8968.67177286, 1705.77425734)
(4575.20911721, -8968.61934439, 1705.77425734)
(4575.24841265, -8968.57469791, 1705.77425734)
(4575.29289377, -8968.52416288, 1705.77425734)
(4575.33355069, -8968.47796594, 1705.77425734)
(4575.37747898, -8968.42804406, 1705.77425734)
(4575.41403243, -8968.38648784, 1705.77425734)
(4575.45492348, -8968.33994859, 1705.77425734)
(4575.5004104, -8968.28810303, 1705.77425734)
(4575.53971288, -8968.24345921, 1705.77425734)
(4575.57932967, -8968.19854425, 1705.77425734)
(4575.61239855, -8968.16107254, 1705.77425734)
(4575.65808361, -8968.10939251, 1705.77425734)
(4575.69404008, -8968.06842365, 1705.77425734)
(4575.73727721, -8968.0190064, 1705.77425734)
(4575.77489166, -8967.97618119, 1705.77425734)
(4575.81305494, -8967.9327405, 1705.77425734)
(4575.847475, -8967.89370496, 1705.77425734)
(4575.88548762, -8967.85067855, 1705.77425734)
(4575.92125323, -8967.8100823, 1705.77425734)
(4575.96409356, -8967.76140682, 1705.77425734)
(4576.00337392, -8967.71675077, 1705.77425734)
(4576.03772155, -8967.67765774, 1705.77425734)
(4576.08320542, -8967.62580928, 1705.77425734)
(4576.11923386, -8967.58488654, 1705.77425734)
(4576.15421025, -8967.54523961, 1705.77425734)
(4576.19192846, -8967.50250422, 1705.77425734)
(4576.24199624, -8967.44587762, 1705.77425734)
(4576.28039634, -8967.40210744, 1705.77425735)
(4576.32280851, -8967.35361317, 1705.77425734)
(4576.36603395, -8967.30418013, 1705.77425734)
(4576.40142957, -8967.26380377, 1705.77425734)
(4576.44826693, -8967.21039031, 1705.77425734)
(4576.48459092, -8967.16917531, 1705.77425734)
(4576.52123582, -8967.12769383, 1705.77425734)
(4576.55704567, -8967.08713136, 1705.77425734)
(4576.60410483, -8967.03390831, 1705.77425734)
(4576.64017009, -8966.99302592, 1705.77425734)
(4576.68468573, -8966.94252339, 1705.77425734)
(4576.72363338, -8966.89813129, 1705.77425734)
(4576.76253599, -8966.85369842, 1705.77425734)
(4576.8010047, -8966.80997279, 1705.77425734)
(4576.8444304, -8966.76070703, 1705.77425734)
(4576.87940634, -8966.72106107, 1705.77425734)
(4576.92125392, -8966.67370681, 1705.77425734)
(4576.95694076, -8966.63304887, 1705.77425734)
(4576.99637886, -8966.58798793, 1705.77425734)
(4577.03153777, -8966.54795381, 1705.77425734)
(4577.07815249, -8966.4948946, 1705.77425734)
(4577.11420561, -8966.45399303, 1705.77425734)
(4577.15577229, -8966.40694046, 1705.77425734)
(4577.18885134, -8966.36947827, 1705.77425734)
(4577.22441921, -8966.32925374, 1705.77425734)
(4577.26068341, -8966.28800262, 1705.77425734)
(4577.29552131, -8966.24824568, 1705.77425734)
(4577.338477, -8966.19912939, 1705.77425734)
(4577.37552759, -8966.15690905, 1705.77425734)
(4577.41448767, -8966.11251902, 1705.77425734)
(4577.45671715, -8966.06440366, 1705.77425734)
(4577.49194103, -8966.02442289, 1705.77425734)
(4577.5293936, -8965.98200213, 1705.77425734)
(4577.56137379, -8965.94577136, 1705.77425734)
(4577.5950223, -8965.90770673, 1705.77425734)
(4577.62862766, -8965.86961008, 1705.77425734)
(4577.6635923, -8965.82995654, 1705.77425734)
(4577.70510302, -8965.78285962, 1705.77425734)
(4577.73948533, -8965.74379675, 1705.77425734)
(4577.77656971, -8965.70161168, 1705.77425734)
(4577.82914546, -8965.64170231, 1705.77425734)
(4577.86709552, -8965.59861945, 1705.77425734)
(4577.91494026, -8965.54443937, 1705.77425734)
(4577.96342286, -8965.48918438, 1705.77425734)
(4578.00368022, -8965.44319341, 1705.77425734)
(4578.0523359, -8965.387538, 1705.77425734)
(4578.09357447, -8965.34074074, 1705.77425734)
(4578.15379836, -8965.27268893, 1705.77425734)
(4578.1994624, -8965.22099392, 1705.77425734)
(4578.24050482, -8965.17458279, 1705.77425734)
(4578.27566008, -8965.13455913, 1705.77425734)
(4578.31319677, -8965.09167758, 1705.77425734)
(4578.35191139, -8965.04762054, 1705.77425734)
(4578.39609072, -8964.99736972, 1705.77425734)
(4578.43268712, -8964.95584719, 1705.77425734)
(4578.46439645, -8964.9199275, 1705.77425734)
(4578.49442467, -8964.88583608, 1705.77425734)
(4578.53536136, -8964.83933544, 1705.77425734)
(4578.5743734, -8964.79499247, 1705.77425734)
(4578.61254185, -8964.75155873, 1705.77425734)
(4578.65558268, -8964.7025114, 1705.77425734)
(4578.69596847, -8964.65662073, 1705.77425734)
(4578.73311856, -8964.6144864, 1705.77425734)
(4578.77549675, -8964.56649928, 1705.77425734)
(4578.80826272, -8964.52931415, 1705.77425734)
(4578.84156887, -8964.49150266, 1705.77425734)
(4578.87207338, -8964.4567326, 1705.77425734)
(4578.91070578, -8964.41261305, 1705.77425734)
(4578.94559221, -8964.3728911, 1705.77425734)
(4578.98101582, -8964.33254311, 1705.77425734)
(4579.019683, -8964.28844836, 1705.77425734)
(4579.0518691, -8964.25184802, 1705.77425734)
(4579.08463188, -8964.21465707, 1705.77425734)
(4579.11906022, -8964.17562948, 1705.77425734)
(4579.15158123, -8964.13877513, 1705.77425734)
(4579.18549345, -8964.10039303, 1705.77425734)
(4579.22847084, -8964.05183143, 1705.77425734)
(4579.26390587, -8964.01150249, 1705.77425734)
(4579.30090697, -8963.96924907, 1705.77425734)
(4579.33895236, -8963.92571365, 1705.77425734)
(4579.37387462, -8963.88601698, 1705.77425734)
(4579.4041974, -8963.85162774, 1705.77425734)
(4579.43782835, -8963.81354717, 1705.77425734)
(4579.4741329, -8963.77232393, 1705.77425734)
(4579.50906771, -8963.73264411, 1705.77425734)
(4579.54973308, -8963.6864535, 1705.77425734)
(4579.58548068, -8963.64583908, 1705.77425735)
(4579.62284135, -8963.60334518, 1705.77425734)
(4579.65853701, -8963.56268886, 1705.77425734)
(4579.69018829, -8963.52671847, 1705.77425734)
(4579.72050543, -8963.49232711, 1705.77425734)
(4579.75275889, -8963.45578782, 1705.77425734)
(4579.78988733, -8963.41363905, 1705.77425734)
(4579.82373798, -8963.37520616, 1705.77425734)
(4579.8644121, -8963.32902422, 1705.77425734)
(4579.89961568, -8963.28903333, 1705.77425734)
(4579.93452357, -8963.24933278, 1705.77425734)
(4579.9707669, -8963.2080571, 1705.77425734)
(4580.00296689, -8963.1714699, 1705.77425734)
(4580.0340998, -8963.13614655, 1705.77425734)
(4580.06881101, -8963.09681791, 1705.77425734)
(4580.10505167, -8963.05554508, 1705.77425734)
(4580.14314518, -8963.01204967, 1705.77425734)
(4580.18500919, -8962.96417006, 1705.77425734)
(4580.22264722, -8962.92136245, 1705.77425734)
(4580.26034839, -8962.87861117, 1705.77425734)
(4580.3046513, -8962.82846333, 1705.77425734)
(4580.34346741, -8962.78449418, 1705.77425734)
(4580.38942166, -8962.73250181, 1705.77425734)
(4580.42893692, -8962.68751079, 1705.77425735)
(4580.46486392, -8962.6465105, 1705.77425734)
(4580.50374793, -8962.60206128, 1705.77425734)
(4580.53398932, -8962.56760318, 1705.77425734)
(4580.56504949, -8962.53221649, 1705.77425734)
(4580.59692679, -8962.49589835, 1705.77425734)
(4580.63349057, -8962.4543468, 1705.77425734)
(4580.67173489, -8962.4109745, 1705.77425734)
(4580.71028868, -8962.3673238, 1705.77425734)
(4580.74582128, -8962.32706807, 1705.77425734)
(4580.77782251, -8962.29085573, 1705.77425734)
(4580.81450479, -8962.24940894, 1705.77425734)
(4580.84993146, -8962.20907399, 1705.77425734)
(4580.88149372, -8962.17303616, 1705.77425734)
(4580.91248083, -8962.13759204, 1705.77425735)
(4580.94302698, -8962.1028496, 1705.77425734)
(4580.97579174, -8962.0656596, 1705.77425734)
(4581.0132306, -8962.0232281, 1705.77425734)
(4581.04570687, -8961.98633838, 1705.77425734)
(4581.08036429, -8961.94696481, 1705.77425734)
(4581.11502131, -8961.90759084, 1705.77425734)
(4581.14744254, -8961.87065565, 1705.77425734)
(4581.18391113, -8961.82903039, 1705.77425734)
(4581.21636156, -8961.79211235, 1705.77425734)
(4581.24721025, -8961.75708677, 1705.77425734)
(4581.28081693, -8961.71898569, 1705.77425734)
(4581.31279139, -8961.68275095, 1705.77425734)
(4581.34588293, -8961.64529855, 1705.77425734)
(4581.38146726, -8961.60508768, 1705.77425734)
(4581.41472909, -8961.56724669, 1705.77425734)
(4581.44984378, -8961.52718344, 1705.77425734)
(4581.49036019, -8961.48087163, 1705.77425734)
(4581.52681959, -8961.43923664, 1705.77425734)
(4581.56222549, -8961.39886954, 1705.77425734)
(4581.60090595, -8961.35478357, 1705.77425734)
(4581.63339794, -8961.31790129, 1705.77425734)
(4581.6651018, -8961.28197624, 1705.77425734)
(4581.70011975, -8961.24236413, 1705.77425734)
(4581.73756673, -8961.19994161, 1705.77425734)
(4581.7687434, -8961.16465561, 1705.77425734)
(4581.81199159, -8961.11578432, 1705.77425734)
(4581.84389165, -8961.07949591, 1705.77425734)
(4581.8773644, -8961.0412858, 1705.77425735)
(4581.9173213, -8960.99558271, 1705.77425734)
(4581.94756676, -8960.96112667, 1705.77425734)
(4581.98302909, -8960.92080944, 1705.77425734)
(4582.01605542, -8960.8833002, 1705.77425734)
(4582.06056794, -8960.83279129, 1705.77425734)
(4582.09607818, -8960.79251648, 1705.77425734)
(4582.13760399, -8960.74543082, 1705.77425734)
(4582.18185867, -8960.69524527, 1705.77425734)
(4582.22801283, -8960.64288572, 1705.77425734)
