(4506.42459721, -9047.44000058, 1705.7744425)
(4506.47859885, -9047.44010284, 1705.77459184)
(4506.56657985, -9047.44023412, 1705.7742526)
(4506.68098517, -9047.44038671, 1705.77425741)
(4506.74582852, -9047.440461, 1705.77425733)
(4506.84040746, -9047.44048941, 1705.77425732)
(4506.91327566, -9047.43525742, 1705.77425733)
(4507.00967619, -9047.42510025, 1705.77425724)
(4507.09493925, -9047.40340276, 1705.7742571)
(4507.17032351, -9047.36175589, 1705.77425721)
(4507.23614509, -9047.31634556, 1705.77425749)
(4507.31405017, -9047.26865441, 1705.77425737)
(4507.36602416, -9047.23617153, 1705.77425733)
(4507.42129245, -9047.20124145, 1705.77425726)
(4507.47371088, -9047.16630078, 1705.77425729)
(4507.54538251, -9047.11636258, 1705.77425733)
(4507.60148882, -9047.07695551, 1705.77425735)
(4507.67518043, -9047.02529091, 1705.77425734)
(4507.725277, -9046.98508621, 1705.7742575)
(4507.76898142, -9046.94451143, 1705.77425738)
(4507.8143535, -9046.89579537, 1705.77425794)
(4507.8518448, -9046.84624095, 1705.77425811)
(4507.89534437, -9046.78181208, 1705.77425815)
(4507.92789575, -9046.74101473, 1705.77425754)
(4507.97098957, -9046.69441287, 1705.77425686)
(4508.00748684, -9046.65205253, 1705.77425747)
(4508.0484722, -9046.59576004, 1705.77425903)
(4508.08868105, -9046.53275095, 1705.77426654)
(4508.12518864, -9046.47841635, 1705.7742582)
(4508.17717052, -9046.42641342, 1705.77426866)
(4508.22280654, -9046.38024016, 1705.77425761)
(4508.27121379, -9046.31914257, 1705.77427665)
(4508.3089552, -9046.26555444, 1705.77425826)
(4508.34694864, -9046.21019899, 1705.77425743)
(4508.37860177, -9046.16824806, 1705.7742569)
(4508.4296289, -9046.11201358, 1705.77425708)
(4508.47198255, -9046.06297135, 1705.77425747)
(4508.52328511, -9045.99543386, 1705.77425732)
(4508.56722898, -9045.94200114, 1705.77425743)
(4508.62458887, -9045.87910134, 1705.77425734)
(4508.65929665, -9045.83815083, 1705.7742574)
(4508.70237799, -9045.78234722, 1705.77425735)
(4508.73703797, -9045.73227865, 1705.77425736)
(4508.77900066, -9045.6649898, 1705.77425734)
(4508.81787689, -9045.61070154, 1705.77425766)
(4508.88456388, -9045.54262334, 1705.77425787)
(4508.93325206, -9045.49287314, 1705.77425713)
(4508.97592074, -9045.43797671, 1705.77425747)
(4509.00332149, -9045.39395177, 1705.77425739)
(4509.03892283, -9045.33776675, 1705.77425721)
(4509.08306717, -9045.27688812, 1705.77425733)
(4509.13249461, -9045.21281016, 1705.77425737)
(4509.17762389, -9045.16077103, 1705.77425697)
(4509.22386517, -9045.11389642, 1705.77425763)
(4509.26215251, -9045.07176051, 1705.77425724)
(4509.31098275, -9045.00861101, 1705.77425734)
(4509.35349397, -9044.95595222, 1705.77425755)
(4509.41246774, -9044.88980457, 1705.77425708)
(4509.458317, -9044.83265088, 1705.77425722)
(4509.50021797, -9044.76642838, 1705.77425733)
(4509.53064714, -9044.72086136, 1705.77425757)
(4509.56697193, -9044.67679051, 1705.77425743)
(4509.62703529, -9044.61631359, 1705.77425614)
(4509.67633259, -9044.56399446, 1705.77425746)
(4509.72554957, -9044.49249093, 1705.77425745)
(4509.76525396, -9044.43615073, 1705.77425736)
(4509.82144061, -9044.37220136, 1705.77425743)
(4509.86209135, -9044.32392597, 1705.77425734)
(4509.90171524, -9044.27310696, 1705.77425735)
(4509.93518123, -9044.22746989, 1705.77425736)
(4509.9797938, -9044.16336661, 1705.77425733)
(4510.02507568, -9044.10591073, 1705.77425718)
(4510.07536306, -9044.05071333, 1705.77425731)
(4510.1194842, -9043.99742179, 1705.77425745)
(4510.15965228, -9043.94268039, 1705.77425735)
(4510.19075272, -9043.8967261, 1705.77425733)
(4510.23098485, -9043.83755909, 1705.77425734)
(4510.27236512, -9043.78436242, 1705.7742576)
(4510.31931566, -9043.73222229, 1705.77425733)
(4510.38435363, -9043.66728989, 1705.77425702)
(4510.43771102, -9043.60625469, 1705.77425717)
(4510.48750895, -9043.52434893, 1705.77425737)
(4510.51917015, -9043.4732774, 1705.77425746)
(4510.57166615, -9043.41601889, 1705.77425527)
(4510.62589326, -9043.35709679, 1705.7742576)
(4510.67069385, -9043.29617171, 1705.77425837)
(4510.73157618, -9043.19321417, 1705.7742581)
(4510.78049448, -9043.12906501, 1705.774258)
(4510.82845728, -9043.0803605, 1705.77425727)
(4510.87882329, -9043.02533609, 1705.77425731)
(4510.91172983, -9042.98509995, 1705.77425741)
(4510.95221864, -9042.93007048, 1705.77425737)
(4510.99791975, -9042.86025641, 1705.77425734)
(4511.04533387, -9042.79895202, 1705.77425768)
(4511.1096481, -9042.73759058, 1705.77425735)
(4511.14632073, -9042.70314368, 1705.77425757)
(4511.19297059, -9042.64646581, 1705.77425733)
(4511.23255517, -9042.59576813, 1705.7742573)
(4511.29239198, -9042.52430565, 1705.77425722)
(4511.33249467, -9042.47000795, 1705.77425732)
(4511.378082, -9042.39394715, 1705.77425733)
(4511.41398146, -9042.34091281, 1705.77425707)
(4511.45764456, -9042.29053102, 1705.77425812)
(4511.50075415, -9042.24542102, 1705.77425721)
(4511.54448968, -9042.1945033, 1705.77425731)
(4511.59223687, -9042.12965257, 1705.77425731)
(4511.63781042, -9042.07296984, 1705.77425743)
(4511.69056503, -9042.01611777, 1705.77425734)
(4511.72381031, -9041.97717328, 1705.77425722)
(4511.76659348, -9041.92267524, 1705.77425734)
(4511.80192075, -9041.87163379, 1705.77425735)
(4511.83832079, -9041.81825471, 1705.77425735)
(4511.88540564, -9041.74845099, 1705.77425732)
(4511.92207988, -9041.70163532, 1705.77425684)
(4511.96937291, -9041.65149399, 1705.7742572)
(4512.00985079, -9041.60332121, 1705.77425731)
(4512.05443172, -9041.54131245, 1705.77425737)
(4512.09701887, -9041.47954088, 1705.77425734)
(4512.13083421, -9041.4366641, 1705.77425718)
(4512.18140922, -9041.38167828, 1705.77425688)
(4512.22202556, -9041.33762415, 1705.77425738)
(4512.27035741, -9041.27325379, 1705.77425734)
(4512.30865438, -9041.2242048, 1705.77425729)
(4512.36076348, -9041.16579321, 1705.77425758)
(4512.39673148, -9041.12408219, 1705.77425741)
(4512.43622835, -9041.07319818, 1705.77425735)
(4512.48340848, -9041.00720209, 1705.77425736)
(4512.5230246, -9040.9501692, 1705.77425735)
(4512.56840215, -9040.88353382, 1705.77425734)
(4512.60586245, -9040.83554282, 1705.77425754)
(4512.65141237, -9040.78494036, 1705.77425707)
(4512.69379693, -9040.74370983, 1705.77425737)
(4512.75004194, -9040.6981839, 1705.77427144)
(4512.81341236, -9040.65849788, 1705.77426713)
(4512.88116229, -9040.62067857, 1705.77427814)
(4512.92764956, -9040.59281663, 1705.77425729)
(4512.99018328, -9040.54533366, 1705.77425759)
(4513.0357017, -9040.5050484, 1705.77425725)
(4513.08951869, -9040.44875865, 1705.77425965)
(4513.13869378, -9040.40316549, 1705.77425726)
(4513.20712075, -9040.35971571, 1705.77425734)
(4513.26928304, -9040.33087276, 1705.77425743)
(4513.32472981, -9040.30088818, 1705.7742574)
(4513.37791563, -9040.2662889, 1705.77425759)
(4513.43743493, -9040.20961135, 1705.77425934)
(4513.48185057, -9040.14684351, 1705.77426154)
(4513.52326737, -9040.06678637, 1705.7742665)
(4513.55270867, -9040.01100246, 1705.77427391)
(4513.58565238, -9039.96526686, 1705.77428683)
(4513.63732035, -9039.91146949, 1705.7742984)
(4513.69500225, -9039.88232249, 1705.77429336)
(4513.76742783, -9039.85099158, 1705.77439572)
(4513.82623335, -9039.82470057, 1705.77427656)
(4513.88696187, -9039.78514835, 1705.77426067)
(4513.93860329, -9039.73902474, 1705.77451371)
(4513.9818634, -9039.67173282, 1705.774348)
(4514.01900744, -9039.61462767, 1705.77426516)
(4514.07095114, -9039.55083345, 1705.77425744)
(4514.12298049, -9039.50145584, 1705.77430085)
(4514.21129938, -9039.44885458, 1705.77426713)
(4514.27839167, -9039.40999175, 1705.77425728)
(4514.35692653, -9039.35461626, 1705.77425719)
(4514.42403372, -9039.28976122, 1705.77425793)
(4514.46885813, -9039.22617124, 1705.77425354)
(4514.52410265, -9039.15249974, 1705.7742569)
(4514.61401205, -9039.05811064, 1705.7742574)
(4514.67469066, -9039.00588949, 1705.77425771)
(4514.73055104, -9038.96210185, 1705.77425752)
(4514.77946562, -9038.92401093, 1705.7742573)
(4514.83756647, -9038.87894003, 1705.77425735)
(4514.89224019, -9038.83170523, 1705.77425733)
(4514.948925, -9038.7768648, 1705.7742572)
(4514.99598366, -9038.7316921, 1705.77425742)
(4515.03950199, -9038.69322943, 1705.77425733)
(4515.10488073, -9038.64242681, 1705.77425732)
(4515.15912047, -9038.596642, 1705.77425767)
(4515.21204523, -9038.54497234, 1705.77425754)
(4515.2600813, -9038.50022518, 1705.77425735)
(4515.31248678, -9038.45651891, 1705.77425734)
(4515.35980319, -9038.4231962, 1705.77425737)
(4515.40757567, -9038.39720281, 1705.77425736)
(4515.48055835, -9038.36577993, 1705.77425727)
(4515.53209498, -9038.33969334, 1705.77425737)
(4515.59404661, -9038.2859519, 1705.77426709)
(4515.6338222, -9038.23820461, 1705.77431602)
(4515.67129392, -9038.17649868, 1705.77431327)
(4515.70490035, -9038.12125021, 1705.77425787)
(4515.74427761, -9038.07019344, 1705.77425954)
(4515.80564514, -9038.01810857, 1705.77426232)
(4515.86375345, -9037.9799714, 1705.77439778)
(4515.94074885, -9037.94291412, 1705.77429365)
(4515.99607587, -9037.91931285, 1705.77425782)
(4516.05727129, -9037.88993398, 1705.77425724)
(4516.11057371, -9037.85853362, 1705.77425719)
(4516.15996012, -9037.81618369, 1705.77425753)
(4516.2222205, -9037.7479317, 1705.77425702)
(4516.25957755, -9037.70402779, 1705.77425743)
(4516.29877451, -9037.64136354, 1705.77425743)
(4516.33145503, -9037.59240505, 1705.7742571)
(4516.3817474, -9037.53256444, 1705.77425649)
(4516.42957599, -9037.48775529, 1705.77426465)
(4516.4967831, -9037.43496767, 1705.77430223)
(4516.55208188, -9037.39416885, 1705.77425753)
(4516.60906086, -9037.3510136, 1705.77425745)
(4516.6587636, -9037.31477093, 1705.77425733)
(4516.71608763, -9037.27440301, 1705.77425733)
(4516.76559928, -9037.23374213, 1705.7742576)
(4516.82200405, -9037.17852167, 1705.77425765)
(4516.8656276, -9037.1278968, 1705.77425687)
(4516.91248476, -9037.05634808, 1705.77425899)
(4516.94659694, -9037.00033743, 1705.77425753)
(4517.00168221, -9036.94333442, 1705.77425663)
(4517.05008665, -9036.90766747, 1705.77425796)
(4517.0953723, -9036.87180633, 1705.77425735)
(4517.16193663, -9036.81877647, 1705.77425731)
(4517.21549592, -9036.77658356, 1705.77425734)
(4517.27895809, -9036.7269366, 1705.77425734)
(4517.32360883, -9036.68813172, 1705.7742575)
(4517.37875026, -9036.63361283, 1705.77425754)
(4517.41802422, -9036.59516857, 1705.77425739)
(4517.48128106, -9036.54200775, 1705.77425734)
(4517.53183906, -9036.50151613, 1705.77425735)
(4517.59870741, -9036.44820106, 1705.77425734)
(4517.64001475, -9036.41205325, 1705.77425712)
(4517.69318322, -9036.35795565, 1705.77425714)
(4517.73539665, -9036.31445258, 1705.77425734)
(4517.79872069, -9036.26141161, 1705.77425734)
(4517.8473715, -9036.21985499, 1705.77425745)
(4517.91167064, -9036.1603421, 1705.77425731)
(4517.96298046, -9036.11541843, 1705.77425732)
(4518.02739679, -9036.06368585, 1705.77425734)
(4518.0713437, -9036.02571487, 1705.77425747)
(4518.1183594, -9035.9817643, 1705.77425729)
(4518.1675287, -9035.93227501, 1705.77425759)
(4518.20939738, -9035.89399027, 1705.77425728)
(4518.2678502, -9035.84760165, 1705.77425737)
(4518.31891823, -9035.811381, 1705.77425731)
(4518.38154773, -9035.76636557, 1705.77425731)
(4518.42805149, -9035.72855852, 1705.77425737)
(4518.48757172, -9035.67106141, 1705.77425774)
(4518.52399952, -9035.63613377, 1705.77425749)
(4518.58714038, -9035.58499508, 1705.77425734)
(4518.64055491, -9035.54780194, 1705.77425735)
(4518.7045044, -9035.50247164, 1705.77425733)
(4518.76064697, -9035.45622767, 1705.77425737)
(4518.82727581, -9035.39121155, 1705.7742576)
(4518.88222295, -9035.33942935, 1705.77425724)
(4518.97356252, -9035.26855421, 1705.7742573)
(4519.02322085, -9035.23236362, 1705.77425734)
(4519.1004996, -9035.17647518, 1705.77425735)
(4519.15922885, -9035.1329855, 1705.77425734)
(4519.23169329, -9035.07889428, 1705.77425732)
(4519.28538134, -9035.03284176, 1705.77425729)
(4519.3313182, -9034.98703481, 1705.77425733)
(4519.37629495, -9034.93442498, 1705.77425713)
(4519.42083318, -9034.86601995, 1705.77425411)
(4519.457801, -9034.80378482, 1705.7742576)
(4519.50878282, -9034.75069273, 1705.77428993)
(4519.56153409, -9034.71207952, 1705.77425763)
(4519.61909441, -9034.66780461, 1705.77425734)
(4519.66687074, -9034.6283443, 1705.77425741)
(4519.72424485, -9034.57776615, 1705.77425744)
(4519.77455611, -9034.53591341, 1705.77425729)
(4519.84338572, -9034.48316436, 1705.77425734)
(4519.88834371, -9034.44583547, 1705.77425715)
(4519.94229075, -9034.39424729, 1705.77425663)
(4519.98084013, -9034.35852789, 1705.77425725)
(4520.0363639, -9034.31117049, 1705.77425727)
(4520.08880025, -9034.2710768, 1705.77425734)
(4520.16188846, -9034.22139838, 1705.77425733)
(4520.21637501, -9034.17779523, 1705.77425749)
(4520.28147047, -9034.11226584, 1705.77425663)
(4520.33354418, -9034.06400564, 1705.77425748)
(4520.3974678, -9034.01171184, 1705.77425727)
(4520.44803965, -9033.97677644, 1705.77425735)
(4520.50440405, -9033.9363562, 1705.77425733)
(4520.55526418, -9033.89484324, 1705.77425754)
(4520.61054222, -9033.84144382, 1705.77425753)
(4520.66434419, -9033.79007123, 1705.77425727)
(4520.72018181, -9033.7433288, 1705.77425733)
(4520.7779986, -9033.69670034, 1705.77425739)
(4520.81733072, -9033.66696841, 1705.77425733)
(4520.88401202, -9033.619798, 1705.77425734)
(4520.93864864, -9033.58041304, 1705.77425737)
(4521.00858257, -9033.52915992, 1705.77425733)
(4521.05844447, -9033.48745618, 1705.77425755)
(4521.1141434, -9033.43274379, 1705.77425773)
(4521.15124759, -9033.39118877, 1705.77425736)
(4521.19101966, -9033.33744233, 1705.7742585)
(4521.22875517, -9033.29037942, 1705.77425717)
(4521.28153262, -9033.22896595, 1705.77425731)
(4521.3254935, -9033.18523267, 1705.77425766)
(4521.39088522, -9033.13451734, 1705.77425737)
(4521.43041913, -9033.10175899, 1705.77425733)
(4521.48858662, -9033.04732463, 1705.77425764)
(4521.53576408, -9033.00498801, 1705.77425737)
(4521.59147669, -9032.95863206, 1705.77425733)
(4521.65518273, -9032.90929215, 1705.77425733)
(4521.70744222, -9032.86402586, 1705.77425761)
(4521.74771548, -9032.82382304, 1705.77425728)
(4521.79413725, -9032.78126837, 1705.77425734)
(4521.85299044, -9032.73097951, 1705.77425736)
(4521.90345972, -9032.68623233, 1705.77425736)
(4521.94674696, -9032.6453482, 1705.77425724)
(4522.00458838, -9032.58812603, 1705.77425731)
(4522.046599, -9032.54991917, 1705.77425742)
(4522.10292589, -9032.50556974, 1705.77425735)
(4522.15582702, -9032.46841648, 1705.77425734)
(4522.22097639, -9032.42194518, 1705.77425732)
(4522.26876311, -9032.38305683, 1705.7742576)
(4522.32691979, -9032.32768019, 1705.77425767)
(4522.37169986, -9032.28596839, 1705.77425737)
(4522.43076373, -9032.23878623, 1705.77425729)
(4522.48037894, -9032.20337727, 1705.77425733)
(4522.54463826, -9032.15763731, 1705.77425729)
(4522.59519471, -9032.12049361, 1705.77425736)
(4522.65518556, -9032.0759225, 1705.77425733)
(4522.70254904, -9032.03634638, 1705.77425759)
(4522.75515792, -9031.98672423, 1705.77425718)
(4522.79374279, -9031.94501529, 1705.77425785)
(4522.84322132, -9031.88026599, 1705.77425675)
(4522.88075545, -9031.83466108, 1705.77425831)
(4522.92767955, -9031.78262851, 1705.77425752)
(4522.96874895, -9031.74236175, 1705.77425723)
(4523.02988695, -9031.69339365, 1705.77425692)
(4523.08106491, -9031.64719482, 1705.77425748)
(4523.12857247, -9031.60094821, 1705.77425716)
(4523.1708454, -9031.56320074, 1705.77425738)
(4523.23277365, -9031.51301578, 1705.7742574)
(4523.30372636, -9031.46143005, 1705.77425732)
(4523.3905424, -9031.3984239, 1705.77425733)
(4523.46307364, -9031.34443711, 1705.77425735)
(4523.53225083, -9031.29220526, 1705.77425732)
(4523.58470709, -9031.2460315, 1705.77425722)
(4523.65398817, -9031.17083838, 1705.77425731)
(4523.69614002, -9031.12758723, 1705.77425752)
(4523.74610614, -9031.08453086, 1705.77425735)
(4523.86933539, -9031.01030578, 1705.77425735)
(4523.91783927, -9030.98200143, 1705.77425716)
(4523.97462987, -9030.92970755, 1705.7742692)
(4524.01219176, -9030.88630909, 1705.77425829)
(4524.05776038, -9030.82972624, 1705.77425901)
(4524.10189137, -9030.77796382, 1705.77425728)
(4524.15392061, -9030.72585659, 1705.77425731)
(4524.19943086, -9030.68586153, 1705.77425728)
(4524.25862399, -9030.64223104, 1705.77425734)
(4524.30858112, -9030.6073451, 1705.77425737)
(4524.36443129, -9030.56759605, 1705.77425733)
(4524.42065026, -9030.52134028, 1705.7742573)
(4524.46226462, -9030.48070174, 1705.77427009)
(4524.50710318, -9030.41743884, 1705.77427291)
(4524.54217663, -9030.36208404, 1705.77425573)
(4524.5744188, -9030.30236163, 1705.77425699)
(4524.60895723, -9030.24641765, 1705.77425727)
(4524.65788968, -9030.19660304, 1705.77426182)
(4524.70573099, -9030.1562897, 1705.77429382)
(4524.76594693, -9030.1143821, 1705.77425884)
(4524.82182164, -9030.07146304, 1705.77425736)
(4524.89203266, -9030.01505469, 1705.77425731)
(4524.9436035, -9029.97378156, 1705.77425735)
(4524.99038468, -9029.93640237, 1705.77425734)
(4525.04150233, -9029.89578587, 1705.77425735)
(4525.10788469, -9029.84316176, 1705.77425732)
(4525.15481491, -9029.80136727, 1705.7742575)
(4525.20564974, -9029.75063373, 1705.77425754)
(4525.24462962, -9029.70863371, 1705.77425732)
(4525.2959808, -9029.64813168, 1705.77425732)
(4525.33674979, -9029.60428414, 1705.77425707)
(4525.40136061, -9029.54658614, 1705.77425728)
(4525.45164464, -9029.50053492, 1705.77425759)
(4525.50024346, -9029.45267239, 1705.77425731)
(4525.53885444, -9029.41644623, 1705.77425732)
(4525.59491066, -9029.36636069, 1705.77425737)
(4525.66213644, -9029.30941188, 1705.77425734)
(4525.71955136, -9029.26294095, 1705.77425732)
(4525.783377, -9029.21252468, 1705.77425732)
(4525.81946051, -9029.18128249, 1705.77425729)
(4525.86500125, -9029.13455723, 1705.77425797)
(4525.91754382, -9029.08100536, 1705.77425732)
(4525.98494957, -9029.01961936, 1705.77425733)
(4526.03355567, -9028.97891405, 1705.77425736)
(4526.09290129, -9028.93196292, 1705.77425735)
(4526.14318198, -9028.89050012, 1705.77425735)
(4526.19010239, -9028.84740227, 1705.7742575)
(4526.23550446, -9028.79996629, 1705.77425722)
(4526.29309478, -9028.73921138, 1705.77425741)
(4526.33836612, -9028.69532792, 1705.77425737)
(4526.39597351, -9028.64621668, 1705.77425739)
(4526.44016991, -9028.61299255, 1705.77425732)
(4526.49473152, -9028.57087542, 1705.77425733)
(4526.54756267, -9028.52476225, 1705.77425745)
(4526.61034039, -9028.46082453, 1705.77425722)
(4526.65901068, -9028.41160126, 1705.77425739)
(4526.71571158, -9028.36363061, 1705.77425733)
(4526.75628574, -9028.33447265, 1705.77425734)
(4526.81487065, -9028.29075551, 1705.77425734)
(4526.86350025, -9028.2491411, 1705.77425754)
(4526.92002237, -9028.19248485, 1705.77425764)
(4526.97126852, -9028.13937476, 1705.77425744)
(4527.02201258, -9028.09168158, 1705.77425728)
(4527.06174178, -9028.05815357, 1705.77425726)
(4527.12129225, -9028.0081709, 1705.77425729)
(4527.17208637, -9027.96658742, 1705.77425734)
(4527.23306316, -9027.91791164, 1705.77425733)
(4527.27781838, -9027.87817583, 1705.77425751)
(4527.32876644, -9027.82709309, 1705.77425703)
(4527.37884752, -9027.7786268, 1705.77425743)
(4527.42289126, -9027.73847763, 1705.77425725)
(4527.4807614, -9027.68771093, 1705.77425734)
(4527.5309231, -9027.64581046, 1705.77425733)
(4527.58814369, -9027.60026435, 1705.77425733)
(4527.63608599, -9027.55857281, 1705.77425748)
(4527.69470058, -9027.49944838, 1705.77425764)
(4527.75073748, -9027.44587276, 1705.77425731)
(4527.82231846, -9027.38244709, 1705.77425736)
(4527.88588359, -9027.33128768, 1705.77425732)
(4527.96400186, -9027.27027894, 1705.77425732)
(4528.01001477, -9027.22952898, 1705.77425758)
(4528.07972874, -9027.15539044, 1705.77425744)
(4528.12235441, -9027.11027572, 1705.77425742)
(4528.18671057, -9027.05483214, 1705.77425744)
(4528.23408205, -9027.0203672, 1705.77425778)
(4528.31380628, -9026.96008684, 1705.77425745)
(4528.37147486, -9026.90953656, 1705.77425745)
(4528.44113245, -9026.83314306, 1705.77425684)
(4528.48944165, -9026.78485093, 1705.77425715)
(4528.56351812, -9026.72243965, 1705.77425768)
(4528.62037939, -9026.67518128, 1705.7742574)
(4528.6798005, -9026.61288921, 1705.77425741)
(4528.72427911, -9026.56708407, 1705.77425733)
(4528.76818941, -9026.52703414, 1705.77425723)
(4528.82111869, -9026.48513776, 1705.77425747)
(4528.89042248, -9026.43346508, 1705.77425726)
(4528.9452077, -9026.3868295, 1705.77425754)
(4529.00542341, -9026.32407423, 1705.77425718)
(4529.0502799, -9026.27974308, 1705.77425678)
(4529.09712656, -9026.23669657, 1705.77425742)
(4529.15752402, -9026.18724736, 1705.7742574)
(4529.20116751, -9026.15265978, 1705.77425734)
(4529.26880769, -9026.09896952, 1705.77425733)
(4529.3156762, -9026.05661643, 1705.77425762)
(4529.37193177, -9025.99687434, 1705.77425725)
(4529.41403599, -9025.95525139, 1705.77425712)
(4529.46674759, -9025.90705279, 1705.77425725)
(4529.50893734, -9025.87334491, 1705.77425728)
(4529.55745217, -9025.83579107, 1705.77425735)
(4529.6126635, -9025.79372532, 1705.77425732)
(4529.65972527, -9025.75376595, 1705.77425701)
(4529.71714173, -9025.69346094, 1705.77425538)
(4529.76042853, -9025.64809354, 1705.77425727)
(4529.81888251, -9025.5939925, 1705.7742574)
(4529.86854793, -9025.55355148, 1705.77425733)
(4529.91898769, -9025.51420505, 1705.7742573)
(4529.98377154, -9025.46361547, 1705.77425733)
(4530.03472913, -9025.41779584, 1705.77425756)
(4530.08311226, -9025.36566783, 1705.77425786)
(4530.130531, -9025.31621804, 1705.77425713)
(4530.19313471, -9025.26011344, 1705.77425732)
(4530.24170756, -9025.21532763, 1705.77425745)
(4530.28785522, -9025.16969478, 1705.77425729)
(4530.33239401, -9025.12723474, 1705.77425742)
(4530.37439475, -9025.08941492, 1705.77425732)
(4530.44489992, -9025.02991983, 1705.77425738)
(4530.48946562, -9024.99378822, 1705.77425735)
(4530.5549897, -9024.94148965, 1705.77425735)
(4530.60097363, -9024.90504632, 1705.77425733)
(4530.66709063, -9024.85273291, 1705.77425734)
(4530.71138487, -9024.81355461, 1705.77425749)
(4530.76181715, -9024.76309425, 1705.77425703)
(4530.80950499, -9024.71600982, 1705.77425748)
(4530.86402753, -9024.66823526, 1705.77425734)
(4530.91278658, -9024.62279303, 1705.77425745)
(4530.96491729, -9024.56978208, 1705.77425746)
(4531.00587497, -9024.5299573, 1705.77425735)
(4531.05737397, -9024.48362942, 1705.77425735)
(4531.10415362, -9024.44519485, 1705.77425735)
(4531.14771736, -9024.41067502, 1705.77425733)
(4531.20935177, -9024.36346383, 1705.77425732)
(4531.25327568, -9024.32609204, 1705.77425698)
(4531.30681897, -9024.27117218, 1705.77426091)
(4531.34965792, -9024.22817139, 1705.77425699)
(4531.40913906, -9024.17341296, 1705.77425736)
(4531.45919673, -9024.12897823, 1705.7742573)
(4531.50622349, -9024.08961222, 1705.77425734)
(4531.5574632, -9024.04979455, 1705.77425734)
(4531.60822679, -9024.00673879, 1705.77425728)
(4531.66865997, -9023.94535123, 1705.77425786)
(4531.71394533, -9023.90143073, 1705.77425734)
(4531.76900655, -9023.85164308, 1705.77425733)
(4531.81628505, -9023.81032758, 1705.77425731)
(4531.86839737, -9023.76745008, 1705.77425734)
(4531.93579861, -9023.71634894, 1705.77425733)
(4532.00068102, -9023.65926993, 1705.7742569)
(4532.06917642, -9023.58214713, 1705.77425577)
(4532.14562522, -9023.50160562, 1705.7742576)
(4532.21353634, -9023.44789811, 1705.77425732)
(4532.29711538, -9023.39925411, 1705.77425734)
(4532.34093317, -9023.36827116, 1705.77425744)
(4532.40156785, -9023.30562889, 1705.77436611)
(4532.45192413, -9023.24674136, 1705.77425777)
(4532.52678424, -9023.17848412, 1705.77425787)
(4532.57703469, -9023.13033979, 1705.77425739)
(4532.62782373, -9023.07830575, 1705.77425736)
(4532.66691386, -9023.04045434, 1705.77425736)
(4532.722046, -9022.99143704, 1705.77425736)
(4532.77926716, -9022.94616379, 1705.77425731)
(4532.84242298, -9022.89677605, 1705.77425732)
(4532.89230391, -9022.85295843, 1705.77425749)
(4532.93852287, -9022.80704885, 1705.774257)
(4532.99050649, -9022.74843893, 1705.7742575)
(4533.03083193, -9022.70495931, 1705.77425738)
(4533.0900904, -9022.65465222, 1705.77425733)
(4533.1408873, -9022.62001763, 1705.77425729)
(4533.1999242, -9022.57700546, 1705.77425734)
(4533.24620063, -9022.53906841, 1705.77425703)
(4533.30165257, -9022.48410438, 1705.7742611)
(4533.34721881, -9022.43562633, 1705.77425752)
(4533.40383569, -9022.37780372, 1705.77425735)
(4533.44931808, -9022.3351963, 1705.77425738)
(4533.49618005, -9022.29646347, 1705.77425734)
(4533.54190873, -9022.26192145, 1705.77425732)
(4533.60840764, -9022.21099031, 1705.77425733)
(4533.67501579, -9022.15105979, 1705.77425762)
(4533.72995184, -9022.1010775, 1705.77425737)
(4533.79853078, -9022.04008939, 1705.77425733)
(4533.8509465, -9021.99507047, 1705.77425733)
(4533.90240627, -9021.95284866, 1705.77425733)
(4533.94602714, -9021.914381, 1705.77425731)
(4533.99449773, -9021.86720128, 1705.77425729)
(4534.05756908, -9021.79858675, 1705.77425739)
(4534.10446134, -9021.75265055, 1705.77425741)
(4534.17104529, -9021.69873959, 1705.77425733)
(4534.22080252, -9021.65728034, 1705.77425693)
(4534.27694244, -9021.60198534, 1705.77425747)
(4534.31722589, -9021.56275942, 1705.77425729)
(4534.3735862, -9021.51192409, 1705.77425734)
(4534.41860344, -9021.47399817, 1705.77425733)
(4534.46652674, -9021.43577438, 1705.77425734)
(4534.52890792, -9021.38824122, 1705.77425733)
(4534.57870649, -9021.345747, 1705.77425712)
(4534.62814303, -9021.29439258, 1705.7742592)
(4534.66939963, -9021.25298426, 1705.774257)
(4534.73060271, -9021.19634422, 1705.77425738)
(4534.78286545, -9021.15167283, 1705.77425735)
(4534.84118892, -9021.10541553, 1705.77425732)
(4534.88912273, -9021.06557631, 1705.77425735)
(4534.94169331, -9021.02088836, 1705.77425735)
(4534.99131993, -9020.97408761, 1705.77425731)
(4535.03872514, -9020.92396446, 1705.77425748)
(4535.0889835, -9020.87409039, 1705.77425737)
(4535.15019254, -9020.8187852, 1705.77425737)
(4535.20131102, -9020.77717912, 1705.77425738)
(4535.24578123, -9020.74231482, 1705.77425732)
(4535.29014379, -9020.70413563, 1705.77425708)
(4535.34440946, -9020.65055198, 1705.77425687)
(4535.39726602, -9020.60013463, 1705.77425743)
(4535.45618808, -9020.54926166, 1705.77425731)
(4535.50453383, -9020.50449421, 1705.77425746)
(4535.55146459, -9020.45731669, 1705.77425733)
(4535.59988318, -9020.41055945, 1705.77425734)
(4535.64455114, -9020.3701593, 1705.77425734)
(4535.70273335, -9020.32101304, 1705.77425738)
(4535.75025981, -9020.28254674, 1705.77425734)
(4535.81550795, -9020.23062189, 1705.77425733)
(4535.86645984, -9020.18486629, 1705.77425741)
(4535.92099378, -9020.12850115, 1705.77425722)
(4535.96875501, -9020.0815742, 1705.77425744)
(4536.02420994, -9020.03161649, 1705.77425735)
(4536.07000869, -9019.99393034, 1705.77425734)
(4536.1220855, -9019.95283323, 1705.77425733)
(4536.18552991, -9019.90454197, 1705.77425734)
(4536.24224191, -9019.85476286, 1705.77425768)
(4536.30780236, -9019.7816567, 1705.77425821)
(4536.35017487, -9019.7354647, 1705.77425738)
(4536.41338214, -9019.68064265, 1705.77425742)
(4536.46997764, -9019.62978793, 1705.77425751)
(4536.54725153, -9019.55104307, 1705.77425744)
(4536.59840671, -9019.5029974, 1705.77425733)
(4536.67656511, -9019.44118326, 1705.77425729)
(4536.7476195, -9019.38818892, 1705.77425729)
(4536.79087103, -9019.35115972, 1705.77425737)
(4536.83783123, -9019.30481188, 1705.77425733)
(4536.88265773, -9019.2582095, 1705.77425737)
(4536.93939609, -9019.19950532, 1705.77425732)
(4536.98529255, -9019.15619483, 1705.77425736)
(4537.03826085, -9019.11185972, 1705.77425736)
(4537.08737384, -9019.07426773, 1705.77425732)
(4537.15508749, -9019.02223321, 1705.77425733)
(4537.19950544, -9018.98408504, 1705.77425734)
(4537.25304174, -9018.93085617, 1705.77425701)
(4537.29274127, -9018.89132026, 1705.77425737)
(4537.35153937, -9018.83893282, 1705.77425732)
(4537.39592754, -9018.79717096, 1705.77425745)
(4537.44573612, -9018.74707537, 1705.77425742)
(4537.49192481, -9018.7028244, 1705.77425734)
(4537.54233929, -9018.6577608, 1705.77425737)
(4537.58899347, -9018.61693135, 1705.77425731)
(4537.64796896, -9018.56570616, 1705.77425734)
(4537.69723071, -9018.52409622, 1705.77425733)
(4537.74662188, -9018.48396526, 1705.77425733)
(4537.79439191, -9018.44143686, 1705.7742575)
(4537.85715263, -9018.37822785, 1705.77425699)
(4537.90404205, -9018.33300084, 1705.77425744)
(4537.95841876, -9018.28434014, 1705.77425734)
(4538.00129513, -9018.24396847, 1705.77425744)
(4538.0477368, -9018.19748554, 1705.77425726)
(4538.09286082, -9018.15458235, 1705.77425742)
(4538.1492325, -9018.10514939, 1705.77425735)
(4538.20257329, -9018.0628835, 1705.77425732)
(4538.25576513, -9018.02090308, 1705.77425732)
(4538.30630351, -9017.97898356, 1705.77425732)
(4538.34670177, -9017.94206979, 1705.77425735)
(4538.40333714, -9017.88371061, 1705.77425746)
(4538.4523057, -9017.8349474, 1705.77425738)
(4538.51115587, -9017.78264622, 1705.77425739)
(4538.55899738, -9017.74540513, 1705.77425732)
(4538.62830906, -9017.69184105, 1705.77425731)
(4538.66954194, -9017.65638828, 1705.77425707)
(4538.72778608, -9017.59795572, 1705.77425741)
(4538.77788218, -9017.54594951, 1705.7742573)
(4538.83335877, -9017.48928569, 1705.77425731)
(4538.88132851, -9017.44457869, 1705.77425733)
(4538.93051096, -9017.40418431, 1705.77425733)
(4538.97839273, -9017.36258858, 1705.77425717)
(4539.03372037, -9017.30770567, 1705.77425739)
(4539.08283908, -9017.26009382, 1705.77425732)
(4539.12836567, -9017.21944688, 1705.77425723)
(4539.17195057, -9017.18383072, 1705.77425734)
(4539.23061111, -9017.14051569, 1705.77425732)
(4539.28192626, -9017.09839205, 1705.77425714)
(4539.34471124, -9017.03473356, 1705.77425749)
(4539.38795418, -9016.99319562, 1705.77425685)
(4539.43472933, -9016.95076869, 1705.77425745)
(4539.4821615, -9016.91056618, 1705.77425732)
(4539.53732157, -9016.86692577, 1705.77425737)
(4539.60301464, -9016.81756378, 1705.77425731)
(4539.65528971, -9016.77234582, 1705.77425755)
(4539.705526, -9016.71850966, 1705.77425601)
(4539.74861504, -9016.67359112, 1705.77425709)
(4539.8010693, -9016.62447042, 1705.77425733)
(4539.85250595, -9016.57532216, 1705.7742573)
(4539.91465827, -9016.5138043, 1705.77425735)
(4539.96554161, -9016.46557095, 1705.77425731)
(4540.02065496, -9016.41714324, 1705.77425733)
(4540.06000465, -9016.38303706, 1705.77425732)
(4540.11575538, -9016.33443369, 1705.77425734)
(4540.17139118, -9016.28758702, 1705.77425734)
(4540.23861498, -9016.23343868, 1705.77425733)
(4540.29941417, -9016.17832663, 1705.77425713)
(4540.34809034, -9016.12730543, 1705.77425687)
(4540.39451434, -9016.08220359, 1705.77425749)
(4540.4654543, -9016.01932838, 1705.77425731)
(4540.52349982, -9015.96508527, 1705.77425715)
(4540.58562889, -9015.9011316, 1705.77425737)
(4540.65065892, -9015.83863447, 1705.77425734)
(4540.72219824, -9015.7793939, 1705.7742573)
(4540.76595175, -9015.74544567, 1705.77425731)
(4540.8227993, -9015.70155736, 1705.77425735)
(4540.87310958, -9015.65760109, 1705.77425756)
(4540.92593435, -9015.60259316, 1705.77425747)
(4540.97313167, -9015.55456461, 1705.77425685)
(4541.02888616, -9015.50425536, 1705.77425728)
(4541.0764431, -9015.45998445, 1705.7742574)
(4541.12014125, -9015.41728199, 1705.77425727)
(4541.17643488, -9015.35976526, 1705.77425734)
(4541.22163296, -9015.31639788, 1705.77425735)
(4541.27611008, -9015.2699948, 1705.77425735)
(4541.3218621, -9015.22952569, 1705.77425727)
(4541.37920111, -9015.1729324, 1705.77425743)
(4541.42384908, -9015.13003043, 1705.77425739)
(4541.47612831, -9015.08332589, 1705.77425738)
(4541.52582286, -9015.04284585, 1705.77425734)
(4541.58491322, -9014.99941339, 1705.77425733)
(4541.63187932, -9014.96106919, 1705.77425696)
(4541.68928596, -9014.90293097, 1705.77425769)
(4541.74129863, -9014.85057398, 1705.77425752)
(4541.79032913, -9014.8057494, 1705.77425734)
(4541.83687928, -9014.76647394, 1705.77425734)
(4541.89608046, -9014.7200969, 1705.77425739)
(4541.94342053, -9014.68144065, 1705.77425736)
(4542.00416872, -9014.63036335, 1705.77425731)
(4542.04882407, -9014.58846483, 1705.77425747)
(4542.09532708, -9014.53976137, 1705.77425745)
(4542.138263, -9014.49651415, 1705.77425737)
(4542.19070712, -9014.44805806, 1705.77425734)
(4542.24274582, -9014.39825761, 1705.77425725)
(4542.30145093, -9014.33844678, 1705.77425733)
(4542.33984963, -9014.30171718, 1705.77425738)
(4542.39662807, -9014.25288641, 1705.7742574)
(4542.44887992, -9014.21327367, 1705.77425738)
(4542.51337618, -9014.16372479, 1705.77425733)
(4542.55292441, -9014.13001435, 1705.77425695)
(4542.59714455, -9014.08606633, 1705.77425743)
(4542.64698573, -9014.03444407, 1705.77425733)
(4542.69986209, -9013.97947094, 1705.77425736)
(4542.74521829, -9013.936156, 1705.77425733)
(4542.80026806, -9013.88984679, 1705.77425734)
(4542.84067571, -9013.85462909, 1705.77425724)
(4542.88984178, -9013.80698198, 1705.77425752)
(4542.94165319, -9013.75920888, 1705.77425736)
(4543.0042206, -9013.70491526, 1705.77425733)
(4543.05069663, -9013.66108154, 1705.77425749)
(4543.09733861, -9013.61250627, 1705.77425737)
(4543.13781056, -9013.57198939, 1705.77425729)
(4543.19797389, -9013.51739099, 1705.77425736)
(4543.24371764, -9013.48026538, 1705.77425738)
(4543.29520063, -9013.43983536, 1705.77425733)
(4543.34574278, -9013.39799701, 1705.77425734)
(4543.39778523, -9013.35397403, 1705.77425731)
(4543.44013447, -9013.31437763, 1705.77425744)
(4543.4897054, -9013.26346376, 1705.77425745)
(4543.53749986, -9013.21622713, 1705.77425734)
(4543.58395391, -9013.17345595, 1705.77425734)
(4543.6383318, -9013.1268013, 1705.77425733)
(4543.68567478, -9013.08288462, 1705.77425756)
(4543.73619576, -9013.0301333, 1705.77425742)
(4543.78059489, -9012.98547716, 1705.77425735)
(4543.83018887, -9012.94003541, 1705.77425734)
(4543.87674932, -9012.89589815, 1705.77425742)
(4543.93338607, -9012.83864679, 1705.7742573)
(4543.97470637, -9012.79906657, 1705.77425738)
(4544.02599741, -9012.75453903, 1705.77425734)
(4544.08165752, -9012.71190937, 1705.77425732)
(4544.15003446, -9012.65922372, 1705.77425731)
(4544.19972659, -9012.61580317, 1705.7742575)
(4544.24395791, -9012.57146564, 1705.77425712)
(4544.28248421, -9012.53065393, 1705.77425719)
(4544.33627525, -9012.47867499, 1705.77425727)
(4544.41500884, -9012.41259842, 1705.77425733)
(4544.48200426, -9012.35129091, 1705.77425726)
(4544.52909203, -9012.29987279, 1705.77425709)
(4544.5804438, -9012.24461615, 1705.77425733)
(4544.63441216, -9012.19469275, 1705.77425734)
(4544.70183074, -9012.14117346, 1705.77425735)
(4544.76099353, -9012.08890533, 1705.77425752)
(4544.82500564, -9012.01739261, 1705.77425764)
(4544.89148662, -9011.94640456, 1705.77425715)
(4544.93474309, -9011.90889475, 1705.77425742)
(4544.98150872, -9011.87447123, 1705.77425731)
(4545.0326844, -9011.83459033, 1705.77425713)
(4545.10029515, -9011.77387878, 1705.77425737)
(4545.15209446, -9011.72831669, 1705.77425736)
(4545.22098125, -9011.67081156, 1705.77425732)
(4545.27471368, -9011.62147053, 1705.77425721)
(4545.32884445, -9011.5647354, 1705.77425703)
(4545.36569279, -9011.52808708, 1705.77425715)
(4545.42352477, -9011.47584422, 1705.77425734)
(4545.47186455, -9011.43071314, 1705.77425745)
(4545.52899297, -9011.37392087, 1705.77425731)
(4545.58704212, -9011.31582563, 1705.77425731)
(4545.63081222, -9011.27568964, 1705.77425738)
(4545.67176672, -9011.24162136, 1705.77425736)
(4545.72869631, -9011.19373342, 1705.77425733)
(4545.77447416, -9011.1514479, 1705.77425746)
(4545.83484599, -9011.08873846, 1705.7742572)
(4545.88552588, -9011.03897743, 1705.77425738)
(4545.94142472, -9010.98889399, 1705.77425737)
(4545.98201, -9010.95586846, 1705.77425736)
(4546.03594341, -9010.91322884, 1705.77425738)
(4546.10237854, -9010.86273361, 1705.77425733)
(4546.15287461, -9010.81979861, 1705.77425704)
(4546.20446409, -9010.76498118, 1705.77425985)
(4546.24202742, -9010.72712017, 1705.7742575)
(4546.30114527, -9010.6725573, 1705.77425724)
(4546.34872784, -9010.62837682, 1705.77425728)
(4546.39809592, -9010.57848617, 1705.77425732)
(4546.44888762, -9010.52954894, 1705.7742573)
(4546.50445059, -9010.4803974, 1705.77425732)
(4546.54422235, -9010.44347823, 1705.77425717)
(4546.58990688, -9010.39693109, 1705.77425739)
(4546.63740623, -9010.35087102, 1705.77425736)
(4546.70299287, -9010.29182614, 1705.77425733)
(4546.75590278, -9010.24160522, 1705.77425727)
(4546.81478172, -9010.18191001, 1705.77425734)
(4546.85425056, -9010.14385382, 1705.77425741)
(4546.896991, -9010.10500513, 1705.77425734)
(4546.95660149, -9010.05509711, 1705.77425734)
(4547.01132376, -9010.00531163, 1705.77425745)
(4547.06526801, -9009.94890255, 1705.77425725)
(4547.11044309, -9009.90432976, 1705.77425757)
(4547.15639561, -9009.86221591, 1705.77425732)
(4547.20190456, -9009.81917965, 1705.77425741)
(4547.24841091, -9009.77361258, 1705.77425733)
(4547.31184127, -9009.7085695, 1705.77425733)
(4547.36004998, -9009.6623171, 1705.77425728)
(4547.41750795, -9009.61450547, 1705.77425732)
(4547.4594829, -9009.57809434, 1705.77425719)
(4547.50740478, -9009.53092834, 1705.77425759)
(4547.55425214, -9009.48737705, 1705.77425741)
(4547.61599677, -9009.43167239, 1705.77425729)
(4547.66533848, -9009.38765903, 1705.77425735)
(4547.72130116, -9009.33746672, 1705.77425734)
(4547.76072837, -9009.29919701, 1705.77425742)
(4547.81099186, -9009.24617628, 1705.77425736)
(4547.85581444, -9009.20134272, 1705.77425744)
(4547.91154349, -9009.15039557, 1705.77425734)
(4547.95745608, -9009.10740047, 1705.77425742)
(4547.99954614, -9009.06598058, 1705.77425731)
(4548.05362019, -9009.01032473, 1705.77425731)
(4548.09239905, -9008.97280885, 1705.77425734)
(4548.14999403, -9008.92301674, 1705.77425733)
(4548.19971783, -9008.87827112, 1705.77425748)
(4548.25531765, -9008.82337187, 1705.77425751)
(4548.29386447, -9008.78664032, 1705.77425733)
(4548.33674926, -9008.7479565, 1705.77425735)
(4548.41442874, -9008.68302521, 1705.77425733)
(4548.46084837, -9008.64064803, 1705.77425753)
(4548.50970817, -9008.58811567, 1705.77425739)
(4548.58268686, -9008.51400221, 1705.77425724)
(4548.64940721, -9008.45723322, 1705.77425734)
(4548.69978449, -9008.41223362, 1705.77425732)
(4548.74336769, -9008.37181638, 1705.77425745)
(4548.79385268, -9008.32545017, 1705.77425734)
(4548.84053312, -9008.27979848, 1705.7742573)
(4548.89228935, -9008.22591377, 1705.77425731)
(4548.93661402, -9008.17645801, 1705.77425732)
(4548.97622218, -9008.13178331, 1705.77425734)
(4549.02353047, -9008.07741678, 1705.77425733)
(4549.06523236, -9008.03463086, 1705.77425739)
(4549.12374513, -9007.98383628, 1705.77425739)
(4549.18112728, -9007.94145104, 1705.77425734)
(4549.24553117, -9007.89247836, 1705.77425734)
(4549.29662151, -9007.84813196, 1705.77425755)
(4549.34024239, -9007.8042931, 1705.77425718)
(4549.38433605, -9007.75796112, 1705.77425748)
(4549.4337555, -9007.70481382, 1705.77425737)
(4549.49369238, -9007.63585871, 1705.77425733)
(4549.54335368, -9007.58433744, 1705.77425757)
(4549.60391567, -9007.53221293, 1705.77425739)
(4549.64580098, -9007.49527016, 1705.77425709)
(4549.69445802, -9007.44771282, 1705.77425755)
(4549.73837674, -9007.40066271, 1705.77425736)
(4549.78470433, -9007.34868149, 1705.77425731)
(4549.83395809, -9007.2956834, 1705.77425728)
(4549.8902777, -9007.23668024, 1705.77425734)
(4549.94475388, -9007.18551498, 1705.77425737)
(4550.00689236, -9007.13660191, 1705.77425731)
(4550.05609134, -9007.09562688, 1705.77425705)
(4550.09752807, -9007.05460698, 1705.77425748)
(4550.13926936, -9007.0050662, 1705.77425723)
(4550.1979866, -9006.93502919, 1705.77425751)
(4550.24935441, -9006.88122207, 1705.77425754)
(4550.31485141, -9006.82393472, 1705.77425735)
(4550.3662064, -9006.77834247, 1705.77425737)
(4550.4047658, -9006.74089372, 1705.77425746)
(4550.45245818, -9006.6905367, 1705.77425737)
(4550.50978028, -9006.6218237, 1705.77425733)
(4550.55808922, -9006.56911959, 1705.77425729)
(4550.6193194, -9006.51764512, 1705.77425724)
(4550.66056379, -9006.48429909, 1705.77425684)
(4550.71745088, -9006.42804088, 1705.77426069)
(4550.7614704, -9006.37832727, 1705.77425731)
(4550.81581919, -9006.31416466, 1705.77425733)
(4550.85872329, -9006.26543651, 1705.77425741)
(4550.9208542, -9006.19612613, 1705.77425733)
(4550.96506113, -9006.14645246, 1705.77425733)
(4551.00459079, -9006.10202017, 1705.77425733)
(4551.04981622, -9006.05300732, 1705.77425731)
(4551.09812604, -9006.00240976, 1705.77425736)
(4551.14470922, -9005.95284047, 1705.77425734)
(4551.20211272, -9005.89029966, 1705.77425733)
(4551.24424026, -9005.84338912, 1705.77425734)
(4551.28173628, -9005.80116334, 1705.77425733)
(4551.32430545, -9005.75334837, 1705.77425734)
(4551.3717806, -9005.69996015, 1705.77425734)
(4551.43455158, -9005.62922292, 1705.77425734)
(4551.47930708, -9005.57892915, 1705.77425734)
(4551.54054102, -9005.5101274, 1705.77425734)
(4551.59051404, -9005.45397407, 1705.77425734)
(4551.66629699, -9005.3688175, 1705.77425734)
(4551.71901403, -9005.3095767, 1705.77425734)
(4551.79231156, -9005.22718639, 1705.77425733)
(4551.83250929, -9005.18036129, 1705.77425735)
(4551.87320456, -9005.13131955, 1705.77425734)
(4551.912364, -9005.08537524, 1705.77425733)
(4551.96927316, -9005.01966366, 1705.77425735)
(4552.02886382, -9004.95418159, 1705.77425739)
(4552.08167179, -9004.89715458, 1705.77425734)
(4552.14284462, -9004.83106725, 1705.77425734)
(4552.18871693, -9004.77491692, 1705.77425736)
(4552.23498148, -9004.70495536, 1705.77425724)
(4552.26306859, -9004.6508166, 1705.77425744)
(4552.28007188, -9004.59431742, 1705.77425918)
(4552.30163072, -9004.5342337, 1705.77425728)
(4552.33672549, -9004.46138604, 1705.77425733)
(4552.3709911, -9004.40258106, 1705.7742573)
(4552.40381904, -9004.35038016, 1705.77425733)
(4552.42881093, -9004.3037395, 1705.77425734)
(4552.45286478, -9004.24274703, 1705.77425733)
(4552.48007827, -9004.16605366, 1705.77425736)
(4552.50644845, -9004.10650342, 1705.77425741)
(4552.55040939, -9004.04469784, 1705.77425781)
(4552.57805127, -9003.99877836, 1705.77425758)
(4552.61020692, -9003.92868356, 1705.7742584)
(4552.63987327, -9003.86952204, 1705.77425705)
(4552.67153534, -9003.81239978, 1705.77425729)
(4552.7075254, -9003.74973555, 1705.77425732)
(4552.73180628, -9003.6992843, 1705.7742573)
(4552.75238292, -9003.64070732, 1705.77425744)
(4552.77907256, -9003.58150002, 1705.77428513)
(4552.81702829, -9003.51639959, 1705.7742581)
(4552.86483118, -9003.44144239, 1705.77425692)
(4552.89568597, -9003.38796309, 1705.77425748)
(4552.91797384, -9003.31436359, 1705.77425776)
(4552.93736301, -9003.25718026, 1705.77425732)
(4552.97463563, -9003.18619239, 1705.77425848)
(4553.00432939, -9003.13346436, 1705.77425746)
(4553.03762095, -9003.06319625, 1705.7742577)
(4553.06820551, -9003.00669715, 1705.77425734)
(4553.10789407, -9002.93936556, 1705.77425731)
(4553.14106708, -9002.86963007, 1705.77425744)
(4553.16030178, -9002.81292281, 1705.77425744)
(4553.18241704, -9002.7543383, 1705.7742574)
(4553.21527801, -9002.6769885, 1705.77425735)
(4553.24914228, -9002.61418827, 1705.77425697)
(4553.29018566, -9002.54978861, 1705.77425726)
(4553.31648369, -9002.50115307, 1705.77425741)
(4553.33950222, -9002.43715498, 1705.77425743)
(4553.36593432, -9002.37672927, 1705.77425795)
(4553.40037225, -9002.31505562, 1705.77426662)
(4553.4438446, -9002.24689804, 1705.77425726)
(4553.47205667, -9002.1992615, 1705.77425733)
(4553.49573937, -9002.13208787, 1705.77425727)
(4553.51861263, -9002.07263874, 1705.77425737)
(4553.55761855, -9002.00308139, 1705.77425783)
(4553.58445929, -9001.94904736, 1705.77425693)
(4553.61074253, -9001.88885784, 1705.7742573)
(4553.63908581, -9001.82089391, 1705.77425739)
(4553.6695508, -9001.76314221, 1705.77425753)
(4553.71231214, -9001.69894181, 1705.77425765)
(4553.7398766, -9001.65164872, 1705.77425733)
(4553.76661749, -9001.57963381, 1705.77425732)
(4553.79264467, -9001.5189574, 1705.77425723)
(4553.82271631, -9001.46627932, 1705.77425774)
(4553.86453539, -9001.40103259, 1705.77425793)
(4553.89455387, -9001.34656939, 1705.77425711)
(4553.91384827, -9001.29199614, 1705.77425756)
(4553.93983701, -9001.23119946, 1705.77425715)
(4553.97278156, -9001.17399861, 1705.77425714)
(4554.01913896, -9001.1003408, 1705.77425736)
(4554.04574867, -9001.05033224, 1705.77425737)
(4554.06890002, -9000.96921017, 1705.77425737)
(4554.09959725, -9000.88765825, 1705.77425361)
(4554.15549971, -9000.80640846, 1705.77425638)
(4554.200461, -9000.73586974, 1705.77425869)
(4554.2416792, -9000.61421183, 1705.77427081)
(4554.26623632, -9000.53992303, 1705.77428062)
(4554.30550442, -9000.46837858, 1705.77431415)
(4554.3361592, -9000.42269165, 1705.77425825)
(4554.37302146, -9000.37046184, 1705.7742575)
(4554.40634593, -9000.31408777, 1705.77425719)
(4554.43334357, -9000.24285124, 1705.77425739)
(4554.45987594, -9000.15903829, 1705.77425737)
(4554.48064616, -9000.10570551, 1705.77425719)
(4554.52548333, -9000.03679992, 1705.77431024)
(4554.55728909, -8999.98886455, 1705.77425703)
(4554.59374591, -8999.91839564, 1705.77425772)
(4554.6199244, -8999.86902102, 1705.77425722)
(4554.65761309, -8999.80360311, 1705.7742573)
(4554.68762041, -8999.74044084, 1705.7742573)
(4554.71351531, -8999.67820963, 1705.77425735)
(4554.74492188, -8999.60303979, 1705.77425735)
(4554.77183431, -8999.55065891, 1705.77425729)
(4554.81531536, -8999.48786989, 1705.77425672)
(4554.84979349, -8999.43300378, 1705.77425749)
(4554.87930878, -8999.35682111, 1705.77425757)
(4554.90801557, -8999.29137556, 1705.77425724)
(4554.94462008, -8999.22943185, 1705.77425722)
(4554.9691823, -8999.18064194, 1705.77425721)
(4554.99824118, -8999.11236536, 1705.77425727)
(4555.01974793, -8999.05329783, 1705.77425733)
(4555.04928156, -8998.96776627, 1705.77425733)
(4555.08356845, -8998.89511564, 1705.77425744)
(4555.14059226, -8998.81536372, 1705.77425749)
(4555.18910335, -8998.754415, 1705.77425722)
(4555.24181255, -8998.68759982, 1705.77425738)
(4555.27574578, -8998.63735863, 1705.77425729)
(4555.29712094, -8998.5839483, 1705.77425718)
(4555.30839713, -8998.51231046, 1705.77425709)
(4555.32180982, -8998.43091673, 1705.77425735)
(4555.34307665, -8998.35657944, 1705.77425768)
(4555.37303768, -8998.30148751, 1705.77425506)
(4555.39982265, -8998.25524276, 1705.77425697)
(4555.43214887, -8998.19359732, 1705.7742573)
(4555.46826133, -8998.12176436, 1705.77425734)
(4555.50222247, -8998.06043717, 1705.77425734)
(4555.54900369, -8997.97966801, 1705.77425734)
(4555.57842863, -8997.92836619, 1705.77425735)
(4555.61492535, -8997.86453861, 1705.77425734)
(4555.64028578, -8997.81117195, 1705.77425731)
(4555.66885002, -8997.73101632, 1705.77425735)
(4555.69364637, -8997.67397769, 1705.77426986)
(4555.73012019, -8997.61045991, 1705.77426905)
(4555.7603806, -8997.55732581, 1705.77425756)
(4555.79740469, -8997.48788901, 1705.77425744)
(4555.82162932, -8997.43264755, 1705.77425738)
(4555.84673737, -8997.35914126, 1705.77425745)
(4555.87683892, -8997.29499546, 1705.77425799)
(4555.91492356, -8997.23144899, 1705.77425503)
(4555.94535467, -8997.18114122, 1705.77425756)
(4555.97454875, -8997.13112564, 1705.77425736)
(4556.00737907, -8997.07426032, 1705.77425735)
(4556.03585154, -8997.01390735, 1705.77425737)
(4556.06247277, -8996.93366683, 1705.77425738)
(4556.09234295, -8996.86721487, 1705.77426337)
(4556.13585866, -8996.79417092, 1705.77428096)
(4556.17142966, -8996.72996819, 1705.77425777)
(4556.19060991, -8996.68224012, 1705.77425758)
(4556.22507619, -8996.60826635, 1705.77425743)
(4556.26885978, -8996.52575061, 1705.7742574)
(4556.33134857, -8996.4062246, 1705.77425734)
(4556.36237156, -8996.33775814, 1705.77425734)
(4556.3961066, -8996.25739236, 1705.77425732)
(4556.43532854, -8996.18588875, 1705.77425751)
(4556.48662579, -8996.10847664, 1705.77425714)
(4556.52484593, -8996.04230618, 1705.77425689)
(4556.54428816, -8995.96254636, 1705.77425946)
(4556.55929753, -8995.90374943, 1705.77427492)
(4556.58260714, -8995.84148684, 1705.77426974)
(4556.61673879, -8995.78845114, 1705.77425663)
(4556.67266107, -8995.71640959, 1705.77425794)
(4556.71050405, -8995.65684747, 1705.77425801)
(4556.74508066, -8995.58021176, 1705.77428503)
(4556.76612959, -8995.52779573, 1705.77425662)
(4556.79457971, -8995.47067164, 1705.77426423)
(4556.82008575, -8995.41490298, 1705.7742573)
(4556.84387883, -8995.35665728, 1705.77425735)
(4556.8735445, -8995.28300944, 1705.77425734)
(4556.9020406, -8995.22650728, 1705.7742575)
(4556.93646864, -8995.17193569, 1705.77425711)
(4556.96929166, -8995.12571946, 1705.77425718)
(4557.01284656, -8995.07063153, 1705.77425721)
(4557.06285857, -8995.00733658, 1705.77425729)
(4557.10240319, -8994.94904659, 1705.77425721)
(4557.12586982, -8994.88261259, 1705.77425765)
(4557.13443887, -8994.82190518, 1705.77425725)
(4557.14490111, -8994.76008725, 1705.77425724)
(4557.15953021, -8994.70400004, 1705.77425752)
(4557.1940542, -8994.63601907, 1705.77425808)
(4557.2452832, -8994.56396598, 1705.77425764)
(4557.2804285, -8994.50692495, 1705.77425732)
(4557.30299594, -8994.4306709, 1705.77425728)
(4557.31925409, -8994.37914904, 1705.77425665)
(4557.34298394, -8994.32410812, 1705.77430621)
(4557.38084815, -8994.26189759, 1705.77425814)
(4557.42215475, -8994.19857099, 1705.77425734)
(4557.46465922, -8994.13018974, 1705.77425736)
(4557.48795566, -8994.08696994, 1705.7742575)
(4557.50757723, -8994.01844201, 1705.77425747)
(4557.52791662, -8993.95554976, 1705.77425721)
(4557.5698397, -8993.87711884, 1705.77425389)
(4557.59827106, -8993.82005066, 1705.77425743)
(4557.63012142, -8993.7425879, 1705.77426122)
(4557.65473292, -8993.69222292, 1705.77425712)
(4557.68484473, -8993.63843794, 1705.77425741)
(4557.72320195, -8993.57958561, 1705.77425694)
(4557.77186361, -8993.51459508, 1705.77425744)
(4557.81021482, -8993.45688472, 1705.7742573)
(4557.84545277, -8993.39166602, 1705.7742572)
(4557.86657845, -8993.34034672, 1705.77425789)
(4557.88602397, -8993.27279654, 1705.77426496)
(4557.9029655, -8993.21083652, 1705.77425733)
(4557.9281925, -8993.14116067, 1705.77425744)
(4557.95719977, -8993.06796022, 1705.77425724)
(4557.98178621, -8993.01731126, 1705.77425761)
(4558.01724786, -8992.95795503, 1705.77425741)
(4558.04922485, -8992.90095996, 1705.7742573)
(4558.08689863, -8992.8297782, 1705.77425733)
(4558.11375017, -8992.76632373, 1705.77425735)
(4558.13154461, -8992.71635408, 1705.77425735)
(4558.15419394, -8992.65328339, 1705.77425733)
(4558.18373452, -8992.59185381, 1705.77425733)
(4558.24843922, -8992.51420357, 1705.77425713)
(4558.29027688, -8992.45670251, 1705.77425751)
(4558.33353987, -8992.38606244, 1705.77425744)
(4558.36001257, -8992.32792559, 1705.77425814)
(4558.37291773, -8992.27320421, 1705.77426485)
(4558.39115195, -8992.20794969, 1705.77425744)
(4558.41968478, -8992.12578286, 1705.77425736)
(4558.44972948, -8992.04114651, 1705.77425733)
(4558.48907583, -8991.96267247, 1705.77425764)
(4558.52178667, -8991.9222212, 1705.77425717)
(4558.57219973, -8991.86264986, 1705.77425719)
(4558.62661572, -8991.78062144, 1705.77425792)
(4558.65113145, -8991.69950041, 1705.77425162)
(4558.66246319, -8991.62995694, 1705.77431553)
(4558.68496216, -8991.52792865, 1705.77425604)
(4558.71425455, -8991.46404286, 1705.77452108)
(4558.74470811, -8991.42033071, 1705.77433406)
(4558.79431463, -8991.36205876, 1705.77426366)
(4558.84258546, -8991.298377, 1705.77425693)
(4558.8839066, -8991.23468763, 1705.77425737)
(4558.91166016, -8991.18194805, 1705.77425695)
(4558.92482643, -8991.11311151, 1705.77425704)
(4558.93763, -8991.05987901, 1705.7742542)
(4558.97013939, -8990.98005991, 1705.77441369)
(4559.00054325, -8990.91823103, 1705.77425787)
(4559.02997186, -8990.85320772, 1705.77425764)
(4559.05112755, -8990.8040815, 1705.77425751)
(4559.07899681, -8990.73849014, 1705.77425737)
(4559.10765514, -8990.68366886, 1705.77425732)
(4559.14893612, -8990.62999082, 1705.77425758)
(4559.1865242, -8990.5750476, 1705.77425723)
(4559.22646543, -8990.51041431, 1705.77425735)
(4559.25778027, -8990.447036, 1705.77425734)
(4559.28338621, -8990.36926595, 1705.7742573)
(4559.29666803, -8990.31966889, 1705.77425744)
(4559.31405429, -8990.25702931, 1705.77425731)
(4559.33626455, -8990.19774013, 1705.77425719)
(4559.38650397, -8990.11640383, 1705.77425734)
(4559.42983291, -8990.05729605, 1705.7742571)
(4559.48726604, -8989.97841922, 1705.77425734)
(4559.52004065, -8989.92518005, 1705.7742572)
(4559.54195481, -8989.86036474, 1705.77425742)
(4559.55690879, -8989.80334248, 1705.77425719)
(4559.57775633, -8989.73660205, 1705.77425738)
(4559.60593072, -8989.6554309, 1705.77425733)
(4559.63392848, -8989.59517181, 1705.77425762)
(4559.67416293, -8989.53412691, 1705.77425778)
(4559.70447263, -8989.47652138, 1705.77425746)
(4559.73109248, -8989.38090895, 1705.77425753)
(4559.75348421, -8989.30570433, 1705.77426343)
(4559.80060194, -8989.23095229, 1705.77427168)
(4559.84150235, -8989.18366539, 1705.77425779)
(4559.89234314, -8989.12283152, 1705.7742573)
(4559.92427789, -8989.07858041, 1705.77425702)
(4559.95163159, -8989.0064869, 1705.7742566)
(4559.96302629, -8988.91914044, 1705.77425756)
(4559.98077987, -8988.84377956, 1705.77426461)
(4560.01263616, -8988.77467333, 1705.7746535)
(4560.04569617, -8988.73039562, 1705.77459779)
(4560.09888329, -8988.6827553, 1705.77425988)
(4560.13875007, -8988.622889, 1705.77425705)
(4560.18306033, -8988.55244103, 1705.77425747)
(4560.20139024, -8988.50097448, 1705.7742575)
(4560.20896516, -8988.43195986, 1705.7743131)
(4560.22074601, -8988.36270471, 1705.77436903)
(4560.24369665, -8988.29855879, 1705.77443745)
(4560.28876768, -8988.227512, 1705.77432607)
(4560.3316719, -8988.17374237, 1705.77427459)
(4560.3822118, -8988.1162291, 1705.77425652)
(4560.42541102, -8988.06491898, 1705.77425731)
(4560.45812565, -8987.99876771, 1705.77425736)
(4560.46543204, -8987.92488044, 1705.77425715)
(4560.47461053, -8987.85188554, 1705.77425724)
(4560.48592614, -8987.79425313, 1705.77425708)
(4560.51486874, -8987.72463776, 1705.7742621)
(4560.55289973, -8987.66802345, 1705.77450329)
(4560.61095509, -8987.61287031, 1705.77434089)
(4560.66054138, -8987.57012228, 1705.77425907)
(4560.70259934, -8987.51643445, 1705.77427071)
(4560.72689071, -8987.45644788, 1705.77488049)
(4560.73300545, -8987.36332062, 1705.77433415)
(4560.73996641, -8987.29189382, 1705.77443871)
(4560.75867254, -8987.20797582, 1705.77450382)
(4560.79088746, -8987.14333301, 1705.77428685)
(4560.83874179, -8987.08854604, 1705.77438947)
(4560.88211429, -8987.04331003, 1705.77425691)
(4560.93092062, -8986.97495253, 1705.77425744)
(4560.96792606, -8986.90171701, 1705.77432503)
(4560.98524945, -8986.8284515, 1705.77433124)
(4560.99805541, -8986.76604027, 1705.77425331)
(4561.04654854, -8986.65201218, 1705.77426795)
(4561.09466645, -8986.58128581, 1705.7742574)
(4561.13996035, -8986.51057793, 1705.77425739)
(4561.16668339, -8986.46120209, 1705.77425743)
(4561.18496028, -8986.39040527, 1705.77425721)
(4561.20459185, -8986.32877092, 1705.77425697)
(4561.24469948, -8986.24833433, 1705.77425728)
(4561.28787121, -8986.18594215, 1705.77425768)
(4561.33433575, -8986.1329291, 1705.77425778)
(4561.36964327, -8986.09054474, 1705.77425733)
(4561.40431382, -8986.02146079, 1705.77425744)
(4561.41411344, -8985.95492998, 1705.77425753)
(4561.42614903, -8985.87742256, 1705.77425765)
(4561.44355901, -8985.81304507, 1705.77429333)
(4561.46756018, -8985.75611243, 1705.77474396)
(4561.51980149, -8985.69178419, 1705.77434963)
(4561.56111497, -8985.641599, 1705.7742561)
(4561.60382792, -8985.57858001, 1705.77427778)
(4561.6314504, -8985.52505441, 1705.77426914)
(4561.65234504, -8985.44655783, 1705.77426602)
(4561.67275722, -8985.38584484, 1705.77425702)
(4561.70465358, -8985.31634938, 1705.77425744)
(4561.73625726, -8985.26307572, 1705.77425794)
(4561.78345801, -8985.1973968, 1705.77425687)
(4561.81621684, -8985.14329531, 1705.77425705)
(4561.8491843, -8985.07242608, 1705.7742575)
(4561.86953536, -8985.01128893, 1705.77425697)
(4561.88212047, -8984.93485673, 1705.77425723)
(4561.89611646, -8984.87833598, 1705.77425715)
(4561.9285944, -8984.80690186, 1705.77432531)
(4561.9693647, -8984.74771196, 1705.7742505)
(4562.01129345, -8984.69234616, 1705.77425604)
(4562.05886028, -8984.63323384, 1705.77425721)
(4562.09345186, -8984.58494904, 1705.77425747)
(4562.11886937, -8984.52072264, 1705.77425724)
(4562.12796453, -8984.46240989, 1705.7742577)
(4562.14199567, -8984.38728519, 1705.77425765)
(4562.16546155, -8984.31352168, 1705.77425748)
(4562.19858281, -8984.25516095, 1705.77425976)
(4562.24448714, -8984.19646212, 1705.77425841)
(4562.27647035, -8984.15324131, 1705.77425543)
(4562.31183269, -8984.09546817, 1705.7742572)
(4562.33922365, -8984.03399413, 1705.77426995)
(4562.36165218, -8983.95388397, 1705.7742583)
(4562.38152805, -8983.89111984, 1705.77425776)
(4562.41031742, -8983.83096261, 1705.77425746)
(4562.44312719, -8983.77449026, 1705.77425724)
(4562.47707843, -8983.72341807, 1705.7742574)
(4562.53102851, -8983.65065251, 1705.77425735)
(4562.5689097, -8983.59016646, 1705.77425735)
(4562.59192798, -8983.51033133, 1705.77425705)
(4562.60470922, -8983.43987699, 1705.7742575)
(4562.62974033, -8983.35547952, 1705.77425735)
(4562.65781727, -8983.28901966, 1705.7742577)
(4562.69890194, -8983.22984625, 1705.77425783)
(4562.73449377, -8983.17794363, 1705.77425751)
(4562.76988116, -8983.11929609, 1705.77425741)
(4562.80029701, -8983.05629458, 1705.77425744)
(4562.81630363, -8982.996368, 1705.77425742)
(4562.8334719, -8982.91144745, 1705.77425761)
(4562.85202836, -8982.84834598, 1705.77425565)
(4562.88480697, -8982.78546944, 1705.77439191)
(4562.93256133, -8982.72063024, 1705.77428824)
(4562.98967965, -8982.65628641, 1705.77425744)
(4563.03321679, -8982.59742542, 1705.77425718)
(4563.07217322, -8982.49384542, 1705.7744762)
(4563.09231902, -8982.41531996, 1705.77426422)
(4563.1228652, -8982.33877012, 1705.77437081)
(4563.17634657, -8982.25565739, 1705.77436687)
(4563.24724382, -8982.18015068, 1705.77428158)
(4563.29058412, -8982.13102517, 1705.77428551)
(4563.32479919, -8982.05804326, 1705.77443821)
(4563.3310326, -8981.98281721, 1705.77442807)
(4563.32995188, -8981.90962987, 1705.77431703)
(4563.3302591, -8981.85035865, 1705.77425681)
(4563.3456781, -8981.77826447, 1705.77428394)
(4563.36921611, -8981.72034409, 1705.7751385)
(4563.42017955, -8981.65967642, 1705.77480696)
(4563.47171248, -8981.60884902, 1705.77427535)
(4563.53167024, -8981.52451639, 1705.77426175)
(4563.55576498, -8981.46076311, 1705.77432038)
(4563.58063761, -8981.38169785, 1705.77425909)
(4563.60122318, -8981.32920554, 1705.77426562)
(4563.63373883, -8981.27150538, 1705.7742611)
(4563.66942396, -8981.21772519, 1705.77425743)
(4563.70929467, -8981.15064155, 1705.7742573)
(4563.73807772, -8981.09369666, 1705.77425713)
(4563.75425273, -8981.02156315, 1705.77425751)
(4563.77124253, -8980.96404564, 1705.77425946)
(4563.80441649, -8980.88671858, 1705.77430733)
(4563.84605528, -8980.83167704, 1705.77425424)
(4563.90074396, -8980.75647699, 1705.77425722)
(4563.93724198, -8980.69754953, 1705.77425726)
(4563.95672352, -8980.640841, 1705.77425786)
(4563.9754644, -8980.58456789, 1705.77425744)
(4564.00333668, -8980.51956135, 1705.77425741)
(4564.03858588, -8980.45597789, 1705.77425771)
(4564.09456354, -8980.38557713, 1705.77425776)
(4564.14017361, -8980.32426152, 1705.7742574)
(4564.16824222, -8980.24678413, 1705.77425742)
(4564.17391441, -8980.18323233, 1705.77425723)
(4564.18465443, -8980.11172291, 1705.77425734)
(4564.20265982, -8980.04170604, 1705.77425744)
(4564.23864276, -8979.9764382, 1705.77426749)
(4564.29148018, -8979.9113706, 1705.77429257)
(4564.32680068, -8979.86869624, 1705.77425739)
(4564.36244464, -8979.81329602, 1705.77425747)
(4564.38775016, -8979.75628133, 1705.77425735)
(4564.40135216, -8979.67321677, 1705.77425732)
(4564.42094604, -8979.59655058, 1705.774303)
(4564.4638867, -8979.51542291, 1705.77430887)
(4564.50635424, -8979.46447969, 1705.77425734)
(4564.55208402, -8979.40633015, 1705.77425755)
(4564.58560756, -8979.35674759, 1705.77425711)
(4564.60813441, -8979.2924117, 1705.77425731)
(4564.61742619, -8979.22778205, 1705.77425641)
(4564.63233818, -8979.15589058, 1705.77425732)
(4564.64989691, -8979.09796724, 1705.77425721)
(4564.6888257, -8979.03309574, 1705.77426089)
(4564.7327513, -8978.97955282, 1705.77425732)
(4564.77514411, -8978.91815429, 1705.77425746)
(4564.80313609, -8978.87074396, 1705.77425726)
(4564.82389958, -8978.81102349, 1705.77425735)
(4564.84069959, -8978.73896886, 1705.77425742)
(4564.86309258, -8978.67459475, 1705.77425529)
(4564.90244915, -8978.61098287, 1705.77425872)
(4564.94316016, -8978.56149157, 1705.77428151)
(4564.97854355, -8978.50955139, 1705.77426466)
(4565.00551495, -8978.46019735, 1705.77428078)
(4565.03509369, -8978.3814231, 1705.77425757)
(4565.05406047, -8978.31507507, 1705.77428627)
(4565.07469454, -8978.23033836, 1705.77425779)
(4565.09117531, -8978.17232795, 1705.77425603)
(4565.12448667, -8978.10237145, 1705.77451765)
(4565.16375888, -8978.05091909, 1705.7743648)
(4565.23049021, -8977.96408494, 1705.77425774)
(4565.27346996, -8977.89462906, 1705.77425733)
(4565.29287249, -8977.80976324, 1705.77425753)
(4565.31314847, -8977.73485465, 1705.77427544)
(4565.35151947, -8977.65701749, 1705.77436804)
(4565.39522391, -8977.59918861, 1705.77425566)
(4565.46206905, -8977.51639895, 1705.77425748)
(4565.49755855, -8977.46687526, 1705.77425757)
(4565.51950029, -8977.3630087, 1705.77425737)
(4565.51730708, -8977.28992097, 1705.77425727)
(4565.52980531, -8977.22168111, 1705.7743006)
(4565.56400705, -8977.14858908, 1705.77450671)
(4565.60037676, -8977.09420523, 1705.7742369)
(4565.64953578, -8977.04030168, 1705.77425731)
(4565.6854984, -8976.9972284, 1705.7742575)
(4565.72050624, -8976.93351646, 1705.77425735)
(4565.74782348, -8976.8660476, 1705.77425735)
(4565.77768885, -8976.80738309, 1705.77425561)
(4565.81424427, -8976.75425179, 1705.77428752)
(4565.85419886, -8976.69238743, 1705.77425839)
(4565.88673974, -8976.62711226, 1705.77425992)
(4565.91093003, -8976.56698184, 1705.77435513)
(4565.92977654, -8976.50030811, 1705.77430107)
(4565.95027951, -8976.42868079, 1705.77425703)
(4565.97708075, -8976.37090123, 1705.77425591)
(4566.02067056, -8976.30569213, 1705.77426064)
(4566.05324605, -8976.25791943, 1705.77425779)
(4566.08953083, -8976.19021028, 1705.77425579)
(4566.11305498, -8976.13519404, 1705.77439436)
(4566.13512831, -8976.05266056, 1705.77428798)
(4566.15487474, -8975.98284353, 1705.77425811)
(4566.18294783, -8975.91968232, 1705.77438152)
(4566.21332915, -8975.87212097, 1705.77425274)
(4566.24986202, -8975.81513977, 1705.77425703)
(4566.29645672, -8975.74639959, 1705.77425726)
(4566.33145838, -8975.68482561, 1705.77425726)
(4566.34629696, -8975.62162122, 1705.77425779)
(4566.36230506, -8975.56423448, 1705.77426619)
(4566.39098121, -8975.49956621, 1705.77425999)
(4566.4298623, -8975.44259968, 1705.77425331)
(4566.47898966, -8975.39096969, 1705.77434077)
(4566.54104118, -8975.33181374, 1705.77425636)
(4566.57848729, -8975.29157315, 1705.77425746)
(4566.61617015, -8975.23650669, 1705.77425781)
(4566.64138042, -8975.18072823, 1705.77444122)
(4566.6484641, -8975.11275536, 1705.77455606)
(4566.6478995, -8975.03931704, 1705.77425666)
(4566.65539173, -8974.95696073, 1705.77425747)
(4566.66970911, -8974.88912372, 1705.77425735)
(4566.7012284, -8974.82236454, 1705.77425711)
(4566.74556868, -8974.76676322, 1705.77425725)
(4566.79672627, -8974.70748801, 1705.7742573)
(4566.83677643, -8974.65450573, 1705.77425724)
(4566.86318448, -8974.58799518, 1705.77425723)
(4566.87180261, -8974.53416597, 1705.77425761)
(4566.88748092, -8974.47245924, 1705.77425736)
(4566.91564222, -8974.38909192, 1705.77425736)
(4566.94135621, -8974.33224714, 1705.77425741)
(4566.98608764, -8974.26360218, 1705.77426691)
(4567.01036355, -8974.22213178, 1705.77425614)
(4567.03703732, -8974.16155552, 1705.77425531)
(4567.06237765, -8974.08630975, 1705.77427703)
(4567.08648108, -8974.01574324, 1705.77425723)
(4567.1228082, -8973.93989406, 1705.77425734)
(4567.15777716, -8973.88184212, 1705.77425753)
(4567.19080539, -8973.83555146, 1705.77425744)
(4567.22083578, -8973.78550016, 1705.77425854)
(4567.25586802, -8973.70732518, 1705.77425744)
(4567.28831333, -8973.64364891, 1705.77425767)
(4567.33759945, -8973.5722736, 1705.77425365)
(4567.3718519, -8973.52381846, 1705.77425725)
(4567.40026931, -8973.45952162, 1705.77427083)
(4567.41716045, -8973.39952479, 1705.77425755)
(4567.43887531, -8973.33129346, 1705.7742574)
(4567.47408145, -8973.23359707, 1705.77425737)
(4567.50056984, -8973.17570956, 1705.77425693)
(4567.56007066, -8973.09904637, 1705.77425731)
(4567.59223404, -8973.05576837, 1705.77425752)
(4567.62581007, -8972.97749129, 1705.77425676)
(4567.63734993, -8972.90508948, 1705.77425712)
(4567.66595332, -8972.81107642, 1705.77425733)
(4567.70975802, -8972.72405756, 1705.77428135)
(4567.79195624, -8972.63021753, 1705.77440402)
(4567.86676513, -8972.55508295, 1705.77425849)
(4567.90686901, -8972.47038757, 1705.77441569)
(4567.90325411, -8972.39330382, 1705.77426271)
(4567.90688111, -8972.3099954, 1705.7742614)
(4567.92162977, -8972.22969474, 1705.77469967)
(4567.96788663, -8972.14883157, 1705.7745924)
(4568.01168122, -8972.10255437, 1705.77446321)
(4568.05815457, -8972.05939932, 1705.77430085)
(4568.09877396, -8972.0195725, 1705.77425686)
(4568.14482992, -8971.93186722, 1705.77441157)
(4568.16373644, -8971.86859968, 1705.77429943)
(4568.17917715, -8971.79315759, 1705.77425719)
(4568.19043527, -8971.7498135, 1705.77441687)
(4568.22230239, -8971.68312638, 1705.7743104)
(4568.25543014, -8971.62399575, 1705.77427929)
(4568.30996362, -8971.55279041, 1705.77425806)
(4568.34380151, -8971.50352159, 1705.77425731)
(4568.37024441, -8971.43606119, 1705.77425721)
(4568.3790701, -8971.37254663, 1705.77425737)
(4568.40137261, -8971.28864183, 1705.77425733)
(4568.42735109, -8971.22378138, 1705.77425778)
(4568.46438367, -8971.16555108, 1705.774262)
(4568.50332869, -8971.11426218, 1705.77425708)
(4568.5487667, -8971.05683858, 1705.77425726)
(4568.59785069, -8970.99014257, 1705.77425735)
(4568.62961956, -8970.94359551, 1705.77425736)
(4568.67040406, -8970.87988625, 1705.77425738)
(4568.7013367, -8970.833794, 1705.77425729)
(4568.74332549, -8970.77265, 1705.77425732)
(4568.77453841, -8970.72735315, 1705.77425734)
(4568.81493613, -8970.66886681, 1705.77425732)
(4568.86258359, -8970.59989813, 1705.77425734)
(4568.89937785, -8970.54651092, 1705.77425734)
(4568.94629788, -8970.47853789, 1705.77425734)
(4568.97896869, -8970.43134174, 1705.77425734)
(4569.02086969, -8970.37094847, 1705.77425734)
(4569.05496697, -8970.3217225, 1705.77425734)
(4569.09356879, -8970.2660721, 1705.77425734)
(4569.13080288, -8970.21523644, 1705.77425732)
(4569.18358127, -8970.14597278, 1705.77425734)
(4569.22358375, -8970.09066727, 1705.77425733)
(4569.26510784, -8970.030963, 1705.77425731)
(4569.29305918, -8969.99062748, 1705.77425734)
(4569.34174451, -8969.92037422, 1705.77425734)
(4569.37931515, -8969.86651459, 1705.77425734)
(4569.43030981, -8969.79331202, 1705.77425733)
(4569.47846725, -8969.71866871, 1705.77425745)
(4569.5164703, -8969.66150226, 1705.77425737)
(4569.55878887, -8969.59877865, 1705.77425733)
(4569.59254862, -8969.55195429, 1705.77425725)
(4569.62506652, -8969.50429441, 1705.77425732)
(4569.6701554, -8969.43642636, 1705.77425735)
(4569.71137139, -8969.37646273, 1705.77425736)
(4569.75406758, -8969.31498892, 1705.77425734)
(4569.78570307, -8969.26121066, 1705.7742574)
(4569.81578006, -8969.19665454, 1705.77425735)
(4569.84124524, -8969.14148926, 1705.77425736)
(4569.87056778, -8969.07938815, 1705.77425734)
(4569.90191978, -8969.01473272, 1705.77425734)
(4569.92363114, -8968.95826771, 1705.77425744)
(4569.93801028, -8968.89146071, 1705.77425744)
(4569.95379049, -8968.82994482, 1705.77425748)
(4569.97528145, -8968.75833034, 1705.77425737)
(4569.99519085, -8968.69993472, 1705.77425732)
(4570.01779509, -8968.63500911, 1705.77425735)
(4570.03426634, -8968.56199102, 1705.77425758)
(4570.03815966, -8968.48531699, 1705.77425746)
(4570.04828869, -8968.39808045, 1705.77425723)
(4570.06884999, -8968.2972746, 1705.77425729)
(4570.07757569, -8968.22524885, 1705.77425732)
(4570.0833303, -8968.13834134, 1705.77425736)
(4570.09380498, -8968.05693689, 1705.77425732)
(4570.1029091, -8967.99256113, 1705.77425737)
(4570.11199758, -8967.90814683, 1705.77425733)
(4570.12162697, -8967.8248769, 1705.77425733)
(4570.12990357, -8967.751849, 1705.77425733)
(4570.13829122, -8967.67758246, 1705.77425733)
(4570.14390028, -8967.62751964, 1705.77425733)
(4570.15090933, -8967.56473053, 1705.77425734)
(4570.15874186, -8967.4949596, 1705.77425734)
(4570.16606173, -8967.42929091, 1705.77425734)
(4570.17240196, -8967.37264936, 1705.77425734)
(4570.18013734, -8967.30287226, 1705.77425734)
(4570.18719043, -8967.23965872, 1705.77425734)
(4570.19523991, -8967.16741574, 1705.77425734)
(4570.20306665, -8967.0972236, 1705.77425734)
(4570.2115488, -8967.02087501, 1705.77425734)
(4570.21689381, -8966.97284782, 1705.77425734)
(4570.22501037, -8966.8993709, 1705.77425734)
(4570.23188871, -8966.83738431, 1705.77425734)
(4570.24036215, -8966.76103095, 1705.77425734)
(4570.24806295, -8966.69165574, 1705.77425734)
(4570.25612753, -8966.61899693, 1705.77425734)
(4570.26287186, -8966.55824238, 1705.77425734)
(4570.26947927, -8966.49871979, 1705.77425734)
(4570.27804449, -8966.42154546, 1705.77425734)
(4570.28446991, -8966.36366437, 1705.77425734)
(4570.29358378, -8966.28156407, 1705.77425734)
(4570.29928059, -8966.2302512, 1705.77425734)
(4570.30693706, -8966.16128709, 1705.77425734)
(4570.31413807, -8966.09642794, 1705.77425734)
(4570.32307043, -8966.01596974, 1705.77425734)
(4570.33054534, -8965.94864741, 1705.77425734)
(4570.33865821, -8965.87557826, 1705.77425734)
(4570.34490276, -8965.81933963, 1705.77425734)
(4570.35306185, -8965.74586016, 1705.77425734)
(4570.35967142, -8965.68633763, 1705.77425734)
(4570.36691928, -8965.62106804, 1705.77425734)
(4570.37471431, -8965.55087244, 1705.77425734)
(4570.38164327, -8965.48847644, 1705.77425734)
(4570.38930188, -8965.41951254, 1705.77425734)
(4570.39673254, -8965.35260115, 1705.77425734)
(4570.4050297, -8965.2778901, 1705.77425734)
(4570.41259731, -8965.2097471, 1705.77425734)
(4570.41943579, -8965.14817211, 1705.77425734)
(4570.42910188, -8965.0611464, 1705.77425734)
(4570.43562147, -8965.00244517, 1705.77425734)
(4570.44492284, -8964.91870323, 1705.77425734)
(4570.45144247, -8964.86000185, 1705.77425734)
(4570.4597408, -8964.78529096, 1705.77425734)
(4570.46749155, -8964.71550631, 1705.77425734)
(4570.47492375, -8964.64859495, 1705.77425734)
(4570.48117005, -8964.59235666, 1705.77425734)
(4570.48846533, -8964.52667662, 1705.77425734)
(4570.49767711, -8964.44375594, 1705.77425734)
(4570.50419737, -8964.38505488, 1705.77425734)
(4570.51263346, -8964.30911266, 1705.77425734)
(4570.51865216, -8964.25492694, 1705.77425734)
(4570.52745285, -8964.17570052, 1705.77425734)
(4570.5346119, -8964.11125226, 1705.77425734)
(4570.54332302, -8964.0328472, 1705.77425734)
(4570.55039111, -8963.96922022, 1705.77425734)
(4570.55850902, -8963.89615147, 1705.77425734)
(4570.56452818, -8963.84196584, 1705.77425734)
(4570.57264552, -8963.76889702, 1705.77425734)
(4570.58007803, -8963.701986, 1705.77425734)
(4570.58874256, -8963.62399133, 1705.77425734)
(4570.59599336, -8963.55872214, 1705.77425734)
(4570.60319998, -8963.4938633, 1705.77425734)
(4570.60931075, -8963.43885687, 1705.77425734)
(4570.61824965, -8963.35839924, 1705.77425734)
(4570.62764337, -8963.27383688, 1705.77425734)
(4570.63635459, -8963.19543156, 1705.77425734)
(4570.64501894, -8963.11743706, 1705.77425734)
(4570.65044629, -8963.0685877, 1705.77425734)
(4570.65938408, -8962.98813037, 1705.77425734)
(4570.66722842, -8962.91752465, 1705.77425734)
(4570.67863596, -8962.81490042, 1705.77425734)
(4570.68789473, -8962.73156969, 1705.77425734)
(4570.69373226, -8962.6790261, 1705.77425734)
(4570.70540875, -8962.5739388, 1705.77425734)
(4570.71393821, -8962.49717583, 1705.77425734)
(4570.72201059, -8962.42451781, 1705.77425734)
(4570.7319085, -8962.33543991, 1705.77425734)
(4570.73861279, -8962.27509701, 1705.77425734)
(4570.74636684, -8962.20531239, 1705.77425734)
(4570.7534821, -8962.14127484, 1705.77425734)
(4570.76068995, -8962.07641622, 1705.77425734)
(4570.76652804, -8962.02387286, 1705.77425734)
(4570.77487535, -8961.94875187, 1705.77425734)
(4570.78249188, -8961.88019904, 1705.77425734)
(4570.78992667, -8961.81328779, 1705.77425734)
(4570.7987324, -8961.73406183, 1705.77425734)
(4570.8042061, -8961.68480264, 1705.77425734)
(4570.81273641, -8961.60803972, 1705.77425734)
(4570.82094604, -8961.53415045, 1705.77425734)
(4570.83093589, -8961.44425147, 1705.77425734)
(4570.83809667, -8961.37980359, 1705.77425734)
(4570.84690038, -8961.30057762, 1705.77425734)
(4570.85383293, -8961.23818224, 1705.77425734)
(4570.86040123, -8961.17907057, 1705.77425734)
(4570.86765349, -8961.11380162, 1705.77425734)
(4570.8756808, -8961.04155409, 1705.77425734)
(4570.88485007, -8960.95904418, 1705.77425734)
(4570.89137241, -8960.90034336, 1705.77425734)
(4570.89917264, -8960.83014835, 1705.77425734)
(4570.90587713, -8960.76980541, 1705.77425734)
(4570.91472604, -8960.69016882, 1705.77425734)
(4570.922845, -8960.61710045, 1705.77425734)
(4570.93050776, -8960.54813699, 1705.77425734)
(4570.93766868, -8960.48368899, 1705.77425734)
(4570.94487639, -8960.41883035, 1705.77425734)
(4570.95144435, -8960.35971902, 1705.77425734)
(4570.95928999, -8960.28911341, 1705.77425734)
(4570.96663308, -8960.22302357, 1705.77425734)
(4570.97539074, -8960.14420806, 1705.77425734)
(4570.98200449, -8960.08468606, 1705.77425734)
(4570.98989665, -8960.01366998, 1705.77425734)
(4570.99637356, -8959.9553797, 1705.77425734)
(4571.00540538, -8959.87410128, 1705.77425734)
(4571.01211001, -8959.81375832, 1705.77425734)
(4571.0203205, -8959.73986877, 1705.77425734)
(4571.0271163, -8959.67870482, 1705.77425734)
(4571.03359321, -8959.62041414, 1705.77425734)
(4571.04102925, -8959.55350321, 1705.77425734)
(4571.04791641, -8959.49151838, 1705.77425734)
(4571.05585327, -8959.4200918, 1705.77425734)
(4571.06278594, -8959.35769641, 1705.77425734)
(4571.06967336, -8959.29571123, 1705.77425734)
(4571.07802195, -8959.22059031, 1705.77425734)
(4571.08490938, -8959.15860556, 1705.77425734)
(4571.09416939, -8959.07527463, 1705.77425734)
(4571.10123896, -8959.01164773, 1705.77425734)
(4571.10771612, -8958.95335703, 1705.77425734)
(4571.11501366, -8958.88767765, 1705.77425734)
(4571.12281329, -8958.81748255, 1705.77425734)
(4571.13266741, -8958.72881533, 1705.77425734)
(4571.13941798, -8958.66806201, 1705.77425734)
(4571.14708155, -8958.59909844, 1705.77425734)
(4571.15428801, -8958.53424009, 1705.77425734)
(4571.16245295, -8958.46076102, 1705.77425734)
(4571.16979619, -8958.39467113, 1705.77425734)
(4571.17786967, -8958.32201308, 1705.77425734)
(4571.18389046, -8958.26782752, 1705.77425734)
(4571.19369829, -8958.17957068, 1705.77425734)
(4571.20072257, -8958.11635435, 1705.77425734)
(4571.20916156, -8958.04041235, 1705.77425734)
(4571.21810126, -8957.95995512, 1705.77425734)
(4571.22562781, -8957.89222307, 1705.77425734)
(4571.23392881, -8957.81751268, 1705.77425734)
(4571.24277803, -8957.73787622, 1705.77425734)
(4571.24948271, -8957.67753325, 1705.77425734)
(4571.25874218, -8957.59420233, 1705.77425734)
(4571.2670887, -8957.51908143, 1705.77425734)
(4571.27821839, -8957.41892011, 1705.77425734)
(4571.28610893, -8957.3479042, 1705.77425734)
(4571.29637218, -8957.25554235, 1705.77425734)
(4571.30508379, -8957.17713751, 1705.77425734)
(4571.31457174, -8957.09175409, 1705.77425734)
(4571.32264487, -8957.01909622, 1705.77425734)
(4571.33044502, -8956.94890117, 1705.77425734)
(4571.33733225, -8956.88691628, 1705.77425734)
(4571.34421982, -8956.82493117, 1705.77425734)
(4571.35087916, -8956.76499866, 1705.77425734)
(4571.36013937, -8956.68166773, 1705.77425734)
(4571.36793899, -8956.61147293, 1705.77425734)
(4571.37783767, -8956.52239509, 1705.77425734)
(4571.38495312, -8956.45835771, 1705.77425734)
(4571.39316383, -8956.38446821, 1705.77425734)
(4571.39913879, -8956.33069319, 1705.77425734)
(4571.40671049, -8956.26255061, 1705.77425734)
(4571.41355195, -8956.20097618, 1705.77425734)
(4571.4213059, -8956.13119161, 1705.77425734)
(4571.42974517, -8956.05524965, 1705.77425734)
(4571.43635885, -8955.99572775, 1705.77425734)
(4571.44333775, -8955.93292167, 1705.77425734)
(4571.44922147, -8955.8799677, 1705.77425734)
(4571.4571579, -8955.80854116, 1705.77425734)
(4571.46513984, -8955.73670416, 1705.77425734)
(4571.47348754, -8955.66158318, 1705.77425734)
(4571.48046604, -8955.59877727, 1705.77425734)
(4571.48708001, -8955.53925517, 1705.77425734)
(4571.49314619, -8955.4846592, 1705.77425734)
(4571.50017035, -8955.42144257, 1705.77425734)
(4571.50965871, -8955.3360592, 1705.77425734)
(4571.51645482, -8955.2748953, 1705.77425734)
(4571.5232513, -8955.21373121, 1705.77425734)
(4571.52940876, -8955.15831428, 1705.77425734)
(4571.53720839, -8955.08811921, 1705.77425734)
(4571.54464304, -8955.02120819, 1705.77425734)
(4571.55326439, -8954.94362421, 1705.77425734)
(4571.55951316, -8954.88738628, 1705.77425734)
(4571.56690252, -8954.82088573, 1705.77425734)
(4571.57287749, -8954.76711074, 1705.77425734)
(4571.58076829, -8954.69609465, 1705.77425734)
(4571.58729069, -8954.63739359, 1705.77425734)
(4571.595775, -8954.56104112, 1705.77425734)
(4571.60234296, -8954.50192971, 1705.77425734)
(4571.61005152, -8954.43255569, 1705.77425734)
(4571.61680179, -8954.37180217, 1705.77425734)
(4571.62373473, -8954.30940649, 1705.77425734)
(4571.63171764, -8954.23756951, 1705.77425734)
(4571.63874179, -8954.17435316, 1705.77425734)
(4571.64731711, -8954.09717972, 1705.77425734)
(4571.6537482, -8954.0392997, 1705.77425734)
(4571.66095493, -8953.97444108, 1705.77425734)
(4571.66848081, -8953.9067091, 1705.77425734)
(4571.67541363, -8953.84431357, 1705.77425734)
(4571.68353298, -8953.77124511, 1705.77425734)
(4571.68996416, -8953.71336515, 1705.77425734)
(4571.69863058, -8953.63537064, 1705.77425734)
(4571.70487916, -8953.57913257, 1705.77425734)
(4571.7114928, -8953.51961043, 1705.77425734)
(4571.71796954, -8953.46131992, 1705.77425734)
(4571.72576948, -8953.39112492, 1705.77425734)
(4571.73311277, -8953.32503496, 1705.77425734)
(4571.74168789, -8953.24786145, 1705.77425734)
(4571.74821008, -8953.18916041, 1705.77425734)
(4571.75496056, -8953.12840682, 1705.77425734)
(4571.76517855, -8953.03645554, 1705.77425734)
(4571.77224841, -8952.97282862, 1705.77425734)
(4571.78096072, -8952.8944236, 1705.77425734)
(4571.78876022, -8952.8242287, 1705.77425734)
(4571.79970747, -8952.72570947, 1705.77425734)
(4571.8094682, -8952.63786315, 1705.77425734)
(4571.82356339, -8952.51101954, 1705.77425734)
(4571.8325943, -8952.4297413, 1705.77425734)
(4571.84116954, -8952.35256788, 1705.77425734)
(4571.84933382, -8952.27908891, 1705.77425734)
(4571.85608446, -8952.21833527, 1705.77425734)
(4571.8625611, -8952.16004474, 1705.77425734)
(4571.87054307, -8952.08820774, 1705.77425734)
(4571.8803048, -8952.00036142, 1705.77425734)
(4571.88801318, -8951.93098752, 1705.77425734)
(4571.89832201, -8951.83821514, 1705.77425734)
(4571.90598468, -8951.76925174, 1705.77425734)
(4571.91478823, -8951.69002584, 1705.77425734)
(4571.92208606, -8951.62434641, 1705.77425734)
(4571.92993154, -8951.55374084, 1705.77425734)
(4571.9356329, -8951.50242876, 1705.77425734)
(4571.94338687, -8951.43264423, 1705.77425734)
(4571.95027395, -8951.37065926, 1705.77425734)
(4571.95784539, -8951.30251671, 1705.77425734)
(4571.96550864, -8951.23355318, 1705.77425734)
(4571.97230468, -8951.17238919, 1705.77425734)
(4571.97946575, -8951.1079411, 1705.77425734)
(4571.98607923, -8951.04841914, 1705.77425734)
(4571.99292089, -8950.98684457, 1705.77425734)
(4572.00058348, -8950.91788107, 1705.77425734)
(4572.00870258, -8950.8448125, 1705.77425734)
(4572.01581785, -8950.78077501, 1705.77425734)
(4572.02348064, -8950.71181149, 1705.77425734)
(4572.02972925, -8950.65557349, 1705.77425734)
(4572.03748315, -8950.58578895, 1705.77425734)
(4572.04368623, -8950.52996132, 1705.77425734)
(4572.05285441, -8950.44745137, 1705.77425734)
(4572.05978721, -8950.3850559, 1705.77425734)
(4572.06767809, -8950.31403993, 1705.77425734)
(4572.07424599, -8950.25492842, 1705.77425734)
(4572.08131575, -8950.19130129, 1705.77425734)
(4572.08802054, -8950.13095819, 1705.77425734)
(4572.09686944, -8950.05132174, 1705.77425734)
(4572.10407593, -8949.98646331, 1705.77425734)
(4572.11224052, -8949.91298435, 1705.77425734)
(4572.11835232, -8949.85797775, 1705.77425734)
(4572.12528523, -8949.79558211, 1705.77425734)
(4572.1323549, -8949.73195508, 1705.77425734)
(4572.14111259, -8949.65313968, 1705.77425734)
(4572.14818229, -8949.58951274, 1705.77425734)
(4572.15698548, -8949.51028675, 1705.77425734)
(4572.16241316, -8949.46143761, 1705.77425734)
(4572.17003026, -8949.39288454, 1705.77425734)
(4572.17673506, -8949.33254152, 1705.77425734)
(4572.18558401, -8949.25290513, 1705.77425734)
(4572.1926081, -8949.18968863, 1705.77425734)
(4572.20040782, -8949.11949357, 1705.77425734)
(4572.20642839, -8949.06530798, 1705.77425734)
(4572.21390862, -8948.99798645, 1705.77425734)
(4572.22193616, -8948.92573905, 1705.77425734)
(4572.22955317, -8948.85718603, 1705.77425734)
(4572.23730739, -8948.78740146, 1705.77425734)
(4572.24382975, -8948.72870041, 1705.77425734)
(4572.25194865, -8948.65563192, 1705.77425734)
(4572.25906387, -8948.59159446, 1705.77425734)
(4572.26645292, -8948.52509392, 1705.77425734)
(4572.27302092, -8948.46598233, 1705.77425734)
(4572.28118561, -8948.39250329, 1705.77425734)
(4572.28738869, -8948.33667577, 1705.77425734)
(4572.29505145, -8948.26771228, 1705.77425734)
(4572.30152815, -8948.20942178, 1705.77425734)
(4572.30855226, -8948.14620518, 1705.77425734)
(4572.31699077, -8948.07026316, 1705.77425734)
(4572.32437976, -8948.00376269, 1705.77425734)
(4572.33331974, -8947.92330529, 1705.77425734)
(4572.3400245, -8947.8629623, 1705.77425734)
(4572.34663819, -8947.80344018, 1705.77425734)
(4572.35370781, -8947.73981312, 1705.77425734)
(4572.36187216, -8947.66633409, 1705.77425734)
(4572.37021941, -8947.59121318, 1705.77425734)
(4572.37801885, -8947.52101828, 1705.77425734)
(4572.38476947, -8947.46026468, 1705.77425734)
(4572.39320746, -8947.3843227, 1705.77425734)
(4572.40182806, -8947.30673871, 1705.77425734)
(4572.41126938, -8947.22176588, 1705.77425734)
(4572.42285484, -8947.11749964, 1705.77425734)
(4572.43097356, -8947.04443113, 1705.77425734)
(4572.43927499, -8946.96972064, 1705.77425734)
(4572.44798657, -8946.89131578, 1705.77425734)
(4572.45788444, -8946.80223794, 1705.77425734)
(4572.46499974, -8946.7382004, 1705.77425734)
(4572.4713854, -8946.68073074, 1705.77425734)
(4572.47726917, -8946.62777664, 1705.77425734)
(4572.48456693, -8946.5620971, 1705.77425734)
(4572.49305099, -8946.4857447, 1705.77425734)
(4572.49911727, -8946.43114865, 1705.77425734)
(4572.50550291, -8946.373679, 1705.77425734)
(4572.51229888, -8946.31251493, 1705.77425734)
(4572.51991591, -8946.2439619, 1705.77425734)
(4572.52912978, -8946.16104155, 1705.77425734)
(4572.53633636, -8946.0961831, 1705.77425734)
(4572.54482024, -8946.01983059, 1705.77425734)
(4572.55056719, -8945.96810795, 1705.77425734)
(4572.55658788, -8945.9139223, 1705.77425734)
(4572.56434174, -8945.84413786, 1705.77425734)
(4572.57113774, -8945.78297383, 1705.77425734)
(4572.58026019, -8945.70087438, 1705.77425734)
(4572.58764916, -8945.63437384, 1705.77425734)
(4572.5967259, -8945.55268493, 1705.77425734)
(4572.60338504, -8945.49275243, 1705.77425734)
(4572.60940574, -8945.43856682, 1705.77425734)
(4572.61679474, -8945.3720663, 1705.77425734)
(4572.62404686, -8945.3067972, 1705.77425734)
(4572.63284999, -8945.22757123, 1705.77425734)
(4572.63973723, -8945.16558625, 1705.77425734)
(4572.64803854, -8945.0908758, 1705.77425734)
(4572.65401355, -8945.03710071, 1705.77425734)
(4572.66099205, -8944.97429459, 1705.77425734)
(4572.66728635, -8944.91764598, 1705.77425734)
(4572.675907, -8944.84006204, 1705.77425734)
(4572.68192762, -8944.78587651, 1705.77425734)
(4572.68817638, -8944.72963841, 1705.77425734)
(4572.69501805, -8944.66806384, 1705.77425734)
(4572.70391243, -8944.58801684, 1705.77425734)
(4572.71070846, -8944.52685281, 1705.77425734)
(4572.71805193, -8944.4607628, 1705.77425734)
(4572.72407255, -8944.40657725, 1705.77425734)
(4572.73196328, -8944.33556123, 1705.77425734)
(4572.73935226, -8944.26906067, 1705.77425734)
(4572.74906765, -8944.18162477, 1705.77425734)
(4572.75631977, -8944.11635581, 1705.77425734)
(4572.76284228, -8944.05765475, 1705.77425734)
(4572.76872611, -8944.00470067, 1705.77425734)
(4572.77720979, -8943.92834814, 1705.77425734)
(4572.78646882, -8943.8450172, 1705.77425734)
(4572.79481562, -8943.76989626, 1705.77425734)
(4572.80357329, -8943.69108088, 1705.77425734)
(4572.81132718, -8943.62129637, 1705.77425734)
(4572.81775852, -8943.56341624, 1705.77425734)
(4572.82359674, -8943.51087265, 1705.77425734)
(4572.83171554, -8943.43780419, 1705.77425734)
(4572.83892202, -8943.37294572, 1705.77425734)
(4572.84731447, -8943.29741423, 1705.77425734)
(4572.85474907, -8943.23050316, 1705.77425734)
(4572.86350662, -8943.1516877, 1705.77425734)
(4572.86929921, -8943.09955463, 1705.77425734)
(4572.87705317, -8943.02977015, 1705.77425734)
(4572.883986, -8942.96737462, 1705.77425734)
(4572.89192235, -8942.89594807, 1705.77425734)
(4572.89922011, -8942.83026852, 1705.77425734)
(4572.90615294, -8942.76787298, 1705.77425734)
(4572.9140438, -8942.69685702, 1705.77425734)
(4572.92038372, -8942.63979798, 1705.77425734)
(4572.92827449, -8942.56878193, 1705.77425734)
(4572.93516169, -8942.50679685, 1705.77425734)
(4572.94200333, -8942.44522226, 1705.77425734)
(4572.94952936, -8942.37749027, 1705.77425734)
(4572.95573248, -8942.32166274, 1705.77425734)
(4572.96426181, -8942.24489976, 1705.77425734)
(4572.97260854, -8942.16977876, 1705.77425734)
(4572.9802256, -8942.10122573, 1705.77425734)
(4572.98674789, -8942.0425247, 1705.77425734)
(4572.9950947, -8941.96740374, 1705.77425734)
(4573.00211901, -8941.90418719, 1705.77425734)
(4573.00845895, -8941.84712809, 1705.77425734)
(4573.01680581, -8941.77200708, 1705.77425734)
(4573.02615597, -8941.68785523, 1705.77425734)
(4573.03500457, -8941.60821881, 1705.77425734)
(4573.04052346, -8941.55854867, 1705.77425734)
(4573.04832295, -8941.48835361, 1705.77425734)
(4573.0577644, -8941.40338071, 1705.77425734)
(4573.06656755, -8941.32415481, 1705.77425734)
(4573.07477755, -8941.2502654, 1705.77425734)
(4573.08330701, -8941.17350241, 1705.77425734)
(4573.08914521, -8941.12095877, 1705.77425734)
(4573.09493785, -8941.06882562, 1705.77425734)
(4573.10282848, -8940.99780967, 1705.77425734)
(4573.10985258, -8940.93459313, 1705.77425734)
(4573.11856453, -8940.85618819, 1705.77425734)
(4573.12508689, -8940.7974871, 1705.77425734)
(4573.13129004, -8940.74165946, 1705.77425734)
(4573.13731065, -8940.6874739, 1705.77425734)
(4573.14497328, -8940.61851042, 1705.77425734)
(4573.15190613, -8940.55611488, 1705.77425734)
(4573.16043551, -8940.47935187, 1705.77425734)
(4573.16718591, -8940.41859829, 1705.77425734)
(4573.17475736, -8940.35045576, 1705.77425734)
(4573.18086918, -8940.2954492, 1705.77425734)
(4573.18734592, -8940.23715862, 1705.77425734)
(4573.1949175, -8940.16901609, 1705.77425734)
(4573.2019872, -8940.10538904, 1705.77425734)
(4573.20960425, -8940.036836, 1705.77425734)
(4573.2158985, -8939.98018744, 1705.77425734)
(4573.22141741, -8939.93051731, 1705.77425734)
(4573.22857845, -8939.86606928, 1705.77425734)
(4573.23519203, -8939.80654721, 1705.77425734)
(4573.24290029, -8939.73717314, 1705.77425734)
(4573.24919458, -8939.68052454, 1705.77425734)
(4573.25617314, -8939.61771849, 1705.77425734)
(4573.26192011, -8939.56599591, 1705.77425734)
(4573.27026694, -8939.49087494, 1705.77425734)
(4573.27642439, -8939.43545781, 1705.77425734)
(4573.28285551, -8939.37757768, 1705.77425734)
(4573.29101998, -8939.30409871, 1705.77425734)
(4573.29649328, -8939.25483912, 1705.77425734)
(4573.30333493, -8939.19326457, 1705.77425734)
(4573.31108879, -8939.12348006, 1705.77425734)
(4573.31779357, -8939.06313694, 1705.77425734)
(4573.32463526, -8939.00156235, 1705.77425734)
(4573.33051904, -8938.94860826, 1705.77425734)
(4573.33772556, -8938.88374974, 1705.77425734)
(4573.34456719, -8938.82217519, 1705.77425734)
(4573.35291408, -8938.74705418, 1705.77425734)
(4573.36021181, -8938.68137464, 1705.77425734)
(4573.36814814, -8938.60994815, 1705.77425734)
(4573.37430557, -8938.55453109, 1705.77425734)
(4573.37987011, -8938.50445046, 1705.77425734)
(4573.38689431, -8938.44123389, 1705.77425734)
(4573.39405522, -8938.37678583, 1705.77425734)
(4573.40158103, -8938.30905377, 1705.77425734)
(4573.4098366, -8938.23475383, 1705.77425734)
(4573.41562917, -8938.18262072, 1705.77425734)
(4573.42206039, -8938.12474063, 1705.77425734)
(4573.42917569, -8938.06070308, 1705.77425734)
(4573.43724884, -8937.98804505, 1705.77425734)
(4573.4444097, -8937.92359703, 1705.77425734)
(4573.45120572, -8937.86243299, 1705.77425734)
(4573.45968951, -8937.78608056, 1705.77425734)
(4573.4658926, -8937.73025295, 1705.77425734)
(4573.47218693, -8937.67360431, 1705.77425734)
(4573.47829875, -8937.61859769, 1705.77425734)
(4573.48454743, -8937.56235959, 1705.77425734)
(4573.4939434, -8937.47779722, 1705.77425734)
(4573.50101309, -8937.41417019, 1705.77425734)
(4573.50899505, -8937.34233316, 1705.77425734)
(4573.51510688, -8937.28732655, 1705.77425734)
(4573.5219029, -8937.22616248, 1705.77425734)
(4573.5282428, -8937.16910343, 1705.77425734)
(4573.53485643, -8937.10958136, 1705.77425734)
(4573.54115072, -8937.05293277, 1705.77425734)
(4573.54840286, -8936.98766368, 1705.77425734)
(4573.55533583, -8936.92526809, 1705.77425734)
(4573.56140208, -8936.87067202, 1705.77425734)
(4573.56783323, -8936.81279194, 1705.77425734)
(4573.57458361, -8936.7520384, 1705.77425734)
(4573.58124279, -8936.69210579, 1705.77425734)
(4573.58908796, -8936.62150026, 1705.77425734)
(4573.5991223, -8936.53119093, 1705.77425734)
(4573.60619203, -8936.4675639, 1705.77425734)
(4573.61271437, -8936.40886285, 1705.77425734)
(4573.62065087, -8936.3374359, 1705.77425734)
(4573.62913184, -8936.26272444, 1705.77425734)
(4573.63666766, -8936.19746253, 1705.77425734)
(4573.64763256, -8936.1026621, 1705.77425734)
(4573.65773689, -8936.01444016, 1705.77425734)
(4573.66641443, -8935.93852717, 1705.77425734)
(4573.67167119, -8935.89133615, 1705.77425734)
(4573.68201038, -8935.79776411, 1705.77425733)
(4573.69070027, -8935.72059415, 1705.77425734)
(4573.69905112, -8935.64794542, 1705.77425735)
(4573.70697182, -8935.57817934, 1705.77425734)
(4573.71508928, -8935.50676828, 1705.77425734)
(4573.72225477, -8935.44356988, 1705.77425734)
(4573.72986456, -8935.3762651, 1705.77425734)
(4573.73553178, -8935.32660425, 1705.77425734)
(4573.74185382, -8935.27161107, 1705.77425734)
(4573.75121234, -8935.19076844, 1705.77425734)
(4573.75780045, -8935.13250365, 1705.77425733)
(4573.7648743, -8935.06930792, 1705.77425733)
(4573.77115864, -8935.0134941, 1705.77425733)
(4573.77658854, -8934.96547509, 1705.77425734)
(4573.78406712, -8934.89940011, 1705.77425734)
(4573.7906797, -8934.84235266, 1705.77425734)
(4573.79765796, -8934.78243894, 1705.77425734)
(4573.80532182, -8934.71678597, 1705.77425734)
(4573.81153337, -8934.66180724, 1705.77425734)
(4573.81849705, -8934.5994346, 1705.77425733)
(4573.82539589, -8934.53828697, 1705.77425734)
(4573.83306716, -8934.46974951, 1705.77425734)
(4573.83913349, -8934.41598331, 1705.77425734)
(4573.84557308, -8934.35893524, 1705.77425734)
(4573.85188052, -8934.30311735, 1705.77425734)
(4573.85780026, -8934.25099203, 1705.77425734)
(4573.86540943, -8934.18450404, 1705.77425734)
(4573.87188604, -8934.12746235, 1705.77425734)
(4573.87772189, -8934.07575378, 1705.77425734)
(4573.88429096, -8934.01706712, 1705.77425733)
(4573.89067652, -8933.96124699, 1705.77425734)
(4573.89762526, -8933.90132917, 1705.77425735)
(4573.90373143, -8933.8479851, 1705.77425734)
(4573.91057893, -8933.788074, 1705.77425734)
(4573.91593201, -8933.74047389, 1705.77425733)
(4573.92166, -8933.68917706, 1705.77425733)
(4573.92823224, -8933.63007844, 1705.77425733)
(4573.93506245, -8933.57056234, 1705.77425734)
(4573.94191827, -8933.51146469, 1705.77425734)
(4573.95006416, -8933.44129341, 1705.77425734)
(4573.95600739, -8933.38959451, 1705.77425734)
(4573.96303138, -8933.32845634, 1705.77425734)
(4573.96893807, -8933.275935, 1705.77425733)
(4573.9753124, -8933.21889473, 1705.77425733)
(4573.98218133, -8933.15733475, 1705.77425734)
(4573.98874931, -8933.09905289, 1705.77425734)
(4573.99486684, -8933.044876, 1705.77425734)
(4574.00158826, -8932.98577281, 1705.77425734)
(4574.00702858, -8932.93775375, 1705.77425734)
(4574.01408019, -8932.87577999, 1705.77425734)
(4574.02045432, -8932.81955672, 1705.77425734)
(4574.0280361, -8932.75266207, 1705.77425734)
(4574.034783, -8932.69315453, 1705.77425734)
(4574.04139243, -8932.63487865, 1705.77425734)
(4574.04790844, -8932.57824239, 1705.77425734)
(4574.05561548, -8932.51176162, 1705.77425734)
(4574.06145297, -8932.46047192, 1705.77425734)
(4574.06736668, -8932.40794714, 1705.77425734)
(4574.0732814, -8932.35541927, 1705.77425734)
(4574.08071603, -8932.28893546, 1705.77425733)
(4574.08703677, -8932.23352544, 1705.77425734)
(4574.09386352, -8932.17442714, 1705.77425734)
(4574.10128104, -8932.1104093, 1705.77425734)
(4574.10672153, -8932.06240278, 1705.77425733)
(4574.11278353, -8932.008236, 1705.77425734)
(4574.11888252, -8931.95406489, 1705.77425733)
(4574.12654261, -8931.88552736, 1705.77425733)
(4574.13268411, -8931.83175814, 1705.77425734)
(4574.14037188, -8931.76527252, 1705.77425734)
(4574.14666256, -8931.71069278, 1705.77425734)
(4574.15395134, -8931.64790872, 1705.77425734)
(4574.16031919, -8931.59210803, 1705.77425734)
(4574.16688923, -8931.53384043, 1705.77425733)
(4574.17281491, -8931.48131376, 1705.77425733)
(4574.17934638, -8931.42303922, 1705.77425733)
(4574.18523658, -8931.37091641, 1705.77425734)
(4574.19071539, -8931.32248855, 1705.77425734)
(4574.19754115, -8931.26215896, 1705.77425734)
(4574.2039047, -8931.20593326, 1705.77425734)
(4574.20943667, -8931.15709494, 1705.77425735)
(4574.21630103, -8931.096763, 1705.77425734)
(4574.2233203, -8931.03479474, 1705.77425734)
(4574.23065757, -8930.96995146, 1705.77425734)
(4574.23768098, -8930.90798019, 1705.77425734)
(4574.24661616, -8930.8291845, 1705.77425734)
(4574.2538269, -8930.76557378, 1705.77425734)
(4574.26075852, -8930.70442482, 1705.77425734)
(4574.26769109, -8930.64327594, 1705.77425734)
(4574.27271676, -8930.59895327, 1705.77425734)
(4574.27965434, -8930.53780452, 1705.77425734)
(4574.2883723, -8930.46105794, 1705.77425734)
(4574.29483184, -8930.40442145, 1705.77425734)
