(4523.72126906, -9058.73000056, 1705.77430362)
(4523.77611944, -9058.73010999, 1705.77464656)
(4523.87525454, -9058.73028334, 1705.77425851)
(4523.96983298, -9058.73042266, 1705.77425734)
(4524.03095913, -9058.73049535, 1705.77425739)
(4524.12348037, -9058.73046051, 1705.77425736)
(4524.20823208, -9058.724575, 1705.77425731)
(4524.31130764, -9058.71826578, 1705.77425733)
(4524.4053045, -9058.70004976, 1705.77425734)
(4524.46450303, -9058.6705819, 1705.77425734)
(4524.51158307, -9058.63582096, 1705.77425723)
(4524.57537423, -9058.58540786, 1705.7742573)
(4524.63643848, -9058.54525885, 1705.77425732)
(4524.70378525, -9058.50343115, 1705.7742573)
(4524.75294231, -9058.47043784, 1705.77425731)
(4524.79850956, -9058.43883703, 1705.77425735)
(4524.85297985, -9058.40057505, 1705.77425733)
(4524.91658789, -9058.35531853, 1705.77425732)
(4524.96996555, -9058.317095, 1705.77425732)
(4525.02531788, -9058.27737638, 1705.77425734)
(4525.07762835, -9058.23984065, 1705.77425733)
(4525.14095615, -9058.19429834, 1705.77425733)
(4525.19895807, -9058.15261333, 1705.77425734)
(4525.25022031, -9058.1157066, 1705.77425733)
(4525.30412351, -9058.07682196, 1705.77425734)
(4525.35035807, -9058.04350478, 1705.77425734)
(4525.41029517, -9058.00025313, 1705.77425734)
(4525.46189263, -9057.96305878, 1705.77425734)
(4525.51413201, -9057.92535697, 1705.77425734)
(4525.56667177, -9057.88737942, 1705.77425734)
(4525.61992271, -9057.84894728, 1705.77425734)
(4525.68255015, -9057.80374689, 1705.77425734)
(4525.73647102, -9057.76483174, 1705.77425734)
(4525.79641922, -9057.72156512, 1705.77425734)
(4525.842972, -9057.6879675, 1705.77425734)
(4525.88885429, -9057.65485307, 1705.77425734)
(4525.95650192, -9057.60602181, 1705.77425734)
(4526.00908203, -9057.56807161, 1705.77425734)
(4526.0800803, -9057.51682604, 1705.77425734)
(4526.13868861, -9057.47452518, 1705.77425734)
(4526.20365873, -9057.42763034, 1705.77425734)
(4526.24418224, -9057.39838221, 1705.77425734)
(4526.29743122, -9057.35994838, 1705.77425734)
(4526.35269008, -9057.32006432, 1705.77425734)
(4526.41899708, -9057.2721992, 1705.77425734)
(4526.47191116, -9057.23400604, 1705.77425734)
(4526.54123365, -9057.18396718, 1705.77425734)
(4526.58443572, -9057.15278428, 1705.77425734)
(4526.64103268, -9057.1119319, 1705.77425734)
(4526.68992819, -9057.07663987, 1705.77425734)
(4526.7438464, -9057.03772179, 1705.77425734)
(4526.81215936, -9056.98840181, 1705.77425734)
(4526.86105344, -9056.95310791, 1705.77425734)
(4526.91028136, -9056.91757163, 1705.77425734)
(4526.96654332, -9056.87695981, 1705.77425734)
(4527.03686968, -9056.82619444, 1705.77425734)
(4527.09480619, -9056.78437434, 1705.77425734)
(4527.16747688, -9056.73191695, 1705.77425734)
(4527.22407385, -9056.69106383, 1705.77425734)
(4527.26861402, -9056.65891277, 1705.77425734)
(4527.32219666, -9056.62023489, 1705.77425734)
(4527.38548985, -9056.57454554, 1705.77425734)
(4527.44242155, -9056.53345023, 1705.77425734)
(4527.51073843, -9056.4841352, 1705.77425734)
(4527.56197707, -9056.44714964, 1705.77425734)
(4527.60986612, -9056.41258116, 1705.77425734)
(4527.65675132, -9056.37873834, 1705.77425734)
(4527.71100365, -9056.33957741, 1705.77425734)
(4527.77831555, -9056.29098711, 1705.77425734)
(4527.83223339, -9056.25206762, 1705.77425734)
(4527.88146201, -9056.21653225, 1705.77425734)
(4527.92600295, -9056.18438156, 1705.77425734)
(4527.98829273, -9056.13941896, 1705.77425734)
(4528.0482385, -9056.09614856, 1705.77425734)
(4528.11119722, -9056.05070139, 1705.77425734)
(4528.16879893, -9056.00912306, 1705.77425734)
(4528.22740441, -9055.96681891, 1705.77425734)
(4528.27562918, -9055.93200918, 1705.77425734)
(4528.32854191, -9055.8938151, 1705.77425734)
(4528.37911105, -9055.85731348, 1705.77425734)
(4528.43570789, -9055.81646065, 1705.77425734)
(4528.51038771, -9055.76255256, 1705.77425734)
(4528.57770137, -9055.71396408, 1705.77425734)
(4528.67247451, -9055.64555174, 1705.77425734)
(4528.74983533, -9055.58971167, 1705.77425734)
(4528.83121383, -9055.53096994, 1705.77425734)
(4528.89685319, -9055.48359053, 1705.77425734)
(4528.99263153, -9055.41445367, 1705.77425734)
(4529.04487493, -9055.37674317, 1705.77425734)
(4529.10448496, -9055.33371372, 1705.77425734)
(4529.15337979, -9055.29842076, 1705.77425734)
(4529.21299096, -9055.25539271, 1705.77425734)
(4529.27929926, -9055.20752901, 1705.77425734)
(4529.33556165, -9055.16691808, 1705.77425734)
(4529.41024263, -9055.11301145, 1705.77425734)
(4529.46047692, -9055.07675186, 1705.77425734)
(4529.50602232, -9055.0438762, 1705.77425734)
(4529.5666385, -9055.00012306, 1705.77425734)
(4529.63596153, -9054.95008462, 1705.77425734)
(4529.70059647, -9054.90343084, 1705.77425734)
(4529.7628867, -9054.85846876, 1705.77425734)
(4529.81881437, -9054.81809993, 1705.77425734)
(4529.87072297, -9054.78063167, 1705.77425734)
(4529.92296661, -9054.74292168, 1705.77425734)
(4529.98693104, -9054.69675065, 1705.77425734)
(4530.04587266, -9054.65420601, 1705.77425734)
(4530.11017211, -9054.60779339, 1705.77425734)
(4530.16777419, -9054.56621579, 1705.77425734)
(4530.23073418, -9054.52077022, 1705.77425734)
(4530.27460556, -9054.48910357, 1705.77425734)
(4530.32885844, -9054.44994321, 1705.77425734)
(4530.38143696, -9054.41199154, 1705.77425734)
(4530.44439677, -9054.36654569, 1705.77425734)
(4530.4959707, -9054.32931916, 1705.77425734)
(4530.55725623, -9054.28508224, 1705.77425734)
(4530.60648596, -9054.24954796, 1705.77425734)
(4530.67212524, -9054.20216873, 1705.77425734)
(4530.72269457, -9054.16566757, 1705.77425734)
(4530.78498499, -9054.12070573, 1705.77425734)
(4530.83019586, -9054.08807216, 1705.77425734)
(4530.88846725, -9054.04601075, 1705.77425734)
(4530.93870163, -9054.00975119, 1705.77425734)
(4531.00099196, -9053.96478922, 1705.77425734)
(4531.05624983, -9053.92490388, 1705.77425734)
(4531.11284702, -9053.88405143, 1705.77425734)
(4531.16843966, -9053.84392423, 1705.77425734)
(4531.21800419, -9053.80814824, 1705.77425734)
(4531.28531777, -9053.7595601, 1705.77425734)
(4531.34091048, -9053.71943292, 1705.77425734)
(4531.4112382, -9053.6686693, 1705.77425734)
(4531.46515646, -9053.62975084, 1705.77425734)
(4531.52543742, -9053.58623924, 1705.77425734)
(4531.56930883, -9053.55457268, 1705.77425734)
(4531.62691075, -9053.51299512, 1705.77425734)
(4531.68082892, -9053.47407658, 1705.77425734)
(4531.75015183, -9053.42403805, 1705.77425734)
(4531.79904662, -9053.3887454, 1705.77425734)
(4531.85932754, -9053.34523378, 1705.77425734)
(4531.90386873, -9053.31308373, 1705.77425734)
(4531.96247531, -9053.27078094, 1705.77425734)
(4532.02141707, -9053.22823661, 1705.77425734)
(4532.08035857, -9053.18569219, 1705.77425734)
(4532.15001623, -9053.13541163, 1705.77425734)
(4532.19757142, -9053.10108587, 1705.77425734)
(4532.25349869, -9053.06071676, 1705.77425734)
(4532.30674715, -9053.02228169, 1705.77425734)
(4532.377075, -9052.97151827, 1705.77425734)
(4532.43903079, -9052.92679835, 1705.77425734)
(4532.49897693, -9052.88352859, 1705.77425734)
(4532.53983428, -9052.8540376, 1705.77425734)
(4532.60413415, -9052.8076255, 1705.77425734)
(4532.66307578, -9052.76508106, 1705.77425734)
(4532.72000804, -9052.72398707, 1705.77425734)
(4532.78732171, -9052.67539901, 1705.77425734)
(4532.84224463, -9052.63575534, 1705.77425734)
(4532.90687921, -9052.58910123, 1705.77425734)
(4532.95979279, -9052.55090796, 1705.77425734)
(4533.01806446, -9052.50884688, 1705.77425734)
(4533.06628951, -9052.47403783, 1705.77425734)
(4533.14900864, -9052.41433054, 1705.77425734)
(4533.19689882, -9052.37976334, 1705.77425734)
(4533.27626895, -9052.32247334, 1705.77425734)
(4533.33788986, -9052.27799519, 1705.77425734)
(4533.43266512, -9052.20958554, 1705.77425734)
(4533.48658336, -9052.1706671, 1705.77425734)
(4533.57733977, -9052.105158, 1705.77425734)
(4533.65570535, -9052.04859336, 1705.77425734)
(4533.73842397, -9051.98888538, 1705.77425734)
(4533.78731884, -9051.95359285, 1705.77425734)
(4533.84726509, -9051.91032323, 1705.77425734)
(4533.89615997, -9051.87503081, 1705.77425734)
(4533.94907346, -9051.8368376, 1705.77425734)
(4534.01605226, -9051.78849132, 1705.77425734)
(4534.06528199, -9051.75295706, 1705.77425734)
(4534.12321879, -9051.71113774, 1705.77425734)
(4534.17713709, -9051.67221933, 1705.77425734)
(4534.24378125, -9051.62411513, 1705.77425734)
(4534.29535528, -9051.58688886, 1705.77425734)
(4534.34860365, -9051.54845389, 1705.77425734)
(4534.40218699, -9051.5097772, 1705.77425734)
(4534.4621331, -9051.4665074, 1705.77425734)
(4534.51203261, -9051.43048969, 1705.77425734)
(4534.57331841, -9051.38625309, 1705.77425734)
(4534.62623202, -9051.34805992, 1705.77425734)
(4534.68383402, -9051.30648242, 1705.77425734)
(4534.73138922, -9051.27215684, 1705.77425734)
(4534.78832126, -9051.23106261, 1705.77425734)
(4534.83855568, -9051.19480317, 1705.77425734)
(4534.89548783, -9051.15370908, 1705.77425734)
(4534.95375977, -9051.11164821, 1705.77425734)
(4535.02073883, -9051.06330227, 1705.77425734)
(4535.07800609, -9051.02196662, 1705.77425734)
(4535.12891017, -9050.98522374, 1705.77425734)
(4535.19086553, -9050.94050337, 1705.77425734)
(4535.23875566, -9050.90593599, 1705.77425734)
(4535.29434819, -9050.86580879, 1705.77425734)
(4535.35529929, -9050.82181406, 1705.77425734)
(4535.41323616, -9050.7799948, 1705.77425734)
(4535.47016853, -9050.73890089, 1705.77425734)
(4535.51805857, -9050.70433357, 1705.77425734)
(4535.56896273, -9050.66759069, 1705.77425734)
(4535.63058334, -9050.62311228, 1705.77425734)
(4535.68383181, -9050.58467728, 1705.77425734)
(4535.74109886, -9050.54334146, 1705.77425734)
(4535.78798433, -9050.50949937, 1705.77425734)
(4535.83888844, -9050.4727565, 1705.77425734)
(4535.89046241, -9050.43553019, 1705.77425734)
(4535.95375752, -9050.38984315, 1705.77425734)
(4536.01035496, -9050.34899089, 1705.77425734)
(4536.07766887, -9050.30040316, 1705.77425734)
(4536.1265637, -9050.26511069, 1705.77425734)
(4536.17880736, -9050.22740086, 1705.77425734)
(4536.23205588, -9050.18896596, 1705.77425734)
(4536.28296001, -9050.15222312, 1705.77425734)
(4536.343241, -9050.10871155, 1705.77425734)
(4536.38845197, -9050.07607806, 1705.77425734)
(4536.44571906, -9050.03474228, 1705.77425734)
(4536.49762798, -9049.99727427, 1705.77425734)
(4536.5548951, -9049.95593856, 1705.77425734)
(4536.62321351, -9049.90662536, 1705.77425734)
(4536.67143853, -9049.8718163, 1705.77425734)
(4536.7186587, -9049.83773235, 1705.77425734)
(4536.7796098, -9049.79373762, 1705.77425734)
(4536.84390969, -9049.74732553, 1705.77425734)
(4536.89849777, -9049.70792368, 1705.77425734)
(4536.95040657, -9049.67045562, 1705.77425734)
(4537.00432479, -9049.63153718, 1705.77425734)
(4537.0599173, -9049.59140993, 1705.77425734)
(4537.11450534, -9049.55200801, 1705.77425734)
(4537.17445157, -9049.50873834, 1705.77425734)
(4537.22836985, -9049.46981996, 1705.77425734)
(4537.28798123, -9049.4267921, 1705.77425734)
(4537.33955524, -9049.38956582, 1705.77425734)
(4537.39079426, -9049.35258124, 1705.77425734)
(4537.44504717, -9049.31342086, 1705.77425734)
(4537.49762586, -9049.27546933, 1705.77425734)
(4537.56360022, -9049.22784857, 1705.77425734)
(4537.61785339, -9049.18868844, 1705.77425734)
(4537.67210644, -9049.14952825, 1705.77425734)
(4537.73104809, -9049.10698386, 1705.77425734)
(4537.77592413, -9049.07459214, 1705.77425734)
(4537.83252136, -9049.03373974, 1705.77425734)
(4537.88710942, -9048.99433785, 1705.77425734)
(4537.94839525, -9048.95010131, 1705.77425734)
(4538.00331821, -9048.91045772, 1705.77425734)
(4538.05489211, -9048.87323138, 1705.77425734)
(4538.12488532, -9048.82270993, 1705.77425734)
(4538.17578925, -9048.78596685, 1705.77425734)
(4538.23104707, -9048.74608143, 1705.77425734)
(4538.3020448, -9048.69483463, 1705.77425734)
(4538.37203805, -9048.64431321, 1705.77425734)
(4538.44203107, -9048.59379155, 1705.77425734)
(4538.50197743, -9048.55052201, 1705.77425734)
(4538.57699386, -9048.49637438, 1705.77425734)
(4538.63761001, -9048.45262134, 1705.77425734)
(4538.70492385, -9048.40403351, 1705.77425734)
(4538.7501348, -9048.37140001, 1705.77425734)
(4538.81175549, -9048.32692169, 1705.77425734)
(4538.86265968, -9048.29017883, 1705.77425734)
(4538.92796428, -9048.24304154, 1705.77425734)
(4538.97652422, -9048.20799082, 1705.77425734)
(4539.03613562, -9048.16496299, 1705.77425734)
(4539.08971895, -9048.12628629, 1705.77425734)
(4539.14263232, -9048.0880929, 1705.77425734)
(4539.19722036, -9048.04869098, 1705.77425734)
(4539.25716661, -9048.00542136, 1705.77425734)
(4539.31074998, -9047.96674469, 1705.77425734)
(4539.3609843, -9047.93048527, 1705.77425734)
(4539.40318122, -9047.9000274, 1705.77425734)
(4539.4604484, -9047.85869172, 1705.77425734)
(4539.52273885, -9047.8137299, 1705.77425734)
(4539.57732691, -9047.77432801, 1705.77425734)
(4539.64229661, -9047.72743247, 1705.77425734)
(4539.69052165, -9047.69262346, 1705.77425734)
(4539.74443983, -9047.65370503, 1705.77425734)
(4539.80405128, -9047.6106772, 1705.77425734)
(4539.87404429, -9047.56015556, 1705.77425734)
(4539.93533023, -9047.51591906, 1705.77425734)
(4540.00733263, -9047.46394703, 1705.77425734)
(4540.0666092, -9047.42116092, 1705.77425734)
(4540.13258349, -9047.37354006, 1705.77425734)
(4540.18415745, -9047.3363137, 1705.77425734)
(4540.23841047, -9047.29715347, 1705.77425734)
(4540.28496102, -9047.26355308, 1705.77425734)
(4540.35194012, -9047.21520719, 1705.77425734)
(4540.40384902, -9047.17773919, 1705.77425734)
(4540.4664745, -9047.1325358, 1705.77425734)
(4540.51402971, -9047.09821024, 1705.77425734)
(4540.56761305, -9047.05953358, 1705.77425734)
(4540.62856398, -9047.01553874, 1705.77425734)
(4540.68281713, -9046.9763786, 1705.77425734)
(4540.74912642, -9046.92851613, 1705.77425734)
(4540.80204, -9046.89032293, 1705.77425734)
(4540.86366078, -9046.8458447, 1705.77425734)
(4540.90686237, -9046.81466165, 1705.77425734)
(4540.95508736, -9046.77985265, 1705.77425734)
(4541.02106167, -9046.73223181, 1705.77425734)
(4541.07464503, -9046.6935551, 1705.77425734)
(4541.13827516, -9046.64762647, 1705.77425734)
(4541.18716999, -9046.61233403, 1705.77425734)
(4541.2467814, -9046.5693062, 1705.77425734)
(4541.29802051, -9046.53232165, 1705.77425734)
(4541.35897152, -9046.48832694, 1705.77425734)
(4541.42126197, -9046.44336508, 1705.77425734)
(4541.47015678, -9046.40807259, 1705.77425734)
(4541.52474472, -9046.36867065, 1705.77425734)
(4541.57966767, -9046.32902706, 1705.77425734)
(4541.64028376, -9046.28527404, 1705.77425734)
(4541.69353224, -9046.24683912, 1705.77425734)
(4541.74912492, -9046.20671206, 1705.77425734)
(4541.80940601, -9046.1632006, 1705.77425734)
(4541.85193779, -9046.13250096, 1705.77425734)
(4541.91389345, -9046.08778099, 1705.77425734)
(4541.96580233, -9046.05031296, 1705.77425734)
(4542.03479082, -9046.0005167, 1705.77425734)
(4542.08971377, -9045.96087313, 1705.77425734)
(4542.14028301, -9045.924372, 1705.77425734)
(4542.19788493, -9045.88279438, 1705.77425734)
(4542.25046359, -9045.84484286, 1705.77425734)
(4542.31074476, -9045.80133152, 1705.77425734)
(4542.36030937, -9045.7655556, 1705.77425734)
(4542.42360463, -9045.71986874, 1705.77425734)
(4542.47517862, -9045.68264245, 1705.77425734)
(4542.52608276, -9045.64589961, 1705.77425734)
(4542.58803832, -9045.60117951, 1705.77425734)
(4542.63860759, -9045.56467834, 1705.77425734)
(4542.69754919, -9045.52213392, 1705.77425734)
(4542.74543932, -9045.48756664, 1705.77425734)
(4542.80069709, -9045.4476813, 1705.77425734)
(4542.85461536, -9045.40876291, 1705.77425734)
(4542.91288721, -9045.36670203, 1705.77425734)
(4542.97584748, -9045.32125678, 1705.77425734)
(4543.02172822, -9045.28813983, 1705.77425734)
(4543.09908907, -9045.2323003, 1705.77425734)
(4543.16740784, -9045.18298754, 1705.77425734)
(4543.25782958, -9045.11772048, 1705.77425734)
(4543.33050197, -9045.06526523, 1705.77425734)
(4543.41456058, -9045.00459088, 1705.77425734)
(4543.47015333, -9044.96446385, 1705.77425734)
(4543.55052827, -9044.90644878, 1705.77425734)
(4543.62688456, -9044.85133455, 1705.77425734)
(4543.69654277, -9044.80105475, 1705.77425734)
(4543.74644226, -9044.76503707, 1705.77425734)
(4543.80504896, -9044.72273439, 1705.77425734)
(4543.85796253, -9044.68454118, 1705.77425734)
(4543.91522968, -9044.64320545, 1705.77425734)
(4543.96613388, -9044.60646263, 1705.77425734)
(4544.0110099, -9044.57407092, 1705.77425734)
(4544.07530978, -9044.52765877, 1705.77425734)
(4544.12688376, -9044.49043245, 1705.77425734)
(4544.18850453, -9044.44595422, 1705.77425734)
(4544.23806914, -9044.4101783, 1705.77425734)
(4544.29031285, -9044.37246852, 1705.77425734)
(4544.33987743, -9044.33669258, 1705.77425734)
(4544.40216796, -9044.29173084, 1705.77425734)
(4544.45173255, -9044.2559549, 1705.77425734)
(4544.51201374, -9044.21244358, 1705.77425734)
(4544.56057366, -9044.17739284, 1705.77425734)
(4544.62051998, -9044.13412329, 1705.77425734)
(4544.66305174, -9044.10342366, 1705.77425734)
(4544.72400269, -9044.05942885, 1705.77425734)
(4544.77524177, -9044.02244426, 1705.77425734)
(4544.84523493, -9043.97192279, 1705.77425734)
(4544.90082766, -9043.93179574, 1705.77425734)
(4544.97149063, -9043.88079082, 1705.77425734)
(4545.01301773, -9043.85081641, 1705.77425734)
(4545.06727083, -9043.81165627, 1705.77425734)
(4545.12018437, -9043.77346304, 1705.77425734)
(4545.18649364, -9043.72560054, 1705.77425734)
(4545.23505355, -9043.69054979, 1705.77425734)
(4545.29600453, -9043.64655502, 1705.77425734)
(4545.34623892, -9043.61029563, 1705.77425734)
(4545.41087378, -9043.56364185, 1705.77425734)
(4545.46881078, -9043.52182271, 1705.77425734)
(4545.53177117, -9043.4763776, 1705.77425734)
(4545.59071282, -9043.43383324, 1705.77425734)
(4545.63056542, -9043.40506745, 1705.77425734)
(4545.69687471, -9043.35720497, 1705.77425734)
(4545.75916534, -9043.31224332, 1705.77425734)
(4545.83083297, -9043.26051319, 1705.77425734)
(4545.88642568, -9043.22038612, 1705.77425734)
(4545.96244695, -9043.1655135, 1705.77425734)
(4546.0153605, -9043.12732027, 1705.77425734)
(4546.06793909, -9043.08936873, 1705.77425734)
(4546.11147557, -9043.05794392, 1705.77425734)
(4546.17811981, -9043.00983979, 1705.77425734)
(4546.23605678, -9042.96802062, 1705.77425734)
(4546.30002177, -9042.92185021, 1705.77425734)
(4546.35260041, -9042.88389869, 1705.77425734)
(4546.40852794, -9042.84352984, 1705.77425734)
(4546.45708785, -9042.80847909, 1705.77425734)
(4546.5213878, -9042.76206703, 1705.77425734)
(4546.57664563, -9042.72218171, 1705.77425734)
(4546.65032267, -9042.66900125, 1705.77425734)
(4546.70725498, -9042.62790729, 1705.77425734)
(4546.76184297, -9042.58850541, 1705.77425734)
(4546.81274713, -9042.55176255, 1705.77425734)
(4546.86633047, -9042.51308588, 1705.77425734)
(4546.92761633, -9042.46884936, 1705.77425734)
(4546.98186946, -9042.42968921, 1705.77425734)
(4547.04717409, -9042.38255195, 1705.77425734)
(4547.09405952, -9042.34870985, 1705.77425734)
(4547.14529856, -9042.31172527, 1705.77425734)
(4547.19955167, -9042.27256512, 1705.77425734)
(4547.26485627, -9042.22542782, 1705.77425734)
(4547.31509065, -9042.18916841, 1705.77425734)
(4547.36599476, -9042.15242553, 1705.77425734)
(4547.4209177, -9042.11278193, 1705.77425734)
(4547.47885464, -9042.07096275, 1705.77425734)
(4547.53712651, -9042.02890185, 1705.77425734)
(4547.58401192, -9041.99505976, 1705.77425734)
(4547.63826498, -9041.95589955, 1705.77425734)
(4547.68715978, -9041.92060707, 1705.77425734)
(4547.75748786, -9041.86984389, 1705.77425734)
(4547.80537797, -9041.83527661, 1705.77425734)
(4547.86063576, -9041.79539127, 1705.77425734)
(4547.90919565, -9041.76034052, 1705.77425734)
(4547.98119816, -9041.70836864, 1705.77425734)
(4548.04382369, -9041.66316526, 1705.77425734)
(4548.1305616, -9041.60055726, 1705.77425734)
(4548.19854544, -9041.55148621, 1705.77425734)
(4548.28528332, -9041.48887814, 1705.77425734)
(4548.32982448, -9041.45672817, 1705.77425734)
(4548.4138833, -9041.3960541, 1705.77425734)
(4548.47315988, -9041.35326804, 1705.77425734)
(4548.55788847, -9041.29211049, 1705.77425734)
(4548.62486764, -9041.24376465, 1705.77425734)
(4548.70758683, -9041.18405743, 1705.77425734)
(4548.75849099, -9041.14731458, 1705.77425734)
(4548.81140447, -9041.1091213, 1705.77425734)
(4548.86197375, -9041.07262017, 1705.77425734)
(4548.93096225, -9041.02282392, 1705.77425734)
(4548.98822945, -9040.98148822, 1705.77425734)
(4549.05654815, -9040.93217542, 1705.77425734)
(4549.118169, -9040.88769725, 1705.77425734)
(4549.18648771, -9040.83838445, 1705.77425734)
(4549.23605231, -9040.80260853, 1705.77425734)
(4549.28628666, -9040.76634914, 1705.77425734)
(4549.34154447, -9040.7264638, 1705.77425734)
(4549.40852356, -9040.67811788, 1705.77425734)
(4549.45574387, -9040.64403403, 1705.77425734)
(4549.51702976, -9040.59979754, 1705.77425734)
(4549.56659435, -9040.56402161, 1705.77425734)
(4549.6325688, -9040.51640092, 1705.77425734)
(4549.68079381, -9040.48159191, 1705.77425734)
(4549.7360516, -9040.44170659, 1705.77425734)
(4549.79700255, -9040.39771177, 1705.77425734)
(4549.84623224, -9040.36217754, 1705.77425734)
(4549.90450407, -9040.32011662, 1705.77425734)
(4549.95607804, -9040.28289031, 1705.77425734)
(4550.02573634, -9040.2326106, 1705.77425734)
(4550.07295666, -9040.19852679, 1705.77425734)
(4550.13122851, -9040.15646589, 1705.77425734)
(4550.17777903, -9040.12286552, 1705.77425734)
(4550.24710241, -9040.0728275, 1705.77425734)
(4550.29666699, -9040.03705156, 1705.77425734)
(4550.35895758, -9039.99208989, 1705.77425734)
(4550.41220602, -9039.95365495, 1705.77425734)
(4550.48186432, -9039.90337523, 1705.77425734)
(4550.52975443, -9039.86880796, 1705.77425734)
(4550.58635181, -9039.8279557, 1705.77425734)
(4550.63390701, -9039.79363014, 1705.77425734)
(4550.7018908, -9039.74455904, 1705.77425734)
(4550.74844133, -9039.71095867, 1705.77425734)
(4550.80704806, -9039.66865602, 1705.77425734)
(4550.85694755, -9039.63263837, 1705.77425734)
(4550.92694075, -9039.58211694, 1705.77425734)
(4550.98822667, -9039.53788047, 1705.77425734)
(4551.04817301, -9039.49461093, 1705.77425734)
(4551.0967329, -9039.45956018, 1705.77425734)
(4551.16002814, -9039.41387328, 1705.77425734)
(4551.21227189, -9039.3761635, 1705.77425734)
(4551.27891611, -9039.32805933, 1705.77425734)
(4551.32881559, -9039.29204167, 1705.77425734)
(4551.39177597, -9039.24659654, 1705.77425734)
(4551.4386614, -9039.21275445, 1705.77425734)
(4551.50028221, -9039.16827626, 1705.77425734)
(4551.55554002, -9039.12839092, 1705.77425734)
(4551.61783057, -9039.08342922, 1705.77425734)
(4551.6637113, -9039.05031229, 1705.77425734)
(4551.72633677, -9039.00510888, 1705.77425734)
(4551.77087792, -9038.97295888, 1705.77425734)
(4551.83015446, -9038.93017279, 1705.77425734)
(4551.88775653, -9038.88859535, 1705.77425734)
(4551.95004715, -9038.8436337, 1705.77425734)
(4552.0126726, -9038.79843026, 1705.77425734)
(4552.06491635, -9038.76072048, 1705.77425734)
(4552.12017412, -9038.72083512, 1705.77425734)
(4552.17342256, -9038.68240017, 1705.77425734)
(4552.24073658, -9038.63381256, 1705.77425734)
(4552.29465482, -9038.59489415, 1705.77425734)
(4552.36565271, -9038.54364753, 1705.77425734)
(4552.41555219, -9038.50762988, 1705.77425734)
(4552.46913551, -9038.46895319, 1705.77425734)
(4552.52573289, -9038.42810094, 1705.77425734)
(4552.60778229, -9038.3688772, 1705.77425734)
(4552.6710776, -9038.32319035, 1705.77425734)
(4552.77456029, -9038.24849586, 1705.77425734)
(4552.84354884, -9038.19869964, 1705.77425734)
(4552.92191441, -9038.14213494, 1705.77425734)
(4552.96980452, -9038.10756766, 1705.77425734)
(4553.03879301, -9038.0577714, 1705.77425734)
(4553.09806957, -9038.01498532, 1705.77425734)
(4553.18112369, -9037.95503642, 1705.77425734)
(4553.23571171, -9037.91563455, 1705.77425734)
(4553.29867209, -9037.87018941, 1705.77425734)
(4553.34220855, -9037.8387646, 1705.77425734)
(4553.40248977, -9037.79525332, 1705.77425734)
(4553.45774759, -9037.755368, 1705.77425734)
(4553.51836372, -9037.711615, 1705.77425734)
(4553.575296, -9037.67052102, 1705.77425734)
(4553.62586527, -9037.63401991, 1705.77425734)
(4553.6841371, -9037.59195897, 1705.77425734)
(4553.73068762, -9037.5583586, 1705.77425734)
(4553.79532249, -9037.51170484, 1705.77425734)
(4553.83818916, -9037.48076349, 1705.77425734)
(4553.88942821, -9037.44377892, 1705.77425734)
(4553.94066727, -9037.40679434, 1705.77425734)
(4554.01367451, -9037.35409732, 1705.77425734)
(4554.06424378, -9037.3175962, 1705.77425734)
(4554.12151094, -9037.27626047, 1705.77425734)
(4554.17040574, -9037.240968, 1705.77425734)
(4554.22465884, -9037.20180786, 1705.77425734)
(4554.28226092, -9037.16023042, 1705.77425734)
(4554.3519192, -9037.10995068, 1705.77425734)
(4554.41354002, -9037.06547249, 1705.77425734)
(4554.48118893, -9037.01664312, 1705.77425734)
(4554.52439049, -9036.98546004, 1705.77425734)
(4554.58534149, -9036.94146529, 1705.77425734)
(4554.6409342, -9036.90133823, 1705.77425734)
(4554.70724355, -9036.85347582, 1705.77425734)
(4554.76551543, -9036.81141493, 1705.77425734)
(4554.8304852, -9036.76451945, 1705.77425734)
(4554.87971489, -9036.72898525, 1705.77425734)
(4554.92827477, -9036.69393451, 1705.77425734)
(4554.98319769, -9036.65429091, 1705.77425734)
(4555.04783254, -9036.60763713, 1705.77425734)
(4555.10677421, -9036.56509278, 1705.77425734)
(4555.1613622, -9036.52569089, 1705.77425734)
(4555.20925231, -9036.49112361, 1705.77425734)
(4555.26082625, -9036.4538973, 1705.77425734)
(4555.31072572, -9036.41787963, 1705.77425734)
(4555.37469078, -9036.3717093, 1705.77425734)
(4555.43463714, -9036.32843976, 1705.77425734)
(4555.49290898, -9036.28637885, 1705.77425734)
(4555.54314336, -9036.25011946, 1705.77425734)
(4555.59974073, -9036.2092672, 1705.77425734)
(4555.65466365, -9036.16962361, 1705.77425734)
(4555.70523291, -9036.13312249, 1705.77425734)
(4555.77120733, -9036.08550176, 1705.77425734)
(4555.82110681, -9036.04948409, 1705.77425734)
(4555.88909062, -9036.00041303, 1705.77425734)
(4555.94032968, -9035.96342845, 1705.77425734)
(4555.9935781, -9035.92499348, 1705.77425734)
(4556.04816612, -9035.88559162, 1705.77425734)
(4556.10342392, -9035.84570629, 1705.77425734)
(4556.15432804, -9035.80896339, 1705.77425734)
(4556.20221814, -9035.77439609, 1705.77425734)
(4556.2594853, -9035.73306038, 1705.77425734)
(4556.3160827, -9035.69220813, 1705.77425734)
(4556.37602904, -9035.64893859, 1705.77425734)
(4556.42425403, -9035.61412957, 1705.77425734)
(4556.48051648, -9035.57351901, 1705.77425734)
(4556.53309513, -9035.53556751, 1705.77425734)
(4556.59404614, -9035.49157277, 1705.77425734)
(4556.64394562, -9035.45555511, 1705.77425734)
(4556.69819873, -9035.41639496, 1705.77425734)
(4556.7558008, -9035.37481752, 1705.77425734)
(4556.80770965, -9035.33734948, 1705.77425734)
(4556.86732107, -9035.29432164, 1705.77425734)
(4556.91856013, -9035.25733706, 1705.77425734)
(4556.97549239, -9035.21624306, 1705.77425734)
(4557.02773615, -9035.1785333, 1705.77425734)
(4557.08835227, -9035.1347803, 1705.77425734)
(4557.1419356, -9035.09610362, 1705.77425734)
(4557.19853295, -9035.05525133, 1705.77425734)
(4557.25312097, -9035.01584946, 1705.77425734)
(4557.33952405, -9034.95348327, 1705.77425734)
(4557.39813082, -9034.91118064, 1705.77425734)
(4557.46912869, -9034.859934, 1705.77425734)
(4557.53007972, -9034.81593927, 1705.77425734)
(4557.59705884, -9034.76759338, 1705.77425734)
(4557.66169374, -9034.72093962, 1705.77425734)
(4557.7333614, -9034.66920952, 1705.77425734)
(4557.7966567, -9034.62352268, 1705.77425734)
(4557.85593322, -9034.58073657, 1705.77425734)
(4557.90315353, -9034.54665273, 1705.77425734)
(4557.95472747, -9034.50942641, 1705.77425734)
(4558.01500872, -9034.46591515, 1705.77425734)
(4558.07696443, -9034.42119522, 1705.77425734)
(4558.12987797, -9034.38300201, 1705.77425734)
(4558.18647535, -9034.34214976, 1705.77425734)
(4558.23938889, -9034.30395654, 1705.77425734)
(4558.29464667, -9034.26407118, 1705.77425734)
(4558.35023938, -9034.22394412, 1705.77425734)
(4558.40750654, -9034.18260841, 1705.77425734)
(4558.46343415, -9034.14223962, 1705.77425734)
(4558.5297435, -9034.09437722, 1705.77425734)
(4558.58299194, -9034.05594227, 1705.77425734)
(4558.63523568, -9034.01823251, 1705.77425734)
(4558.68747942, -9033.98052274, 1705.77425734)
(4558.73771377, -9033.94426333, 1705.77425734)
(4558.79230179, -9033.90486146, 1705.77425734)
(4558.86262989, -9033.8540983, 1705.77425734)
(4558.9182226, -9033.81397125, 1705.77425734)
(4558.97180592, -9033.77529456, 1705.77425734)
(4559.02404966, -9033.73758479, 1705.77425734)
(4559.07796788, -9033.69866638, 1705.77425734)
(4559.14193295, -9033.65249606, 1705.77425734)
(4559.20120951, -9033.60970998, 1705.77425734)
(4559.26550948, -9033.56329794, 1705.77425734)
(4559.31775323, -9033.52558817, 1705.77425734)
(4559.38473237, -9033.4772423, 1705.77425734)
(4559.43630633, -9033.440016, 1705.77425734)
(4559.48687558, -9033.40351488, 1705.77425734)
(4559.5411287, -9033.36435473, 1705.77425734)
(4559.60007036, -9033.32181038, 1705.77425734)
(4559.66403543, -9033.27564006, 1705.77425734)
(4559.71025105, -9033.24228142, 1705.77425734)
(4559.75948072, -9033.20674721, 1705.77425734)
(4559.81641301, -9033.16565324, 1705.77425734)
(4559.87301039, -9033.12480099, 1705.77425734)
(4559.93764524, -9033.07814719, 1705.77425734)
(4559.99256815, -9033.03850358, 1705.77425734)
(4560.04883062, -9032.99789304, 1705.77425734)
(4560.09939988, -9032.96139192, 1705.77425734)
(4560.1687233, -9032.91135394, 1705.77425734)
(4560.21962746, -9032.8746111, 1705.77425734)
(4560.27388057, -9032.83545095, 1705.77425734)
(4560.32679411, -9032.79725773, 1705.77425734)
(4560.37803316, -9032.76027315, 1705.77425734)
(4560.44467739, -9032.71216899, 1705.77425734)
(4560.4996003, -9032.67252539, 1705.77425734)
(4560.56289559, -9032.62683854, 1705.77425734)
(4560.61748361, -9032.58743667, 1705.77425734)
(4560.6647039, -9032.55335283, 1705.77425734)
(4560.71694765, -9032.51564307, 1705.77425734)
(4560.77789868, -9032.47164834, 1705.77425734)
(4560.83784499, -9032.42837877, 1705.77425734)
(4560.89109342, -9032.3899438, 1705.77425734)
(4560.94266736, -9032.35271748, 1705.77425734)
(4560.99491111, -9032.31500772, 1705.77425734)
(4561.06389963, -9032.26521148, 1705.77425734)
(4561.12116682, -9032.22387578, 1705.77425734)
(4561.18714128, -9032.17625511, 1705.77425734)
(4561.24775741, -9032.13250211, 1705.77425734)
(4561.30602928, -9032.09044121, 1705.77425734)
(4561.35324958, -9032.05635738, 1705.77425734)
(4561.41319591, -9032.01308782, 1705.77425734)
(4561.47649121, -9031.96740099, 1705.77425734)
(4561.54313545, -9031.91929684, 1705.77425734)
(4561.59839326, -9031.87941151, 1705.77425734)
(4561.67441459, -9031.82453895, 1705.77425734)
(4561.73067709, -9031.78392844, 1705.77425734)
(4561.80401925, -9031.73098971, 1705.77425734)
(4561.86497028, -9031.68699498, 1705.77425734)
(4561.94065671, -9031.63236414, 1705.77425734)
(4561.99658431, -9031.59199535, 1705.77425734)
(4562.08633635, -9031.52721188, 1705.77425734)
(4562.15565978, -9031.47717392, 1705.77425734)
(4562.21393162, -9031.435113, 1705.77425734)
(4562.2631613, -9031.39957879, 1705.77425734)
(4562.32176804, -9031.35727615, 1705.77425734)
(4562.37568627, -9031.31835773, 1705.77425734)
(4562.44433989, -9031.26880322, 1705.77425734)
(4562.4999326, -9031.22867616, 1705.77425734)
(4562.56724664, -9031.18008857, 1705.77425734)
(4562.61245758, -9031.14745512, 1705.77425734)
(4562.67173412, -9031.10466904, 1705.77425734)
(4562.72565234, -9031.06575062, 1705.77425734)
(4562.79363616, -9031.01667956, 1705.77425734)
(4562.84521012, -9030.97945325, 1705.77425734)
(4562.90247728, -9030.93811753, 1705.77425734)
(4562.9567304, -9030.89895738, 1705.77425734)
(4563.02203507, -9030.85182016, 1705.77425734)
(4563.07394392, -9030.81435213, 1705.77425734)
(4563.12953662, -9030.77422507, 1705.77425734)
(4563.18881317, -9030.73143899, 1705.77425734)
(4563.24306629, -9030.69227884, 1705.77425734)
(4563.3040173, -9030.6482841, 1705.77425734)
(4563.35793552, -9030.60936568, 1705.77425734)
(4563.42859852, -9030.55836079, 1705.77425734)
(4563.47514903, -9030.52476042, 1705.77425734)
(4563.52404381, -9030.48946794, 1705.77425734)
(4563.58265058, -9030.44716532, 1705.77425734)
(4563.63188026, -9030.41163112, 1705.77425734)
(4563.69919428, -9030.3630435, 1705.77425734)
(4563.75143802, -9030.32533373, 1705.77425734)
(4563.81841717, -9030.27698786, 1705.77425734)
(4563.8713307, -9030.23879464, 1705.77425734)
(4563.92893277, -9030.1972172, 1705.77425734)
(4563.98452548, -9030.15709014, 1705.77425734)
(4564.05183952, -9030.10850255, 1705.77425734)
(4564.10374837, -9030.07103452, 1705.77425734)
(4564.15632701, -9030.03308302, 1705.77425734)
(4564.2042171, -9029.99851573, 1705.77425734)
(4564.27052645, -9029.95065332, 1705.77425734)
(4564.3224353, -9029.91318528, 1705.77425734)
(4564.38037226, -9029.87136611, 1705.77425734)
(4564.4252483, -9029.83897439, 1705.77425734)
(4564.48285037, -9029.79739696, 1705.77425734)
(4564.53174516, -9029.76210448, 1705.77425734)
(4564.59604513, -9029.71569245, 1705.77425734)
(4564.64460502, -9029.6806417, 1705.77425734)
(4564.69617897, -9029.64341538, 1705.77425734)
(4564.74641334, -9029.60715599, 1705.77425734)
(4564.80167114, -9029.56727067, 1705.77425734)
(4564.866306, -9029.52061689, 1705.77425734)
(4564.91721016, -9029.48387403, 1705.77425734)
(4564.97749139, -9029.44036275, 1705.77425734)
(4565.03007003, -9029.40241126, 1705.77425734)
(4565.08432314, -9029.36325111, 1705.77425734)
(4565.13355283, -9029.32771691, 1705.77425734)
(4565.18512678, -9029.29049061, 1705.77425734)
(4565.25177101, -9029.24238645, 1705.77425734)
(4565.30535434, -9029.20370977, 1705.77425734)
(4565.36563557, -9029.16019849, 1705.77425734)
(4565.41386057, -9029.12538947, 1705.77425734)
(4565.47548138, -9029.08091128, 1705.77425734)
(4565.52672044, -9029.04392671, 1705.77425734)
(4565.57595012, -9029.00839251, 1705.77425734)
(4565.64058499, -9028.96173873, 1705.77425734)
(4565.68311676, -9028.93103911, 1705.77425734)
(4565.74205841, -9028.88849475, 1705.77425734)
(4565.79329746, -9028.85151018, 1705.77425734)
(4565.85994172, -9028.80340605, 1705.77425734)
(4565.92859535, -9028.75385155, 1705.77425734)
(4565.99791878, -9028.70381358, 1705.77425734)
(4566.06054429, -9028.65861022, 1705.77425734)
(4566.12116043, -9028.61485721, 1705.77425734)
(4566.16938542, -9028.5800482, 1705.77425734)
(4566.22866195, -9028.5372621, 1705.77425734)
(4566.29765049, -9028.48746586, 1705.77425734)
(4566.36161556, -9028.44129556, 1705.77425734)
(4566.41553379, -9028.40237714, 1705.77425734)
(4566.48351761, -9028.35330608, 1705.77425734)
(4566.54279417, -9028.31052, 1705.77425734)
(4566.62450873, -9028.25153804, 1705.77425734)
(4566.69115299, -9028.20343392, 1705.77425734)
(4566.76884879, -9028.1473527, 1705.77425734)
(4566.82176232, -9028.10915948, 1705.77425734)
(4566.87568053, -9028.07024105, 1705.77425734)
(4566.9182123, -9028.03954143, 1705.77425734)
(4566.9888753, -9027.98853654, 1705.77425734)
(4567.04413311, -9027.94865121, 1705.77425734)
(4567.11714038, -9027.89595423, 1705.77425734)
(4567.17876121, -9027.85147604, 1705.77425734)
(4567.25210338, -9027.79853733, 1705.77425734)
(4567.31071014, -9027.75623471, 1705.77425734)
(4567.35625596, -9027.72335952, 1705.77425734)
(4567.40849971, -9027.68564976, 1705.77425734)
(4567.4644273, -9027.64528097, 1705.77425734)
(4567.53877414, -9027.59161704, 1705.77425734)
(4567.59034809, -9027.55439073, 1705.77425734)
(4567.65129911, -9027.51039599, 1705.77425734)
(4567.69717984, -9027.47727908, 1705.77425734)
(4567.75411211, -9027.4361851, 1705.77425734)
(4567.8033418, -9027.40065089, 1705.77425734)
(4567.87266522, -9027.35061293, 1705.77425734)
(4567.92926261, -9027.30976069, 1705.77425734)
(4568.0072933, -9027.25343774, 1705.77425734)
(4568.06087663, -9027.21476105, 1705.77425734)
(4568.11814379, -9027.17342533, 1705.77425734)
(4568.17038753, -9027.13571556, 1705.77425734)
(4568.23033387, -9027.09244601, 1705.77425734)
(4568.28458699, -9027.05328587, 1705.77425734)
(4568.34185416, -9027.01195016, 1705.77425734)
(4568.38706509, -9026.97931671, 1705.77425734)
(4568.43997863, -9026.94112349, 1705.77425734)
(4568.48920831, -9026.90558928, 1705.77425734)
(4568.55049423, -9026.86135282, 1705.77425734)
(4568.60776141, -9026.82001711, 1705.77425734)
(4568.66000514, -9026.78230734, 1705.77425734)
(4568.70421139, -9026.75039908, 1705.77425734)
(4568.76013898, -9026.71003029, 1705.77425734)
(4568.83281135, -9026.65757502, 1705.77425734)
(4568.88639468, -9026.61889833, 1705.77425734)
(4568.93997799, -9026.58022164, 1705.77425734)
(4568.98317955, -9026.54903856, 1705.77425734)
(4569.04413058, -9026.50504383, 1705.77425734)
(4569.1060863, -9026.46032392, 1705.77425734)
(4569.16435817, -9026.41826303, 1705.77425734)
(4569.22765345, -9026.37257617, 1705.77425734)
(4569.27855761, -9026.33583332, 1705.77425734)
(4569.32711749, -9026.30078257, 1705.77425734)
(4569.37802165, -9026.26403971, 1705.77425734)
(4569.45035913, -9026.21182619, 1705.77425734)
(4569.50930079, -9026.16928184, 1705.77425734)
(4569.58297786, -9026.1161014, 1705.77425734)
(4569.63220754, -9026.08056719, 1705.77425734)
(4569.67842316, -9026.04720855, 1705.77425734)
(4569.72162472, -9026.01602548, 1705.77425734)
(4569.78458511, -9025.97058036, 1705.77425734)
(4569.84017782, -9025.9304533, 1705.77425734)
(4569.90782676, -9025.88162399, 1705.77425734)
(4569.95370748, -9025.84850708, 1705.77425734)
(4570.00796059, -9025.80934693, 1705.77425734)
(4570.0632184, -9025.7694616, 1705.77425734)
(4570.11412256, -9025.73271875, 1705.77425734)
(4570.17708295, -9025.68727364, 1705.77425734)
(4570.23066628, -9025.64859696, 1705.77425734)
(4570.29295689, -9025.60363531, 1705.77425734)
(4570.34285636, -9025.56761764, 1705.77425734)
(4570.39443031, -9025.53039133, 1705.77425734)
(4570.44767874, -9025.49195638, 1705.77425734)
(4570.51532767, -9025.44312705, 1705.77425734)
(4570.56790631, -9025.40517555, 1705.77425734)
(4570.62617817, -9025.36311465, 1705.77425734)
(4570.68378025, -9025.32153722, 1705.77425734)
(4570.76850887, -9025.26037971, 1705.77425734)
(4570.81974793, -9025.22339513, 1705.77425734)
(4570.90481145, -9025.16199588, 1705.77425734)
(4570.96140883, -9025.12114363, 1705.77425734)
(4571.01800621, -9025.08029138, 1705.77425734)
(4571.06221246, -9025.04838311, 1705.77425734)
(4571.13588952, -9024.99520267, 1705.77425734)
(4571.18880306, -9024.95700944, 1705.77425734)
(4571.25544732, -9024.90890532, 1705.77425734)
(4571.31003533, -9024.86950344, 1705.77425734)
(4571.35725563, -9024.83541962, 1705.77425734)
(4571.41921134, -9024.79069969, 1705.77425734)
(4571.47547383, -9024.75008917, 1705.77425734)
(4571.54278788, -9024.70150157, 1705.77425734)
(4571.59871547, -9024.66113279, 1705.77425734)
(4571.64593577, -9024.62704895, 1705.77425734)
(4571.69550035, -9024.59127302, 1705.77425734)
(4571.75343732, -9024.54945386, 1705.77425734)
(4571.82410031, -9024.49844896, 1705.77425734)
(4571.87969301, -9024.4583219, 1705.77425734)
(4571.95270028, -9024.4056249, 1705.77425734)
(4572.00025548, -9024.37129935, 1705.77425734)
(4572.05752265, -9024.32996363, 1705.77425734)
(4572.10440806, -9024.29612153, 1705.77425734)
(4572.16703357, -9024.25091815, 1705.77425734)
(4572.21760283, -9024.21441704, 1705.77425734)
(4572.27687938, -9024.17163095, 1705.77425734)
(4572.33481634, -9024.12981178, 1705.77425734)
(4572.3853856, -9024.09331065, 1705.77425734)
(4572.43662465, -9024.05632607, 1705.77425734)
(4572.49054288, -9024.01740766, 1705.77425734)
(4572.56087099, -9023.9666445, 1705.77425734)
(4572.61512411, -9023.92748436, 1705.77425734)
(4572.69817825, -9023.8675355, 1705.77425734)
(4572.7584595, -9023.82402423, 1705.77425734)
(4572.821085, -9023.77882085, 1705.77425734)
(4572.86696573, -9023.74570395, 1705.77425734)
(4572.92021415, -9023.70726899, 1705.77425734)
(4572.98116519, -9023.66327427, 1705.77425734)
(4573.04948392, -9023.61396148, 1705.77425734)
(4573.11076985, -9023.56972502, 1705.77425734)
(4573.16468806, -9023.5308066, 1705.77425734)
(4573.21190836, -9023.49672277, 1705.77425734)
(4573.28391095, -9023.44475097, 1705.77425734)
(4573.3354849, -9023.40752467, 1705.77425734)
(4573.39576614, -9023.36401339, 1705.77425734)
(4573.44934946, -9023.32533671, 1705.77425734)
(4573.49589998, -9023.29173634, 1705.77425734)
(4573.55785569, -9023.24701642, 1705.77425734)
(4573.61411818, -9023.2064059, 1705.77425734)
(4573.67841816, -9023.15999387, 1705.77425734)
(4573.73066191, -9023.1222841, 1705.77425734)
(4573.78926866, -9023.07998148, 1705.77425734)
(4573.83514939, -9023.04686457, 1705.77425734)
(4573.88638844, -9023.00987999, 1705.77425734)
(4573.95906081, -9022.95742472, 1705.77425734)
(4574.01934205, -9022.91391345, 1705.77425734)
(4574.08498162, -9022.8665345, 1705.77425734)
(4574.141579, -9022.82568226, 1705.77425734)
(4574.18645503, -9022.79329053, 1705.77425734)
(4574.23200086, -9022.76041535, 1705.77425734)
(4574.29831022, -9022.71255295, 1705.77425734)
(4574.36696386, -9022.66299845, 1705.77425734)
(4574.46039978, -9022.59555598, 1705.77425734)
(4574.53776067, -9022.53971648, 1705.77425734)
(4574.60105598, -9022.49402964, 1705.77425734)
(4574.66569086, -9022.44737589, 1705.77425734)
(4574.71324606, -9022.41305033, 1705.77425734)
(4574.76147105, -9022.37824131, 1705.77425734)
(4574.81940802, -9022.33642215, 1705.77425734)
(4574.87968926, -9022.29291088, 1705.77425734)
(4574.95102204, -9022.24142253, 1705.77425734)
(4575.00627985, -9022.20153719, 1705.77425734)
(4575.0568491, -9022.16503606, 1705.77425734)
(4575.10976264, -9022.12684284, 1705.77425734)
(4575.17406262, -9022.08043081, 1705.77425734)
(4575.22697616, -9022.04223759, 1705.77425734)
(4575.29663448, -9021.9919579, 1705.77425734)
(4575.35122249, -9021.95255603, 1705.77425734)
(4575.40514071, -9021.91363761, 1705.77425734)
(4575.45068654, -9021.88076243, 1705.77425734)
(4575.50527455, -9021.84136056, 1705.77425734)
(4575.57526776, -9021.79083913, 1705.77425734)
(4575.62851619, -9021.75240418, 1705.77425734)
(4575.68209951, -9021.71372749, 1705.77425734)
(4575.73467815, -9021.675776, 1705.77425734)
(4575.77955418, -9021.64338427, 1705.77425734)
(4575.83983542, -9021.59987301, 1705.77425734)
(4575.90480519, -9021.55297752, 1705.77425734)
(4575.95704894, -9021.51526775, 1705.77425734)
(4576.0149859, -9021.47344858, 1705.77425734)
(4576.05785256, -9021.44250723, 1705.77425734)
(4576.11545463, -9021.4009298, 1705.77425734)
(4576.1737265, -9021.3588689, 1705.77425734)
(4576.23065878, -9021.31777493, 1705.77425734)
(4576.30065199, -9021.2672535, 1705.77425734)
(4576.35222594, -9021.23002719, 1705.77425734)
(4576.4104978, -9021.18796629, 1705.77425734)
(4576.4587228, -9021.15315728, 1705.77425734)
(4576.52402747, -9021.10602007, 1705.77425734)
(4576.57660611, -9021.06806857, 1705.77425734)
(4576.63119412, -9021.0286667, 1705.77425734)
(4576.68075869, -9020.99289076, 1705.77425734)
(4576.74740295, -9020.94478663, 1705.77425734)
(4576.80266075, -9020.9049013, 1705.77425734)
(4576.85523938, -9020.8669498, 1705.77425734)
(4576.91217167, -9020.82585582, 1705.77425734)
(4576.97982061, -9020.77702651, 1705.77425734)
(4577.03943206, -9020.7339987, 1705.77425734)
(4577.10306226, -9020.68807013, 1705.77425734)
(4577.14492423, -9020.65785398, 1705.77425734)
(4577.19214454, -9020.62377015, 1705.77425734)
(4577.25610962, -9020.57759985, 1705.77425734)
(4577.31237211, -9020.53698933, 1705.77425734)
(4577.37935126, -9020.48864347, 1705.77425734)
(4577.42355751, -9020.45673521, 1705.77425734)
(4577.47814552, -9020.41733333, 1705.77425734)
(4577.52938457, -9020.38034875, 1705.77425734)
(4577.59067049, -9020.33611229, 1705.77425734)
(4577.64056997, -9020.30009463, 1705.77425734)
(4577.70286058, -9020.25513298, 1705.77425734)
(4577.75242515, -9020.21935704, 1705.77425734)
(4577.8039991, -9020.18213073, 1705.77425734)
(4577.85791732, -9020.14321232, 1705.77425734)
(4577.90346314, -9020.11033714, 1705.77425734)
(4577.96910271, -9020.06295819, 1705.77425734)
(4578.02034177, -9020.02597362, 1705.77425734)
(4578.07861363, -9019.98391272, 1705.77425734)
(4578.12784331, -9019.94837852, 1705.77425734)
(4578.17975216, -9019.91091048, 1705.77425734)
(4578.22831204, -9019.87585973, 1705.77425734)
(4578.29696567, -9019.82630522, 1705.77425734)
(4578.35255837, -9019.78617816, 1705.77425734)
(4578.42456096, -9019.73420637, 1705.77425734)
(4578.47613491, -9019.69698006, 1705.77425734)
(4578.53507656, -9019.6544357, 1705.77425734)
(4578.60272551, -9019.60560639, 1705.77425734)
(4578.68209581, -9019.54831655, 1705.77425734)
(4578.75476819, -9019.4958613, 1705.77425734)
(4578.85356244, -9019.42455115, 1705.77425734)
(4578.91149941, -9019.38273198, 1705.77425734)
(4578.95537075, -9019.35106545, 1705.77425734)
(4579.01263793, -9019.30972973, 1705.77425734)
(4579.06823063, -9019.26960267, 1705.77425734)
(4579.13621446, -9019.22053163, 1705.77425734)
(4579.19950977, -9019.17484479, 1705.77425734)
(4579.26749361, -9019.12577375, 1705.77425734)
(4579.31002537, -9019.09507413, 1705.77425734)
(4579.36963682, -9019.05204632, 1705.77425734)
(4579.41920139, -9019.01627038, 1705.77425734)
(4579.47178003, -9018.97831889, 1705.77425734)
(4579.53541022, -9018.93239031, 1705.77425734)
(4579.58765396, -9018.89468055, 1705.77425734)
(4579.65463311, -9018.84633469, 1705.77425734)
(4579.70754665, -9018.80814146, 1705.77425734)
(4579.76046018, -9018.76994824, 1705.77425734)
(4579.8066758, -9018.7365896, 1705.77425734)
(4579.86561745, -9018.69404525, 1705.77425734)
(4579.93393618, -9018.64473246, 1705.77425734)
(4579.99120336, -9018.60339675, 1705.77425734)
(4580.04713095, -9018.56302796, 1705.77425734)
(4580.09234188, -9018.53039451, 1705.77425734)
(4580.15228822, -9018.48712496, 1705.77425734)
(4580.21256946, -9018.4436137, 1705.77425734)
(4580.26615279, -9018.40493701, 1705.77425734)
(4580.34250901, -9018.34982273, 1705.77425734)
(4580.39843661, -9018.30945393, 1705.77425734)
(4580.45168503, -9018.27101897, 1705.77425734)
(4580.49957513, -9018.23645168, 1705.77425734)
(4580.57191261, -9018.18423816, 1705.77425734)
(4580.63219385, -9018.14072689, 1705.77425734)
(4580.70553602, -9018.08778817, 1705.77425734)
(4580.76179851, -9018.04717765, 1705.77425734)
(4580.81571673, -9018.00825924, 1705.77425734)
(4580.85958808, -9017.9765927, 1705.77425734)
(4580.9289115, -9017.92655474, 1705.77425734)
(4580.99153701, -9017.88135137, 1705.77425734)
(4581.0638745, -9017.82913784, 1705.77425734)
(4581.1198021, -9017.78876905, 1705.77425734)
(4581.18142292, -9017.74429086, 1705.77425734)
(4581.25108123, -9017.69401116, 1705.77425734)
(4581.29562237, -9017.66186117, 1705.77425734)
(4581.35322444, -9017.62028373, 1705.77425734)
(4581.40446349, -9017.58329915, 1705.77425734)
(4581.4674239, -9017.53785404, 1705.77425734)
(4581.51531399, -9017.50328676, 1705.77425734)
(4581.57659992, -9017.4590503, 1705.77425734)
(4581.63118793, -9017.41964843, 1705.77425734)
(4581.68544105, -9017.38048828, 1705.77425734)
(4581.74706186, -9017.33601009, 1705.77425734)
(4581.80131498, -9017.29684995, 1705.77425734)
(4581.86728944, -9017.24922928, 1705.77425734)
(4581.91886339, -9017.21200297, 1705.77425734)
(4581.97110713, -9017.1742932, 1705.77425734)
(4582.02067171, -9017.13851727, 1705.77425734)
(4582.0692316, -9017.10346652, 1705.77425734)
(4582.13487117, -9017.05608758, 1705.77425734)
(4582.19180345, -9017.0149936, 1705.77425734)
(4582.2584477, -9016.96688947, 1705.77425734)
(4582.31337061, -9016.92724587, 1705.77425734)
(4582.36594925, -9016.88929437, 1705.77425734)
(4582.42053726, -9016.8498925, 1705.77425734)
(4582.49990756, -9016.79260266, 1705.77425734)
(4582.58463619, -9016.73144515, 1705.77425734)
(4582.66969972, -9016.67004592, 1705.77425734)
(4582.73634397, -9016.62194178, 1705.77425734)
(4582.7738523, -9016.5948681, 1705.77425734)
(4582.82274708, -9016.55957563, 1705.77425734)
(4582.88235853, -9016.51654781, 1705.77425734)
(4582.95804497, -9016.461917, 1705.77425734)
(4583.02368454, -9016.41453806, 1705.77425734)
(4583.09501734, -9016.36304972, 1705.77425734)
(4583.15797775, -9016.31760462, 1705.77425734)
(4583.21323555, -9016.27771929, 1705.77425734)
(4583.25476263, -9016.24774486, 1705.77425734)
(4583.31035532, -9016.2076178, 1705.77425734)
(4583.36829229, -9016.16579863, 1705.77425734)
(4583.43527144, -9016.11745277, 1705.77425734)
(4583.49253862, -9016.07611706, 1705.77425734)
(4583.55683861, -9016.02970504, 1705.77425734)
(4583.61008703, -9015.99127008, 1705.77425734)
(4583.66969848, -9015.94824227, 1705.77425734)
(4583.71725368, -9015.91391671, 1705.77425734)
(4583.77653023, -9015.87113063, 1705.77425734)
(4583.82810418, -9015.83390432, 1705.77425734)
(4583.89541823, -9015.78531673, 1705.77425734)
(4583.94900155, -9015.74664004, 1705.77425734)
(4584.0082781, -9015.70385396, 1705.77425734)
(4584.05080987, -9015.67315434, 1705.77425734)
(4584.10807704, -9015.63181863, 1705.77425734)
(4584.16233016, -9015.59265849, 1705.77425734)
(4584.2145739, -9015.55494872, 1705.77425734)
(4584.27552493, -9015.51095399, 1705.77425734)
(4584.3250895, -9015.47517806, 1705.77425734)
(4584.38135199, -9015.43456754, 1705.77425734)
(4584.42522334, -9015.402901, 1705.77425734)
(4584.4915327, -9015.3550386, 1705.77425734)
(4584.5467905, -9015.31515327, 1705.77425734)
(4584.62214205, -9015.26076418, 1705.77425734)
(4584.68342797, -9015.21652772, 1705.77425734)
(4584.75174671, -9015.16721494, 1705.77425734)
(4584.80164618, -9015.13119728, 1705.77425734)
(4584.85288523, -9015.0942127, 1705.77425734)
(4584.9024498, -9015.05843676, 1705.77425734)
(4584.96808937, -9015.01105782, 1705.77425734)
(4585.0213378, -9014.97262287, 1705.77425734)
(4585.08262373, -9014.92838641, 1705.77425734)
(4585.13319299, -9014.89188529, 1705.77425734)
(4585.1800784, -9014.85804319, 1705.77425734)
(4585.24169922, -9014.813565, 1705.77425734)
(4585.2986315, -9014.77247102, 1705.77425734)
(4585.37130388, -9014.72001577, 1705.77425734)
(4585.43225492, -9014.67602104, 1705.77425734)
(4585.49387574, -9014.63154285, 1705.77425734)
(4585.53707729, -9014.60035977, 1705.77425734)
(4585.58865124, -9014.56313346, 1705.77425734)
(4585.64558352, -9014.52203949, 1705.77425734)
(4585.72126996, -9014.46740866, 1705.77425734)
(4585.77619287, -9014.42776506, 1705.77425734)
(4585.84585119, -9014.37748537, 1705.77425734)
(4585.89809493, -9014.3397756, 1705.77425734)
(4585.95804127, -9014.29650606, 1705.77425734)
(4586.00258241, -9014.26435606, 1705.77425734)
(4586.06520792, -9014.21915269, 1705.77425734)
(4586.12381468, -9014.17685006, 1705.77425734)
(4586.193473, -9014.12657037, 1705.77425734)
(4586.26681517, -9014.07363166, 1705.77425734)
(4586.33011048, -9014.02794483, 1705.77425734)
(4586.40110838, -9013.97669822, 1705.77425734)
(4586.45368702, -9013.93874672, 1705.77425734)
(4586.50425628, -9013.9022456, 1705.77425734)
(4586.57290991, -9013.8526911, 1705.77425734)
(4586.64323802, -9013.80192795, 1705.77425734)
(4586.72160364, -9013.7453633, 1705.77425734)
(4586.79528071, -9013.69218286, 1705.77425734)
(4586.88705798, -9013.62597868, 1705.77425732)
(4586.9715942, -9013.58119706, 1705.77425737)
(4587.06827467, -9013.55545243, 1705.77425764)
(4587.15410725, -9013.55572377, 1705.77425704)
(4587.23949947, -9013.55807841, 1705.77425729)
(4587.31294401, -9013.5502733, 1705.77425732)
(4587.39971086, -9013.53679609, 1705.77425747)
(4587.46633308, -9013.5331237, 1705.77425765)
(4587.53088854, -9013.53450946, 1705.77425722)
(4587.59126357, -9013.53329267, 1705.7742574)
(4587.65065204, -9013.53047262, 1705.77425731)
(4587.73354648, -9013.52639098, 1705.77425734)
(4587.79921512, -9013.52486295, 1705.77425734)
(4587.86365558, -9013.52325973, 1705.77425734)
(4587.92312065, -9013.521592, 1705.77425734)
(4587.99001164, -9013.51970247, 1705.77425734)
(4588.06157711, -9013.52106123, 1705.77425741)
(4588.12247647, -9013.51838808, 1705.77425727)
(4588.20373273, -9013.51321434, 1705.77425735)
(4588.27237445, -9013.51177649, 1705.77425735)
(4588.35377318, -9013.51111659, 1705.77425735)
(4588.42311524, -9013.50919258, 1705.77425733)
(4588.48749505, -9013.50716006, 1705.77425733)
(4588.54097118, -9013.50120166, 1705.77425732)
(4588.60571682, -9013.4871936, 1705.77425735)
(4588.69818459, -9013.47023235, 1705.77425733)
(4588.77008616, -9013.45938459, 1705.77425734)
(4588.86047047, -9013.44666708, 1705.77425734)
(4588.91893734, -9013.43482841, 1705.7742573)
(4588.98164472, -9013.42141473, 1705.77425734)
(4589.04651514, -9013.40885776, 1705.77425734)
(4589.12807389, -9013.3933815, 1705.77425734)
(4589.19289023, -9013.38049835, 1705.77425734)
(4589.24921131, -9013.36938699, 1705.77425734)
(4589.32233629, -9013.35162351, 1705.77425733)
(4589.39114401, -9013.33925925, 1705.77425747)
(4589.48208013, -9013.32491598, 1705.77425734)
(4589.53886841, -9013.31310318, 1705.77425732)
(4589.61870941, -9013.29506909, 1705.77425733)
(4589.6839771, -9013.28237961, 1705.77425735)
(4589.76351425, -9013.26733473, 1705.77425737)
(4589.82788833, -9013.25438442, 1705.77425731)
(4589.90925922, -9013.23793991, 1705.77425734)
(4589.97608616, -9013.2245789, 1705.77425734)
(4590.04453275, -9013.21089579, 1705.77425734)
(4590.1097392, -9013.19785992, 1705.77425734)
(4590.17899583, -9013.18401428, 1705.77425734)
(4590.2652627, -9013.16676802, 1705.77425734)
(4590.33046894, -9013.15373177, 1705.77425734)
(4590.40863554, -9013.13810409, 1705.77425734)
(4590.46776683, -9013.12628203, 1705.77425734)
(4590.54269328, -9013.11130168, 1705.77425734)
(4590.61032953, -9013.09777892, 1705.77425734)
(4590.69214082, -9013.08142156, 1705.77425734)
(4590.75815711, -9013.06822242, 1705.77425734)
(4590.83470345, -9013.0529174, 1705.77425734)
(4590.89545462, -9013.04077077, 1705.77425734)
(4590.96672931, -9013.0264991, 1705.77425732)
(4591.02893182, -9013.01099076, 1705.77425733)
(4591.10550505, -9012.99191152, 1705.77425736)
(4591.16507126, -9012.98016121, 1705.77425735)
(4591.22998386, -9012.96790032, 1705.77425735)
(4591.29270701, -9012.95507243, 1705.77425735)
(4591.38494771, -9012.93610667, 1705.77425733)
(4591.45135691, -9012.92273323, 1705.77425734)
(4591.52262492, -9012.90839428, 1705.77425732)
(4591.589143, -9012.89840747, 1705.77425733)
(4591.65207615, -9012.88497879, 1705.77425734)
(4591.73438578, -9012.8646569, 1705.77425734)
(4591.79363867, -9012.85301788, 1705.77425727)
(4591.8794218, -9012.83778753, 1705.7742574)
(4591.95589297, -9012.8220127, 1705.77425733)
(4592.03069405, -9012.80644102, 1705.77425732)
(4592.09833536, -9012.79290951, 1705.77425734)
(4592.1830152, -9012.77612245, 1705.77425734)
(4592.26158217, -9012.76039492, 1705.77425734)
(4592.33164502, -9012.74636825, 1705.77425734)
(4592.40130305, -9012.73242319, 1705.77425734)
(4592.53292426, -9012.70607498, 1705.77425734)
(4592.61392212, -9012.6898613, 1705.77425734)
(4592.70099564, -9012.67243405, 1705.77425734)
(4592.76093413, -9012.66043708, 1705.77425734)
(4592.82775806, -9012.6470636, 1705.77425734)
(4592.88850632, -9012.63490503, 1705.77425734)
(4592.96707521, -9012.61918132, 1705.77425734)
(4593.03835366, -9012.60491545, 1705.77425734)
(4593.11854276, -9012.5888686, 1705.77425734)
(4593.17969626, -9012.57662984, 1705.77425734)
(4593.2473305, -9012.56309633, 1705.77425734)
(4593.30524419, -9012.55150626, 1705.77425734)
(4593.37247375, -9012.53805328, 1705.77425734)
(4593.44497431, -9012.52357868, 1705.77425734)
(4593.50329436, -9012.51191684, 1705.77425734)
(4593.57862585, -9012.49685526, 1705.77425734)
(4593.64869152, -9012.48284482, 1705.77425734)
(4593.72361818, -9012.4678636, 1705.77425734)
(4593.78720383, -9012.45514868, 1705.77425734)
(4593.85808162, -9012.44098685, 1705.77425735)
(4593.92050387, -9012.43143614, 1705.77425737)
(4594.00014715, -9012.419796, 1705.77425735)
(4594.05944439, -9012.40786275, 1705.77425731)
(4594.12893133, -9012.39264014, 1705.77425733)
(4594.19214667, -9012.38015762, 1705.77425734)
(4594.27004692, -9012.36526233, 1705.77425733)
(4594.32798652, -9012.35381736, 1705.77425735)
(4594.39321356, -9012.34088323, 1705.77425734)
(4594.46452209, -9012.32675195, 1705.77425734)
(4594.52529441, -9012.31470006, 1705.77425734)
(4594.60225935, -9012.29936468, 1705.77425734)
(4594.6674799, -9012.28639225, 1705.77425734)
(4594.74038399, -9012.27181616, 1705.77425733)
(4594.80114394, -9012.25971399, 1705.77425734)
(4594.85865833, -9012.24822562, 1705.77425734)
(4594.93681189, -9012.23251564, 1705.77425734)
(4594.99877722, -9012.22011801, 1705.77425734)
(4595.07977678, -9012.20391376, 1705.77425734)
(4595.13809681, -9012.19224729, 1705.77425734)
(4595.2077566, -9012.17831211, 1705.77425734)
(4595.26202673, -9012.16745601, 1705.77425734)
(4595.32763663, -9012.15433144, 1705.77425734)
(4595.41106624, -9012.13764132, 1705.77425734)
(4595.47667629, -9012.12451683, 1705.77425734)
(4595.55281612, -9012.10928573, 1705.77425734)
(4595.60425125, -9012.09899694, 1705.77425734)
(4595.67634121, -9012.08457642, 1705.77425734)
(4595.73587629, -9012.07266758, 1705.77425734)
(4595.80675126, -9012.05849037, 1705.77425734)
(4595.86952623, -9012.04593309, 1705.77425734)
(4595.9282514, -9012.03418633, 1705.77425734)
(4595.99710149, -9012.0204143, 1705.77425734)
(4596.0655466, -9012.00672347, 1705.77425734)
(4596.14695164, -9011.99044031, 1705.77425734)
(4596.21499177, -9011.9768306, 1705.77425734)
(4596.2830288, -9011.96321182, 1705.77425731)
(4596.34683285, -9011.94732667, 1705.77425733)
(4596.41295227, -9011.93070693, 1705.77425734)
(4596.47495062, -9011.91831013, 1705.77425734)
(4596.5520447, -9011.90379478, 1705.77425738)
(4596.61638292, -9011.89063922, 1705.77425733)
(4596.68876864, -9011.8756003, 1705.77425735)
(4596.74219828, -9011.86472765, 1705.77425734)
(4596.81547842, -9011.84992098, 1705.77425735)
(4596.89725796, -9011.83338862, 1705.77425734)
(4596.98431592, -9011.81586466, 1705.77425734)
(4597.10014557, -9011.7926683, 1705.77425733)
(4597.17884091, -9011.78035683, 1705.77425736)
(4597.30887657, -9011.75986947, 1705.77425734)
(4597.38775616, -9011.74278689, 1705.77425736)
(4597.48838224, -9011.71907954, 1705.77425731)
(4597.55618347, -9011.70432607, 1705.77425735)
(4597.63004668, -9011.68828343, 1705.77425735)
(4597.68466381, -9011.67715864, 1705.77425734)
(4597.75144737, -9011.66357121, 1705.77425733)
(4597.81992311, -9011.65273787, 1705.77425732)
(4597.89894637, -9011.64004894, 1705.77425734)
(4597.96056687, -9011.62761432, 1705.77425732)
(4598.03212482, -9011.61243849, 1705.77425735)
(4598.08926092, -9011.6011624, 1705.77425734)
(4598.16100265, -9011.58709739, 1705.77425734)
(4598.22848696, -9011.5706701, 1705.77425731)
(4598.29650138, -9011.55831476, 1705.77425747)
(4598.38245356, -9011.54415057, 1705.77425733)
(4598.43874219, -9011.5325473, 1705.77425732)
(4598.51515457, -9011.5161797, 1705.77425734)
(4598.57673858, -9011.50392817, 1705.77425734)
(4598.66311092, -9011.48716225, 1705.77425733)
(4598.72266255, -9011.47533973, 1705.77425734)
(4598.80527943, -9011.45878642, 1705.77425733)
(4598.86522949, -9011.44684597, 1705.77425734)
(4598.92517834, -9011.43489519, 1705.77425734)
(4598.98823858, -9011.41947151, 1705.77425732)
(4599.07320396, -9011.39816039, 1705.77425743)
(4599.13483245, -9011.3861194, 1705.77425736)
(4599.21563003, -9011.37113115, 1705.77425731)
(4599.27831029, -9011.35814277, 1705.77425732)
(4599.3409778, -9011.34507738, 1705.77425734)
(4599.40575067, -9011.33194495, 1705.77425733)
(4599.4766058, -9011.31764694, 1705.77425735)
(4599.56648918, -9011.29951718, 1705.77425734)
(4599.64625424, -9011.28344641, 1705.77425734)
(4599.71267264, -9011.27013913, 1705.77425735)
(4599.77300679, -9011.25800928, 1705.77425734)
(4599.85036821, -9011.24255292, 1705.77425734)
(4599.92609488, -9011.22736532, 1705.77425734)
(4600.01357419, -9011.20985664, 1705.77425734)
(4600.08444378, -9011.1956565, 1705.77425734)
(4600.16463821, -9011.17963511, 1705.77425734)
(4600.22498166, -9011.16755819, 1705.77425734)
(4600.29018536, -9011.15451573, 1705.77425734)
(4600.35498394, -9011.14154895, 1705.77425734)
(4600.42829234, -9011.12689604, 1705.77425735)
(4600.50711616, -9011.11536681, 1705.77425735)
(4600.56686382, -9011.10261332, 1705.77425731)
(4600.65174527, -9011.08056939, 1705.77425745)
(4600.71032023, -9011.06926724, 1705.77425725)
(4600.78235312, -9011.0569783, 1705.77425726)
(4600.84594681, -9011.04418557, 1705.77425738)
(4600.92639457, -9011.02729853, 1705.77425737)
(4600.98593434, -9011.01538505, 1705.77425733)
(4601.05602244, -9011.0014605, 1705.77425733)
(4601.11595762, -9010.98945082, 1705.77425734)
(4601.17913244, -9010.97678576, 1705.77425734)
(4601.25891285, -9010.9608069, 1705.77425734)
(4601.31925302, -9010.94871402, 1705.77425734)
(4601.39660634, -9010.93323167, 1705.77425734)
(4601.4545176, -9010.92163136, 1705.77425734)
(4601.52134133, -9010.9082607, 1705.77425734)
(4601.59099812, -9010.89431232, 1705.77425734)
(4601.65579735, -9010.88134956, 1705.77425734)
(4601.73722296, -9010.86515895, 1705.77425734)
(4601.78947132, -9010.85472977, 1705.77425734)
(4601.87209782, -9010.83823508, 1705.77425734)
(4601.93973761, -9010.82473062, 1705.77425734)
(4602.0434249, -9010.80402777, 1705.77425734)
(4602.11389947, -9010.78995538, 1705.77425734)
(4602.19652451, -9010.77345465, 1705.77425734)
(4602.26375884, -9010.76002768, 1705.77425734)
(4602.33786962, -9010.74519939, 1705.77425732)
(4602.39558744, -9010.72820958, 1705.77425738)
(4602.481645, -9010.67521718, 1705.77425713)
(4602.54381148, -9010.62321674, 1705.77425737)
(4602.64510319, -9010.54942628, 1705.77425737)
(4602.6963849, -9010.51715688, 1705.77425758)
(4602.76171695, -9010.49767057, 1705.77426295)
(4602.82943819, -9010.4822043, 1705.77425696)
(4602.90611073, -9010.44566437, 1705.77429294)
(4602.95120105, -9010.41516101, 1705.77426362)
(4603.0144216, -9010.36406052, 1705.77427968)
(4603.06012889, -9010.32452703, 1705.77425747)
(4603.11984315, -9010.291977, 1705.774257)
(4603.18178304, -9010.27457451, 1705.77425786)
(4603.25385382, -9010.24545142, 1705.77425701)
(4603.32978556, -9010.20296755, 1705.77425744)
(4603.37922817, -9010.16890938, 1705.77425729)
(4603.43408607, -9010.11318398, 1705.77425712)
(4603.47258619, -9010.07321315, 1705.77425742)
(4603.52978169, -9010.01614961, 1705.77425724)
(4603.57387999, -9009.97266568, 1705.77425737)
(4603.62633089, -9009.92114952, 1705.77425733)
(4603.66862348, -9009.87936089, 1705.77425735)
(4603.72141449, -9009.82704943, 1705.77425734)
(4603.76470767, -9009.7839177, 1705.77425734)
(4603.81905109, -9009.72964062, 1705.77425734)
(4603.85559656, -9009.69318466, 1705.77425734)
(4603.90613859, -9009.64269428, 1705.77425734)
(4603.95880218, -9009.59324036, 1705.77425732)
(4604.02241695, -9009.53909589, 1705.77425733)
(4604.07340266, -9009.49362561, 1705.77425725)
(4604.12596903, -9009.44331628, 1705.77425744)
(4604.16315739, -9009.40643531, 1705.77425734)
(4604.20867395, -9009.36093898, 1705.77425733)
(4604.26072061, -9009.31135528, 1705.7742573)
(4604.31387544, -9009.26270465, 1705.77425734)
(4604.37537205, -9009.20912594, 1705.77425734)
(4604.42438513, -9009.17304415, 1705.77425736)
(4604.48283809, -9009.13958377, 1705.77425733)
(4604.5321016, -9009.10932745, 1705.77425729)
(4604.59504909, -9009.05364682, 1705.77432367)
(4604.64020377, -9009.0064816, 1705.77425728)
(4604.69872271, -9008.94448675, 1705.77425738)
(4604.75550666, -9008.88786773, 1705.77425733)
(4604.80678138, -9008.83738106, 1705.77425734)
(4604.85258176, -9008.79205001, 1705.77425733)
(4604.90023194, -9008.74752685, 1705.77425735)
(4604.95899745, -9008.69717235, 1705.77425733)
(4605.01177015, -9008.64996894, 1705.77425727)
(4605.07091321, -9008.59425394, 1705.77425731)
(4605.11519977, -9008.55101449, 1705.77425737)
(4605.16134692, -9008.50497558, 1705.77425733)
(4605.2105327, -9008.46149575, 1705.77425735)
(4605.25936022, -9008.42596312, 1705.77425734)
(4605.33380279, -9008.38326732, 1705.77425734)
(4605.38848098, -9008.34606851, 1705.7742571)
(4605.43467664, -9008.30677402, 1705.77425808)
(4605.48266146, -9008.25957015, 1705.77425563)
(4605.54551222, -9008.1944936, 1705.77425721)
(4605.59526865, -9008.14455504, 1705.77425735)
(4605.65531022, -9008.08527151, 1705.77425733)
(4605.69496419, -9008.04783915, 1705.77425734)
(4605.73636837, -9008.01060315, 1705.77425733)
(4605.78922122, -9007.96309535, 1705.77425735)
(4605.85294295, -9007.90547976, 1705.77425733)
(4605.90534719, -9007.85644161, 1705.77425733)
(4605.94738904, -9007.81574613, 1705.77425735)
(4605.99424905, -9007.77150399, 1705.77425732)
(4606.04967324, -9007.72106716, 1705.77425733)
(4606.11066131, -9007.67408174, 1705.77425739)
(4606.18007636, -9007.63143558, 1705.77425737)
(4606.23860742, -9007.5944062, 1705.77425734)
(4606.28413037, -9007.56108942, 1705.7742576)
(4606.35150397, -9007.4955873, 1705.77428989)
(4606.40592563, -9007.43362985, 1705.77425719)
(4606.46917684, -9007.36697846, 1705.77425739)
(4606.52438162, -9007.31418583, 1705.77425735)
(4606.60838585, -9007.24676873, 1705.77425735)
(4606.67409279, -9007.18957554, 1705.77425757)
(4606.75063172, -9007.10986878, 1705.77425758)
(4606.79835942, -9007.0600148, 1705.77425734)
(4606.84254215, -9007.01522605, 1705.77425731)
(4606.88676419, -9006.97588323, 1705.77425741)
(4606.94792526, -9006.93329207, 1705.77425737)
(4607.01319141, -9006.88756878, 1705.77425737)
(4607.07357636, -9006.84261447, 1705.77425732)
(4607.13863904, -9006.7929461, 1705.77425734)
(4607.19777558, -9006.74105524, 1705.77425712)
(4607.24031791, -9006.69771679, 1705.77425763)
(4607.29436284, -9006.6398087, 1705.77425714)
(4607.3396277, -9006.59352975, 1705.77425733)
(4607.39905628, -9006.53361893, 1705.77425734)
(4607.44745816, -9006.48503099, 1705.77425734)
(4607.50023508, -9006.43206643, 1705.77425734)
(4607.54186652, -9006.3901734, 1705.77425734)
(4607.60270976, -9006.32894052, 1705.77425734)
(4607.652269, -9006.28515242, 1705.77425737)
(4607.71035548, -9006.24451528, 1705.77425734)
(4607.7573331, -9006.21592943, 1705.77425742)
(4607.81963861, -9006.17562013, 1705.77425736)
(4607.88111049, -9006.1280589, 1705.77425755)
(4607.9408927, -9006.06934933, 1705.77425735)
(4607.9834788, -9006.02516024, 1705.7742572)
(4608.02714179, -9005.98019349, 1705.77425737)
(4608.07564121, -9005.93113084, 1705.77425735)
(4608.12133498, -9005.88509321, 1705.77425734)
(4608.16522993, -9005.84078144, 1705.77425734)
(4608.21788118, -9005.78769982, 1705.77425734)
(4608.26089659, -9005.74426984, 1705.77425734)
(4608.31091845, -9005.69382648, 1705.77425733)
(4608.35199533, -9005.65428006, 1705.77425734)
(4608.40976041, -9005.60190564, 1705.77425734)
(4608.46115242, -9005.5619255, 1705.77425736)
(4608.53714012, -9005.51556473, 1705.77425742)
(4608.58997675, -9005.48087911, 1705.77425716)
(4608.64396751, -9005.43641349, 1705.77425722)
(4608.68589142, -9005.39442165, 1705.77425772)
(4608.73076406, -9005.34699953, 1705.77425718)
(4608.77148035, -9005.3060074, 1705.77425727)
(4608.82099115, -9005.25681068, 1705.77425731)
(4608.88111301, -9005.19719563, 1705.77425732)
(4608.9339986, -9005.14798725, 1705.77425732)
(4608.9914943, -9005.09867165, 1705.77425733)
(4609.02923408, -9005.06497682, 1705.77425735)
(4609.08309557, -9005.01434397, 1705.77425728)
(4609.13858616, -9004.96354197, 1705.77425731)
(4609.2082337, -9004.90128122, 1705.77425733)
(4609.25980862, -9004.86160819, 1705.77425734)
(4609.33240072, -9004.81653937, 1705.77425733)
(4609.38707449, -9004.77894876, 1705.77425685)
(4609.43213661, -9004.73978564, 1705.77425759)
(4609.47388388, -9004.69763161, 1705.77425757)
(4609.53141309, -9004.63961328, 1705.77425717)
(4609.57408128, -9004.59709665, 1705.77425735)
(4609.62507635, -9004.54648581, 1705.77425731)
(4609.66334037, -9004.50826138, 1705.77425734)
(4609.71145724, -9004.46002309, 1705.77425735)
(4609.76941526, -9004.40176896, 1705.77425734)
(4609.81545989, -9004.35553999, 1705.77425734)
(4609.87165397, -9004.2990227, 1705.77425734)
(4609.91193816, -9004.2604664, 1705.77425735)
(4609.96544487, -9004.21268313, 1705.77425732)
(4610.0196329, -9004.17180083, 1705.77425735)
(4610.07748238, -9004.13610616, 1705.77425743)
(4610.12734059, -9004.10177721, 1705.77425696)
(4610.19617516, -9004.04646999, 1705.77425747)
(4610.24182659, -9004.00542061, 1705.77425696)
(4610.308085, -9003.93746671, 1705.77425719)
(4610.36383797, -9003.87895487, 1705.77425725)
(4610.40908014, -9003.83250126, 1705.77425736)
(4610.45266403, -9003.79017889, 1705.7742573)
(4610.50731061, -9003.74051506, 1705.77425733)
(4610.55985167, -9003.69171162, 1705.77425733)
(4610.65114619, -9003.60381772, 1705.77425732)
(4610.70628088, -9003.55193228, 1705.77425737)
(4610.77434701, -9003.49132857, 1705.77425731)
(4610.81976287, -9003.45718431, 1705.77425737)
(4610.87044127, -9003.42638484, 1705.77425734)
(4610.9206094, -9003.39343231, 1705.77425764)
(4610.98740416, -9003.33392291, 1705.7742597)
(4611.03708368, -9003.28309921, 1705.77425782)
(4611.08812346, -9003.23149421, 1705.77425743)
(4611.12797363, -9003.19087478, 1705.77425735)
(4611.17819314, -9003.13906882, 1705.77425735)
(4611.22098999, -9003.09717319, 1705.77425734)
(4611.2738176, -9003.04852876, 1705.77425733)
(4611.32451481, -9003.00076428, 1705.77425732)
(4611.37484898, -9002.95246911, 1705.77425735)
(4611.42491442, -9002.90331829, 1705.77425733)
(4611.47608504, -9002.85178946, 1705.77425735)
(4611.51779572, -9002.81119599, 1705.77425737)
(4611.57656948, -9002.75745703, 1705.77425734)
(4611.6262287, -9002.71857996, 1705.77425735)
(4611.67664078, -9002.68644733, 1705.77425734)
(4611.72468923, -9002.65340054, 1705.77425735)
(4611.77683902, -9002.60810113, 1705.7742575)
(4611.82740886, -9002.55844034, 1705.77425714)
(4611.87550559, -9002.51440245, 1705.77425742)
(4611.93284149, -9002.46441122, 1705.77425737)
(4611.98712512, -9002.42354237, 1705.77425734)
(4612.0358645, -9002.39231414, 1705.77425738)
(4612.08844629, -9002.35451158, 1705.77425751)
(4612.15315211, -9002.30205481, 1705.77425746)
(4612.20522125, -9002.25467674, 1705.77425746)
(4612.25678002, -9002.20225852, 1705.77425732)
(4612.30324256, -9002.15366079, 1705.77425731)
(4612.35766733, -9002.09672638, 1705.7742573)
(4612.40153197, -9002.05352998, 1705.77425732)
(4612.45637269, -9002.00277716, 1705.77425737)
(4612.50369167, -9001.95902915, 1705.77425736)
(4612.55105532, -9001.91415863, 1705.77425732)
(4612.60219197, -9001.86433541, 1705.77425734)
(4612.65024715, -9001.81611516, 1705.77425733)
(4612.69793232, -9001.76700408, 1705.77425732)
(4612.74262531, -9001.72584359, 1705.77425737)
(4612.80273799, -9001.6814734, 1705.77425733)
(4612.86014099, -9001.64463604, 1705.77425731)
(4612.92553681, -9001.60075704, 1705.77425732)
(4612.97454796, -9001.56206134, 1705.77425638)
(4613.0258404, -9001.51191922, 1705.77425694)
(4613.06851083, -9001.46959579, 1705.77425722)
(4613.12848381, -9001.41258459, 1705.77425732)
(4613.18334837, -9001.36766147, 1705.77425732)
(4613.25270395, -9001.32285062, 1705.77425732)
(4613.29814668, -9001.2920981, 1705.77425756)
(4613.35216356, -9001.2446221, 1705.77427682)
(4613.39351923, -9001.20210949, 1705.77425678)
(4613.44941375, -9001.14233524, 1705.77425734)
(4613.48735256, -9001.10321842, 1705.7742574)
(4613.53559852, -9001.0538991, 1705.77425735)
(4613.58127863, -9001.00674575, 1705.77425733)
(4613.6274654, -9000.95892956, 1705.77425735)
(4613.68191794, -9000.90244458, 1705.77425734)
(4613.72570111, -9000.85689817, 1705.77425734)
(4613.77801031, -9000.80236389, 1705.77425734)
(4613.81790639, -9000.76277467, 1705.77425736)
(4613.86590468, -9000.71797016, 1705.77425737)
(4613.91292028, -9000.67682282, 1705.77425734)
(4613.96318593, -9000.63328311, 1705.77425735)
(4614.030731, -9000.57634544, 1705.77425732)
(4614.07663471, -9000.53669568, 1705.77425732)
(4614.12818929, -9000.4915478, 1705.77425736)
(4614.18160167, -9000.44949002, 1705.77425731)
(4614.26517617, -9000.39734148, 1705.77425734)
(4614.33940764, -9000.34401222, 1705.77425744)
(4614.40597395, -9000.27816214, 1705.77428312)
(4614.46954547, -9000.21285024, 1705.77425747)
(4614.54828754, -9000.13860677, 1705.77425734)
(4614.63171606, -9000.07449279, 1705.7742573)
(4614.69875355, -9000.03313602, 1705.77425732)
(4614.74703221, -8999.99976365, 1705.77425765)
(4614.79726434, -8999.95331473, 1705.77426142)
(4614.83975648, -8999.90437498, 1705.77426509)
(4614.88240486, -8999.85511006, 1705.77425775)
(4614.92280877, -8999.8116862, 1705.77425734)
(4614.97677494, -8999.75503905, 1705.77425732)
(4615.02055312, -8999.70939487, 1705.77425734)
(4615.07040662, -8999.65759677, 1705.77425732)
(4615.10670247, -8999.62140417, 1705.77425736)
(4615.16006981, -8999.57082704, 1705.77425733)
(4615.21079601, -8999.52913809, 1705.77425732)
(4615.27861575, -8999.48461334, 1705.77425728)
(4615.33034642, -8999.44703625, 1705.77425773)
(4615.37782383, -8999.40804399, 1705.7742571)
(4615.42375365, -8999.36563288, 1705.7742575)
(4615.47840307, -8999.30812073, 1705.7742578)
(4615.52871177, -8999.25527625, 1705.77425744)
(4615.57358209, -8999.21155421, 1705.77425732)
(4615.61526542, -8999.17335721, 1705.77425733)
(4615.66391972, -8999.12712673, 1705.77425733)
(4615.72127736, -8999.07074019, 1705.77425733)
(4615.77026493, -8999.02061442, 1705.77425735)
(4615.82534285, -8998.96212481, 1705.77425733)
(4615.86266285, -8998.92569399, 1705.77425725)
(4615.90272654, -8998.8921461, 1705.77425733)
(4615.97081495, -8998.84637397, 1705.77425739)
(4616.03032607, -8998.80211175, 1705.77425754)
(4616.09423446, -8998.7473201, 1705.77425708)
(4616.13754089, -8998.70587731, 1705.77425724)
(4616.18303749, -8998.65864698, 1705.77425704)
(4616.22015627, -8998.62398347, 1705.77425745)
(4616.27529473, -8998.57992693, 1705.77425734)
(4616.33950061, -8998.53910211, 1705.77425734)
(4616.39453715, -8998.49964743, 1705.77425711)
(4616.46095426, -8998.43966036, 1705.77425741)
(4616.50342071, -8998.39558329, 1705.77425713)
(4616.54955264, -8998.3460948, 1705.77425702)
(4616.59145287, -8998.30411452, 1705.77425743)
(4616.63881725, -8998.25853352, 1705.77425732)
(4616.68798613, -8998.2128951, 1705.77425733)
(4616.73445159, -8998.1684308, 1705.7742574)
(4616.78234378, -8998.11998824, 1705.77425737)
(4616.82554218, -8998.07462529, 1705.77425732)
(4616.87043643, -8998.02634984, 1705.77425734)
(4616.91659189, -8997.97967646, 1705.77425732)
(4616.96813574, -8997.93074697, 1705.77425735)
(4617.01955075, -8997.88937437, 1705.77425732)
(4617.08098433, -8997.85041884, 1705.77425732)
(4617.13132581, -8997.81634461, 1705.77425737)
(4617.1887233, -8997.76315817, 1705.77426459)
(4617.23531097, -8997.71308166, 1705.77425725)
(4617.28687845, -8997.65693794, 1705.77425723)
(4617.32364201, -8997.62045398, 1705.77425739)
(4617.38093216, -8997.56748539, 1705.77425736)
(4617.43020629, -8997.52404492, 1705.77425736)
(4617.4960665, -8997.46689961, 1705.77425731)
(4617.54184427, -8997.42646549, 1705.77425734)
(4617.59820478, -8997.37619884, 1705.77425734)
(4617.64006719, -8997.3387949, 1705.77425733)
(4617.68926841, -8997.29473722, 1705.77425734)
(4617.7522456, -8997.23820701, 1705.77425734)
(4617.80366762, -8997.1922354, 1705.77425734)
(4617.86558325, -8997.13694649, 1705.77425732)
(4617.91495776, -8997.09981597, 1705.7742573)
(4618.00109493, -8997.06361829, 1705.77425758)
(4618.04639173, -8997.04375352, 1705.77425746)
(4618.12025419, -8996.99968583, 1705.7742575)
(4618.17407849, -8996.9601668, 1705.77425775)
(4618.24314894, -8996.89182759, 1705.77425847)
(4618.29021445, -8996.84033292, 1705.77425763)
(4618.36573275, -8996.75969397, 1705.77425732)
(4618.42142027, -8996.70092566, 1705.77425733)
(4618.483733, -8996.63534175, 1705.77425735)
(4618.53453936, -8996.5806748, 1705.77425734)
(4618.59666584, -8996.51288083, 1705.77425733)
(4618.63916288, -8996.46668065, 1705.77425734)
(4618.67771318, -8996.4247072, 1705.77425734)
(4618.71989511, -8996.37877689, 1705.77425734)
(4618.77376734, -8996.32003185, 1705.77425734)
(4618.81762158, -8996.27226558, 1705.77425734)
(4618.87093622, -8996.21412589, 1705.77425734)
(4618.91820319, -8996.16602967, 1705.77425725)
(4618.96893619, -8996.1180451, 1705.77425734)
(4619.00805758, -8996.08615455, 1705.77425734)
(4619.07087168, -8996.04470925, 1705.77425732)
(4619.12796893, -8996.00402354, 1705.77425716)
(4619.18786691, -8995.94898286, 1705.77425722)
(4619.2390986, -8995.89702086, 1705.77425722)
(4619.27478321, -8995.86152325, 1705.77425728)
(4619.32028851, -8995.81651281, 1705.77425737)
(4619.36485193, -8995.77701042, 1705.77425738)
(4619.42892717, -8995.73219326, 1705.77425732)
(4619.48404858, -8995.69231244, 1705.77425682)
(4619.53938457, -8995.64271928, 1705.77425751)
(4619.58820262, -8995.5902488, 1705.7742572)
(4619.63338801, -8995.54587266, 1705.77425728)
(4619.67396415, -8995.50691126, 1705.7742573)
(4619.72373133, -8995.46532646, 1705.77425734)
(4619.78592715, -8995.42356164, 1705.77425731)
(4619.83775246, -8995.3862335, 1705.77425729)
(4619.89010201, -8995.33796476, 1705.77425776)
(4619.92828395, -8995.29648066, 1705.77425746)
(4619.96636522, -8995.25414835, 1705.77425702)
(4620.01701647, -8995.20154812, 1705.77425741)
(4620.07011325, -8995.14934386, 1705.77425736)
(4620.12050398, -8995.10573404, 1705.77425734)
(4620.1786982, -8995.0635122, 1705.77425738)
(4620.22342221, -8995.02920745, 1705.77425707)
(4620.27284686, -8994.98714797, 1705.77425751)
(4620.32131458, -8994.94099724, 1705.77425694)
(4620.36955854, -8994.88842192, 1705.77425726)
(4620.41588291, -8994.83947503, 1705.77425746)
(4620.46938952, -8994.78584121, 1705.77425745)
(4620.51066007, -8994.74648169, 1705.77425733)
(4620.56561873, -8994.69721204, 1705.7742574)
(4620.60893977, -8994.65827369, 1705.77425733)
(4620.66448843, -8994.60769509, 1705.77425732)
(4620.70938349, -8994.56630279, 1705.77425734)
(4620.75855608, -8994.520439, 1705.77425732)
(4620.80588247, -8994.4803427, 1705.7742573)
(4620.85653327, -8994.44286975, 1705.7742574)
(4620.90598038, -8994.41083725, 1705.77425736)
(4620.96535995, -8994.37203982, 1705.77425735)
(4621.01574184, -8994.33453095, 1705.77425734)
(4621.06445, -8994.29250139, 1705.77425758)
(4621.11637618, -8994.24264144, 1705.77425747)
(4621.15727629, -8994.20122737, 1705.77425708)
(4621.20595732, -8994.14910518, 1705.77425711)
(4621.24575851, -8994.10844449, 1705.77425737)
(4621.29800928, -8994.05595339, 1705.77425733)
(4621.34188553, -8994.01596858, 1705.77425732)
(4621.40177398, -8993.97036393, 1705.77425742)
(4621.44531536, -8993.93572421, 1705.77425711)
(4621.49635176, -8993.89172336, 1705.77425742)
(4621.53657185, -8993.85366501, 1705.77425748)
(4621.5838839, -8993.80359248, 1705.77425749)
(4621.64268304, -8993.73479937, 1705.77425735)
(4621.68916983, -8993.68565665, 1705.77425713)
(4621.74102872, -8993.64495704, 1705.77425731)
(4621.79052393, -8993.61070333, 1705.77425733)
(4621.84489124, -8993.5695625, 1705.77425736)
(4621.89709704, -8993.52431232, 1705.77425767)
(4621.95442643, -8993.46453289, 1705.77425753)
(4622.02350412, -8993.37667682, 1705.77425811)
(4622.08388358, -8993.31115388, 1705.77425782)
(4622.1696652, -8993.25887893, 1705.77425733)
(4622.22700774, -8993.22459799, 1705.77425752)
(4622.28252909, -8993.18110072, 1705.7743308)
(4622.31808966, -8993.14421669, 1705.77425781)
(4622.37107647, -8993.08188504, 1705.77425988)
(4622.41584892, -8993.029239, 1705.77425775)
(4622.47934179, -8992.977816, 1705.77428704)
(4622.5411152, -8992.93301495, 1705.7742572)
(4622.60399426, -8992.8792349, 1705.7742568)
(4622.64591836, -8992.83652699, 1705.77425747)
(4622.6876636, -8992.78875231, 1705.77425866)
(4622.72536307, -8992.7473889, 1705.77425732)
(4622.7838837, -8992.69671049, 1705.77425744)
(4622.83619947, -8992.65539355, 1705.77425736)
(4622.90015275, -8992.60315479, 1705.77425732)
(4622.94490229, -8992.56210554, 1705.77425757)
(4622.9950994, -8992.50969906, 1705.77425747)
(4623.03685199, -8992.4667029, 1705.77425739)
(4623.08984523, -8992.41378954, 1705.77425735)
(4623.13361091, -8992.3768152, 1705.77425722)
(4623.19228664, -8992.3442676, 1705.77425736)
(4623.24376667, -8992.31865292, 1705.77425763)
(4623.29657311, -8992.28842992, 1705.77425738)
(4623.35989817, -8992.25108012, 1705.77425735)
(4623.40721705, -8992.21772257, 1705.77425767)
(4623.45827696, -8992.16771169, 1705.77425538)
(4623.49749689, -8992.11762456, 1705.77425789)
(4623.53359277, -8992.0712025, 1705.77425811)
(4623.57505313, -8992.01538, 1705.77425771)
(4623.61384966, -8991.9685056, 1705.77425742)
(4623.65300235, -8991.92347873, 1705.77425729)
(4623.70132083, -8991.8746767, 1705.77425762)
(4623.74594269, -8991.83665173, 1705.77426625)
(4623.81028138, -8991.79160295, 1705.77426888)
(4623.85234669, -8991.76156414, 1705.77425719)
(4623.91076063, -8991.71830211, 1705.77425735)
(4623.96091368, -8991.68627799, 1705.77425736)
(4624.02375514, -8991.6545796, 1705.77425753)
(4624.08112819, -8991.62019881, 1705.77425784)
(4624.14109477, -8991.57744127, 1705.7742575)
(4624.18403445, -8991.54192599, 1705.77425756)
(4624.22998355, -8991.49177389, 1705.77426728)
(4624.26946956, -8991.44431247, 1705.77425782)
(4624.30834967, -8991.39315718, 1705.77425699)
(4624.35604815, -8991.32855977, 1705.77425745)
(4624.39301984, -8991.28229324, 1705.77425739)
(4624.44014404, -8991.22710022, 1705.77425743)
(4624.47565536, -8991.18765491, 1705.77425741)
(4624.52659705, -8991.13325029, 1705.77425738)
(4624.57978996, -8991.0830451, 1705.77425735)
(4624.63602646, -8991.04191157, 1705.77425739)
(4624.70347562, -8991.00904539, 1705.77425768)
(4624.75792918, -8990.97839717, 1705.77425722)
(4624.80575641, -8990.94511444, 1705.77425733)
(4624.8581427, -8990.89993576, 1705.77433882)
(4624.91278548, -8990.83577735, 1705.77425731)
(4624.9607678, -8990.78138609, 1705.77425734)
(4625.01005952, -8990.72833524, 1705.77425724)
(4625.05636563, -8990.67683099, 1705.77425732)
(4625.09594849, -8990.63162641, 1705.77425735)
(4625.14556955, -8990.57283174, 1705.77425733)
(4625.18298133, -8990.53028299, 1705.77425737)
(4625.23286658, -8990.47558391, 1705.77425737)
(4625.27323796, -8990.43580796, 1705.77425744)
(4625.33014593, -8990.38713495, 1705.77425734)
(4625.38434703, -8990.34866602, 1705.77425736)
(4625.44951242, -8990.30743464, 1705.77425734)
(4625.50601316, -8990.27562607, 1705.77425735)
(4625.56691951, -8990.24511457, 1705.77425734)
(4625.6132294, -8990.21761939, 1705.77425744)
(4625.67329094, -8990.16644135, 1705.77428578)
(4625.72822429, -8990.10078096, 1705.77425797)
(4625.7889564, -8990.02051289, 1705.77425784)
(4625.83350408, -8989.96641674, 1705.77425742)
(4625.90475092, -8989.88955971, 1705.77425713)
(4625.95129081, -8989.83627878, 1705.77425735)
(4626.02041033, -8989.74912563, 1705.77425733)
(4626.07422489, -8989.69070676, 1705.77425778)
(4626.14907685, -8989.63142321, 1705.77430732)
(4626.23062552, -8989.58976396, 1705.77431742)
(4626.32096732, -8989.55449841, 1705.77429977)
(4626.37842048, -8989.53159027, 1705.77450376)
(4626.45531467, -8989.48837985, 1705.77425996)
(4626.49578911, -8989.44891992, 1705.7748213)
(4626.52385768, -8989.38452375, 1705.77496447)
(4626.5403297, -8989.32072866, 1705.77435251)
(4626.5708538, -8989.2570568, 1705.77472564)
(4626.61174892, -8989.20034612, 1705.77458347)
(4626.66922921, -8989.15007535, 1705.77446536)
(4626.72755144, -8989.10291216, 1705.77425629)
(4626.77685589, -8989.06445439, 1705.77425796)
(4626.82146604, -8989.03019875, 1705.77425729)
(4626.8666942, -8988.99861644, 1705.77425722)
(4626.93357743, -8988.96147288, 1705.77425735)
(4626.98906963, -8988.92726941, 1705.77425748)
(4627.0433995, -8988.87998825, 1705.77429007)
(4627.09763184, -8988.81553268, 1705.77425886)
(4627.14502386, -8988.75994566, 1705.7742572)
(4627.19598609, -8988.70299028, 1705.7742573)
(4627.24166231, -8988.65761207, 1705.77425742)
(4627.28585721, -8988.61918615, 1705.77425733)
(4627.33039179, -8988.58564242, 1705.77425739)
(4627.38619873, -8988.54228222, 1705.77425733)
(4627.43849433, -8988.4961921, 1705.7742576)
(4627.49299533, -8988.43983807, 1705.7742576)
(4627.530771, -8988.39563199, 1705.77425708)
(4627.57409211, -8988.34434666, 1705.77425733)
(4627.60834073, -8988.30419843, 1705.77425734)
(4627.65415194, -8988.25047373, 1705.77425735)
(4627.69822222, -8988.20394431, 1705.77425749)
(4627.75902847, -8988.14728521, 1705.77425721)
(4627.80588099, -8988.11162717, 1705.77425738)
(4627.86308932, -8988.07929414, 1705.77425736)
(4627.91026794, -8988.05233615, 1705.774257)
(4627.96437098, -8988.00486684, 1705.77426746)
(4628.00320823, -8987.96167366, 1705.77434127)
(4628.03915761, -8987.91409511, 1705.77426047)
(4628.07861544, -8987.86934346, 1705.77425904)
(4628.13265546, -8987.81689206, 1705.77426238)
(4628.1895605, -8987.77281206, 1705.77425542)
(4628.25168713, -8987.734493, 1705.77428483)
(4628.30272756, -8987.70511931, 1705.77425676)
(4628.35006043, -8987.6770673, 1705.7742571)
(4628.40548456, -8987.62114278, 1705.77425271)
(4628.45405675, -8987.56216381, 1705.77425735)
(4628.51205457, -8987.49983784, 1705.77425727)
(4628.56670993, -8987.45073032, 1705.77425734)
(4628.63207066, -8987.40816871, 1705.77425734)
(4628.69287716, -8987.3776324, 1705.77425739)
(4628.74177058, -8987.35107863, 1705.77425736)
(4628.78734189, -8987.32208015, 1705.77425733)
(4628.84816978, -8987.27276495, 1705.7742573)
(4628.89473482, -8987.22808531, 1705.77425555)
(4628.94193738, -8987.16503377, 1705.77425585)
(4628.98030471, -8987.1068864, 1705.77425731)
(4629.03054809, -8987.03659529, 1705.77425745)
(4629.07691181, -8986.98246551, 1705.77426797)
(4629.13473234, -8986.93715328, 1705.7743511)
(4629.1816992, -8986.90258546, 1705.77425614)
(4629.23222148, -8986.86307696, 1705.77425725)
(4629.2860683, -8986.82003509, 1705.77425725)
(4629.32807486, -8986.78192254, 1705.77425884)
(4629.37277589, -8986.73104538, 1705.77425817)
(4629.40793411, -8986.69664943, 1705.77425723)
(4629.45410625, -8986.65273901, 1705.77425735)
(4629.5115085, -8986.60690039, 1705.77425735)
(4629.5608128, -8986.56659801, 1705.7742573)
(4629.61692837, -8986.51850137, 1705.77425736)
(4629.65987076, -8986.47585177, 1705.77425726)
(4629.70169169, -8986.42435406, 1705.77425715)
(4629.74169536, -8986.36427288, 1705.77425716)
(4629.78460342, -8986.30199882, 1705.77425728)
(4629.81811241, -8986.25987462, 1705.77425736)
(4629.89190369, -8986.1985625, 1705.77425576)
(4629.94551696, -8986.1581023, 1705.77425731)
(4630.00254814, -8986.11089152, 1705.77425726)
(4630.03735945, -8986.07813543, 1705.77425732)
(4630.08429335, -8986.01724322, 1705.77427132)
(4630.13213431, -8985.95768409, 1705.77425698)
(4630.20609506, -8985.8774726, 1705.77425754)
(4630.27462857, -8985.81812657, 1705.77425739)
(4630.34578948, -8985.77808305, 1705.77425733)
(4630.40979807, -8985.73858037, 1705.77425763)
(4630.47508272, -8985.67948293, 1705.77425932)
(4630.52592656, -8985.62124596, 1705.77425755)
(4630.5730958, -8985.55028244, 1705.77425855)
(4630.61619039, -8985.5048285, 1705.7742568)
(4630.67571441, -8985.44771003, 1705.774271)
(4630.72969905, -8985.4104411, 1705.77433203)
(4630.78607708, -8985.37488753, 1705.77427534)
(4630.84026765, -8985.33883623, 1705.77425705)
(4630.88217888, -8985.30348973, 1705.77426545)
(4630.92630372, -8985.25919696, 1705.77426404)
(4630.96525126, -8985.21375522, 1705.77430726)
(4631.00586157, -8985.157045, 1705.77425808)
(4631.04298979, -8985.1097119, 1705.77425652)
(4631.08647749, -8985.06621003, 1705.77425709)
(4631.13048258, -8985.02792106, 1705.7743348)
(4631.18843477, -8984.98635781, 1705.77425867)
(4631.23699826, -8984.95216027, 1705.77425775)
(4631.28576473, -8984.91737473, 1705.77425725)
(4631.34029821, -8984.87858619, 1705.77425737)
(4631.38003365, -8984.84587222, 1705.77425754)
(4631.42269731, -8984.80024246, 1705.77425728)
(4631.45889427, -8984.75189005, 1705.77425731)
(4631.49721479, -8984.69565183, 1705.77425573)
(4631.53029139, -8984.64791476, 1705.77425717)
(4631.58500016, -8984.59942806, 1705.77425667)
(4631.62809732, -8984.56680459, 1705.77425899)
(4631.6728354, -8984.53097621, 1705.77425726)
(4631.72047764, -8984.49201661, 1705.77425738)
(4631.76412233, -8984.45326119, 1705.77425743)
(4631.81400998, -8984.4055416, 1705.77425725)
(4631.85261288, -8984.36882947, 1705.7742573)
(4631.90152271, -8984.32256664, 1705.77425732)
(4631.94665797, -8984.27903262, 1705.77425735)
(4632.00105973, -8984.22551564, 1705.77425733)
(4632.04069634, -8984.18582612, 1705.77425734)
(4632.07871207, -8984.14742693, 1705.77425734)
(4632.12669539, -8984.0985739, 1705.77425735)
(4632.16796584, -8984.05690035, 1705.77425734)
(4632.21915646, -8984.00528713, 1705.77425733)
(4632.26935736, -8983.95293604, 1705.77425734)
(4632.31415463, -8983.90710608, 1705.7742573)
(4632.36736476, -8983.85386244, 1705.77425732)
(4632.40235414, -8983.8157138, 1705.77425735)
(4632.44139505, -8983.76626889, 1705.77425734)
(4632.47171761, -8983.7195858, 1705.77425732)
(4632.50752862, -8983.66587645, 1705.77425732)
(4632.55257438, -8983.59813959, 1705.77425735)
(4632.58691431, -8983.54937406, 1705.77425734)
(4632.62781608, -8983.492905, 1705.77425736)
(4632.65542659, -8983.45374124, 1705.77425735)
(4632.69004572, -8983.40436488, 1705.77425735)
(4632.72718559, -8983.35389109, 1705.77425732)
(4632.77036841, -8983.29702084, 1705.77425734)
(4632.80904454, -8983.24369692, 1705.77425735)
(4632.84435793, -8983.19361991, 1705.77425734)
(4632.87307086, -8983.15099032, 1705.77425734)
(4632.91072139, -8983.09206832, 1705.7742573)
(4632.93865886, -8983.05047365, 1705.77425729)
(4632.98618003, -8982.98110219, 1705.77425733)
(4633.0165699, -8982.92934263, 1705.77425736)
(4633.04113847, -8982.87965445, 1705.7742574)
(4633.06536761, -8982.82578316, 1705.77425732)
(4633.08841444, -8982.77843976, 1705.77425732)
(4633.11399394, -8982.72705664, 1705.77425733)
(4633.13770283, -8982.6741842, 1705.77425735)
(4633.16462956, -8982.61013255, 1705.77425733)
(4633.18993223, -8982.55479557, 1705.77425734)
(4633.21107077, -8982.50942198, 1705.77425733)
(4633.22945208, -8982.46177487, 1705.77425731)
(4633.24672821, -8982.39651789, 1705.77425732)
(4633.26188829, -8982.33838254, 1705.77425736)
(4633.28188116, -8982.26958291, 1705.77425738)
(4633.29805149, -8982.22169509, 1705.77425733)
(4633.31700801, -8982.16779536, 1705.77425733)
(4633.3375249, -8982.09477663, 1705.77425731)
(4633.36145784, -8982.00201502, 1705.77425754)
(4633.37050183, -8981.93677842, 1705.77425725)
(4633.37617777, -8981.84394013, 1705.77425732)
(4633.38435437, -8981.77355288, 1705.77425744)
(4633.3980672, -8981.67932346, 1705.77425735)
(4633.40435005, -8981.59157859, 1705.77425731)
(4633.41049545, -8981.48918842, 1705.77425733)
(4633.40520262, -8981.40908155, 1705.77425748)
(4633.39787222, -8981.35840439, 1705.77425743)
(4633.38291828, -8981.29063629, 1705.77425725)
(4633.35140785, -8981.22211868, 1705.77429055)
(4633.30489404, -8981.16514684, 1705.77425348)
(4633.25784033, -8981.12669942, 1705.77426568)
(4633.21813448, -8981.09399033, 1705.77427867)
(4633.17291819, -8981.06095364, 1705.7742606)
(4633.11594921, -8981.02057055, 1705.77425715)
(4633.0673755, -8980.98516932, 1705.77425738)
(4633.01674601, -8980.94633094, 1705.77425732)
