(4521.72269244, -9040.44000057, 1705.77437759)
(4521.77818517, -9040.44010214, 1705.77460112)
(4521.86699313, -9040.44024148, 1705.77425214)
(4521.97809397, -9040.44039607, 1705.77425752)
(4522.04541511, -9040.44047137, 1705.77425732)
(4522.13710172, -9040.44049475, 1705.77425732)
(4522.20957579, -9040.4355226, 1705.77425729)
(4522.30967813, -9040.42484411, 1705.77425724)
(4522.3912001, -9040.40447938, 1705.77425738)
(4522.46551382, -9040.36562585, 1705.77425713)
(4522.52210905, -9040.32635027, 1705.7742684)
(4522.56655347, -9040.28833011, 1705.7742582)
(4522.6164859, -9040.2375029, 1705.77445551)
(4522.65825279, -9040.17115625, 1705.77425885)
(4522.68859787, -9040.1050148, 1705.77426213)
(4522.71542859, -9040.03177565, 1705.77425878)
(4522.7408423, -9039.97551499, 1705.77425722)
(4522.76662495, -9039.92342831, 1705.77425737)
(4522.80255084, -9039.85050506, 1705.77425736)
(4522.83105014, -9039.78567581, 1705.77425734)
(4522.86148552, -9039.71413259, 1705.77425728)
(4522.88701293, -9039.65762499, 1705.77425735)
(4522.91057872, -9039.60569143, 1705.77425735)
(4522.93797549, -9039.54464923, 1705.77425733)
(4522.96451028, -9039.48548236, 1705.77425733)
(4522.99827584, -9039.41008252, 1705.77425734)
(4523.02173677, -9039.35767854, 1705.77425733)
(4523.04651004, -9039.30223459, 1705.77425734)
(4523.07298969, -9039.24304055, 1705.77425734)
(4523.10483585, -9039.17175936, 1705.77425734)
(4523.129443, -9039.11670501, 1705.77425733)
(4523.15653749, -9039.05596501, 1705.77425734)
(4523.18163826, -9038.99977562, 1705.77425734)
(4523.21297012, -9038.92963319, 1705.77425734)
(4523.2382395, -9038.87306691, 1705.77425734)
(4523.27091953, -9038.79990796, 1705.77425734)
(4523.30309458, -9038.72788012, 1705.77425734)
(4523.33493276, -9038.65660658, 1705.77425734)
(4523.35817963, -9038.60456555, 1705.77425734)
(4523.38376965, -9038.54723504, 1705.77425733)
(4523.41256955, -9038.48274586, 1705.77425734)
(4523.4443999, -9038.41146914, 1705.77425734)
(4523.47202189, -9038.3496208, 1705.77425734)
(4523.5067162, -9038.27193324, 1705.77425734)
(4523.53198046, -9038.21536483, 1705.77425734)
(4523.55724385, -9038.15879657, 1705.77425734)
(4523.58452889, -9038.09770271, 1705.77425734)
(4523.61821194, -9038.02227774, 1705.77425734)
(4523.64398122, -9037.96457761, 1705.77425734)
(4523.67480224, -9037.89556404, 1705.77425734)
(4523.69855096, -9037.84238991, 1705.77425734)
(4523.72465694, -9037.78393617, 1705.77425734)
(4523.75227923, -9037.72208826, 1705.77425734)
(4523.78731028, -9037.64364655, 1705.77425734)
(4523.81712226, -9037.5768959, 1705.77425734)
(4523.84996449, -9037.50335697, 1705.77425734)
(4523.87640815, -9037.44414891, 1705.77425734)
(4523.90032463, -9037.39059776, 1705.77425734)
(4523.92660029, -9037.33176694, 1705.77425734)
(4523.96483399, -9037.24616083, 1705.77425734)
(4523.99245733, -9037.18431335, 1705.77425734)
(4524.02395397, -9037.11379214, 1705.77425734)
(4524.05612462, -9037.04176234, 1705.77425734)
(4524.0807159, -9036.98670303, 1705.77425734)
(4524.10513785, -9036.93202064, 1705.77425734)
(4524.13292954, -9036.8697959, 1705.77425734)
(4524.167458, -9036.79248654, 1705.77425734)
(4524.19626063, -9036.72799933, 1705.77425734)
(4524.23095778, -9036.65031292, 1705.77425734)
(4524.25453893, -9036.59751639, 1705.77425734)
(4524.27845666, -9036.54396572, 1705.77425734)
(4524.30254301, -9036.49003786, 1705.77425734)
(4524.3382507, -9036.41008873, 1705.77425734)
(4524.36385316, -9036.35276685, 1705.77425734)
(4524.39855062, -9036.27508062, 1705.77425734)
(4524.42263719, -9036.22115283, 1705.77425734)
(4524.45059755, -9036.15855142, 1705.77425734)
(4524.47316833, -9036.10801772, 1705.77425734)
(4524.49910773, -9036.0499418, 1705.77425734)
(4524.53650016, -9035.96622153, 1705.77425734)
(4524.56277664, -9035.90739136, 1705.77425734)
(4524.60303288, -9035.81726039, 1705.77425734)
(4524.63823662, -9035.73844304, 1705.77425734)
(4524.68320891, -9035.63775275, 1705.77425734)
(4524.71369631, -9035.56949465, 1705.77425734)
(4524.75344697, -9035.48049493, 1705.77425734)
(4524.78191338, -9035.41676223, 1705.77425734)
(4524.81795941, -9035.33605945, 1705.77425734)
(4524.84625744, -9035.27270403, 1705.77425734)
(4524.8826404, -9035.19124705, 1705.77425734)
(4524.91397042, -9035.12110359, 1705.77425734)
(4524.94799528, -9035.04492627, 1705.77425734)
(4524.97460899, -9034.98534208, 1705.77425734)
(4525.00442293, -9034.91859268, 1705.77425734)
(4525.03002593, -9034.86127114, 1705.77425734)
(4525.05933468, -9034.79565309, 1705.77425734)
(4525.09554925, -9034.71457323, 1705.77425734)
(4525.12216296, -9034.65498898, 1705.77425734)
(4525.15871453, -9034.57315495, 1705.77425734)
(4525.18263323, -9034.51960461, 1705.77425734)
(4525.21093131, -9034.45624929, 1705.77425734)
(4525.2390611, -9034.3932711, 1705.77425734)
(4525.27274939, -9034.31784815, 1705.77425734)
(4525.3012161, -9034.25411576, 1705.77425734)
(4525.33372535, -9034.18133259, 1705.77425734)
(4525.36269737, -9034.11646882, 1705.77425734)
(4525.38897433, -9034.05763891, 1705.77425734)
(4525.41508276, -9033.9991861, 1705.77425734)
(4525.44152819, -9033.93997908, 1705.77425734)
(4525.4740375, -9033.86719596, 1705.77425734)
(4525.50014607, -9033.8087432, 1705.77425734)
(4525.53383451, -9033.73332031, 1705.77425734)
(4525.55994311, -9033.67486757, 1705.77425734)
(4525.58436726, -9033.62018598, 1705.77425734)
(4525.61114963, -9033.56022476, 1705.77425734)
(4525.64517499, -9033.4840476, 1705.77425734)
(4525.67145205, -9033.42521773, 1705.77425734)
(4525.69907663, -9033.36337096, 1705.77425734)
(4525.72181641, -9033.31246051, 1705.77425734)
(4525.75348366, -9033.24156301, 1705.77425734)
(4525.77908697, -9033.18424164, 1705.77425734)
(4525.81024887, -9033.1144755, 1705.77425734)
(4525.83332554, -9033.06281085, 1705.77425734)
(4525.86095018, -9033.00096412, 1705.77425734)
(4525.88756417, -9032.94138006, 1705.77425734)
(4525.91603105, -9032.87764773, 1705.77425734)
(4525.94213974, -9032.819195, 1705.77425734)
(4525.97161729, -9032.7532, 1705.77425734)
(4525.99873663, -9032.69248462, 1705.77425734)
(4526.03107773, -9032.62007869, 1705.77425734)
(4526.05634422, -9032.56351157, 1705.77425734)
(4526.09036975, -9032.48733453, 1705.77425734)
(4526.11496246, -9032.43227589, 1705.77425734)
(4526.14022896, -9032.37570878, 1705.77425734)
(4526.16532701, -9032.31951877, 1705.77425734)
(4526.19851038, -9032.24522728, 1705.77425734)
(4526.22327157, -9032.18979149, 1705.77425734)
(4526.25763404, -9032.11286021, 1705.77425734)
(4526.28357433, -9032.05478465, 1705.77425734)
(4526.30597732, -9032.00462848, 1705.77425734)
(4526.33208606, -9031.9461758, 1705.77425734)
(4526.36678547, -9031.86849033, 1705.77425734)
(4526.39676841, -9031.80136407, 1705.77425734)
(4526.43517358, -9031.71538211, 1705.77425734)
(4526.45875568, -9031.66258614, 1705.77425734)
(4526.48301159, -9031.60828171, 1705.77425734)
(4526.50810969, -9031.55209171, 1705.77425734)
(4526.54381976, -9031.47214354, 1705.77425734)
(4526.57565562, -9031.40086901, 1705.77425734)
(4526.60900747, -9031.32620044, 1705.77425734)
(4526.6283785, -9031.28283234, 1705.77425734)
(4526.65634021, -9031.22023145, 1705.77425734)
(4526.68497563, -9031.15612212, 1705.77425734)
(4526.71799063, -9031.08220781, 1705.77425734)
(4526.74393096, -9031.02413226, 1705.77425734)
(4526.77728287, -9030.94946368, 1705.77425734)
(4526.80170721, -9030.89478215, 1705.77425734)
(4526.82950045, -9030.83255835, 1705.77425734)
(4526.85375636, -9030.77825395, 1705.77425734)
(4526.89047719, -9030.69604315, 1705.77425734)
(4526.91911264, -9030.6319338, 1705.77425734)
(4526.95886545, -9030.54293497, 1705.77425734)
(4526.99238577, -9030.46788934, 1705.77425734)
(4527.03803418, -9030.3656915, 1705.77425734)
(4527.07172299, -9030.29026872, 1705.77425734)
(4527.10339042, -9030.2193713, 1705.77425734)
(4527.14819655, -9030.11905903, 1705.77425734)
(4527.17615823, -9030.05645813, 1705.77425734)
(4527.20967862, -9029.98141248, 1705.77425734)
(4527.23578741, -9029.92295986, 1705.77425734)
(4527.26577046, -9029.85583363, 1705.77425734)
(4527.29103703, -9029.79926657, 1705.77425734)
(4527.31175564, -9029.75288155, 1705.77425734)
(4527.34544455, -9029.67745878, 1705.77425734)
(4527.3720587, -9029.61787479, 1705.77425734)
(4527.40271554, -9029.54924009, 1705.77425734)
(4527.42697147, -9029.49493571, 1705.77425734)
(4527.45628075, -9029.4293179, 1705.77425734)
(4527.48693756, -9029.36068319, 1705.77425734)
(4527.51068817, -9029.30751016, 1705.77425734)
(4527.54100815, -9029.23962973, 1705.77425734)
(4527.56576941, -9029.18419402, 1705.77425734)
(4527.59928981, -9029.10914837, 1705.77425734)
(4527.62152442, -9029.05936933, 1705.77425734)
(4527.64763326, -9029.00091666, 1705.77425734)
(4527.67357365, -9028.94284114, 1705.77425734)
(4527.70372519, -9028.8753378, 1705.77425734)
(4527.72983401, -9028.81688516, 1705.77425734)
(4527.75914332, -9028.75126736, 1705.77425734)
(4527.78255703, -9028.69884856, 1705.77425734)
(4527.80967652, -9028.63813326, 1705.77425734)
(4527.83477468, -9028.58194333, 1705.77425734)
(4527.87149555, -9028.49973255, 1705.77425734)
(4527.89608839, -9028.44467393, 1705.77425734)
(4527.92388171, -9028.38245013, 1705.77425734)
(4527.94830609, -9028.32776863, 1705.77425734)
(4527.97340427, -9028.27157868, 1705.77425734)
(4528.00086066, -9028.21010914, 1705.77425734)
(4528.03033844, -9028.14411424, 1705.77425734)
(4528.05627883, -9028.08603873, 1705.77425734)
(4528.08491435, -9028.02192941, 1705.77425734)
(4528.1115285, -9027.96234547, 1705.77425734)
(4528.14117467, -9027.89597346, 1705.77425734)
(4528.16947329, -9027.83261833, 1705.77425734)
(4528.19608753, -9027.77303434, 1705.77425734)
(4528.22101727, -9027.7172215, 1705.77425734)
(4528.25015813, -9027.65198083, 1705.77425734)
(4528.27761451, -9027.59051129, 1705.77425734)
(4528.3069238, -9027.52489349, 1705.77425734)
(4528.33336954, -9027.46568663, 1705.77425734)
(4528.36217356, -9027.40120021, 1705.77425734)
(4528.38457662, -9027.35104412, 1705.77425734)
(4528.41590725, -9027.280901, 1705.77425734)
(4528.4428583, -9027.22056279, 1705.77425734)
(4528.47132539, -9027.15683054, 1705.77425734)
(4528.50265601, -9027.08668736, 1705.77425734)
(4528.52623819, -9027.03389143, 1705.77425734)
(4528.55605287, -9026.96714233, 1705.77425734)
(4528.58401459, -9026.90454145, 1705.77425734)
(4528.61736658, -9026.82987293, 1705.77425734)
(4528.64836029, -9026.76048402, 1705.77425734)
(4528.67969092, -9026.6903409, 1705.77425734)
(4528.70344153, -9026.63716788, 1705.77425734)
(4528.73039261, -9026.57682967, 1705.77425734)
(4528.75970191, -9026.51121185, 1705.77425734)
(4528.78833741, -9026.44710249, 1705.77425734)
(4528.82017343, -9026.37582802, 1705.77425734)
(4528.8479667, -9026.31360426, 1705.77425734)
(4528.87424403, -9026.25477452, 1705.77425734)
(4528.90052131, -9026.19594478, 1705.77425734)
(4528.92814617, -9026.13409813, 1705.77425734)
(4528.95880299, -9026.06546346, 1705.77425734)
(4528.98103761, -9026.01568447, 1705.77425734)
(4529.01270517, -9025.94478709, 1705.77425734)
(4529.03712958, -9025.89010558, 1705.77425734)
(4529.06997623, -9025.81656838, 1705.77425734)
(4529.09541128, -9025.7596242, 1705.77425734)
(4529.12202547, -9025.70004024, 1705.77425734)
(4529.15335609, -9025.62989708, 1705.77425734)
(4529.17963338, -9025.57106733, 1705.77425734)
(4529.21180628, -9025.49903863, 1705.77425734)
(4529.23639912, -9025.44398006, 1705.77425734)
(4529.27143553, -9025.36554044, 1705.77425734)
(4529.29316482, -9025.31689277, 1705.77425734)
(4529.32719057, -9025.24071576, 1705.77425734)
(4529.35262563, -9025.18377156, 1705.77425734)
(4529.38783048, -9025.10495478, 1705.77425734)
(4529.41983498, -9025.03330322, 1705.77425734)
(4529.44948114, -9024.96693121, 1705.77425734)
(4529.48081176, -9024.89678805, 1705.77425734)
(4529.53050291, -9024.78553959, 1705.77425734)
(4529.56503394, -9024.70823129, 1705.77425734)
(4529.6002388, -9024.6294145, 1705.77425734)
(4529.63106408, -9024.56040265, 1705.77425734)
(4529.67115383, -9024.47064959, 1705.77425734)
(4529.69894711, -9024.40842583, 1705.77425734)
(4529.73314132, -9024.33187174, 1705.77425734)
(4529.75739727, -9024.27756736, 1705.77425734)
(4529.79007546, -9024.20440732, 1705.77425734)
(4529.81247851, -9024.15425121, 1705.77425734)
(4529.84060868, -9024.09127324, 1705.77425734)
(4529.86435931, -9024.03810019, 1705.77425734)
(4529.89889042, -9023.96079185, 1705.77425734)
(4529.92718904, -9023.89743672, 1705.77425734)
(4529.95329791, -9023.8389841, 1705.77425734)
(4529.97586941, -9023.78845087, 1705.77425734)
(4530.00854759, -9023.7152908, 1705.77425734)
(4530.03263511, -9023.66136353, 1705.77425734)
(4530.07002978, -9023.57764431, 1705.77425734)
(4530.09714928, -9023.51692903, 1705.77425734)
(4530.12477415, -9023.45508241, 1705.77425734)
(4530.14448211, -9023.41096011, 1705.77425734)
(4530.17766564, -9023.33666866, 1705.77425734)
(4530.2046167, -9023.27633044, 1705.77425734)
(4530.2408322, -9023.19525098, 1705.77425734)
(4530.26896238, -9023.13227299, 1705.77425734)
(4530.29709262, -9023.06929501, 1705.77425734)
(4530.31915881, -9023.01989312, 1705.77425734)
(4530.35301612, -9022.94409327, 1705.77425734)
(4530.38013561, -9022.88337799, 1705.77425734)
(4530.41382445, -9022.80795527, 1705.77425734)
(4530.44178617, -9022.74535437, 1705.77425734)
(4530.4704217, -9022.681245, 1705.77425734)
(4530.49316166, -9022.63033463, 1705.77425734)
(4530.52095495, -9022.56811086, 1705.77425734)
(4530.55666517, -9022.48816277, 1705.77425734)
(4530.58530068, -9022.42405344, 1705.77425734)
(4530.62050555, -9022.34523667, 1705.77425734)
(4530.64829882, -9022.28301293, 1705.77425734)
(4530.68165078, -9022.20834445, 1705.77425734)
(4530.70556984, -9022.1547943, 1705.77425734)
(4530.73151026, -9022.09671877, 1705.77425734)
(4530.75509244, -9022.04392282, 1705.77425734)
(4530.78339107, -9021.98056768, 1705.77425734)
(4530.81219506, -9021.91608125, 1705.77425734)
(4530.83864079, -9021.8568744, 1705.77425734)
(4530.86592876, -9021.79578197, 1705.77425734)
(4530.89304826, -9021.73506666, 1705.77425734)
(4530.92538954, -9021.66266083, 1705.77425734)
(4530.95739392, -9021.59100925, 1705.77425734)
(4530.98653475, -9021.52576859, 1705.77425734)
(4531.01837076, -9021.45449408, 1705.77425734)
(4531.04026851, -9021.40546928, 1705.77425734)
(4531.07058849, -9021.33758879, 1705.77425734)
(4531.09838177, -9021.27536503, 1705.77425734)
(4531.13173373, -9021.20069651, 1705.77425734)
(4531.15632657, -9021.1456379, 1705.77425734)
(4531.19237363, -9021.06493556, 1705.77425734)
(4531.22033534, -9021.0023347, 1705.77425734)
(4531.24711796, -9020.94237364, 1705.77425734)
(4531.26901569, -9020.89334886, 1705.77425734)
(4531.30135701, -9020.82094301, 1705.77425734)
(4531.32864497, -9020.75985055, 1705.77425734)
(4531.36115471, -9020.68706759, 1705.77425734)
(4531.38389467, -9020.63615724, 1705.77425734)
(4531.41303551, -9020.57091656, 1705.77425734)
(4531.43897592, -9020.51284104, 1705.77425734)
(4531.47148568, -9020.4400581, 1705.77425734)
(4531.49557319, -9020.38613085, 1705.77425734)
(4531.5257247, -9020.31862753, 1705.77425734)
(4531.55334953, -9020.25678089, 1705.77425734)
(4531.58417483, -9020.18776906, 1705.77425734)
(4531.60893612, -9020.13233331, 1705.77425734)
(4531.63639253, -9020.07086375, 1705.77425734)
(4531.66620719, -9020.00411463, 1705.77425734)
(4531.69012626, -9019.95056449, 1705.77425734)
(4531.71943557, -9019.8849467, 1705.77425734)
(4531.74571285, -9019.82611695, 1705.77425734)
(4531.77721191, -9019.75559669, 1705.77425734)
(4531.8077003, -9019.68733914, 1705.77425734)
(4531.83263003, -9019.63152632, 1705.77425734)
(4531.86092868, -9019.56817121, 1705.77425734)
(4531.89613352, -9019.4893544, 1705.77425734)
(4531.93874993, -9019.39394462, 1705.77425734)
(4531.97681832, -9019.30871692, 1705.77425734)
(4532.026341, -9019.1978455, 1705.77425734)
(4532.06171427, -9019.11865164, 1705.77425734)
(4532.09220267, -9019.05039409, 1705.77425734)
(4532.12639682, -9018.97384001, 1705.77425734)
(4532.18888967, -9018.83393077, 1705.77425734)
(4532.21247185, -9018.78113484, 1705.77425734)
(4532.24296025, -9018.71287726, 1705.77425734)
(4532.26671087, -9018.65970422, 1705.77425734)
(4532.29703083, -9018.59182374, 1705.77425734)
(4532.32347656, -9018.53261688, 1705.77425734)
(4532.35345964, -9018.46549066, 1705.77425734)
(4532.37855781, -9018.40930074, 1705.77425734)
(4532.40955154, -9018.33991183, 1705.77425734)
(4532.43582882, -9018.28108206, 1705.77425734)
(4532.46699101, -9018.21131599, 1705.77425734)
(4532.4929314, -9018.15324045, 1705.77425734)
(4532.51701892, -9018.09931318, 1705.77425734)
(4532.54717045, -9018.03180984, 1705.77425734)
(4532.57412151, -9017.97147164, 1705.77425734)
(4532.60359926, -9017.90547673, 1705.77425734)
(4532.63189786, -9017.84212163, 1705.77425734)
(4532.66339691, -9017.77160139, 1705.77425734)
(4532.68613686, -9017.72069105, 1705.77425734)
(4532.71241415, -9017.66186129, 1705.77425734)
(4532.74542924, -9017.58794697, 1705.77425734)
(4532.77743364, -9017.51629534, 1705.77425734)
(4532.81095404, -9017.44124971, 1705.77425734)
(4532.84127399, -9017.37336924, 1705.77425734)
(4532.87159396, -9017.30548877, 1705.77425734)
(4532.89349169, -9017.25646398, 1705.77425734)
(4532.92431697, -9017.18745219, 1705.77425734)
(4532.9477307, -9017.1350334, 1705.77425734)
(4532.97249198, -9017.07959768, 1705.77425734)
(4533.00517017, -9017.00643761, 1705.77425734)
(4533.02875236, -9016.95364166, 1705.77425734)
(4533.06244121, -9016.87821889, 1705.77425734)
(4533.0898976, -9016.81674935, 1705.77425734)
(4533.12257578, -9016.74358929, 1705.77425734)
(4533.14396818, -9016.69569584, 1705.77425734)
(4533.17007703, -9016.6372432, 1705.77425734)
(4533.20629255, -9016.55616378, 1705.77425734)
(4533.23644404, -9016.48866045, 1705.77425734)
(4533.27265955, -9016.407581, 1705.77425734)
(4533.30078972, -9016.34460298, 1705.77425734)
(4533.33767902, -9016.26201505, 1705.77425734)
(4533.35991365, -9016.21223603, 1705.77425734)
(4533.38737006, -9016.15076649, 1705.77425734)
(4533.41398423, -9016.09118252, 1705.77425734)
(4533.45205262, -9016.00595481, 1705.77425734)
(4533.47849834, -9015.94674796, 1705.77425734)
(4533.50898673, -9015.8784904, 1705.77425734)
(4533.53273735, -9015.82531737, 1705.77425734)
(4533.56272042, -9015.75819113, 1705.77425734)
(4533.58731327, -9015.7031325, 1705.77425734)
(4533.62117057, -9015.62733261, 1705.77425734)
(4533.64845852, -9015.56624017, 1705.77425734)
(4533.68366336, -9015.48742341, 1705.77425734)
(4533.70960375, -9015.42934789, 1705.77425734)
(4533.73554416, -9015.37127237, 1705.77425734)
(4533.76502188, -9015.30527747, 1705.77425734)
(4533.7944996, -9015.23928259, 1705.77425734)
(4533.82549333, -9015.16989368, 1705.77425734)
(4533.85294973, -9015.10842413, 1705.77425734)
(4533.88545947, -9015.03564115, 1705.77425734)
(4533.90668344, -9014.9881248, 1705.77425734)
(4533.93582428, -9014.92288412, 1705.77425734)
(4533.96412289, -9014.85952901, 1705.77425734)
(4533.99056863, -9014.80032215, 1705.77425734)
(4534.02055172, -9014.73319591, 1705.77425734)
(4534.0426179, -9014.68379402, 1705.77425734)
(4534.07596984, -9014.60912552, 1705.77425734)
(4534.1014049, -9014.55218137, 1705.77425734)
(4534.12869285, -9014.49108893, 1705.77425734)
(4534.15294882, -9014.43678453, 1705.77425734)
(4534.18208968, -9014.37154383, 1705.77425734)
(4534.20786164, -9014.31384542, 1705.77425734)
(4534.24306647, -9014.23502865, 1705.77425734)
(4534.2695122, -9014.17582179, 1705.77425734)
(4534.2988215, -9014.110204, 1705.77425734)
(4534.32324589, -9014.05552251, 1705.77425734)
(4534.35491339, -9013.98462515, 1705.77425734)
(4534.39416089, -9013.89675768, 1705.77425734)
(4534.43509283, -9013.80511902, 1705.77425734)
(4534.46895011, -9013.72931912, 1705.77425734)
(4534.5097136, -9013.63805759, 1705.77425734)
(4534.53430645, -9013.58299898, 1705.77425734)
(4534.57456461, -9013.49286879, 1705.77425734)
(4534.60555833, -9013.42347987, 1705.77425734)
(4534.64918537, -9013.32580745, 1705.77425734)
(4534.67866309, -9013.25981255, 1705.77425734)
(4534.71100439, -9013.1874067, 1705.77425734)
(4534.7308808, -9013.14290727, 1705.77425734)
(4534.76035854, -9013.07691234, 1705.77425734)
(4534.79269982, -9013.00450649, 1705.77425734)
(4534.82891532, -9012.92342704, 1705.77425734)
(4534.85856148, -9012.85705501, 1705.77425734)
(4534.89241877, -9012.78125516, 1705.77425734)
(4534.91600094, -9012.72845925, 1705.77425734)
(4534.94042533, -9012.67377777, 1705.77425734)
(4534.9700715, -9012.60740576, 1705.77425734)
(4535.00308657, -9012.53349145, 1705.77425734)
(4535.03323808, -9012.46598806, 1705.77425734)
(4535.06237893, -9012.40074737, 1705.77425734)
(4535.08646644, -9012.34682011, 1705.77425734)
(4535.11712329, -9012.2781854, 1705.77425734)
(4535.14087391, -9012.22501236, 1705.77425734)
(4535.16900409, -9012.16203437, 1705.77425734)
(4535.20084004, -9012.0907599, 1705.77425734)
(4535.22610666, -9012.03419286, 1705.77425734)
(4535.25491061, -9011.96970642, 1705.77425734)
(4535.28034568, -9011.91276223, 1705.77425734)
(4535.31083408, -9011.84450461, 1705.77425734)
(4535.3376167, -9011.78454351, 1705.77425734)
(4535.359346, -9011.73589583, 1705.77425734)
(4535.39135041, -9011.66424422, 1705.77425734)
(4535.41510103, -9011.61107118, 1705.77425734)
(4535.44828454, -9011.53677978, 1705.77425734)
(4535.47001383, -9011.48813211, 1705.77425734)
(4535.50201821, -9011.41648053, 1705.77425734)
(4535.5264426, -9011.36179904, 1705.77425734)
(4535.56046834, -9011.28562206, 1705.77425734)
(4535.58826163, -9011.22339827, 1705.77425734)
(4535.62026603, -9011.15174664, 1705.77425734)
(4535.64435354, -9011.09781937, 1705.77425734)
(4535.67265217, -9011.03446426, 1705.77425734)
(4535.69808723, -9010.97752008, 1705.77425734)
(4535.72705963, -9010.91265651, 1705.77425734)
(4535.75535826, -9010.84930142, 1705.77425734)
(4535.78011954, -9010.79386572, 1705.77425734)
(4535.81246082, -9010.7214599, 1705.77425734)
(4535.83907499, -9010.66187592, 1705.77425734)
(4535.87293228, -9010.58607603, 1705.77425734)
(4535.89937801, -9010.52686915, 1705.77425734)
(4535.92733974, -9010.46426826, 1705.77425734)
(4535.95395392, -9010.40468429, 1705.77425734)
(4535.98696899, -9010.33076999, 1705.77425734)
(4536.01341472, -9010.27156314, 1705.77425734)
(4536.04339779, -9010.20443691, 1705.77425734)
(4536.06933818, -9010.14636141, 1705.77425734)
(4536.09679457, -9010.08489188, 1705.77425734)
(4536.12340874, -9010.0253079, 1705.77425734)
(4536.14985448, -9009.96610102, 1705.77425734)
(4536.17731089, -9009.90463146, 1705.77425734)
(4536.19988241, -9009.85409821, 1705.77425734)
(4536.23020237, -9009.78621774, 1705.77425734)
(4536.25563743, -9009.72927356, 1705.77425734)
(4536.28578894, -9009.6617702, 1705.77425734)
(4536.31257156, -9009.60180912, 1705.77425734)
(4536.34508128, -9009.52902619, 1705.77425734)
(4536.36900034, -9009.47547605, 1705.77425734)
(4536.40066784, -9009.40457867, 1705.77425734)
(4536.42593447, -9009.34801159, 1705.77425734)
(4536.45894953, -9009.27409727, 1705.77425734)
(4536.48371083, -9009.21866154, 1705.77425734)
(4536.51066189, -9009.15832333, 1705.77425734)
(4536.54232941, -9009.08742595, 1705.77425734)
(4536.57045958, -9009.02444796, 1705.77425734)
(4536.60600131, -9008.94487697, 1705.77425734)
(4536.63396303, -9008.88227611, 1705.77425734)
(4536.67438962, -9008.79176883, 1705.77425734)
(4536.70774156, -9008.71710029, 1705.77425734)
(4536.74058819, -9008.64356308, 1705.77425734)
(4536.77410858, -9008.56851743, 1705.77425734)
(4536.81352452, -9008.48027281, 1705.77425734)
(4536.8561409, -9008.38486303, 1705.77425734)
(4536.89151416, -9008.30566916, 1705.77425734)
(4536.93177231, -9008.215539, 1705.77425734)
(4536.96242914, -9008.14690431, 1705.77425734)
(4536.98988554, -9008.08543475, 1705.77425734)
(4537.01178328, -9008.03640994, 1705.77425734)
(4537.04564057, -9007.96061006, 1705.77425734)
(4537.07461296, -9007.89574649, 1705.77425734)
(4537.10156403, -9007.83540828, 1705.77425734)
(4537.13188399, -9007.76752781, 1705.77425734)
(4537.15816128, -9007.70869807, 1705.77425734)
(4537.18645989, -9007.64534298, 1705.77425734)
(4537.21138962, -9007.58953017, 1705.77425734)
(4537.24541533, -9007.5133532, 1705.77425734)
(4537.27169262, -9007.45452344, 1705.77425734)
(4537.29729614, -9007.39720213, 1705.77425734)
(4537.32374187, -9007.33799525, 1705.77425734)
(4537.35423027, -9007.26973765, 1705.77425734)
(4537.38353956, -9007.20411986, 1705.77425734)
(4537.41318573, -9007.13774784, 1705.77425734)
(4537.43744169, -9007.08344346, 1705.77425734)
(4537.46641408, -9007.01857991, 1705.77425734)
(4537.49488113, -9006.95484771, 1705.77425734)
(4537.52469574, -9006.88809859, 1705.77425734)
(4537.5592268, -9006.81079025, 1705.77425734)
(4537.58617787, -9006.75045203, 1705.77425734)
(4537.61262361, -9006.69124516, 1705.77425734)
(4537.63704802, -9006.63656366, 1705.77425734)
(4537.67292663, -9006.55623843, 1705.77425734)
(4537.70240435, -9006.49024352, 1705.77425734)
(4537.73727229, -9006.41218098, 1705.77425734)
(4537.76456024, -9006.35108857, 1705.77425734)
(4537.78662641, -9006.30168669, 1705.77425734)
(4537.81543036, -9006.23720024, 1705.77425734)
(4537.84305521, -9006.17535357, 1705.77425734)
(4537.87438583, -9006.10521039, 1705.77425734)
(4537.90571645, -9006.03506722, 1705.77425734)
(4537.93367818, -9005.97246633, 1705.77425734)
(4537.95928169, -9005.91514504, 1705.77425734)
(4537.98471676, -9005.85820086, 1705.77425734)
(4538.00880427, -9005.8042736, 1705.77425734)
(4538.04148244, -9005.73111355, 1705.77425734)
(4538.06792816, -9005.67190671, 1705.77425734)
(4538.1012801, -9005.5972382, 1705.77425734)
(4538.12503073, -9005.54406515, 1705.77425734)
(4538.15450846, -9005.47807022, 1705.77425734)
(4538.18263864, -9005.4150922, 1705.77425734)
(4538.21026348, -9005.35324554, 1705.77425734)
(4538.23822522, -9005.29064466, 1705.77425734)
(4538.26382873, -9005.23332337, 1705.77425734)
(4538.29313802, -9005.16770558, 1705.77425734)
(4538.31890997, -9005.11000719, 1705.77425734)
(4538.34788235, -9005.04514364, 1705.77425734)
(4538.37685474, -9004.98028009, 1705.77425734)
(4538.40330048, -9004.92107322, 1705.77425734)
(4538.42772489, -9004.86639171, 1705.77425734)
(4538.45720262, -9004.80039678, 1705.77425734)
(4538.48499591, -9004.738173, 1705.77425734)
(4538.5154843, -9004.66991541, 1705.77425734)
(4538.54681492, -9004.59977225, 1705.77425734)
(4538.57342909, -9004.54018829, 1705.77425734)
(4538.59852727, -9004.48399835, 1705.77425734)
(4538.62312011, -9004.42893976, 1705.77425734)
(4538.65579827, -9004.35577971, 1705.77425734)
(4538.68140178, -9004.29845841, 1705.77425734)
(4538.70936352, -9004.23585751, 1705.77425734)
(4538.73681992, -9004.17438795, 1705.77425734)
(4538.76259188, -9004.11668953, 1705.77425734)
(4538.79206961, -9004.05069462, 1705.77425734)
(4538.81733623, -9003.99412756, 1705.77425734)
(4538.84799307, -9003.92549286, 1705.77425734)
(4538.87544947, -9003.86402333, 1705.77425734)
(4538.90526407, -9003.79727421, 1705.77425734)
(4538.93389957, -9003.73316489, 1705.77425734)
(4538.96758841, -9003.65774214, 1705.77425734)
(4538.99302348, -9003.60079795, 1705.77425734)
(4539.0243541, -9003.53065477, 1705.77425734)
(4539.05669538, -9003.45824891, 1705.77425734)
(4539.09813265, -9003.36547893, 1705.77425734)
(4539.13182148, -9003.29005618, 1705.77425734)
(4539.17578541, -9003.19162951, 1705.77425734)
(4539.20341024, -9003.12978288, 1705.77425734)
(4539.24602662, -9003.03437311, 1705.77425734)
(4539.27196702, -9002.97629757, 1705.77425734)
(4539.30767719, -9002.89634943, 1705.77425734)
(4539.33547047, -9002.83412565, 1705.77425734)
(4539.3664642, -9002.76473671, 1705.77425734)
(4539.40015303, -9002.68931396, 1705.77425734)
(4539.43064142, -9002.62105638, 1705.77425734)
(4539.4557396, -9002.56486645, 1705.77425734)
(4539.48605954, -9002.49698599, 1705.77425734)
(4539.51250527, -9002.43777914, 1705.77425734)
(4539.53945633, -9002.37744094, 1705.77425734)
(4539.56859717, -9002.31220024, 1705.77425734)
(4539.59571669, -9002.2514849, 1705.77425734)
(4539.62199398, -9002.19265514, 1705.77425734)
(4539.64675527, -9002.13721942, 1705.77425734)
(4539.67724367, -9002.06896183, 1705.77425734)
(4539.70436318, -9002.00824652, 1705.77425734)
(4539.73468312, -9001.94036606, 1705.77425734)
(4539.75944441, -9001.88493035, 1705.77425734)
(4539.79060657, -9001.81516432, 1705.77425734)
(4539.82143184, -9001.7461525, 1705.77425734)
(4539.84737225, -9001.68807697, 1705.77425734)
(4539.87583932, -9001.62434472, 1705.77425734)
(4539.90295883, -9001.5636294, 1705.77425734)
(4539.93462634, -9001.492732, 1705.77425734)
(4539.96174584, -9001.43201669, 1705.77425734)
(4539.99459246, -9001.35847952, 1705.77425734)
(4540.01733241, -9001.30756917, 1705.77425734)
(4540.04579947, -9001.24383696, 1705.77425734)
(4540.07056075, -9001.18840125, 1705.77425734)
(4540.10559713, -9001.10996159, 1705.77425734)
(4540.13120065, -9001.05264028, 1705.77425734)
(4540.1645526, -9000.97797174, 1705.77425734)
(4540.19066144, -9000.91951909, 1705.77425734)
(4540.21626496, -9000.8621978, 1705.77425734)
(4540.24068936, -9000.8075163, 1705.77425734)
(4540.26730354, -9000.74793233, 1705.77425734)
(4540.29947637, -9000.67590362, 1705.77425734)
(4540.32390077, -9000.62122214, 1705.77425734)
(4540.35085182, -9000.56088396, 1705.77425734)
(4540.38032955, -9000.49488905, 1705.77425734)
(4540.41048105, -9000.42738567, 1705.77425734)
(4540.44063257, -9000.35988229, 1705.77425734)
(4540.46505697, -9000.30520078, 1705.77425734)
(4540.49520848, -9000.23769741, 1705.77425734)
(4540.52098044, -9000.17999901, 1705.77425734)
(4540.5509635, -9000.11287277, 1705.77425734)
(4540.58162033, -9000.04423807, 1705.77425734)
(4540.60604473, -8999.9895566, 1705.77425734)
(4540.63147979, -8999.93261243, 1705.77425734)
(4540.65624107, -8999.87717672, 1705.77425734)
(4540.68925613, -8999.80326241, 1705.77425734)
(4540.72142897, -8999.73123366, 1705.77425734)
(4540.75141203, -8999.66410739, 1705.77425734)
(4540.77330977, -8999.6150826, 1705.77425734)
(4540.80194528, -8999.55097326, 1705.77425734)
(4540.83445501, -8999.47819031, 1705.77425734)
(4540.86325895, -8999.41370386, 1705.77425734)
(4540.896274, -8999.33978959, 1705.77425734)
(4540.92288817, -8999.28020563, 1705.77425734)
(4540.95000768, -8999.21949032, 1705.77425734)
(4540.97476897, -8999.16405458, 1705.77425734)
(4541.00946847, -8999.08636913, 1705.77425734)
(4541.03743021, -8999.02376823, 1705.77425734)
(4541.06960304, -8998.95173949, 1705.77425734)
(4541.09908077, -8998.88574459, 1705.77425734)
(4541.12367362, -8998.83068598, 1705.77425734)
(4541.1484349, -8998.77525027, 1705.77425734)
(4541.18178684, -8998.70058177, 1705.77425734)
(4541.21362278, -8998.62930728, 1705.77425734)
(4541.25652145, -8998.53366983, 1705.77425737)
(4541.28981486, -8998.47828071, 1705.77425761)
(4541.3398376, -8998.41754192, 1705.7742575)
(4541.38598259, -8998.36339975, 1705.77425732)
(4541.44684976, -8998.28850452, 1705.7742573)
(4541.48971494, -8998.23447685, 1705.77425734)
(4541.55664556, -8998.14945711, 1705.77425731)
(4541.61101516, -8998.08223802, 1705.77425735)
(4541.65454547, -8998.02867041, 1705.77425733)
(4541.68934073, -8997.98563334, 1705.77425734)
(4541.73637144, -8997.92752546, 1705.77425734)
(4541.77794677, -8997.87616147, 1705.77425734)
(4541.82971074, -8997.81232231, 1705.77425734)
(4541.87129968, -8997.760969, 1705.77425734)
(4541.92176754, -8997.69873385, 1705.77425734)
(4541.95634957, -8997.6560569, 1705.77425734)
(4542.00473367, -8997.59638877, 1705.77425734)
(4542.04343984, -8997.54669916, 1705.77425735)
(4542.0865669, -8997.48900395, 1705.77425735)
(4542.12054673, -8997.43705349, 1705.77425735)
(4542.15722524, -8997.37076909, 1705.77425733)
(4542.18833095, -8997.31479955, 1705.77425734)
(4542.22518871, -8997.24986493, 1705.77425736)
(4542.25346962, -8997.19603327, 1705.77425734)
(4542.28612718, -8997.13098945, 1705.77425743)
(4542.31556803, -8997.07751122, 1705.77425733)
(4542.35152414, -8997.01395828, 1705.77425732)
(4542.38466298, -8996.95395019, 1705.77425734)
(4542.41937735, -8996.89103832, 1705.77425734)
(4542.44737833, -8996.84046276, 1705.77425734)
(4542.48183633, -8996.77835924, 1705.77425734)
(4542.51836165, -8996.71267967, 1705.77425735)
(4542.55321357, -8996.64983959, 1705.77425734)
(4542.58808596, -8996.58701183, 1705.77425734)
(4542.62115499, -8996.52742994, 1705.77425734)
(4542.65306003, -8996.47004362, 1705.77425735)
(4542.68554095, -8996.41155606, 1705.77425734)
(4542.71804638, -8996.35308437, 1705.77425735)
(4542.76126374, -8996.27553271, 1705.77425734)
(4542.79118175, -8996.22175559, 1705.77425734)
(4542.82632006, -8996.15859246, 1705.77425734)
(4542.85463022, -8996.10770072, 1705.77425734)
(4542.89297914, -8996.03876153, 1705.77425734)
(4542.92409935, -8995.98281595, 1705.77425734)
(4542.95381384, -8995.9293969, 1705.77425734)
(4542.98537254, -8995.87671146, 1705.77425732)
(4543.02726102, -8995.80942592, 1705.77425731)
(4543.05903599, -8995.75415067, 1705.77425736)
(4543.09843022, -8995.68203043, 1705.77425723)
(4543.12271624, -8995.63187315, 1705.77425732)
(4543.14816011, -8995.57525172, 1705.77425731)
(4543.17773812, -8995.51055889, 1705.77425734)
(4543.20771263, -8995.44494997, 1705.77425736)
(4543.24125836, -8995.37220094, 1705.77425735)
(4543.26557676, -8995.31721218, 1705.77425735)
(4543.29174582, -8995.25799077, 1705.77425733)
(4543.31912075, -8995.2021567, 1705.77425735)
(4543.35207867, -8995.13751671, 1705.77425734)
(4543.38153724, -8995.08179522, 1705.77425734)
(4543.41252605, -8995.026285, 1705.77425734)
(4543.45423866, -8994.95359837, 1705.77425734)
(4543.48684782, -8994.9004588, 1705.77425729)
(4543.52530926, -8994.84028587, 1705.77425733)
(4543.5605215, -8994.78641093, 1705.77425734)
(4543.59622371, -8994.73247032, 1705.77425732)
(4543.63370302, -8994.67591675, 1705.77425733)
(4543.67166219, -8994.61877193, 1705.77425732)
(4543.70628527, -8994.56770227, 1705.77425733)
(4543.74050335, -8994.5174472, 1705.77425735)
(4543.78078748, -8994.45794094, 1705.77425734)
(4543.81460319, -8994.40803344, 1705.77423393)
(4543.87449699, -8994.33595023, 1705.7744466)
(4543.91007732, -8994.28507296, 1705.7744548)
(4543.94518483, -8994.22262165, 1705.77445201)
(4543.977609, -8994.18914756, 1705.77560684)
(4544.0016349, -8994.12591077, 1705.77687963)
(4544.03715255, -8994.0570232, 1705.776332)
(4544.0753171, -8993.99790152, 1705.77824847)
(4544.11651796, -8993.92885568, 1705.78077702)
(4544.14461126, -8993.87790745, 1705.77804607)
(4544.17701952, -8993.81116879, 1705.77575428)
(4544.21168179, -8993.73554855, 1705.77440082)
(4544.24128206, -8993.66503953, 1705.77425486)
(4544.27175677, -8993.59537645, 1705.77425727)
(4544.30340155, -8993.52605047, 1705.77425729)
(4544.33445367, -8993.45494719, 1705.77425735)
(4544.37555217, -8993.3602656, 1705.77425734)
(4544.40761531, -8993.28682138, 1705.77425734)
(4544.44671143, -8993.19705936, 1705.77425734)
(4544.47434683, -8993.13340412, 1705.77425733)
(4544.506172, -8993.05986537, 1705.77425734)
(4544.52903613, -8993.00720394, 1705.77425734)
(4544.55632334, -8992.94430062, 1705.77425734)
(4544.58444082, -8992.87951126, 1705.77425733)
(4544.61893304, -8992.79991805, 1705.77425734)
(4544.64900633, -8992.73057436, 1705.77425734)
(4544.68299512, -8992.65211556, 1705.77425734)
(4544.70944162, -8992.59110331, 1705.77425734)
(4544.73325293, -8992.53615133, 1705.77425734)
(4544.75871165, -8992.47741241, 1705.77425734)
(4544.78613958, -8992.41412566, 1705.77425734)
(4544.82173834, -8992.33185817, 1705.77425734)
(4544.847018, -8992.27349139, 1705.77425734)
(4544.87787716, -8992.20223914, 1705.77425734)
(4544.90135175, -8992.1480421, 1705.77425734)
(4544.92975069, -8992.08247513, 1705.77425734)
(4544.95240533, -8992.030173, 1705.77425734)
(4544.98195459, -8991.96195341, 1705.77425734)
(4545.01314405, -8991.88994377, 1705.77425734)
(4545.040724, -8991.8262725, 1705.77425734)
(4545.06748304, -8991.76449615, 1705.77425734)
(4545.09309376, -8991.70537269, 1705.77425734)
(4545.12691309, -8991.62729996, 1705.77425734)
(4545.15630018, -8991.55946051, 1705.77425734)
(4545.19094128, -8991.47949345, 1705.77425734)
(4545.21753806, -8991.41809677, 1705.77425734)
(4545.24626964, -8991.35177335, 1705.77425734)
(4545.26892641, -8991.29947281, 1705.77425734)
(4545.29289697, -8991.2441405, 1705.77425734)
(4545.3227792, -8991.17516497, 1705.77425734)
(4545.35019795, -8991.11187406, 1705.77425734)
(4545.38287153, -8991.03645557, 1705.77425734)
(4545.4102905, -8990.97316483, 1705.77425734)
(4545.43393398, -8990.91859094, 1705.77425734)
(4545.46003959, -8990.85833229, 1705.77425734)
(4545.48729532, -8990.7954206, 1705.77425734)
(4545.52079499, -8990.71810869, 1705.77425734)
(4545.54772331, -8990.65595594, 1705.77425734)
(4545.57662337, -8990.58925557, 1705.77425734)
(4545.59698382, -8990.54226214, 1705.77425734)
(4545.62818231, -8990.47025567, 1705.77425734)
(4545.65576737, -8990.40658673, 1705.77425734)
(4545.68598073, -8990.33685419, 1705.77425734)
(4545.71849886, -8990.26182265, 1705.77425734)
(4545.7413243, -8990.20914544, 1705.77425734)
(4545.76694276, -8990.15002561, 1705.77425734)
(4545.79272376, -8990.09052658, 1705.77425734)
(4545.82786613, -8990.00942595, 1705.77425734)
(4545.85446803, -8989.94803209, 1705.77425734)
(4545.88649037, -8989.874132, 1705.77425734)
(4545.91374921, -8989.81122198, 1705.77425734)
(4545.9360826, -8989.75968132, 1705.77425734)
(4545.95841557, -8989.70814084, 1705.77425734)
(4545.99175337, -8989.63120972, 1705.77425734)
(4546.01868446, -8989.56905826, 1705.77425734)
(4546.04643801, -8989.50501181, 1705.77425734)
(4546.07271204, -8989.44437604, 1705.77425734)
(4546.10030087, -8989.38070839, 1705.77425734)
(4546.12871036, -8989.31514613, 1705.77425734)
(4546.15662712, -8989.25072044, 1705.77425734)
(4546.18323324, -8989.18932986, 1705.77425734)
(4546.2095085, -8989.12869459, 1705.77425734)
(4546.24087603, -8989.05631142, 1705.77425734)
(4546.26452339, -8989.00173962, 1705.77425734)
(4546.29277005, -8988.93655657, 1705.77425734)
(4546.31789519, -8988.87857383, 1705.77425734)
(4546.34959007, -8988.80543208, 1705.77425734)
(4546.37389713, -8988.74934945, 1705.77425734)
(4546.40690619, -8988.67317679, 1705.77425734)
(4546.44402343, -8988.58753042, 1705.77425734)
(4546.47276272, -8988.52121087, 1705.77425734)
(4546.50133962, -8988.45527069, 1705.77425734)
(4546.52580903, -8988.39880452, 1705.77425734)
(4546.5506078, -8988.3415801, 1705.77425734)
(4546.58000337, -8988.27374444, 1705.77425734)
(4546.6087431, -8988.20742469, 1705.77425734)
(4546.6378109, -8988.1403471, 1705.77425734)
(4546.66145918, -8988.08577538, 1705.77425734)
(4546.69134977, -8988.0168032, 1705.77425734)
(4546.71959605, -8987.95162045, 1705.77425734)
(4546.75227794, -8987.87620575, 1705.77425734)
(4546.77806078, -8987.81670747, 1705.77425734)
(4546.80515853, -8987.75417745, 1705.77425734)
(4546.82831371, -8987.70074271, 1705.77425734)
(4546.85984493, -8987.62798025, 1705.77425734)
(4546.88891257, -8987.5609026, 1705.77425734)
(4546.92537275, -8987.47677205, 1705.77425734)
(4546.95329101, -8987.41234733, 1705.77425734)
(4546.98597375, -8987.33693275, 1705.77425734)
(4547.00945781, -8987.28274031, 1705.77425734)
(4547.03589878, -8987.22172638, 1705.77425734)
(4547.06020364, -8987.16563895, 1705.77425734)
(4547.09042128, -8987.0959083, 1705.77425734)
(4547.11521858, -8987.03868368, 1705.77425734)
(4547.14954145, -8986.95947875, 1705.77425734)
(4547.17992271, -8986.88936933, 1705.77425734)
(4547.21342425, -8986.81205928, 1705.77425734)
(4547.24052121, -8986.74952891, 1705.77425734)
(4547.27008336, -8986.6813147, 1705.77425734)
(4547.29077555, -8986.63356481, 1705.77425734)
(4547.31869421, -8986.56914004, 1705.77425734)
(4547.34989617, -8986.49713562, 1705.77425734)
(4547.38668299, -8986.41224613, 1705.77425734)
(4547.41607853, -8986.34441028, 1705.77425734)
(4547.44646042, -8986.27430103, 1705.77425734)
(4547.46682377, -8986.22730877, 1705.77425734)
(4547.49950446, -8986.15189346, 1705.77425734)
(4547.52889984, -8986.0840574, 1705.77425734)
(4547.55665369, -8986.02001118, 1705.77425734)
(4547.58654418, -8985.95103943, 1705.77425734)
(4547.6087142, -8985.89987873, 1705.77425734)
(4547.64336619, -8985.81991594, 1705.77425734)
(4547.67046274, -8985.75738566, 1705.77425734)
(4547.70265107, -8985.68310753, 1705.77425734)
(4547.72744833, -8985.62588309, 1705.77425734)
(4547.75750144, -8985.55653148, 1705.77425734)
(4547.78016388, -8985.50423341, 1705.77425734)
(4547.80841029, -8985.43905009, 1705.77425734)
(4547.83419312, -8985.37955159, 1705.77425734)
(4547.86539635, -8985.30754759, 1705.77425734)
(4547.89462775, -8985.24009095, 1705.77425734)
(4547.92583084, -8985.16808643, 1705.77425734)
(4547.94865761, -8985.11540938, 1705.77425734)
(4547.97526195, -8985.05401608, 1705.77425734)
(4548.00400034, -8984.98769628, 1705.77425734)
(4548.03208245, -8984.9228922, 1705.77425734)
(4548.06312225, -8984.85126704, 1705.77425734)
(4548.08430696, -8984.80237981, 1705.77425734)
(4548.11025462, -8984.7425024, 1705.77425734)
(4548.13718672, -8984.68035135, 1705.77425734)
(4548.17265903, -8984.59849372, 1705.77425734)
(4548.21781963, -8984.49427614, 1705.77425734)
(4548.25477079, -8984.409008, 1705.77425734)
(4548.28564436, -8984.33776171, 1705.77425734)
(4548.31980387, -8984.25893614, 1705.77425734)
(4548.35018502, -8984.18882635, 1705.77425734)
(4548.37859656, -8984.12326446, 1705.77425734)
(4548.39797474, -8984.07854614, 1705.77425734)
(4548.42901307, -8984.0069209, 1705.77425734)
(4548.45939384, -8983.93681121, 1705.77425734)
(4548.49289565, -8983.85950082, 1705.77425734)
(4548.51949937, -8983.7981074, 1705.77425734)
(4548.54610344, -8983.73671419, 1705.77425734)
(4548.56843725, -8983.68517425, 1705.77425734)
(4548.59471272, -8983.62453873, 1705.77425734)
(4548.62920061, -8983.5449548, 1705.77425734)
(4548.65564022, -8983.48394036, 1705.77425734)
(4548.68290146, -8983.42103136, 1705.77425734)
(4548.70375744, -8983.37290226, 1705.77425734)
(4548.73463127, -8983.30165562, 1705.77425734)
(4548.76616197, -8983.22889288, 1705.77425734)
(4548.79621457, -8983.15954098, 1705.77425734)
(4548.82331103, -8983.09701085, 1705.77425734)
(4548.8512295, -8983.03258617, 1705.77425734)
(4548.87224991, -8982.98407802, 1705.77425734)
(4548.90181031, -8982.91586293, 1705.77425734)
(4548.92808561, -8982.85522736, 1705.77425734)
(4548.96273651, -8982.77526454, 1705.77425734)
(4548.9895043, -8982.71349237, 1705.77425734)
(4549.01890017, -8982.64565638, 1705.77425734)
(4549.0446831, -8982.58615766, 1705.77425734)
(4549.06964552, -8982.52855402, 1705.77425734)
(4549.09296489, -8982.47474034, 1705.77425734)
(4549.12498837, -8982.40084126, 1705.77425734)
(4549.15224898, -8982.33793201, 1705.77425734)
(4549.18821397, -8982.25493694, 1705.77425734)
(4549.21399657, -8982.1954383, 1705.77425734)
(4549.24043634, -8982.13442408, 1705.77425734)
(4549.26194933, -8982.08477905, 1705.77425734)
(4549.29380909, -8982.01125878, 1705.77425734)
(4549.31729281, -8981.95706574, 1705.77425734)
(4549.35063029, -8981.88013443, 1705.77425734)
(4549.37953302, -8981.81343567, 1705.77425734)
(4549.40909315, -8981.74522111, 1705.77425734)
(4549.43093449, -8981.69481787, 1705.77425734)
(4549.45950927, -8981.6288765, 1705.77425734)
(4549.48529209, -8981.56937784, 1705.77425734)
(4549.51731594, -8981.4954788, 1705.77425734)
(4549.54194909, -8981.43863341, 1705.77425734)
(4549.57413704, -8981.36435508, 1705.77425734)
(4549.59581423, -8981.31433065, 1705.77425734)
(4549.62734505, -8981.24156796, 1705.77425734)
(4549.65378443, -8981.18055371, 1705.77425734)
(4549.67808922, -8981.12446611, 1705.77425734)
(4549.70781428, -8981.05587259, 1705.77425734)
(4549.73195493, -8981.00016367, 1705.77425734)
(4549.76200791, -8980.93081174, 1705.77425734)
(4549.7864767, -8980.8743451, 1705.77425734)
(4549.81915688, -8980.79893009, 1705.77425734)
(4549.84099818, -8980.74852689, 1705.77425734)
(4549.86596, -8980.69092294, 1705.77425734)
(4549.89765571, -8980.61778144, 1705.77425734)
(4549.92146776, -8980.56283079, 1705.77425734)
(4549.94725069, -8980.50333258, 1705.77425734)
(4549.97204793, -8980.446108, 1705.77425734)
(4549.99930887, -8980.38319848, 1705.77425734)
(4550.02640551, -8980.32066791, 1705.77425734)
(4550.06023581, -8980.24260003, 1705.77425734)
(4550.08766066, -8980.17931213, 1705.77425734)
(4550.11114469, -8980.12511938, 1705.77425734)
(4550.13413567, -8980.07206329, 1705.77425734)
(4550.17108584, -8979.98679436, 1705.77425734)
(4550.20442249, -8979.90986322, 1705.77425734)
(4550.24071565, -8979.82611093, 1705.77425734)
(4550.26206436, -8979.77684459, 1705.77425734)
(4550.30476243, -8979.67831161, 1705.77425734)
(4550.34269737, -8979.5907692, 1705.77425734)
(4550.37702007, -8979.51156464, 1705.77425734)
(4550.40592311, -8979.44486565, 1705.77425734)
(4550.43499094, -8979.3777875, 1705.77425734)
(4550.45519017, -8979.33117399, 1705.77425734)
(4550.48277947, -8979.26750694, 1705.77425734)
(4550.5097115, -8979.20535586, 1705.77425734)
(4550.54009259, -8979.13524603, 1705.77425734)
(4550.57359494, -8979.05793584, 1705.77425734)
(4550.59527223, -8979.00791161, 1705.77425734)
(4550.62351863, -8978.94272876, 1705.77425734)
(4550.64815168, -8978.88588331, 1705.77425734)
(4550.6786971, -8978.81539462, 1705.77425734)
(4550.70283759, -8978.75968556, 1705.77425734)
(4550.73321869, -8978.68957559, 1705.77425734)
(4550.7647491, -8978.61681328, 1705.77425734)
(4550.79200974, -8978.5539042, 1705.77425734)
(4550.82337672, -8978.48152072, 1705.77425734)
(4550.84620363, -8978.42884355, 1705.77425734)
(4550.87609231, -8978.35987062, 1705.77425734)
(4550.9028602, -8978.29809847, 1705.77425734)
(4550.93652572, -8978.22040958, 1705.77425734)
(4550.96214422, -8978.16128992, 1705.77425734)
(4550.98924099, -8978.09875932, 1705.77425734)
(4551.01058966, -8978.04949292, 1705.77425734)
(4551.0393283, -8977.98317301, 1705.77425734)
(4551.07069505, -8977.9107899, 1705.77425734)
(4551.1015687, -8977.83954321, 1705.77425734)
(4551.13605575, -8977.75995893, 1705.77425734)
(4551.16545127, -8977.69212303, 1705.77425734)
(4551.18975619, -8977.63603553, 1705.77425734)
(4551.21537458, -8977.57691616, 1705.77425734)
(4551.24904021, -8977.49922676, 1705.77425734)
(4551.277122, -8977.43442236, 1705.77425734)
(4551.30963789, -8977.35938606, 1705.77425734)
(4551.33657013, -8977.29723502, 1705.77425734)
(4551.35627666, -8977.25175851, 1705.77425734)
(4551.39158486, -8977.17027948, 1705.77425734)
(4551.41720346, -8977.11115974, 1705.77425734)
(4551.45201868, -8977.03081796, 1705.77425734)
(4551.47944349, -8976.96752999, 1705.77425734)
(4551.51031739, -8976.89628338, 1705.77425734)
(4551.53626438, -8976.83640562, 1705.77425734)
(4551.56024088, -8976.7810756, 1705.77425734)
(4551.58717297, -8976.71892436, 1705.77425734)
(4551.61492629, -8976.65487839, 1705.77425734)
(4551.64382977, -8976.5881796, 1705.77425734)
(4551.66682083, -8976.53512345, 1705.77425734)
(4551.69900856, -8976.46084478, 1705.77425734)
(4551.7218352, -8976.40816781, 1705.77425734)
(4551.75665012, -8976.32782614, 1705.77425734)
(4551.78391073, -8976.26491685, 1705.77425734)
(4551.81527725, -8976.19253298, 1705.77425734)
(4551.84631514, -8976.12090721, 1705.77425734)
(4551.87341157, -8976.05837709, 1705.77425734)
(4551.89492447, -8976.008732, 1705.77425734)
(4551.92464887, -8975.94013823, 1705.77425734)
(4551.94993903, -8975.88177641, 1705.77425734)
(4551.98245511, -8975.80673983, 1705.77425734)
(4552.00922302, -8975.74496762, 1705.77425734)
(4552.04288843, -8975.66727872, 1705.77425734)
(4552.07162709, -8975.60095855, 1705.77425734)
(4552.10430739, -8975.52554291, 1705.77425734)
(4552.12811951, -8975.47059201, 1705.77425734)
(4552.15932126, -8975.3985876, 1705.77425734)
(4552.19512156, -8975.31597189, 1705.77425734)
(4552.24750963, -8975.19507995, 1705.77425734)
(4552.27789051, -8975.12497034, 1705.77425734)
(4552.31172027, -8975.04690255, 1705.77425734)
(4552.34374339, -8974.97300308, 1705.77425734)
(4552.37773767, -8974.89455573, 1705.77425734)
(4552.39908642, -8974.84528936, 1705.77425734)
(4552.42273435, -8974.7907176, 1705.77425734)
(4552.45196552, -8974.7232609, 1705.77425734)
(4552.48875124, -8974.63837117, 1705.77425734)
(4552.51568354, -8974.57621953, 1705.77425734)
(4552.55230499, -8974.49170882, 1705.77425734)
(4552.57956552, -8974.42879974, 1705.77425734)
(4552.60879696, -8974.3613429, 1705.77425734)
(4552.63343024, -8974.304497, 1705.77425734)
(4552.65773506, -8974.24840896, 1705.77425734)
(4552.68713093, -8974.18057308, 1705.77425734)
(4552.71242087, -8974.12221171, 1705.77425734)
(4552.74296611, -8974.05172318, 1705.77425734)
(4552.7675993, -8973.99487731, 1705.77425734)
(4552.78944086, -8973.94447383, 1705.77425734)
(4552.81374563, -8973.88838592, 1705.77425734)
(4552.84576893, -8973.81448669, 1705.77425734)
(4552.87302955, -8973.75157763, 1705.77425734)
(4552.90538138, -8973.67692013, 1705.77425734)
(4552.93083572, -8973.61817931, 1705.77425734)
(4552.95760389, -8973.55640685, 1705.77425734)
(4552.9804305, -8973.50372995, 1705.77425734)
(4553.00473516, -8973.44764232, 1705.77425734)
(4553.03593756, -8973.37563779, 1705.77425734)
(4553.06451213, -8973.30969649, 1705.77425734)
(4553.09637127, -8973.23617588, 1705.77425734)
(4553.12855845, -8973.16189765, 1705.77425734)
(4553.15647616, -8973.09747266, 1705.77425734)
(4553.18028822, -8973.04252168, 1705.77425734)
(4553.20771334, -8972.97923315, 1705.77425734)
(4553.23858694, -8972.90798643, 1705.77425734)
(4553.26748977, -8972.84128763, 1705.77425734)
(4553.30378304, -8972.75753518, 1705.77425734)
(4553.3295659, -8972.69803651, 1705.77425734)
(4553.36142521, -8972.62451584, 1705.77425734)
(4553.38244549, -8972.57600752, 1705.77425734)
(4553.40839248, -8972.51613022, 1705.77425734)
(4553.4349962, -8972.45473695, 1705.77425734)
(4553.46948284, -8972.37515269, 1705.77425734)
(4553.50002796, -8972.30466373, 1705.77425734)
(4553.53467865, -8972.22470085, 1705.77425734)
(4553.5642383, -8972.15648616, 1705.77425734)
(4553.60036715, -8972.0731123, 1705.77425734)
(4553.62779213, -8972.00982377, 1705.77425734)
(4553.65685937, -8971.94274576, 1705.77425734)
(4553.67640156, -8971.89764825, 1705.77425734)
(4553.7028411, -8971.83663396, 1705.77425734)
(4553.73946286, -8971.75212327, 1705.77425734)
(4553.76573835, -8971.69148764, 1705.77425734)
(4553.79809012, -8971.61683025, 1705.77425734)
(4553.82387272, -8971.55733192, 1705.77425734)
(4553.84554995, -8971.50730779, 1705.77425734)
(4553.87133264, -8971.44780917, 1705.77425734)
(4553.89974304, -8971.38224678, 1705.77425734)
(4553.9355437, -8971.29963101, 1705.77425734)
(4553.96395389, -8971.23406918, 1705.77425734)
(4553.9920359, -8971.16926519, 1705.77425734)
(4554.01272781, -8971.12151471, 1705.77425734)
(4554.04425851, -8971.0487519, 1705.77425734)
(4554.07693842, -8970.97333653, 1705.77425734)
(4554.11339553, -8970.88920512, 1705.77425734)
(4554.14804616, -8970.80924205, 1705.77425734)
(4554.18269715, -8970.72927878, 1705.77425734)
(4554.20667342, -8970.67394886, 1705.77425734)
(4554.23442683, -8970.60990283, 1705.77425734)
(4554.26661406, -8970.53562454, 1705.77425734)
(4554.31046141, -8970.43443887, 1705.77425734)
(4554.34872494, -8970.34613835, 1705.77425734)
(4554.39043735, -8970.24987998, 1705.77425734)
(4554.42163945, -8970.17787542, 1705.77425734)
(4554.45448428, -8970.10208092, 1705.77425734)
(4554.48355141, -8970.0350029, 1705.77425734)
(4554.51623136, -8969.95958772, 1705.77425734)
(4554.54940402, -8969.88303556, 1705.77425734)
(4554.57206654, -8969.83073734, 1705.77425734)
(4554.59637136, -8969.77464931, 1705.77425734)
(4554.62067608, -8969.71856144, 1705.77425734)
(4554.65417724, -8969.64125146, 1705.77425734)
(4554.68094521, -8969.57947922, 1705.77425734)
(4554.70787762, -8969.51732777, 1705.77425734)
(4554.73086861, -8969.46427154, 1705.77425734)
(4554.75648716, -8969.40515183, 1705.77425734)
(4554.77898539, -8969.35323279, 1705.77425734)
(4554.80772413, -8969.28691296, 1705.77425734)
(4554.83531326, -8969.22324573, 1705.77425734)
(4554.86700812, -8969.15010396, 1705.77425734)
(4554.89492569, -8969.08567866, 1705.77425734)
(4554.92087261, -8969.02580126, 1705.77425734)
(4554.94156441, -8968.97805098, 1705.77425734)
(4554.97013903, -8968.91210998, 1705.77425734)
(4554.99822091, -8968.84730565, 1705.77425734)
(4555.03369286, -8968.76544759, 1705.77425734)
(4555.06193881, -8968.70026459, 1705.77425734)
(4555.09018486, -8968.63508163, 1705.77425734)
(4555.11448958, -8968.57899381, 1705.77425734)
(4555.1438853, -8968.51115765, 1705.77425734)
(4555.17360937, -8968.44256367, 1705.77425734)
(4555.20382623, -8968.37283312, 1705.77425734)
(4555.22648871, -8968.32053521, 1705.77425734)
(4555.25276423, -8968.25989974, 1705.77425734)
(4555.28298099, -8968.19016874, 1705.77425734)
(4555.3146758, -8968.1170271, 1705.77425734)
(4555.34012998, -8968.05828661, 1705.77425734)
(4555.36771912, -8967.99461951, 1705.77425734)
(4555.39892119, -8967.92261483, 1705.77425734)
(4555.43012331, -8967.85060999, 1705.77425734)
(4555.45771247, -8967.78694271, 1705.77425734)
(4555.48809351, -8967.71683321, 1705.77425734)
(4555.51141288, -8967.66301937, 1705.77425734)
(4555.54064441, -8967.59556231, 1705.77425734)
(4555.56609875, -8967.53682153, 1705.77425734)
(4555.60304859, -8967.45155287, 1705.77425734)
(4555.62866698, -8967.39243343, 1705.77425734)
(4555.65773416, -8967.32535553, 1705.77425734)
(4555.68187467, -8967.26964657, 1705.77425734)
(4555.70765748, -8967.21014782, 1705.77425734)
(4555.74083038, -8967.13359562, 1705.77425734)
(4555.76792679, -8967.07106549, 1705.77425734)
(4555.79699403, -8967.0039876, 1705.77425734)
(4555.8196566, -8966.95168942, 1705.77425734)
(4555.85447164, -8966.8713472, 1705.77425734)
(4555.88206073, -8966.80767997, 1705.77425734)
(4555.91621871, -8966.72885406, 1705.77425734)
(4555.94118028, -8966.67125037, 1705.77425734)
(4555.9722182, -8966.59962453, 1705.77425734)
(4555.99931474, -8966.53709408, 1705.77425734)
(4556.02542586, -8966.47683766, 1705.77425734)
(4556.05662796, -8966.40483326, 1705.77425734)
(4556.08142537, -8966.34760857, 1705.77425734)
(4556.11098536, -8966.27939349, 1705.77425734)
(4556.13266257, -8966.22936911, 1705.77425734)
(4556.16484992, -8966.15509071, 1705.77425734)
(4556.19227473, -8966.09180258, 1705.77425734)
(4556.21887859, -8966.03040916, 1705.77425734)
(4556.24942402, -8965.95992032, 1705.77425734)
(4556.2730719, -8965.90534831, 1705.77425734)
(4556.30361708, -8965.83485966, 1705.77425734)
(4556.33054926, -8965.77270847, 1705.77425734)
(4556.37275423, -8965.67531271, 1705.77425734)
(4556.39820855, -8965.61657191, 1705.77425734)
(4556.4312171, -8965.54039856, 1705.77425734)
(4556.45738488, -8965.48060487, 1705.77425734)
(4556.49342308, -8965.39853528, 1705.77425734)
(4556.51988739, -8965.33798316, 1705.77425734)
(4556.55891229, -8965.24866318, 1705.77425733)
(4556.59305735, -8965.170262, 1705.77425734)
(4556.63054621, -8965.08386536, 1705.77425734)
(4556.66153029, -8965.01266454, 1705.77425734)
(4556.6930175, -8964.94033316, 1705.77425734)
(4556.71692023, -8964.88586828, 1705.77425734)
(4556.74437733, -8964.8234921, 1705.77425734)
(4556.7696827, -8964.76558028, 1705.77425734)
(4556.80578195, -8964.68263427, 1705.77425734)
(4556.83329333, -8964.61936978, 1705.77425734)
(4556.86271344, -8964.55153458, 1705.77425734)
(4556.88676802, -8964.49623635, 1705.77425734)
(4556.91495167, -8964.43148103, 1705.77425734)
(4556.9431541, -8964.36673879, 1705.77425734)
(4556.97323924, -8964.29786691, 1705.77425734)
(4556.99683594, -8964.24372533, 1705.77425734)
(4557.02587011, -8964.1770851, 1705.77425734)
(4557.05196704, -8964.11727565, 1705.77425734)
(4557.07876162, -8964.05598084, 1705.77425734)
(4557.11010977, -8963.98450103, 1705.77425734)
(4557.13460222, -8963.9284961, 1705.77425734)
(4557.1680292, -8963.852055, 1705.77425734)
(4557.19391924, -8963.79259523, 1705.77425734)
(4557.22500253, -8963.72098401, 1705.77425734)
(4557.2507284, -8963.66190969, 1705.77425734)
(4557.27761072, -8963.60018688, 1705.77425734)
(4557.30469232, -8963.53810908, 1705.77425734)
(4557.33435874, -8963.47040107, 1705.77425734)
(4557.36427013, -8963.40234416, 1705.77425734)
(4557.3888725, -8963.34593092, 1705.77425733)
(4557.41619905, -8963.28304639, 1705.77425734)
(4557.44173064, -8963.224325, 1705.77425734)
(4557.4752586, -8963.14701369, 1705.77425734)
(4557.50051185, -8963.0890951, 1705.77425734)
(4557.53012682, -8963.02136582, 1705.77425734)
(4557.55802791, -8962.95738518, 1705.77425734)
(4557.58774439, -8962.88923835, 1705.77425734)
(4557.61099603, -8962.83584119, 1705.77425734)
(4557.64012499, -8962.76877568, 1705.77425734)
(4557.66406363, -8962.7138858, 1705.77425734)
(4557.69303238, -8962.64767855, 1705.77425734)
(4557.71655771, -8962.59396786, 1705.77425734)
(4557.7421384, -8962.53574039, 1705.77425733)
(4557.76858507, -8962.47517148, 1705.77425734)
(4557.79908105, -8962.40510157, 1705.77425734)
(4557.82658199, -8962.34183404, 1705.77425734)
(4557.86190682, -8962.26035132, 1705.77425734)
(4557.88336884, -8962.21114126, 1705.77425734)
(4557.90836157, -8962.15400887, 1705.77425734)
(4557.93486126, -8962.09348261, 1705.77425734)
(4557.96707025, -8962.02012475, 1705.77425734)
(4557.9940074, -8961.95841618, 1705.77425734)
(4558.02744773, -8961.88152055, 1705.77425734)
(4558.05395954, -8961.82052435, 1705.77425734)
(4558.08484843, -8961.74927451, 1705.77425734)
(4558.10846092, -8961.6951458, 1705.77425734)
(4558.13775573, -8961.62817847, 1705.77425734)
(4558.1622658, -8961.57219307, 1705.77425734)
(4558.19597265, -8961.49543303, 1705.77425734)
(4558.22074612, -8961.43864318, 1705.77425734)
(4558.25300579, -8961.36439226, 1705.77425734)
(4558.27540678, -8961.31286828, 1705.77425734)
(4558.30269029, -8961.24995809, 1705.77425734)
(4558.33734152, -8961.17045837, 1705.77425734)
(4558.37126315, -8961.09289412, 1705.77425734)
(4558.40725492, -8961.0103649, 1705.77425734)
(4558.45097353, -8960.91001594, 1705.77425734)
(4558.47853674, -8960.84678703, 1705.77425734)
(4558.50775013, -8960.77977199, 1705.77425734)
(4558.54978409, -8960.68367564, 1705.77425734)
(4558.58614267, -8960.600866, 1705.77425734)
(4558.61499718, -8960.5345959, 1705.77425734)
(4558.64869891, -8960.45692045, 1705.77425734)
(4558.67702379, -8960.39176093, 1705.77425733)
(4558.70544809, -8960.32619148, 1705.77425734)
(4558.73107476, -8960.26752631, 1705.77425734)
(4558.75828495, -8960.20549462, 1705.77425735)
(4558.78457141, -8960.14531478, 1705.77425734)
(4558.81515474, -8960.07529303, 1705.77425734)
(4558.84158467, -8960.01472481, 1705.77425734)
(4558.86946566, -8959.95072168, 1705.77425734)
(4558.89892264, -8959.88290134, 1705.77425734)
(4558.92283376, -8959.82799161, 1705.77425734)
(4558.94856194, -8959.76891962, 1705.77425734)
(4558.97904404, -8959.69931103, 1705.77425734)
(4559.00612258, -8959.63767758, 1705.77425735)
(4559.03110358, -8959.58052932, 1705.77425734)
(4559.05504562, -8959.52562185, 1705.77425734)
(4559.08896745, -8959.44758334, 1705.77425734)
(4559.11285701, -8959.39265499, 1705.77425734)
(4559.14047889, -8959.32898945, 1705.77425734)
(4559.16177199, -8959.2801547, 1705.77425734)
(4559.19056859, -8959.21432076, 1705.77425734)
(4559.22078788, -8959.14504242, 1705.77425734)
(4559.256454, -8959.06326925, 1705.77425734)
(4559.28134431, -8959.00607704, 1705.77425733)
(4559.31044144, -8958.93900177, 1705.77425734)
(4559.33176161, -8958.89017695, 1705.77425734)
(4559.36260499, -8958.81982357, 1705.77425735)
(4559.39104419, -8958.75472543, 1705.77425734)
(4559.4269236, -8958.67259478, 1705.77425734)
(4559.45896545, -8958.59915022, 1705.77425734)
(4559.50084469, -8958.50294251, 1705.77425734)
(4559.53005674, -8958.43592661, 1705.77425734)
(4559.55464773, -8958.37951279, 1705.77425734)
(4559.57663879, -8958.32918172, 1705.77425734)
(4559.61045304, -8958.25202178, 1705.77425734)
(4559.64238096, -8958.17898353, 1705.77425734)
(4559.67558701, -8958.10288597, 1705.77425733)
(4559.70703296, -8958.03052759, 1705.77425734)
(4559.74026666, -8957.9539866, 1705.77425734)
(4559.77668962, -8957.87028867, 1705.77425734)
(4559.80290172, -8957.81007402, 1705.77425734)
(4559.83375207, -8957.73927875, 1705.77425734)
(4559.85831987, -8957.68285589, 1705.77425734)
(4559.88734103, -8957.61620783, 1705.77425734)
(4559.91125275, -8957.56130479, 1705.77425734)
(4559.94245473, -8957.48976562, 1705.77425734)
(4559.96851252, -8957.43038797, 1705.77425734)
(4559.99894524, -8957.36120441, 1705.77425734)
(4560.0229397, -8957.30632637, 1705.77425734)
(4560.04868331, -8957.24725176, 1705.77425734)
(4560.07848458, -8957.17868475, 1705.77425734)
(4560.10204806, -8957.12451475, 1705.77425733)
(4560.12819749, -8957.06426321, 1705.77425734)
(4560.15311843, -8957.00709801, 1705.77425734)
(4560.18158026, -8956.94202092, 1705.77425734)
(4560.20742143, -8956.88301206, 1705.77425734)
(4560.23565581, -8956.81873395, 1705.77425734)
(4560.25961486, -8956.76384035, 1705.77425734)
(4560.29125264, -8956.69111572, 1705.77425733)
(4560.31727795, -8956.63125918, 1705.77425734)
(4560.34883268, -8956.5584959, 1705.77425734)
(4560.37354617, -8956.50168165, 1705.77425734)
(4560.40215864, -8956.4362172, 1705.77425734)
(4560.42819421, -8956.37683295, 1705.77425734)
(4560.47123785, -8956.2789127, 1705.77425734)
(4560.50022388, -8956.2122549, 1705.77425734)
(4560.53242072, -8956.13798224, 1705.77425733)
(4560.56437367, -8956.06449673, 1705.77425733)
(4560.59756987, -8955.98793826, 1705.77425734)
(4560.62274215, -8955.93042316, 1705.77425734)
(4560.65943529, -8955.84684636, 1705.77425734)
(4560.69044425, -8955.77564927, 1705.77425734)
(4560.74147988, -8955.6577736, 1705.77425734)
(4560.77094214, -8955.5904134, 1705.77425734)
(4560.80247392, -8955.51855422, 1705.77425734)
(4560.82596081, -8955.46481383, 1705.77425734)
(4560.85391316, -8955.40085406, 1705.77425734)
(4560.88036835, -8955.34029825, 1705.77425734)
(4560.90561715, -8955.2823559, 1705.77425734)
(4560.93606205, -8955.21226376, 1705.77425734)
(4560.96195688, -8955.15281234, 1705.77425734)
(4560.9903294, -8955.08768352, 1705.77425734)
(4561.01365956, -8955.03433243, 1705.77425734)
(4561.04649832, -8954.95944766, 1705.77425734)
(4561.07015759, -8954.90533243, 1705.77425734)
(4561.10241563, -8954.83153594, 1705.77425733)
(4561.12465084, -8954.7804002, 1705.77425734)
(4561.15864986, -8954.70195408, 1705.77425734)
(4561.18138766, -8954.64968739, 1705.77425734)
(4561.21253526, -8954.57811001, 1705.77425734)
(4561.23606436, -8954.52438831, 1705.77425734)
(4561.26279266, -8954.46350161, 1705.77425734)
(4561.29188634, -8954.39734261, 1705.77425734)
(4561.31827906, -8954.3367597, 1705.77425733)
(4561.34458257, -8954.27613813, 1705.77425734)
(4561.36681932, -8954.22499486, 1705.77425734)
(4561.39559594, -8954.15867801, 1705.77425734)
(4561.42228495, -8954.09731926, 1705.77425734)
(4561.45375952, -8954.02498421, 1705.77425734)
(4561.47717798, -8953.97122261, 1705.77425734)
(4561.50229118, -8953.91369933, 1705.77425734)
(4561.52571421, -8953.85993243, 1705.77425734)
(4561.55655627, -8953.78912279, 1705.77425734)
(4561.58410876, -8953.72588904, 1705.77425734)
(4561.61696412, -8953.65056295, 1705.77425735)
(4561.64155428, -8953.5945971, 1705.77425734)
(4561.67086447, -8953.52807383, 1705.77425734)
(4561.69450093, -8953.47394689, 1705.77425734)
(4561.72643182, -8953.40045966, 1705.77425733)
(4561.75164331, -8953.34250151, 1705.77425734)
(4561.783384, -8953.26936632, 1705.77425734)
(4561.80546684, -8953.2186148, 1705.77425734)
(4561.83283159, -8953.1557537, 1705.77425733)
(4561.85873135, -8953.09675176, 1705.77425735)
(4561.89383235, -8953.01698569, 1705.77425734)
(4561.91877519, -8952.95981959, 1705.77425734)
(4561.94939894, -8952.8893631, 1705.77425734)
(4561.97444652, -8952.83178327, 1705.77425734)
(4562.00354613, -8952.76470837, 1705.77425734)
(4562.02941667, -8952.70524618, 1705.77425734)
(4562.06337074, -8952.62723192, 1705.77425734)
(4562.08629572, -8952.57460496, 1705.77425734)
(4562.1133966, -8952.51254104, 1705.77425734)
(4562.13533893, -8952.46218382, 1705.77425734)
(4562.16799925, -8952.38721034, 1705.77425734)
(4562.20512995, -8952.30201952, 1705.77425735)
(4562.23580512, -8952.23204418, 1705.77425734)
(4562.26337191, -8952.16927594, 1705.77425734)
(4562.28356244, -8952.12310834, 1705.77425734)
(4562.30967056, -8952.06328684, 1705.77425735)
(4562.34312986, -8951.9863954, 1705.77425734)
(4562.37246154, -8951.91896638, 1705.77425734)
(4562.40500149, -8951.84392987, 1705.77425734)
(4562.43012406, -8951.78640426, 1705.77425734)
(4562.45646081, -8951.72625514, 1705.77425734)
(4562.48240483, -8951.66682753, 1705.77425734)
(4562.5121493, -8951.59869809, 1705.77425734)
(4562.54474627, -8951.52416165, 1705.77425734)
(4562.5706648, -8951.4647164, 1705.77425734)
(4562.5989829, -8951.39955287, 1705.77425734)
(4562.62521371, -8951.33934687, 1705.77425734)
(4562.66596564, -8951.24582305, 1705.77425734)
(4562.69959964, -8951.16902809, 1705.77425734)
(4562.73434028, -8951.09001273, 1705.77425734)
(4562.77012947, -8951.00783959, 1705.77425733)
(4562.81530396, -8950.90362901, 1705.77425734)
(4562.85614572, -8950.80969343, 1705.77425734)
(4562.88721263, -8950.73853852, 1705.77425734)
(4562.91372834, -8950.67801437, 1705.77425734)
(4562.93503686, -8950.6291834, 1705.77425734)
(4562.96819671, -8950.5530625, 1705.77425734)
(4562.99527196, -8950.49097177, 1705.77425734)
(4563.0271353, -8950.41790377, 1705.77425734)
(4563.06196276, -8950.33801553, 1705.77425734)
(4563.09541963, -8950.26159507, 1705.77425734)
(4563.13345099, -8950.17454623, 1705.77425734)
(4563.16282844, -8950.1071417, 1705.77425733)
(4563.19114863, -8950.04197915, 1705.77425734)
(4563.21275639, -8949.9923734, 1705.77425734)
(4563.24113152, -8949.92724646, 1705.77425734)
(4563.27511542, -8949.84924426, 1705.77425734)
(4563.2997891, -8949.7928753, 1705.77425734)
(4563.32900987, -8949.72632172, 1705.77425734)
(4563.35645384, -8949.66348557, 1705.77425733)
(4563.39073605, -8949.58470126, 1705.77425734)
(4563.41494653, -8949.52900977, 1705.77425734)
(4563.44157189, -8949.46761669, 1705.77425734)
(4563.46381539, -8949.41648618, 1705.77425734)
(4563.49858933, -8949.33657536, 1705.77425733)
(4563.52865531, -8949.26812173, 1705.77425734)
(4563.56127477, -8949.19403245, 1705.77425734)
(4563.58371699, -8949.14253992, 1705.77425734)
(4563.61348152, -8949.0739671, 1705.77425733)
(4563.6362174, -8949.02168987, 1705.77425734)
(4563.66467358, -8948.95613433, 1705.77425734)
(4563.69235865, -8948.89250679, 1705.77425734)
(4563.71763173, -8948.83460085, 1705.77425735)
(4563.75110135, -8948.75818727, 1705.77425734)
(4563.77339491, -8948.70707863, 1705.77425734)
(4563.79927501, -8948.64760829, 1705.77425734)
(4563.82386831, -8948.59119415, 1705.77425734)
(4563.85291928, -8948.52455954, 1705.77425734)
(4563.88279327, -8948.45603066, 1705.77425734)
(4563.90645126, -8948.40192041, 1705.77425734)
(4563.93299788, -8948.34141135, 1705.77425734)
(4563.95498995, -8948.29107192, 1705.77425734)
(4563.98173009, -8948.22972255, 1705.77425734)
(4564.0104122, -8948.16381259, 1705.77425734)
(4564.04491488, -8948.08422849, 1705.77425734)
(4564.07439993, -8948.01642892, 1705.77425734)
(4564.11231239, -8947.92933943, 1705.77425737)
(4564.14126335, -8947.86354687, 1705.77425734)
(4564.17541555, -8947.78606848, 1705.77425734)
(4564.19633672, -8947.73797777, 1705.77425734)
(4564.22473043, -8947.67242181, 1705.77425734)
(4564.25060256, -8947.61295394, 1705.77425734)
(4564.28414948, -8947.53564572, 1705.77425734)
(4564.3115501, -8947.47280393, 1705.77425734)
(4564.34383746, -8947.39902824, 1705.77425734)
(4564.36778177, -8947.34413793, 1705.77425734)
(4564.3910544, -8947.29075159, 1705.77425734)
(4564.4223656, -8947.21877772, 1705.77425734)
(4564.44727403, -8947.16159899, 1705.77425734)
(4564.47614652, -8947.09533699, 1705.77425734)
(4564.49766001, -8947.04614777, 1705.77425734)
(4564.5267005, -8946.97996632, 1705.77425734)
(4564.5515212, -8946.92320351, 1705.77425734)
(4564.5827915, -8946.85167943, 1705.77425734)
(4564.60371719, -8946.80357729, 1705.77425734)
(4564.63394693, -8946.73385155, 1705.77425734)
(4564.66048621, -8946.67287901, 1705.77425734)
(4564.6886767, -8946.60812181, 1705.77425734)
(4564.71229208, -8946.55399701, 1705.77425734)
(4564.74475715, -8946.47985132, 1705.77425734)
(4564.76889308, -8946.42459183, 1705.77425734)
(4564.80889496, -8946.33299386, 1705.77425734)
(4564.84107671, -8946.2591553, 1705.77425733)
(4564.87646153, -8946.17769526, 1705.77425734)
(4564.90696528, -8946.1076371, 1705.77425734)
(4564.94324813, -8946.02433031, 1705.77425734)
(4564.97814293, -8945.94491901, 1705.77425734)
(4565.00527457, -8945.8833075, 1705.77425734)
(4565.03706876, -8945.81022014, 1705.77425733)
(4565.06884407, -8945.73710421, 1705.77425733)
(4565.10364897, -8945.65675201, 1705.77425734)
(4565.13197952, -8945.59160688, 1705.77425734)
(4565.16777939, -8945.50946065, 1705.77425734)
(4565.19005144, -8945.45835309, 1705.77425734)
(4565.21964748, -8945.39061982, 1705.77425734)
(4565.24209112, -8945.33913053, 1705.77425734)
(4565.27227043, -8945.26982843, 1705.77425734)
(4565.29770751, -8945.21153398, 1705.77425734)
(4565.32881305, -8945.14040677, 1705.77425734)
(4565.36296262, -8945.06249434, 1705.77425734)
(4565.39059936, -8944.99929927, 1705.77425734)
(4565.42234297, -8944.92662557, 1705.77425733)
(4565.4465702, -8944.87094606, 1705.77425734)
(4565.47336041, -8944.80918042, 1705.77425734)
(4565.50105548, -8944.74555777, 1705.77425734)
(4565.53469482, -8944.66830669, 1705.77425734)
(4565.55656902, -8944.61837172, 1705.77425734)
(4565.58729643, -8944.54841506, 1705.77425734)
(4565.61227362, -8944.49126639, 1705.77425733)
(4565.63770233, -8944.43295052, 1705.77425734)
(4565.66454682, -8944.37120228, 1705.77425734)
(4565.69156512, -8944.30907434, 1705.77425734)
(4565.72509451, -8944.23176336, 1705.77425734)
(4565.75151831, -8944.17119903, 1705.77425734)
(4565.77818961, -8944.11029157, 1705.77425734)
(4565.80098814, -8944.05805391, 1705.77425734)
(4565.82758879, -8943.99711776, 1705.77425734)
(4565.85703891, -8943.92976975, 1705.77425734)
(4565.88313433, -8943.86995592, 1705.77425734)
(4565.9123223, -8943.80291542, 1705.77425734)
(4565.93592971, -8943.74877535, 1705.77425734)
(4565.96713101, -8943.67722059, 1705.77425734)
(4565.9894256, -8943.62611132, 1705.77425734)
(4566.02048114, -8943.55494911, 1705.77425735)
(4566.04458094, -8943.49967577, 1705.77425734)
(4566.08069207, -8943.41673071, 1705.77425734)
(4566.10527804, -8943.36031408, 1705.77425734)
(4566.135474, -8943.29102476, 1705.77425734)
(4566.16011312, -8943.23463932, 1705.77425734)
(4566.19244481, -8943.16088648, 1705.77425734)
(4566.2202376, -8943.09730938, 1705.77425734)
(4566.24683805, -8943.03635787, 1705.77425734)
(4566.27518503, -8942.97120681, 1705.77425734)
(4566.29789999, -8942.91892198, 1705.77425734)
(4566.33040896, -8942.84387468, 1705.77425733)
(4566.35716657, -8942.78255315, 1705.77425734)
(4566.38931445, -8942.70916427, 1705.77425734)
(4566.41311082, -8942.65465757, 1705.77425734)
(4566.44153509, -8942.58955171, 1705.77425734)
(4566.46549211, -8942.53466503, 1705.77425734)
(4566.49803801, -8942.46009206, 1705.77425734)
(4566.5186428, -8942.412746, 1705.77425734)
(4566.54691497, -8942.34756714, 1705.77425733)
(4566.57381711, -8942.28586055, 1705.77425734)
(4566.60294053, -8942.21927044, 1705.77425734)
(4566.62804416, -8942.1617298, 1705.77425734)
(4566.65958698, -8942.0894229, 1705.77425734)
(4566.68827843, -8942.02352485, 1705.77425733)
(4566.71804862, -8941.95493938, 1705.77425734)
(4566.74034858, -8941.90384158, 1705.77425734)
(4566.76536521, -8941.84672006, 1705.77425734)
(4566.79065367, -8941.78880925, 1705.77425734)
(4566.82172362, -8941.71765637, 1705.77425734)
(4566.85300454, -8941.64615104, 1705.77425734)
(4566.87414736, -8941.59769396, 1705.77425734)
(4566.90232577, -8941.53291761, 1705.77425734)
(4566.93517412, -8941.45757426, 1705.77425734)
(4566.97710119, -8941.36140876, 1705.77425734)
(4567.00671755, -8941.29368056, 1705.77425734)
(4567.05137955, -8941.19196499, 1705.77425734)
(4567.08681907, -8941.11054343, 1705.77425733)
(4567.14354756, -8940.97938699, 1705.77425734)
(4567.17106518, -8940.9161461, 1705.77425734)
(4567.20634209, -8940.83555647, 1705.77425734)
(4567.23389097, -8940.77277688, 1705.77425734)
(4567.26214815, -8940.70850582, 1705.77425734)
(4567.28595317, -8940.6539973, 1705.77425734)
(4567.31132313, -8940.59566735, 1705.77425734)
(4567.3333978, -8940.54490495, 1705.77425734)
(4567.35904555, -8940.48579049, 1705.77425734)
(4567.39153796, -8940.41073576, 1705.77425734)
(4567.41785165, -8940.35055916, 1705.77425735)
(4567.4397816, -8940.30063934, 1705.77425735)
(4567.46259272, -8940.24840825, 1705.77425734)
(4567.49230638, -8940.18024831, 1705.77425733)
(4567.52704957, -8940.1003101, 1705.77425734)
(4567.55640739, -8940.03290585, 1705.77425734)
(4567.58577558, -8939.96550763, 1705.77425734)
(4567.6080004, -8939.91482362, 1705.77425734)
(4567.63493267, -8939.85357489, 1705.77425734)
(4567.66156473, -8939.79263755, 1705.77425734)
(4567.69406886, -8939.71803248, 1705.77425733)
(4567.7196175, -8939.65931971, 1705.77425734)
(4567.73969983, -8939.61309617, 1705.77425734)
(4567.7677775, -8939.5482831, 1705.77425734)
(4567.79568401, -8939.48430862, 1705.77425734)
(4567.82402019, -8939.41961906, 1705.77425734)
(4567.85062169, -8939.35867573, 1705.77425734)
(4567.87325895, -8939.30682067, 1705.77425734)
(4567.90567769, -8939.23265652, 1705.77425734)
(4567.93259533, -8939.17094636, 1705.77425734)
(4567.96275311, -8939.10162481, 1705.77425734)
(4567.98898923, -8939.04142065, 1705.77425734)
(4568.02265499, -8938.96418167, 1705.77425734)
(4568.04829378, -8938.90553238, 1705.77425734)
(4568.08046497, -8938.83216077, 1705.77425734)
(4568.10428153, -8938.77766332, 1705.77425734)
(4568.13235375, -8938.71329137, 1705.77425734)
(4568.16595035, -8938.63600946, 1705.77425734)
(4568.19065498, -8938.57918137, 1705.77425733)
(4568.21809238, -8938.51588867, 1705.77425734)
(4568.23956108, -8938.46667738, 1705.77425734)
(4568.27535456, -8938.38496567, 1705.77425734)
(4568.29781829, -8938.33348316, 1705.77425734)
(4568.32702431, -8938.26645374, 1705.77425734)
(4568.34960196, -8938.21455707, 1705.77425734)
(4568.38099061, -8938.14217385, 1705.77425734)
(4568.40428465, -8938.08880245, 1705.77425734)
(4568.43396988, -8938.02109543, 1705.77425734)
(4568.45661777, -8937.96924206, 1705.77425734)
(4568.48687077, -8937.89997754, 1705.77425734)
(4568.51017477, -8937.84660846, 1705.77425734)
(4568.53843456, -8937.78188216, 1705.77425734)
(4568.56200471, -8937.72771667, 1705.77425734)
(4568.59552844, -8937.65040792, 1705.77425734)
(4568.62575989, -8937.58114475, 1705.77425734)
(4568.65772372, -8937.50813121, 1705.77425734)
(4568.68433306, -8937.44719138, 1705.77425734)
(4568.7092906, -8937.39003637, 1705.77425734)
(4568.73539894, -8937.33022999, 1705.77425734)
(4568.76927127, -8937.25263082, 1705.77425734)
(4568.79481396, -8937.19391988, 1705.77425733)
(4568.82437721, -8937.1257023, 1705.77425734)
(4568.84799762, -8937.07157551, 1705.77425735)
(4568.8723588, -8937.01596833, 1705.77425734)
(4568.90376014, -8936.94405108, 1705.77425734)
(4568.93086377, -8936.88198061, 1705.77425734)
(4568.96347076, -8936.80745067, 1705.77425734)
(4568.99285371, -8936.7400517, 1705.77425734)
(4569.0182118, -8936.68170879, 1705.77425734)
(4569.04246403, -8936.62604672, 1705.77425734)
(4569.07695064, -8936.54691305, 1705.77425734)
(4569.10269431, -8936.48784731, 1705.77425734)
(4569.14642802, -8936.38751337, 1705.77425734)
(4569.17876125, -8936.31329869, 1705.77425733)
(4569.21500499, -8936.22996151, 1705.77425733)
(4569.24492648, -8936.16146142, 1705.77425734)
(4569.28324182, -8936.07409597, 1705.77425734)
(4569.31004892, -8936.01279193, 1705.77425734)
(4569.34016462, -8935.94391835, 1705.77425734)
(4569.36161152, -8935.89468917, 1705.77425734)
(4569.38908687, -8935.83141723, 1705.77425733)
(4569.41613479, -8935.76931458, 1705.77425734)
(4569.44467511, -8935.70380898, 1705.77425734)
(4569.4791536, -8935.62467191, 1705.77425734)
(4569.50833097, -8935.55809354, 1705.77425734)
(4569.54127047, -8935.48324325, 1705.77425734)
(4569.56731978, -8935.42341386, 1705.77425733)
(4569.591962, -8935.36657717, 1705.77425734)
(4569.61501984, -8935.31353981, 1705.77425733)
(4569.65036582, -8935.23206088, 1705.77425734)
(4569.67611406, -8935.1730035, 1705.77425734)
(4569.70177924, -8935.11436227, 1705.77425734)
(4569.72341394, -8935.06477081, 1705.77425734)
(4569.7460348, -8935.01290497, 1705.77425734)
(4569.77259284, -8934.95193906, 1705.77425733)
(4569.80585534, -8934.87540779, 1705.77425734)
(4569.8317691, -8934.81597079, 1705.77425734)
(4569.86104484, -8934.7490006, 1705.77425734)
(4569.88506809, -8934.69415303, 1705.77425734)
(4569.90616109, -8934.64613127, 1705.77425734)
(4569.93031727, -8934.59087656, 1705.77425734)
(4569.95903107, -8934.52498169, 1705.77425734)
(4569.9857335, -8934.46361656, 1705.77425734)
(4570.01712094, -8934.3912357, 1705.77425734)
(4570.03936708, -8934.34010605, 1705.77425734)
(4570.06573929, -8934.27951253, 1705.77425733)
(4570.09126757, -8934.22125497, 1705.77425734)
(4570.12765992, -8934.13845026, 1705.77425734)
(4570.15576912, -8934.07410019, 1705.77425734)
(4570.1849424, -8934.00706035, 1705.77425734)
(4570.21592627, -8933.93584472, 1705.77425734)
(4570.2406136, -8933.87900921, 1705.77425734)
(4570.27063659, -8933.80963756, 1705.77425734)
(4570.29130945, -8933.76232611, 1705.77425734)
(4570.32020774, -8933.69651847, 1705.77425735)
(4570.34484612, -8933.64012596, 1705.77425734)
(4570.37493876, -8933.57124196, 1705.77425734)
(4570.40138688, -8933.51068278, 1705.77425734)
(4570.42482335, -8933.45691048, 1705.77425734)
(4570.45166074, -8933.39515805, 1705.77425734)
(4570.47508594, -8933.34138846, 1705.77425734)
(4570.50643399, -8933.26944737, 1705.77425734)
(4570.53184483, -8933.21113774, 1705.77425734)
(4570.55758696, -8933.15207188, 1705.77425734)
(4570.58547755, -8933.08808478, 1705.77425734)
(4570.60725175, -8933.03810547, 1705.77425734)
(4570.63592741, -8932.97220019, 1705.77425734)
(4570.65970149, -8932.91768742, 1705.77425734)
(4570.68649114, -8932.85639195, 1705.77425734)
(4570.70968153, -8932.80343441, 1705.77425734)
(4570.74140304, -8932.73121394, 1705.77425734)
(4570.76405509, -8932.67935614, 1705.77425734)
(4570.78862312, -8932.6229241, 1705.77425734)
(4570.81384363, -8932.56496907, 1705.77425734)
(4570.83952439, -8932.5058635, 1705.77425733)
(4570.86989488, -8932.43574297, 1705.77425734)
(4570.89633482, -8932.37518137, 1705.77425734)
(4570.92849416, -8932.30179458, 1705.77425734)
(4570.94948479, -8932.25372413, 1705.77425734)
(4570.98402956, -8932.17461573, 1705.77425734)
(4571.01029475, -8932.11442909, 1705.77425734)
(4571.03834987, -8932.0500543, 1705.77425733)
(4571.07193933, -8931.97276568, 1705.77425734)
(4571.10608033, -8931.89438094, 1705.77425734)
(4571.15177119, -8931.78949319, 1705.77425734)
(4571.18549822, -8931.71229635, 1705.77425734)
(4571.22728251, -8931.61698633, 1705.77425734)
(4571.25354574, -8931.55678618, 1705.77425734)
(4571.27874271, -8931.49882729, 1705.77425734)
(4571.30069594, -8931.44847159, 1705.77425734)
(4571.33305351, -8931.37426731, 1705.77425734)
(4571.36129484, -8931.30952908, 1705.77425734)
(4571.3946849, -8931.23308441, 1705.77425734)
(4571.42373232, -8931.16644544, 1705.77425734)
(4571.45864033, -8931.086127, 1705.77425734)
(4571.48172742, -8931.03311138, 1705.77425734)
(4571.50580639, -8930.97782592, 1705.77425734)
(4571.52998701, -8930.9225901, 1705.77425734)
(4571.5628644, -8930.84771735, 1705.77425734)
(4571.58883554, -8930.78829686, 1705.77425734)
(4571.61688965, -8930.72391684, 1705.77425734)
(4571.64338831, -8930.66292102, 1705.77425734)
(4571.6659562, -8930.61102028, 1705.77425734)
(4571.69407278, -8930.54621792, 1705.77425734)
(4571.7181717, -8930.49094744, 1705.77425734)
(4571.74514787, -8930.42927527, 1705.77425734)
(4571.76750736, -8930.37820719, 1705.77425734)
(4571.79806141, -8930.30863276, 1705.77425735)
(4571.82252619, -8930.25260775, 1705.77425734)
(4571.85185857, -8930.18518644, 1705.77425734)
(4571.87442357, -8930.13328643, 1705.77425734)
(4571.90318711, -8930.06696782, 1705.77425734)
(4571.92954775, -8930.00636718, 1705.77425734)
(4571.95871917, -8929.93933366, 1705.77425734)
(4571.9818039, -8929.8863258, 1705.77425735)
(4572.00921853, -8929.82349829, 1705.77425734)
(4572.02966965, -8929.77654522, 1705.77425734)
(4572.05770559, -8929.71217134, 1705.77425734)
(4572.08573868, -8929.64779636, 1705.77425734)
(4572.11087277, -8929.59027415, 1705.77425734)
(4572.13442678, -8929.53656697, 1705.77425734)
(4572.15890622, -8929.48055581, 1705.77425734)
(4572.18355032, -8929.42416499, 1705.77425734)
(4572.21332433, -8929.35605146, 1705.77425734)
(4572.23876212, -8929.29775, 1705.77425734)
(4572.26382701, -8929.24017779, 1705.77425734)
(4572.28479819, -8929.1920976, 1705.77425734)
(4572.3090723, -8929.13644712, 1705.77425734)
(4572.34209456, -8929.06072986, 1705.77425734)
(4572.36855447, -8929.00018111, 1705.77425734)
(4572.40053952, -8928.92718276, 1705.77425734)
(4572.42186756, -8928.87835837, 1705.77425734)
(4572.44877174, -8928.81663052, 1705.77425735)
(4572.47168192, -8928.76397712, 1705.77425734)
(4572.50209152, -8928.69387123, 1705.77425734)
(4572.52516374, -8928.64084906, 1705.77425734)
(4572.55087633, -8928.58177002, 1705.77425734)
(4572.57587654, -8928.5246374, 1705.77425734)
(4572.60225856, -8928.46450425, 1705.77425734)
(4572.63534214, -8928.38927346, 1705.77425734)
(4572.66270066, -8928.32641304, 1705.77425733)
(4572.68980656, -8928.26389137, 1705.77425733)
(4572.71220611, -8928.21237134, 1705.77425734)
(4572.74427778, -8928.13847462, 1705.77425734)
(4572.76952009, -8928.08055102, 1705.77425734)
(4572.7989626, -8928.01319841, 1705.77425734)
(4572.82784919, -8927.94694391, 1705.77425734)
(4572.8565706, -8927.88106711, 1705.77425734)
(4572.88130544, -8927.82426254, 1705.77425734)
(4572.90879924, -8927.76098891, 1705.77425734)
(4572.93240634, -8927.70685481, 1705.77425734)
(4572.95656551, -8927.65161567, 1705.77425734)
(4572.98108423, -8927.59563218, 1705.77425734)
(4573.0134726, -8927.52190092, 1705.77425734)
(4573.04156548, -8927.45754347, 1705.77425734)
(4573.07531535, -8927.37988536, 1705.77425734)
(4573.09837986, -8927.32684869, 1705.77425734)
(4573.12451597, -8927.26659344, 1705.77425734)
(4573.15041202, -8927.2071503, 1705.77425734)
(4573.179681, -8927.14017513, 1705.77425734)
(4573.21400264, -8927.06188149, 1705.77425734)
(4573.24394107, -8926.99338223, 1705.77425734)
(4573.27023898, -8926.93320723, 1705.77425734)
(4573.29332737, -8926.88018727, 1705.77425734)
(4573.33145857, -8926.79227182, 1705.77425734)
(4573.36243582, -8926.72106841, 1705.77425734)
(4573.40415225, -8926.62526091, 1705.77425734)
(4573.44571638, -8926.53072841, 1705.77425734)
(4573.4807784, -8926.45096219, 1705.77425734)
(4573.50118446, -8926.40400036, 1705.77425734)
(4573.53002581, -8926.33729155, 1705.77425734)
(4573.55324664, -8926.28388448, 1705.77425734)
(4573.58500012, -8926.21075523, 1705.77425734)
(4573.60895009, -8926.15587013, 1705.77425734)
(4573.6324689, -8926.10214889, 1705.77425734)
(4573.6562455, -8926.04763509, 1705.77425734)
(4573.68150245, -8925.98971036, 1705.77425734)
(4573.71399956, -8925.91510967, 1705.77425734)
(4573.74073784, -8925.85377362, 1705.77425734)
(4573.76335009, -8925.80190408, 1705.77425734)
(4573.78467454, -8925.7530828, 1705.77425734)
(4573.81167849, -8925.69142592, 1705.77425734)
(4573.84240056, -8925.62147416, 1705.77425734)
(4573.87046965, -8925.55710907, 1705.77425734)
(4573.90125134, -8925.4862663, 1705.77425734)
(4573.92793416, -8925.42489362, 1705.77425734)
(4573.95062031, -8925.37259693, 1705.77425734)
(4573.97139512, -8925.32488415, 1705.77425734)
(4573.9976608, -8925.26471055, 1705.77425734)
(4574.02995658, -8925.19094296, 1705.77425734)
(4574.05590527, -8925.13151745, 1705.77425734)
(4574.08862925, -8925.05657192, 1705.77425734)
(4574.11306771, -8925.00054128, 1705.77425734)
(4574.13698243, -8924.94562403, 1705.77425734)
(4574.15791136, -8924.89751484, 1705.77425734)
(4574.18701205, -8924.83043917, 1705.77425734)
(4574.213265, -8924.77025187, 1705.77425734)
(4574.24306856, -8924.70215277, 1705.77425734)
(4574.26701801, -8924.64726397, 1705.77425734)
(4574.28947181, -8924.59577597, 1705.77425734)
(4574.31618363, -8924.5344177, 1705.77425734)
(4574.34209383, -8924.47497259, 1705.77425734)
(4574.37213295, -8924.4060654, 1705.77425734)
(4574.39428684, -8924.35535398, 1705.77425734)
(4574.41847493, -8924.30012863, 1705.77425734)
(4574.45019482, -8924.22791078, 1705.77425734)
(4574.47712478, -8924.16620416, 1705.77425733)
(4574.5095303, -8924.09157079, 1705.77425734)
(4574.53572046, -8924.03133529, 1705.77425734)
(4574.55742344, -8923.98131216, 1705.77425734)
(4574.58018336, -8923.92905982, 1705.77425734)
(4574.60908944, -8923.86283079, 1705.77425734)
(4574.64453038, -8923.78187352, 1705.77425734)
(4574.67130738, -8923.72055614, 1705.77425734)
(4574.69544, -8923.66529415, 1705.77425734)
(4574.71773265, -8923.6141845, 1705.77425734)
(4574.74675207, -8923.54752039, 1705.77425735)
(4574.77245235, -8923.4884224, 1705.77425734)
(4574.80333866, -8923.4171719, 1705.77425734)
(4574.83029091, -8923.35548256, 1705.77425735)
(4574.85516583, -8923.29874485, 1705.77425734)
(4574.87615768, -8923.2506752, 1705.77425734)
(4574.90227403, -8923.19087119, 1705.77425734)
(4574.9292107, -8923.12917351, 1705.77425734)
(4574.96292034, -8923.05195424, 1705.77425734)
(4574.98945187, -8922.99096881, 1705.77425733)
(4575.01689268, -8922.92768099, 1705.77425734)
(4575.03818862, -8922.87884839, 1705.77425734)
(4575.06715791, -8922.81263889, 1705.77425735)
(4575.08995104, -8922.7603988, 1705.77425734)
(4575.1170367, -8922.69831404, 1705.77425734)
(4575.14114835, -8922.64304309, 1705.77425734)
(4575.16525946, -8922.58777173, 1705.77425734)
(4575.19118657, -8922.52833612, 1705.77425734)
(4575.21562679, -8922.47230756, 1705.77425734)
(4575.24072685, -8922.41476434, 1705.77425734)
(4575.26037654, -8922.36971342, 1705.77425734)
