(13976.6011051, 14956.6999994, 322.342927376)
(13976.6676751, 14956.7000355, 322.343008646)
(13976.727977, 14956.7000573, 322.342891657)
(13976.8349466, 14956.7001327, 322.342891514)
(13976.9340723, 14956.7001939, 322.34289144)
(13977.0443501, 14956.7002547, 322.34289136)
(13977.1116734, 14956.7002841, 322.342891383)
(13977.177757, 14956.7003157, 322.342891372)
(13977.2640808, 14956.7003166, 322.342891376)
(13977.3553588, 14956.7003399, 322.342891376)
(13977.4561391, 14956.70031, 322.342891375)
(13977.5581555, 14956.7003103, 322.342891373)
(13977.6527387, 14956.7002828, 322.342891374)
(13977.7535159, 14956.7002737, 322.342891373)
(13977.8670974, 14956.7002608, 322.342891373)
(13977.9402025, 14956.7002541, 322.342891373)
(13978.0149598, 14956.7002459, 322.342891373)
(13978.0847099, 14956.7055541, 322.34289134)
(13978.1800432, 14956.7176062, 322.342891366)
(13978.2630596, 14956.7414066, 322.342891181)
(13978.3519598, 14956.7987831, 322.342891235)
(13978.4095797, 14956.846894, 322.342891164)
(13978.4849236, 14956.9168468, 322.342891347)
(13978.5422456, 14956.9625426, 322.342891448)
(13978.615134, 14957.0173222, 322.342891357)
(13978.673094, 14957.0631849, 322.342891415)
(13978.73057, 14957.1103971, 322.342891373)
(13978.7798276, 14957.1519654, 322.342891363)
(13978.8440241, 14957.2071298, 322.342891376)
(13978.9046585, 14957.2588886, 322.34289137)
(13978.9818209, 14957.3244173, 322.342891365)
(13979.0437489, 14957.3766444, 322.342891381)
(13979.1133154, 14957.4351767, 322.342891375)
(13979.1628263, 14957.4770435, 322.342891376)
(13979.2305564, 14957.5344427, 322.342891378)
(13979.2811152, 14957.5775691, 322.342891378)
(13979.3551476, 14957.6408922, 322.342891374)
(13979.4151239, 14957.691582, 322.342891377)
(13979.4951864, 14957.7588397, 322.342891377)
(13979.5509536, 14957.8060771, 322.342891371)
(13979.6104307, 14957.8565917, 322.342891371)
(13979.6638078, 14957.9021459, 322.342891372)
(13979.7346994, 14957.9628022, 322.342891363)
(13979.7899812, 14958.0094351, 322.342891374)
(13979.8551767, 14958.0641861, 322.34289137)
(13979.9063265, 14958.10733, 322.342891371)
(13979.9733027, 14958.1637496, 322.34289138)
(13980.0248482, 14958.2076153, 322.342891375)
(13980.0970276, 14958.2692732, 322.342891393)
(13980.1536782, 14958.3174249, 322.342891373)
(13980.2213754, 14958.3748961, 322.342891384)
(13980.2716722, 14958.4203863, 322.342891285)
(13980.3368989, 14958.4831478, 322.342891433)
(13980.4077334, 14958.5528942, 322.342891399)
(13980.4506942, 14958.5946492, 322.342891364)
(13980.5098102, 14958.6517792, 322.342891375)
(13980.5599706, 14958.7003344, 322.342891373)
(13980.6256165, 14958.7637784, 322.342891374)
(13980.67875, 14958.8151887, 322.342891373)
(13980.7450105, 14958.8791776, 322.342891372)
(13980.8103369, 14958.9423347, 322.342891373)
(13980.8566599, 14958.9871192, 322.342891369)
(13980.917544, 14959.0459617, 322.342891373)
(13980.9920832, 14959.1180046, 322.342891374)
(13981.0463704, 14959.1705823, 322.342891371)
(13981.1160015, 14959.2381793, 322.342891373)
(13981.1735332, 14959.2944993, 322.342891373)
(13981.2474664, 14959.3671324, 322.342891373)
(13981.2985032, 14959.4171347, 322.342891376)
(13981.3571558, 14959.4746986, 322.342891373)
(13981.4060818, 14959.5227216, 322.342891374)
(13981.4682214, 14959.5838083, 322.342891374)
(13981.5259842, 14959.6405256, 322.342891371)
(13981.5949034, 14959.7082753, 322.342891372)
(13981.6488199, 14959.7612453, 322.342891372)
(13981.7277528, 14959.8388447, 322.34289136)
(13981.7822285, 14959.8918685, 322.342891361)
(13981.8480654, 14959.9557283, 322.342891367)
(13981.9053396, 14960.0117355, 322.342891372)
(13981.9598718, 14960.0652297, 322.342891372)
(13982.0014462, 14960.1059996, 322.342891372)
(13982.0674404, 14960.1708206, 322.34289138)
(13982.1187327, 14960.2211553, 322.342891374)
(13982.1867712, 14960.2880273, 322.342891371)
(13982.2381599, 14960.3388216, 322.342891371)
(13982.3032794, 14960.4033365, 322.342891371)
(13982.3571049, 14960.4569644, 322.34289137)
(13982.4222581, 14960.5220241, 322.342891377)
(13982.4798549, 14960.5794823, 322.342891378)
(13982.5461814, 14960.6457332, 322.342891378)
(13982.5996618, 14960.6991394, 322.342891374)
(13982.6706151, 14960.7701096, 322.342891371)
(13982.7211595, 14960.8206147, 322.342891373)
(13982.7745995, 14960.8740615, 322.342891371)
(13982.8251352, 14960.9245762, 322.342891372)
(13982.892009, 14960.9914577, 322.342891371)
(13982.9454589, 14961.0448986, 322.342891372)
(13983.0041539, 14961.1036075, 322.342891381)
(13983.0532187, 14961.152673, 322.342891372)
(13983.1189271, 14961.2183867, 322.342891372)
(13983.1744164, 14961.2738769, 322.342891372)
(13983.243921, 14961.3433891, 322.342891372)
(13983.2999945, 14961.3994641, 322.342891372)
(13983.3776725, 14961.4771579, 322.342891372)
(13983.4249838, 14961.5244716, 322.342891372)
(13983.4933211, 14961.5928146, 322.342891372)
(13983.543261, 14961.6427567, 322.342891373)
(13983.5993324, 14961.6988327, 322.342891372)
(13983.6527766, 14961.7522794, 322.342891372)
(13983.7219903, 14961.8214981, 322.342891372)
(13983.7757268, 14961.875237, 322.342891373)
(13983.8478607, 14961.9473764, 322.342891372)
(13983.8986765, 14961.9981944, 322.342891373)
(13983.9559163, 14962.0554386, 322.342891373)
(13984.0046882, 14962.1042125, 322.342891373)
(13984.0698135, 14962.1693422, 322.342891372)
(13984.1194613, 14962.2189918, 322.342891373)
(13984.1872151, 14962.2867497, 322.342891373)
(13984.235695, 14962.3352313, 322.342891373)
(13984.2923514, 14962.391891, 322.342891373)
(13984.3414153, 14962.4409565, 322.342891373)
(13984.3948592, 14962.494403, 322.342891373)
(13984.4456756, 14962.5452207, 322.342891373)
(13984.5081734, 14962.6077212, 322.342891373)
(13984.5639547, 14962.6635038, 322.342891373)
(13984.6229477, 14962.7224992, 322.342891373)
(13984.6801892, 14962.779742, 322.342891373)
(13984.7517405, 14962.8512962, 322.342891373)
(13984.8095661, 14962.9091232, 322.342891373)
(13984.8738158, 14962.9733758, 322.342891373)
(13984.9214197, 14963.0209807, 322.342891373)
(13984.9880062, 14963.0875699, 322.342891373)
(13985.0376545, 14963.1372194, 322.342891373)
(13985.1083294, 14963.2078971, 322.342891373)
(13985.1667391, 14963.266308, 322.342891373)
(13985.2385823, 14963.3381544, 322.342891373)
(13985.2850183, 14963.3845911, 322.342891373)
(13985.3507291, 14963.4503032, 322.342891373)
(13985.3942445, 14963.4938191, 322.342891373)
(13985.4587874, 14963.5583632, 322.342891373)
(13985.5072677, 14963.6068441, 322.342891373)
(13985.5761913, 14963.6757688, 322.342891373)
(13985.6591335, 14963.7587118, 322.342891373)
(13985.7406149, 14963.8401953, 322.342891373)
(13985.793768, 14963.8933491, 322.342891373)
(13985.8875148, 14963.987099, 322.342891373)
(13985.9444647, 14964.0440494, 322.342891373)
(13986.0049188, 14964.1045047, 322.342891373)
(13986.0481423, 14964.1477286, 322.342891373)
(13986.136049, 14964.2356367, 322.342891373)
(13986.1830692, 14964.2826571, 322.342891373)
(13986.2849942, 14964.3845843, 322.342891373)
(13986.3369791, 14964.4365696, 322.342891373)
(13986.4117438, 14964.5113353, 322.342891373)
(13986.4491263, 14964.5487181, 322.342891373)
(13986.5303161, 14964.629909, 322.342891373)
(13986.5948593, 14964.6944526, 322.342891373)
(13986.6497649, 14964.7493583, 322.342891373)
(13986.7219014, 14964.8214954, 322.342891373)
(13986.7844003, 14964.8839946, 322.342891373)
(13986.8489433, 14964.9485382, 322.342891373)
(13986.9012205, 14965.0008155, 322.342891373)
(13986.9666398, 14965.0662354, 322.342891373)
(13987.0130759, 14965.1126718, 322.342891373)
(13987.077911, 14965.1775074, 322.342891373)
(13987.1260994, 14965.225696, 322.342891373)
(13987.1845095, 14965.2841066, 322.342891373)
(13987.2297775, 14965.3293747, 322.342891373)
(13987.2937366, 14965.3933342, 322.342891373)
(13987.3468898, 14965.4464876, 322.342891373)
(13987.4146456, 14965.5142437, 322.342891373)
(13987.4675069, 14965.5671052, 322.342891373)
(13987.5282534, 14965.6278521, 322.342891373)
(13987.5875398, 14965.6871386, 322.342891373)
(13987.6517909, 14965.7513902, 322.342891373)
(13987.703484, 14965.8030834, 322.342891373)
(13987.7753284, 14965.8749284, 322.342891373)
(13987.8319863, 14965.9315864, 322.342891373)
(13987.9049989, 14966.0045996, 322.342891373)
(13987.9575682, 14966.0571689, 322.342891373)
(13988.0162705, 14966.1158714, 322.342891373)
(13988.0650431, 14966.164644, 322.342891373)
(13988.1246215, 14966.2242225, 322.342891373)
(13988.1818636, 14966.2814647, 322.342891373)
(13988.2519559, 14966.3515572, 322.342891373)
(13988.3059854, 14966.4055867, 322.342891373)
(13988.3711127, 14966.4707143, 322.342891373)
(13988.4219297, 14966.5215313, 322.342891373)
(13988.4876413, 14966.5872431, 322.342891373)
(13988.5396264, 14966.6392282, 322.342891373)
(13988.6138073, 14966.7134094, 322.342891373)
(13988.6663766, 14966.7659788, 322.342891373)
(13988.7414338, 14966.8410362, 322.342891373)
(13988.7881619, 14966.8877645, 322.342891373)
(13988.8480323, 14966.9476351, 322.342891373)
(13988.8988493, 14966.9984521, 322.342891373)
(13988.9502504, 14967.0498533, 322.342891373)
(13989.0156698, 14967.1152729, 322.342891373)
(13989.0653185, 14967.1649217, 322.342891373)
(13989.1281095, 14967.2277129, 322.342891373)
(13989.1830152, 14967.2826186, 322.342891373)
(13989.2440539, 14967.3436575, 322.342891373)
(13989.2995436, 14967.3991473, 322.342891373)
(13989.3506526, 14967.4502563, 322.342891373)
(13989.4321349, 14967.5317389, 322.342891373)
(13989.4791552, 14967.5787592, 322.342891373)
(13989.5524601, 14967.6520642, 322.342891373)
(13989.6012327, 14967.7008367, 322.342891373)
(13989.6713251, 14967.7709292, 322.342891373)
(13989.7189295, 14967.8185336, 322.342891373)
(13989.7793841, 14967.8789883, 322.342891373)
(13989.830201, 14967.9298052, 322.342891373)
(13989.897957, 14967.9975613, 322.342891373)
(13989.9531548, 14968.052759, 322.342891373)
(13990.0176981, 14968.1173025, 322.342891373)
(13990.0661786, 14968.165783, 322.342891373)
(13990.1213763, 14968.2209808, 322.342891373)
(13990.1619715, 14968.261576, 322.342891373)
(13990.2250547, 14968.3246592, 322.342891373)
(13990.2831729, 14968.3827774, 322.342891373)
(13990.3471321, 14968.4467367, 322.342891373)
(13990.3985332, 14968.4981378, 322.342891373)
(13990.4557753, 14968.5553799, 322.342891373)
(13990.5057161, 14968.6053207, 322.342891373)
(13990.5652946, 14968.6648992, 322.342891373)
(13990.6146513, 14968.714256, 322.342891373)
(13990.6815312, 14968.7811358, 322.342891373)
(13990.7291356, 14968.8287402, 322.342891373)
(13990.7863776, 14968.8859823, 322.342891373)
(13990.8412833, 14968.940888, 322.342891373)
(13990.9157564, 14969.0153612, 322.342891373)
(13990.9706622, 14969.0702669, 322.342891373)
(13991.0375419, 14969.1371467, 322.342891373)
(13991.083394, 14969.1829988, 322.342891373)
(13991.1441407, 14969.2437456, 322.342891373)
(13991.1934974, 14969.2931023, 322.342891373)
(13991.2600851, 14969.3596901, 322.342891373)
(13991.3173272, 14969.4169322, 322.342891373)
(13991.3853752, 14969.4849803, 322.342891373)
(13991.4323955, 14969.5320006, 322.342891373)
(13991.5004434, 14969.6000486, 322.342891373)
(13991.5521365, 14969.6517417, 322.342891373)
(13991.6140514, 14969.7136567, 322.342891373)
(13991.6616559, 14969.7612612, 322.342891373)
(13991.7337925, 14969.833398, 322.342891373)
(13991.7886982, 14969.8883036, 322.342891373)
(13991.8438959, 14969.9435014, 322.342891373)
(13991.8903321, 14969.9899376, 322.342891373)
(13991.9575039, 14970.0571096, 322.342891373)
(13992.0100732, 14970.1096788, 322.342891373)
(13992.0731562, 14970.172762, 322.342891373)
(13992.1219289, 14970.2215346, 322.342891373)
(13992.1917261, 14970.2913379, 322.342891371)
(13992.2491105, 14970.3533394, 322.342891436)
(13992.3068619, 14970.4281294, 322.342891425)
(13992.3425474, 14970.4840145, 322.342891401)
(13992.3905622, 14970.564799, 322.342891342)
(13992.4234024, 14970.6156692, 322.342891433)
(13992.4828677, 14970.7041364, 322.342891377)
(13992.5194456, 14970.760979, 322.342891365)
(13992.5658913, 14970.8344744, 322.342891337)
(13992.6020281, 14970.8907847, 322.342891376)
(13992.6430765, 14970.9547408, 322.342891373)
(13992.684264, 14971.0191102, 322.34289137)
(13992.7224999, 14971.0789977, 322.342891373)
(13992.7764393, 14971.1636585, 322.342891373)
(13992.8251158, 14971.2398962, 322.342891372)
(13992.8677896, 14971.3067351, 322.342891372)
(13992.9204596, 14971.3892474, 322.342891377)
(13992.9663727, 14971.4608607, 322.342891375)
(13993.0101402, 14971.5289431, 322.342891378)
(13993.0448257, 14971.582292, 322.342891377)
(13993.0876966, 14971.6480216, 322.342891376)
(13993.1312526, 14971.7152768, 322.342891367)
(13993.1859162, 14971.7999568, 322.34289137)
(13993.2370063, 14971.8790644, 322.342891371)
(13993.2862287, 14971.9554545, 322.342891373)
(13993.3366126, 14972.0330337, 322.342891382)
(13993.383467, 14972.1050221, 322.342891368)
(13993.4442577, 14972.1990178, 322.342891372)
(13993.4852675, 14972.2625194, 322.342891372)
(13993.5452387, 14972.3555769, 322.342891373)
(13993.5913557, 14972.4265685, 322.342891376)
(13993.6325705, 14972.4899084, 322.342891376)
(13993.6855434, 14972.572675, 322.342891363)
(13993.7367211, 14972.6527275, 322.342891369)
(13993.7810311, 14972.7205677, 322.342891381)
(13993.8427955, 14972.8148967, 322.342891371)
(13993.8849348, 14972.8801285, 322.342891372)
(13993.9399473, 14972.9655763, 322.342891377)
(13993.9829846, 14973.0321822, 322.342891371)
(13994.0331944, 14973.1098898, 322.342891373)
(13994.0935194, 14973.2026751, 322.342891379)
(13994.1350906, 14973.2667833, 322.342891367)
(13994.183775, 14973.3420388, 322.342891389)
(13994.2215979, 14973.4011816, 322.342891371)
(13994.2676154, 14973.4732513, 322.342891355)
(13994.3077274, 14973.5290087, 322.342891235)
(13994.3635726, 14973.6014076, 322.342891379)
(13994.4130191, 14973.6603731, 322.34289146)
(13994.4804568, 14973.7348481, 322.342891437)
(13994.5325099, 14973.7915778, 322.342891404)
(13994.6052987, 14973.8701655, 322.342891364)
(13994.6552707, 14973.9241017, 322.342891376)
(13994.7404175, 14974.0158373, 322.342891377)
(13994.7871786, 14974.0659959, 322.342891374)
(13994.8520412, 14974.1354209, 322.342891375)
(13994.8920165, 14974.1783316, 322.342891369)
(13994.9528537, 14974.2435836, 322.342891373)
(13994.9956597, 14974.2895063, 322.342891371)
(13995.0590776, 14974.3574411, 322.342891373)
(13995.1013381, 14974.4027437, 322.342891374)
(13995.1717865, 14974.4782322, 322.342891374)
(13995.2284212, 14974.538931, 322.342891374)
(13995.2949464, 14974.6101759, 322.342891374)
(13995.3397556, 14974.6581838, 322.342891373)
(13995.4074157, 14974.7306193, 322.342891373)
(13995.4505452, 14974.7762721, 322.342891373)
(13995.517118, 14974.8463758, 322.342891371)
(13995.5662354, 14974.898277, 322.342891372)
(13995.6261805, 14974.9615408, 322.342891372)
(13995.6878299, 14975.026598, 322.342891371)
(13995.7552545, 14975.0975735, 322.342891373)
(13995.8105441, 14975.1561168, 322.342891368)
(13995.8860898, 14975.2364264, 322.342891368)
(13995.9385218, 14975.2920089, 322.342891372)
(13996.0020123, 14975.3593039, 322.342891372)
(13996.0440419, 14975.4036999, 322.342891376)
(13996.0940767, 14975.4564438, 322.342891374)
(13996.1449308, 14975.5101083, 322.342891373)
(13996.21661, 14975.5855863, 322.342891359)
(13996.271198, 14975.642098, 322.342891365)
(13996.328246, 14975.700784, 322.342891365)
(13996.3807437, 14975.7541594, 322.342891372)
(13996.4484416, 14975.8221367, 322.34289138)
(13996.5056149, 14975.8794816, 322.342891379)
(13996.5645756, 14975.9385362, 322.342891374)
(13996.6109607, 14975.9850301, 322.342891373)
(13996.6626437, 14976.0367456, 322.342891373)
(13996.7186753, 14976.0928645, 322.342891374)
(13996.7852741, 14976.1594532, 322.342891375)
(13996.8413242, 14976.2155468, 322.342891374)
(13996.9076335, 14976.2818342, 322.342891376)
(13996.9601964, 14976.3344102, 322.342891372)
(13997.0107252, 14976.3849333, 322.342891369)
(13997.0536535, 14976.4278678, 322.342891373)
(13997.1152732, 14976.489487, 322.342891373)
(13997.1728042, 14976.547024, 322.342891373)
(13997.2461046, 14976.6203185, 322.342891373)
(13997.2942923, 14976.6685077, 322.342891373)
(13997.3576665, 14976.7318717, 322.342891374)
(13997.4122806, 14976.7864846, 322.342891373)
(13997.4724433, 14976.8466362, 322.342891373)
(13997.5243187, 14976.8987095, 322.342891373)
(13997.5793261, 14976.9540744, 322.34289137)
(13997.6355792, 14977.0111083, 322.342891379)
(13997.6989619, 14977.0756184, 322.34289137)
(13997.7612849, 14977.138866, 322.342891372)
(13997.8212422, 14977.1998024, 322.342891372)
(13997.8728071, 14977.2522004, 322.342891371)
(13997.9214242, 14977.3016973, 322.342891375)
(13997.9726887, 14977.3538152, 322.342891372)
(13998.0386856, 14977.4209828, 322.342891377)
(13998.0867548, 14977.4693396, 322.34289138)
(13998.1492667, 14977.5318778, 322.342891371)
(13998.2072487, 14977.5906832, 322.342891376)
(13998.2616551, 14977.646052, 322.342891378)
(13998.3123581, 14977.6970025, 322.342891372)
(13998.362004, 14977.7466719, 322.342891371)
(13998.4113147, 14977.7960905, 322.342891375)
(13998.4852036, 14977.8700054, 322.342891374)
(13998.54239, 14977.9273014, 322.342891374)
(13998.5987658, 14977.9836667, 322.342891373)
(13998.6568575, 14978.0418056, 322.342891373)
(13998.7196663, 14978.104586, 322.34289137)
(13998.7731042, 14978.158039, 322.342891374)
(13998.8280122, 14978.2129424, 322.342891373)
(13998.8764885, 14978.2614264, 322.342891373)
(13998.9398643, 14978.3247988, 322.342891371)
(13998.9950595, 14978.379999, 322.342891373)
(13999.0578524, 14978.4427843, 322.342891374)
(13999.1083764, 14978.4933095, 322.342891373)
(13999.1799297, 14978.5648519, 322.342891373)
(13999.227827, 14978.6127476, 322.342891373)
(13999.2900335, 14978.674942, 322.342891373)
(13999.3475692, 14978.7324738, 322.342891373)
(13999.4281777, 14978.8130655, 322.342891371)
(13999.4746157, 14978.8594995, 322.342891373)
(13999.5271878, 14978.9120662, 322.342891373)
(13999.5771302, 14978.9620049, 322.342891373)
(13999.6472258, 14979.032094, 322.342891373)
(13999.7088507, 14979.093715, 322.342891373)
(13999.7809909, 14979.1658483, 322.342891373)
(13999.8335618, 14979.2184156, 322.342891373)
(13999.9030735, 14979.2879207, 322.342891373)
(13999.962362, 14979.3472052, 322.342891372)
(14000.02428, 14979.409117, 322.342891373)
(14000.0663365, 14979.451171, 322.342891372)
(14000.1212445, 14979.5060744, 322.342891372)
(14000.1758596, 14979.5606865, 322.342891372)
(14000.2482991, 14979.6331039, 322.342891365)
(14000.302901, 14979.6804076, 322.342891377)
(14000.3846616, 14979.7326171, 322.342891384)
(14000.4530596, 14979.7728348, 322.342891238)
(14000.5392679, 14979.828171, 322.342891385)
(14000.6100552, 14979.8738273, 322.342891391)
(14000.6634779, 14979.9082715, 322.342891363)
(14000.7246745, 14979.9475127, 322.342891373)
(14000.8068112, 14980.0000554, 322.342891375)
(14000.8743532, 14980.0432136, 322.342891375)
(14000.9489136, 14980.0907571, 322.342891377)
(14001.0147102, 14980.1327726, 322.342891374)
(14001.1241001, 14980.2024982, 322.34289137)
(14001.195834, 14980.2482539, 322.342891374)
(14001.3055756, 14980.3181719, 322.34289137)
(14001.3891615, 14980.3714553, 322.342891373)
(14001.4497439, 14980.4101076, 322.34289137)
(14001.5034063, 14980.445007, 322.342891375)
(14001.5836667, 14980.4972904, 322.342891377)
(14001.6418558, 14980.5350522, 322.342891373)
(14001.7678476, 14980.6169832, 322.342891378)
(14001.8286876, 14980.6560792, 322.342891381)
(14001.9407928, 14980.727772, 322.342891379)
(14002.0244308, 14980.782467, 322.342891373)
(14002.1200229, 14980.8452173, 322.342891383)
(14002.1956159, 14980.8933915, 322.342891371)
(14002.2806772, 14980.94753, 322.342891369)
(14002.3583852, 14980.997627, 322.342891362)
(14002.4189395, 14981.0370432, 322.342891371)
(14002.486725, 14981.0812041, 322.342891365)
(14002.542813, 14981.1176585, 322.342891375)
(14002.6203281, 14981.1681149, 322.342891372)
(14002.68764, 14981.2116654, 322.342891375)
(14002.7442241, 14981.2482121, 322.342891376)
(14002.8164722, 14981.2947799, 322.34289138)
(14002.8969413, 14981.3467963, 322.342891371)
(14002.9554283, 14981.3848057, 322.342891365)
(14003.0329001, 14981.4352721, 322.342891372)
(14003.0881767, 14981.470796, 322.342891377)
(14003.1709912, 14981.5238604, 322.342891377)
(14003.2275985, 14981.5602996, 322.34289137)
(14003.3050337, 14981.6101628, 322.342891382)
(14003.3687143, 14981.6515488, 322.342891374)
(14003.447924, 14981.7031172, 322.342891369)
(14003.5114679, 14981.7363011, 322.342891539)
(14003.5971824, 14981.7596326, 322.342891369)
(14003.6701218, 14981.7671937, 322.342891386)
(14003.7676621, 14981.7808088, 322.342891405)
(14003.8392556, 14981.7929405, 322.342891435)
(14003.9294576, 14981.8093949, 322.34289137)
(14004.0013578, 14981.8170805, 322.34289139)
(14004.0930634, 14981.8247194, 322.342891349)
(14004.1537925, 14981.8317835, 322.342891359)
(14004.2476192, 14981.8437855, 322.342891372)
(14004.3121413, 14981.8498322, 322.342891409)
(14004.4108259, 14981.8589398, 322.342891386)
(14004.4827144, 14981.8663885, 322.342891372)
(14004.5816837, 14981.8769269, 322.342891373)
(14004.6474759, 14981.8833004, 322.342891377)
(14004.7358951, 14981.8917521, 322.342891381)
(14004.8057709, 14981.8986245, 322.342891373)
(14004.9089436, 14981.9087782, 322.342891369)
(14004.9797476, 14981.9146594, 322.342891377)
(14005.0752333, 14981.9229258, 322.342891374)
(14005.141839, 14981.9291631, 322.342891369)
(14005.2281796, 14981.9373425, 322.34289137)
(14005.2914827, 14981.9434763, 322.342891368)
(14005.3860246, 14981.9526538, 322.342891359)
(14005.4551433, 14981.966963, 322.342891469)
(14005.5452093, 14982.0137178, 322.342891326)
(14005.6359191, 14982.0853457, 322.342891195)
(14005.6943533, 14982.1329325, 322.342891297)
(14005.7639221, 14982.1835487, 322.342891341)
(14005.8215055, 14982.2280846, 322.342891384)
(14005.9032212, 14982.2940419, 322.342891368)
(14005.9561324, 14982.3383719, 322.342891384)
(14006.0145951, 14982.3881846, 322.34289138)
(14006.072041, 14982.4372241, 322.342891367)
(14006.1464327, 14982.5007846, 322.342891374)
(14006.205508, 14982.5511716, 322.342891374)
(14006.2862104, 14982.6201031, 322.342891377)
(14006.3414919, 14982.6673034, 322.342891376)
(14006.4218133, 14982.736037, 322.342891371)
(14006.4748746, 14982.7813881, 322.342891373)
(14006.536098, 14982.8337166, 322.342891372)
(14006.5901009, 14982.8798726, 322.342891372)
(14006.6579175, 14982.9378369, 322.342891372)
(14006.7172579, 14982.9885552, 322.342891372)
(14006.7976323, 14983.0572543, 322.342891372)
(14006.8579138, 14983.1087779, 322.342891372)
(14006.9376589, 14983.1769422, 322.342891372)
(14006.990405, 14983.2220264, 322.342891372)
(14007.0560183, 14983.2781176, 322.342891372)
(14007.1122166, 14983.3261547, 322.342891372)
(14007.1753186, 14983.3800994, 322.342891372)
(14007.2327724, 14983.4292111, 322.342891372)
(14007.3043574, 14983.4903984, 322.342891376)
(14007.363704, 14983.5405449, 322.342891366)
(14007.4332504, 14983.5991167, 322.342891373)
(14007.4795914, 14983.6383425, 322.342891375)
(14007.5513915, 14983.6992506, 322.342891357)
(14007.6129541, 14983.7551384, 322.342891437)
(14007.6803017, 14983.8204498, 322.342891394)
(14007.7372025, 14983.8767449, 322.342891393)
(14007.7923154, 14983.9303195, 322.342891382)
(14007.8604638, 14983.9959881, 322.342891375)
(14007.9207159, 14984.054299, 322.342891374)
(14007.9904918, 14984.1217756, 322.34289137)
(14008.0436754, 14984.1736884, 322.342891375)
(14008.1097239, 14984.238435, 322.342891371)
(14008.1628186, 14984.290453, 322.342891365)
(14008.2217628, 14984.348304, 322.342891371)
(14008.2668669, 14984.3925566, 322.342891373)
(14008.3293189, 14984.4539153, 322.342891366)
(14008.3791367, 14984.5028064, 322.342891374)
(14008.4457008, 14984.5682358, 322.342891377)
(14008.5010912, 14984.6221022, 322.342891369)
(14008.5571573, 14984.676445, 322.342891373)
(14008.6138266, 14984.7318892, 322.34289137)
(14008.671327, 14984.7882594, 322.342891372)
(14008.7202683, 14984.8362612, 322.342891369)
(14008.777715, 14984.892693, 322.342891372)
(14008.8245887, 14984.9386859, 322.342891384)
(14008.8917517, 14985.0046817, 322.34289137)
(14008.9468636, 14985.0587926, 322.342891373)
(14009.0125358, 14985.1233617, 322.342891371)
(14009.07087, 14985.1806757, 322.342891371)
(14009.1206496, 14985.229603, 322.342891372)
(14009.1692587, 14985.2773676, 322.342891372)
(14009.2358421, 14985.3427911, 322.342891369)
(14009.2876712, 14985.3932092, 322.342891368)
(14009.3517184, 14985.4553564, 322.342891378)
(14009.4013231, 14985.5038552, 322.342891371)
(14009.45527, 14985.556767, 322.342891367)
(14009.5017046, 14985.6025926, 322.342891379)
(14009.5682972, 14985.6685571, 322.342891369)
(14009.6212867, 14985.7212636, 322.342891377)
(14009.6823798, 14985.7822125, 322.342891371)
(14009.7271163, 14985.8268294, 322.342891365)
(14009.7791286, 14985.8787706, 322.342891371)
(14009.8250253, 14985.9245722, 322.342891374)
(14009.879945, 14985.9794521, 322.342891372)
(14009.945902, 14986.0454844, 322.342891373)
(14010.0060751, 14986.1056375, 322.342891372)
(14010.0767648, 14986.1763002, 322.342891372)
(14010.1378156, 14986.2373267, 322.342891372)
(14010.2061678, 14986.3056549, 322.342891372)
(14010.2602075, 14986.3596748, 322.342891372)
(14010.3244659, 14986.4239178, 322.342891372)
(14010.3720774, 14986.4715149, 322.342891372)
(14010.4348694, 14986.5343044, 322.342891379)
(14010.4810185, 14986.5804447, 322.342891372)
(14010.5309598, 14986.6303847, 322.342891371)
(14010.5718501, 14986.671269, 322.342891372)
(14010.618872, 14986.7182864, 322.342891372)
(14010.6635585, 14986.7629679, 322.342891372)
(14010.7181574, 14986.8175946, 322.342891381)
(14010.7657592, 14986.8652026, 322.342891372)
(14010.8311731, 14986.9306267, 322.342891372)
(14010.8761467, 14986.975605, 322.342891373)
(14010.9549952, 14987.0544649, 322.342891372)
(14011.0078541, 14987.1073292, 322.342891373)
(14011.0948781, 14987.1943667, 322.342891372)
(14011.1369319, 14987.2364242, 322.342891373)
(14011.2108176, 14987.310317, 322.342891373)
(14011.2598808, 14987.3593835, 322.342891373)
(14011.317412, 14987.4169201, 322.342891373)
(14011.366183, 14987.4656943, 322.342891373)
(14011.4549631, 14987.5544819, 322.342891373)
(14011.512203, 14987.6117272, 322.342891374)
(14011.5631409, 14987.6624443, 322.342891376)
(14011.6065155, 14987.7055355, 322.342891376)
(14011.6485501, 14987.7470475, 322.342891369)
(14011.7248347, 14987.8220711, 322.342891373)
(14011.7719635, 14987.8684141, 322.342891375)
(14011.8165067, 14987.9120912, 322.342891377)
