(13980.6002109, 14964.6999995, 322.342892881)
(13980.6726314, 14964.7000368, 322.342884328)
(13980.8056183, 14964.7001578, 322.342891807)
(13980.8745939, 14964.700214, 322.342891351)
(13981.0443473, 14964.700332, 322.342891362)
(13981.1199321, 14964.7003575, 322.342891372)
(13981.2215447, 14964.7002419, 322.342891373)
(13981.2884536, 14964.700223, 322.342891373)
(13981.3859271, 14964.7001969, 322.342891372)
(13981.4689445, 14964.7001763, 322.342891372)
(13981.5519622, 14964.7001572, 322.342891372)
(13981.6254804, 14964.7001402, 322.342891372)
(13981.7167582, 14964.7001206, 322.342891372)
(13981.8423167, 14964.7001084, 322.342891368)
(13981.9179003, 14964.7000962, 322.342891372)
(13982.0063241, 14964.7002222, 322.342891359)
(13982.0631771, 14964.7049772, 322.342891344)
(13982.1521258, 14964.7145186, 322.342891278)
(13982.2267321, 14964.7318981, 322.342891369)
(13982.3041616, 14964.7733837, 322.342891422)
(13982.363529, 14964.8180194, 322.342891466)
(13982.438458, 14964.8784333, 322.342891371)
(13982.492706, 14964.9192439, 322.342891367)
(13982.5504476, 14964.9620099, 322.342891378)
(13982.6096547, 14965.0086572, 322.342891349)
(13982.6867821, 14965.0729556, 322.342891356)
(13982.7457406, 14965.123412, 322.342891357)
(13982.8127706, 14965.1809656, 322.342891374)
(13982.8712295, 14965.2308093, 322.342891374)
(13982.9447972, 14965.2934922, 322.34289137)
(13982.9953688, 14965.3360896, 322.342891367)
(13983.0539482, 14965.3852137, 322.342891373)
(13983.1070004, 14965.4299405, 322.342891372)
(13983.1758644, 14965.4879589, 322.34289138)
(13983.2443773, 14965.5462733, 322.342891382)
(13983.3058991, 14965.5988127, 322.342891375)
(13983.3738892, 14965.6565863, 322.342891372)
(13983.4281736, 14965.7024625, 322.342891378)
(13983.5068304, 14965.768782, 322.342891374)
(13983.5600278, 14965.8139372, 322.342891364)
(13983.6276454, 14965.8714548, 322.34289137)
(13983.67992, 14965.9158189, 322.342891373)
(13983.7580174, 14965.9820972, 322.342891372)
(13983.8062907, 14966.0229085, 322.342891375)
(13983.8634494, 14966.0711323, 322.342891377)
(13983.9142187, 14966.1140759, 322.342891371)
(13983.9848527, 14966.1738272, 322.342891374)
(13984.0585062, 14966.2363659, 322.34289137)
(13984.1029298, 14966.2740222, 322.342891372)
(13984.1772444, 14966.3370867, 322.342891375)
(13984.2309807, 14966.3846565, 322.342891374)
(13984.3004063, 14966.4491217, 322.342891355)
(13984.3569208, 14966.5034287, 322.34289137)
(13984.4195475, 14966.5644641, 322.342891361)
(13984.4678641, 14966.6113482, 322.342891376)
(13984.5340797, 14966.6753897, 322.342891372)
(13984.5863312, 14966.7259326, 322.342891372)
(13984.6472399, 14966.7847612, 322.342891375)
(13984.6971201, 14966.8329941, 322.342891374)
(13984.7639551, 14966.8975675, 322.342891374)
(13984.8227569, 14966.954401, 322.342891373)
(13984.8857437, 14967.0152312, 322.342891373)
(13984.9415851, 14967.0691854, 322.342891375)
(13985.0107992, 14967.1360452, 322.342891373)
(13985.0718667, 14967.1952655, 322.342891364)
(13985.130483, 14967.2522646, 322.342891368)
(13985.176202, 14967.2970425, 322.342891372)
(13985.2353931, 14967.3552202, 322.342891383)
(13985.2928906, 14967.4116037, 322.342891374)
(13985.3580113, 14967.4755465, 322.342891373)
(13985.4084156, 14967.5250147, 322.342891376)
(13985.4670299, 14967.5826214, 322.342891372)
(13985.5141839, 14967.6289204, 322.342891375)
(13985.5751529, 14967.6888509, 322.342891376)
(13985.6331969, 14967.7458707, 322.342891372)
(13985.6956379, 14967.8072509, 322.34289138)
(13985.7487696, 14967.8592724, 322.342891373)
(13985.8194232, 14967.9282399, 322.342891374)
(13985.8770614, 14967.9845069, 322.342891371)
(13985.9326969, 14968.038693, 322.342891369)
(13985.9810932, 14968.086067, 322.34289137)
(13986.0491512, 14968.1529017, 322.342891371)
(13986.1022125, 14968.2049672, 322.342891375)
(13986.169954, 14968.2715484, 322.342891371)
(13986.2400919, 14968.3404205, 322.342891371)
(13986.2875474, 14968.3875592, 322.342891373)
(13986.3535838, 14968.4534873, 322.342891373)
(13986.403304, 14968.5030472, 322.342891373)
(13986.4760688, 14968.5756999, 322.342891372)
(13986.5286846, 14968.6282173, 322.342891371)
(13986.5946934, 14968.6942032, 322.34289137)
(13986.6472964, 14968.7467395, 322.342891374)
(13986.7179594, 14968.8174198, 322.342891371)
(13986.7693746, 14968.8688075, 322.342891372)
(13986.8327403, 14968.9321876, 322.342891372)
(13986.8812254, 14968.9806634, 322.342891372)
(13986.9518982, 14969.0513418, 322.342891372)
(13986.9997969, 14969.0992366, 322.342891372)
(13987.0684235, 14969.1678748, 322.342891372)
(13987.1122309, 14969.211683, 322.342891373)
(13987.1788139, 14969.2782741, 322.342891372)
(13987.2313826, 14969.3308446, 322.342891373)
(13987.2973812, 14969.3968533, 322.342891371)
(13987.3496567, 14969.4491326, 322.342891373)
(13987.4290891, 14969.528575, 322.342891372)
(13987.48341, 14969.5828983, 322.342891373)
(13987.558757, 14969.6582501, 322.342891373)
(13987.6072367, 14969.7067315, 322.342891373)
(13987.6729456, 14969.7724451, 322.342891373)
(13987.724346, 14969.8238473, 322.342891373)
(13987.7868431, 14969.8863487, 322.342891373)
(13987.8356151, 14969.9351222, 322.342891373)
(13987.9042446, 14970.003756, 322.342891373)
(13987.9576893, 14970.0572025, 322.342891373)
(13988.0134695, 14970.1129862, 322.342891373)
(13988.0648701, 14970.1643882, 322.342891373)
(13988.1349601, 14970.2344821, 322.342891373)
(13988.1851923, 14970.2847158, 322.342891373)
(13988.2538218, 14970.3533509, 322.342891372)
(13988.3000244, 14970.4061368, 322.342891383)
(13988.3394625, 14970.4638061, 322.342891377)
(13988.3738598, 14970.5243755, 322.342891356)
(13988.4182043, 14970.598391, 322.342891412)
(13988.4612618, 14970.6648975, 322.342891384)
(13988.5150881, 14970.7452211, 322.342891375)
(13988.5579883, 14970.8126197, 322.342891376)
(13988.6091051, 14970.8943842, 322.342891373)
(13988.6413974, 14970.9448191, 322.342891375)
(13988.687898, 14971.0170548, 322.342891374)
(13988.7288475, 14971.0810723, 322.342891374)
(13988.7808209, 14971.1625693, 322.34289137)
(13988.8228297, 14971.2283642, 322.342891374)
(13988.8687726, 14971.3004768, 322.342891373)
(13988.9096425, 14971.3645479, 322.342891372)
(13988.9547333, 14971.4352342, 322.342891372)
(13989.003822, 14971.5121893, 322.342891372)
(13989.0422493, 14971.5724298, 322.342891372)
(13989.0906673, 14971.6483416, 322.342891371)
(13989.1430835, 14971.7305217, 322.342891371)
(13989.1901712, 14971.8043442, 322.342891371)
(13989.2447735, 14971.8900321, 322.342891371)
(13989.3087195, 14971.9903321, 322.342891372)
(13989.3739465, 14972.0927579, 322.342891391)
(13989.4139548, 14972.1536633, 322.342891389)
(13989.4857427, 14972.262319, 322.342891385)
(13989.5325604, 14972.3347914, 322.342891363)
(13989.5883323, 14972.4212307, 322.342891373)
(13989.6261331, 14972.4799276, 322.342891371)
(13989.6923759, 14972.5831995, 322.342891374)
(13989.738829, 14972.6545014, 322.342891365)
(13989.8038932, 14972.7550651, 322.342891368)
(13989.8545126, 14972.8335005, 322.342891371)
(13989.9059302, 14972.9133953, 322.342891371)
(13989.9524996, 14972.98508, 322.342891382)
(13990.0002994, 14973.0584214, 322.342891379)
(13990.0392142, 14973.118848, 322.342891381)
(13990.07514, 14973.1748173, 322.342891376)
(13990.1290929, 14973.2589823, 322.34289137)
(13990.1849131, 14973.3444224, 322.34289136)
(13990.2272441, 14973.4095042, 322.342891374)
(13990.2807367, 14973.4914461, 322.342891328)
(13990.323876, 14973.55111, 322.342891419)
(13990.3803095, 14973.6254572, 322.342891216)
(13990.4296345, 14973.6842143, 322.342891422)
(13990.4896124, 14973.7504775, 322.342891295)
(13990.53711, 14973.8018876, 322.342891369)
(13990.5975706, 14973.8665712, 322.342891378)
(13990.6451115, 14973.9176848, 322.342891373)
(13990.7080924, 14973.9854572, 322.342891373)
(13990.7556753, 14974.0365328, 322.342891374)
(13990.8188244, 14974.1041575, 322.342891372)
(13990.8666979, 14974.155514, 322.342891373)
(13990.9346048, 14974.228295, 322.342891373)
(13990.9805207, 14974.2775265, 322.342891373)
(13991.0425342, 14974.343942, 322.34289137)
(13991.0921273, 14974.3970888, 322.342891374)
(13991.1575236, 14974.4671271, 322.342891376)
(13991.2058094, 14974.5181691, 322.342891375)
(13991.2732967, 14974.5891238, 322.342891374)
(13991.3198707, 14974.6383078, 322.342891373)
(13991.37869, 14974.70036, 322.342891373)
(13991.4264259, 14974.7507209, 322.342891373)
(13991.4924216, 14974.8202013, 322.342891372)
(13991.5623472, 14974.8939126, 322.342891372)
(13991.6117335, 14974.9461107, 322.342891371)
(13991.6789302, 14975.0172733, 322.342891371)
(13991.7242679, 14975.0653433, 322.342891372)
(13991.790233, 14975.1354007, 322.34289137)
(13991.8404424, 14975.1885424, 322.342891373)
(13991.911721, 14975.2638314, 322.342891373)
(13991.9648474, 14975.3198988, 322.342891375)
(13992.0393765, 14975.3983685, 322.342891372)
(13992.0950827, 14975.4571068, 322.342891372)
(13992.1655984, 14975.5314016, 322.342891375)
(13992.2204491, 14975.5882148, 322.34289137)
(13992.2855487, 14975.6552103, 322.342891372)
(13992.3380764, 14975.7085638, 322.342891364)
(13992.3996418, 14975.7703884, 322.34289138)
(13992.4466128, 14975.8174781, 322.342891369)
(13992.5079154, 14975.8788679, 322.342891377)
(13992.5624605, 14975.9335589, 322.342891373)
(13992.6272673, 14975.9984387, 322.342891373)
(13992.684468, 14976.0557259, 322.342891373)
(13992.7393888, 14976.1106263, 322.342891373)
(13992.7820122, 14976.1532814, 322.342891378)
(13992.8453834, 14976.2166638, 322.342891375)
(13992.903487, 14976.274797, 322.342891375)
(13992.970961, 14976.3422538, 322.342891376)
(13993.0173933, 14976.3886931, 322.342891373)
(13993.0825259, 14976.4538174, 322.34289137)
(13993.1312973, 14976.5025913, 322.342891373)
(13993.1891254, 14976.5604117, 322.342891374)
(13993.2431544, 14976.6144409, 322.342891373)
(13993.3015644, 14976.6728421, 322.342891374)
(13993.3540382, 14976.7254874, 322.342891365)
(13993.4204183, 14976.792259, 322.342891365)
(13993.4740711, 14976.8466398, 322.34289138)
(13993.5314003, 14976.9049403, 322.342891366)
(13993.5774792, 14976.9517183, 322.342891373)
(13993.6478486, 14977.0232619, 322.342891383)
(13993.6991367, 14977.0753559, 322.342891378)
(13993.7622403, 14977.1395715, 322.342891371)
(13993.8088716, 14977.1869769, 322.342891378)
(13993.8702365, 14977.2494308, 322.342891372)
(13993.9139611, 14977.293903, 322.342891372)
(13993.9837285, 14977.3648972, 322.342891373)
(13994.0394314, 14977.421359, 322.342891376)
(13994.1018938, 14977.4845001, 322.342891374)
(13994.1425681, 14977.5256078, 322.342891374)
(13994.2059644, 14977.589561, 322.342891374)
(13994.2634997, 14977.6476766, 322.342891373)
(13994.3301064, 14977.7148387, 322.342891373)
(13994.3826549, 14977.7674652, 322.342891376)
(13994.4519408, 14977.8366523, 322.342891371)
(13994.4971655, 14977.8819631, 322.342891371)
(13994.5680811, 14977.9529883, 322.342891374)
(13994.6083641, 14977.9933145, 322.342891373)
(13994.6767441, 14978.0616276, 322.342891373)
(13994.7228826, 14978.1077763, 322.342891373)
(13994.788005, 14978.1729051, 322.342891374)
(13994.8449498, 14978.2298605, 322.342891371)
(13994.9255509, 14978.3104595, 322.342891374)
(13994.9749042, 14978.359819, 322.342891373)
(13995.0414895, 14978.4264096, 322.342891374)
(13995.0858787, 14978.4708041, 322.342891373)
(13995.158598, 14978.5435267, 322.342891374)
(13995.2196336, 14978.6045681, 322.342891373)
(13995.2806707, 14978.6656014, 322.342891374)
(13995.3352833, 14978.7202164, 322.342891373)
(13995.3957361, 14978.7806638, 322.342891372)
(13995.4535616, 14978.8384901, 322.342891373)
(13995.5099266, 14978.8948478, 322.342891373)
(13995.5613282, 14978.9462485, 322.342891373)
(13995.6244138, 14979.0093273, 322.342891374)
(13995.6787359, 14979.0636476, 322.342891373)
(13995.7362736, 14979.1211784, 322.342891373)
(13995.7870918, 14979.1719939, 322.342891373)
(13995.844921, 14979.2298179, 322.342891373)
(13995.8910659, 14979.2759608, 322.342891373)
(13995.9576561, 14979.3425459, 322.342891373)
(13996.0128548, 14979.3977425, 322.342891373)
(13996.077401, 14979.4622837, 322.342891373)
(13996.1273426, 14979.5122235, 322.342891373)
(13996.1787453, 14979.5636226, 322.342891373)
(13996.2292707, 14979.6141465, 322.342891373)
(13996.2952767, 14979.6801486, 322.342891373)
(13996.349307, 14979.7341773, 322.342891373)
(13996.4132682, 14979.7981346, 322.342891373)
(13996.4702188, 14979.8550836, 322.342891373)
(13996.5385613, 14979.9234217, 322.342891373)
(13996.5902552, 14979.9751141, 322.342891373)
(13996.671156, 14980.0560094, 322.342891373)
(13996.7319035, 14980.1167552, 322.342891373)
(13996.81047, 14980.1953134, 322.342891373)
(13996.8671283, 14980.2519709, 322.342891372)
(13996.9392665, 14980.3241057, 322.342891373)
(13996.9973853, 14980.3822234, 322.342891372)
(13997.0587182, 14980.4435527, 322.342891373)
(13997.0998979, 14980.4847314, 322.342891372)
(13997.1653188, 14980.5501493, 322.342891373)
(13997.2301547, 14980.614984, 322.342891372)
(13997.2987877, 14980.6836158, 322.342891373)
(13997.3910789, 14980.775901, 322.342891373)
(13997.4483211, 14980.8331425, 322.342891372)
(13997.5388592, 14980.9236769, 322.342891372)
(13997.6063231, 14980.9911406, 322.342891372)
(13997.7088345, 14981.0936491, 322.342891372)
(13997.7681216, 14981.1529351, 322.342891372)
(13997.8282843, 14981.2130976, 322.342891372)
(13997.9100595, 14981.294871, 322.342891372)
(13997.9480262, 14981.3328376, 322.342891372)
(13998.0081897, 14981.3929997, 322.342891372)
(13998.059591, 14981.4444006, 322.342891372)
(13998.1372775, 14981.5220853, 322.342891372)
(13998.1901388, 14981.5749464, 322.342891372)
(13998.262861, 14981.6476664, 322.342891372)
(13998.3119256, 14981.6967309, 322.342891372)
(13998.3849387, 14981.7697435, 322.342891372)
(13998.4348794, 14981.8196843, 322.342891372)
(13998.5055563, 14981.8903605, 322.342891372)
(13998.554621, 14981.9394252, 322.342891372)
(13998.6188727, 14982.0036761, 322.342891372)
(13998.6693975, 14982.054201, 322.342891372)
(13998.7336493, 14982.118452, 322.342891372)
(13998.7932279, 14982.1780306, 322.342891372)
(13998.8615685, 14982.2463701, 322.342891372)
(13998.9080046, 14982.2928061, 322.342891372)
(13998.9743009, 14982.3591013, 322.342891372)
(13999.025702, 14982.4105024, 322.342891372)
(13999.1057248, 14982.4905238, 322.342891372)
(13999.1626748, 14982.5474737, 322.342891372)
(13999.231016, 14982.6158129, 322.342891372)
(13999.2716111, 14982.656408, 322.342891372)
(13999.3282692, 14982.713066, 322.342891372)
(13999.3767496, 14982.7615466, 322.342891372)
(13999.4445056, 14982.8293025, 322.342891372)
(13999.5148902, 14982.8996869, 322.342891372)
(13999.5697958, 14982.9545927, 322.342891372)
(13999.6413486, 14983.026145, 322.342891372)
(13999.6962542, 14983.0810506, 322.342891372)
(13999.765763, 14983.1505587, 322.342891372)
(13999.816872, 14983.2016677, 322.342891372)
(13999.8761588, 14983.2609538, 322.342891372)
(13999.9214267, 14983.3062216, 322.342891372)
(13999.9929798, 14983.3777741, 322.342891372)
(14000.0388319, 14983.4236262, 322.342891372)
(14000.1115531, 14983.4963465, 322.342891372)
(14000.1679189, 14983.5527124, 322.342891372)
(14000.2243001, 14983.6090598, 322.342891358)
(14000.2765289, 14983.6577456, 322.342891368)
(14000.3510918, 14983.7198992, 322.342891338)
(14000.4048928, 14983.7576626, 322.342891372)
(14000.4718328, 14983.796603, 322.34289146)
(14000.5350227, 14983.8359309, 322.342891334)
(14000.6073454, 14983.8831293, 322.342891393)
(14000.6653953, 14983.9203836, 322.342891364)
(14000.7416126, 14983.9691563, 322.342891376)
(14000.7938523, 14984.0025175, 322.34289137)
(14000.8583333, 14984.0435951, 322.342891375)
(14000.9237866, 14984.0853832, 322.342891371)
(14001.0046036, 14984.1369076, 322.342891375)
(14001.064492, 14984.1751189, 322.342891375)
(14001.1362439, 14984.2208637, 322.342891373)
(14001.2017094, 14984.262619, 322.342891373)
(14001.2811193, 14984.3132472, 322.342891372)
(14001.3497224, 14984.356996, 322.342891373)
(14001.4158971, 14984.3991822, 322.342891372)
(14001.4806706, 14984.4404854, 322.342891373)
(14001.5715702, 14984.4984359, 322.342891371)
(14001.6293796, 14984.5352969, 322.342891372)
(14001.7098265, 14984.5865909, 322.342891372)
(14001.7697255, 14984.6247846, 322.342891372)
(14001.8581823, 14984.6811859, 322.342891372)
(14001.9208674, 14984.7211562, 322.342891372)
(14001.9988765, 14984.7708956, 322.342891372)
(14002.0539, 14984.8059806, 322.342891372)
(14002.1211131, 14984.848837, 322.342891372)
(14002.1719575, 14984.8812574, 322.342891372)
(14002.2604137, 14984.9376594, 322.342891372)
(14002.323795, 14984.9780742, 322.342891372)
(14002.3892666, 14985.0198207, 322.342891372)
(14002.4498618, 14985.058459, 322.342891372)
(14002.5264743, 14985.107313, 322.342891366)
(14002.5810309, 14985.1422809, 322.342891365)
(14002.650123, 14985.1866878, 322.342891365)
(14002.7117666, 14985.2267005, 322.342891372)
(14002.7934251, 14985.2798122, 322.342891363)
(14002.86129, 14985.3238919, 322.342891373)
(14002.9419228, 14985.3763547, 322.342891371)
(14002.9961504, 14985.4111999, 322.342891374)
(14003.0790206, 14985.4641565, 322.342891379)
(14003.1399509, 14985.5037214, 322.342891386)
(14003.219828, 14985.5557958, 322.342891371)
(14003.2755663, 14985.592032, 322.342891374)
(14003.3461559, 14985.6379889, 322.342891379)
(14003.4118735, 14985.68017, 322.342891374)
(14003.4956655, 14985.733936, 322.342891375)
(14003.5512962, 14985.7775253, 322.342891001)
(14003.6222355, 14985.8432059, 322.342891305)
(14003.6776526, 14985.8950358, 322.342891398)
(14003.7399193, 14985.95241, 322.342891354)
(14003.7954055, 14986.0037099, 322.342891365)
(14003.8707796, 14986.0736319, 322.342891366)
(14003.932458, 14986.1315555, 322.342891369)
(14004.0024206, 14986.1975741, 322.342891359)
(14004.0479702, 14986.2407371, 322.342891377)
(14004.1102501, 14986.2998659, 322.342891378)
(14004.1573368, 14986.344444, 322.342891374)
(14004.2220712, 14986.4058163, 322.342891377)
(14004.2901087, 14986.4703167, 322.342891374)
(14004.3471071, 14986.5242628, 322.342891373)
(14004.4236733, 14986.5966004, 322.342891374)
(14004.4867983, 14986.6561073, 322.342891374)
(14004.5611168, 14986.7260217, 322.342891374)
(14004.6196036, 14986.7813662, 322.342891368)
(14004.6906005, 14986.848721, 322.34289138)
(14004.7508544, 14986.9058229, 322.34289138)
(14004.7976122, 14986.9501484, 322.342891371)
(14004.8608089, 14987.0101425, 322.342891373)
(14004.9075583, 14987.0544815, 322.342891373)
(14004.9884409, 14987.1312474, 322.342891373)
(14005.0331392, 14987.1735601, 322.342891375)
(14005.105507, 14987.241928, 322.342891374)
(14005.15449, 14987.2881297, 322.342891376)
(14005.216443, 14987.3464699, 322.342891375)
(14005.2635833, 14987.3909908, 322.342891373)
(14005.3271878, 14987.4511548, 322.342891374)
(14005.3805541, 14987.5017061, 322.342891373)
(14005.4563168, 14987.5736431, 322.342891383)
(14005.527564, 14987.6424081, 322.342891369)
(14005.5988768, 14987.7117976, 322.342891358)
(14005.6754256, 14987.7874874, 322.342891375)
(14005.7713211, 14987.8841131, 322.342891384)
(14005.8277194, 14987.9404708, 322.342891373)
(14005.8854736, 14987.9978059, 322.342891371)
(14005.9430647, 14988.0552812, 322.342891371)
(14006.0061856, 14988.1183217, 322.342891374)
(14006.0666521, 14988.1787586, 322.342891373)
(14006.1509516, 14988.2632461, 322.342891372)
(14006.2151832, 14988.3275176, 322.342891373)
(14006.2794161, 14988.3917881, 322.342891373)
(14006.341021, 14988.4534286, 322.342891373)
(14006.4075942, 14988.520027, 322.342891374)
(14006.4683257, 14988.5807892, 322.342891373)
(14006.5255544, 14988.638037, 322.342891372)
(14006.5821998, 14988.6947063, 322.342891369)
(14006.6441298, 14988.7566057, 322.342891372)
(14006.6929176, 14988.8048331, 322.342891374)
(14006.7536092, 14988.8645219, 322.342891369)
(14006.8083294, 14988.9184598, 322.342891373)
(14006.8657271, 14988.9749752, 322.342891373)
(14006.9148764, 14989.0233756, 322.342891374)
(14006.9796795, 14989.0870861, 322.342891374)
(14007.0352548, 14989.1418932, 322.342891374)
(14007.1031144, 14989.2089429, 322.342891372)
(14007.1641691, 14989.2693641, 322.342891371)
(14007.2198854, 14989.3246085, 322.342891374)
(14007.278083, 14989.3820759, 322.342891372)
(14007.3360696, 14989.4391741, 322.342891373)
(14007.3825786, 14989.4849602, 322.342891374)
(14007.4356057, 14989.5370836, 322.342891371)
(14007.4924193, 14989.5930013, 322.342891371)
(14007.5590096, 14989.6584245, 322.34289137)
(14007.6053137, 14989.7043767, 322.342891373)
(14007.666425, 14989.7653122, 322.34289137)
(14007.7193539, 14989.8180813, 322.342891368)
(14007.783328, 14989.8819974, 322.342891373)
(14007.838283, 14989.9368471, 322.342891373)
(14007.905752, 14990.0042917, 322.342891369)
(14007.9592317, 14990.0577024, 322.342891372)
(14008.0144181, 14990.112902, 322.342891373)
(14008.0693416, 14990.1677902, 322.342891368)
(14008.1294945, 14990.2279591, 322.342891373)
(14008.1882042, 14990.2866543, 322.342891372)
(14008.2442693, 14990.3427342, 322.342891371)
(14008.2994686, 14990.3979308, 322.342891372)
(14008.3520363, 14990.4505022, 322.342891372)
(14008.4037305, 14990.5021946, 322.342891372)
(14008.4746969, 14990.5731641, 322.342891372)
(14008.5258064, 14990.6242729, 322.342891372)
(14008.584506, 14990.682978, 322.342891372)
(14008.6303581, 14990.7288308, 322.342891372)
(14008.6931471, 14990.7916233, 322.342891372)
(14008.7457163, 14990.8441927, 322.342891372)
(14008.8044171, 14990.9028965, 322.342891372)
(14008.858155, 14990.9566345, 322.342891373)
(14008.9253249, 14991.0238079, 322.342891372)
(14008.9901601, 14991.0886431, 322.342891372)
(14009.0634605, 14991.1619528, 322.342891372)
(14009.1081439, 14991.2066378, 322.342891372)
(14009.1706383, 14991.2691409, 322.342891372)
(14009.2430655, 14991.3415711, 322.342891373)
(14009.2962185, 14991.3947251, 322.342891373)
(14009.3546273, 14991.4531373, 322.342891373)
(14009.4025232, 14991.5010346, 322.342891373)
(14009.4720293, 14991.5705443, 322.342891373)
(14009.5251822, 14991.6236983, 322.342891373)
(14009.5908921, 14991.689412, 322.342891373)
(14009.6393723, 14991.7378933, 322.342891373)
(14009.7027454, 14991.8012698, 322.342891373)
(14009.7602789, 14991.8588046, 322.342891373)
(14009.8248207, 14991.9233501, 322.342891373)
(14009.8785577, 14991.9770884, 322.342891373)
(14009.9457272, 14992.0442619, 322.342891373)
(14009.9965436, 14992.0950795, 322.342891373)
(14010.0453149, 14992.1438535, 322.342891373)
(14010.0908748, 14992.1894143, 322.342891373)
(14010.1554167, 14992.2539589, 322.342891373)
(14010.2094457, 14992.3079888, 322.342891373)
(14010.2783685, 14992.3769144, 322.342891373)
(14010.3288932, 14992.42744, 322.342891373)
(14010.3867181, 14992.4852674, 322.342891373)
(14010.43403, 14992.5325801, 322.342891373)
(14010.4930232, 14992.5915754, 322.342891373)
(14010.5482209, 14992.6467736, 322.342891373)
(14010.6136394, 14992.7121943, 322.342891373)
(14010.6673765, 14992.7659322, 322.342891373)
(14010.728414, 14992.8269718, 322.342891373)
(14010.77485, 14992.8734085, 322.342891373)
(14010.8466937, 14992.9452545, 322.342891373)
(14010.901015, 14992.9995764, 322.342891373)
(14010.9670172, 14993.0655809, 322.342891373)
(14011.0140373, 14993.1126016, 322.342891373)
(14011.080624, 14993.1791907, 322.342891373)
(14011.1416625, 14993.2402299, 322.342891373)
(14011.2047441, 14993.303314, 322.342891373)
(14011.2514722, 14993.3500426, 322.342891373)
(14011.3154305, 14993.4140032, 322.342891373)
(14011.3653711, 14993.4639445, 322.342891373)
(14011.4304971, 14993.5290729, 322.342891373)
(14011.4833582, 14993.5819345, 322.342891373)
(14011.5446881, 14993.6432665, 322.342891373)
(14011.5925844, 14993.6911634, 322.342891373)
(14011.6577107, 14993.7562917, 322.342891373)
(14011.7091115, 14993.807693, 322.342891373)
(14011.7777427, 14993.8763263, 322.342891373)
(14011.8259312, 14993.9245151, 322.342891373)
(14011.8992348, 14993.997821, 322.342891373)
(14011.9520958, 14994.0506825, 322.342891373)
(14012.0023289, 14994.1009154, 322.342891373)
(14012.0560663, 14994.1546531, 322.342891373)
(14012.1130152, 14994.2116042, 322.342891373)
(14012.1816471, 14994.2802365, 322.342891373)
(14012.2348006, 14994.3333898, 322.342891373)
(14012.2926267, 14994.3912163, 322.342891373)
(14012.3466564, 14994.4452458, 322.342891374)
(14012.391048, 14994.4896377, 322.342891373)
(14012.4517935, 14994.5503851, 322.342891373)
(14012.499982, 14994.5985739, 322.342891373)
(14012.5633567, 14994.6619499, 322.342891373)
(14012.6118372, 14994.7104306, 322.342891373)
(14012.6740434, 14994.7726379, 322.342891373)
(14012.7207716, 14994.8193663, 322.342891374)
(14012.7829782, 14994.8815738, 322.342891373)
(14012.8355476, 14994.9341433, 322.342891374)
(14012.8960016, 14994.9945982, 322.342891373)
(14012.9377649, 14995.0363617, 322.342891373)
(14012.9891657, 14995.087763, 322.342891373)
(14013.0393988, 14995.137996, 322.342891373)
(14013.1007294, 14995.199327, 322.342891373)
(14013.1565112, 14995.2551087, 322.342891374)
(14013.2239748, 14995.3225728, 322.342891373)
(14013.2823853, 14995.3809832, 322.342891374)
(14013.3472204, 14995.4458191, 322.342891373)
(14013.4050465, 14995.5036451, 322.342891373)
(14013.4637484, 14995.5623479, 322.342891373)
(14013.5093086, 14995.607908, 322.342891373)
(14013.5722832, 14995.67105, 322.342891378)
(14013.6118519, 14995.7180119, 322.342891353)
(14013.6488127, 14995.776168, 322.342891479)
(14013.6768252, 14995.8368735, 322.342901981)
(14013.6949665, 14995.9177125, 322.342896838)
(14013.7010904, 14995.9828769, 322.34293511)
(14013.702996, 14996.077284, 322.342891577)
(14013.7098257, 14996.1380261, 322.342891201)
(14013.7272141, 14996.2159085, 322.34289141)
(14013.7347109, 14996.2691314, 322.342891282)
(14013.7395513, 14996.3283024, 322.34289134)
(14013.7454942, 14996.3906174, 322.342891392)
(14013.7537281, 14996.4677692, 322.342891372)
(14013.7631348, 14996.5605547, 322.342891374)
(14013.7724604, 14996.6500922, 322.342891371)
(14013.7808739, 14996.7338971, 322.342891368)
(14013.7876118, 14996.8004557, 322.342891372)
(14013.7946342, 14996.8715408, 322.342891378)
(14013.8017242, 14996.9438666, 322.342891365)
(14013.8076104, 14997.0030492, 322.342891371)
(14013.8139415, 14997.0671633, 322.342891369)
(14013.8222525, 14997.1522411, 322.342891375)
(14013.8339118, 14997.2706191, 322.342891372)
(14013.8424493, 14997.3589915, 322.34289137)
(14013.849147, 14997.4276411, 322.342891374)
(14013.8552862, 14997.4905348, 322.342891373)
(14013.8601414, 14997.5402743, 322.342891373)
(14013.8700119, 14997.6413971, 322.342891373)
(14013.8770728, 14997.7137456, 322.342891375)
(14013.8844396, 14997.7856815, 322.342891382)
(14013.8899745, 14997.8395227, 322.342891378)
