(13996.6006834, 14944.6999995, 322.342903375)
(13996.6697402, 14944.7000361, 322.342956594)
(13996.7676231, 14944.7000985, 322.342898746)
(13996.8423806, 14944.7001461, 322.342891119)
(13996.9477018, 14944.7002098, 322.342891325)
(13997.0592184, 14944.7002733, 322.342891386)
(13997.133563, 14944.7003106, 322.34289138)
(13997.2289754, 14944.7002723, 322.342891373)
(13997.3243833, 14944.7002812, 322.342891373)
(13997.3962494, 14944.7002873, 322.342891373)
(13997.5267654, 14944.7002799, 322.342891374)
(13997.5965659, 14944.7002826, 322.342891373)
(13997.7217122, 14944.7002841, 322.342891373)
(13997.8361194, 14944.7002872, 322.342891373)
(13997.9145938, 14944.7002903, 322.342891373)
(13997.9905895, 14944.7002916, 322.342891363)
(13998.0577445, 14944.7053637, 322.342891269)
(13998.1512825, 14944.7145382, 322.342891306)
(13998.2306782, 14944.7325188, 322.342891516)
(13998.3179228, 14944.7819471, 322.342891465)
(13998.3740363, 14944.8260322, 322.342891257)
(13998.4456144, 14944.8832827, 322.342891368)
(13998.5102282, 14944.9316458, 322.342891372)
(13998.5721438, 14944.9777638, 322.342891348)
(13998.626826, 14945.0215774, 322.342891307)
(13998.6887468, 14945.0737223, 322.342891406)
(13998.7515928, 14945.1280271, 322.342891385)
(13998.8082559, 14945.1767929, 322.342891388)
(13998.8890533, 14945.2457376, 322.342891365)
(13998.9687952, 14945.313381, 322.342891372)
(13999.0272341, 14945.3626939, 322.342891374)
(13999.0952122, 14945.4199122, 322.342891375)
(13999.146313, 14945.463103, 322.342891375)
(13999.2137715, 14945.5202009, 322.342891376)
(13999.2678026, 14945.5662551, 322.34289137)
(13999.3387209, 14945.6268735, 322.342891369)
(13999.3974193, 14945.6765044, 322.342891372)
(13999.4761101, 14945.7428056, 322.342891373)
(13999.533503, 14945.7913493, 322.342891376)
(13999.5936829, 14945.8423397, 322.342891376)
(13999.6436239, 14945.8849244, 322.342891373)
(13999.7138968, 14945.9450266, 322.342891373)
(13999.7726122, 14945.9946467, 322.342891373)
(13999.8386701, 14946.0502975, 322.342891375)
(13999.8879352, 14946.0918482, 322.342891372)
(13999.9542943, 14946.1477305, 322.34289138)
(14000.0027349, 14946.1888953, 322.342891372)
(14000.0831507, 14946.2574605, 322.342891367)
(14000.141069, 14946.3066653, 322.342891371)
(14000.2077993, 14946.3633562, 322.342891362)
(14000.2534987, 14946.4083907, 322.342891429)
(14000.3060317, 14946.4750351, 322.342891347)
(14000.3396216, 14946.5359271, 322.342892177)
(14000.3547004, 14946.6282475, 322.342993386)
(14000.3574317, 14946.6991458, 322.342905866)
(14000.3684861, 14946.7863586, 322.34289133)
(14000.3832846, 14946.8591337, 322.342891366)
(14000.4018821, 14946.9508962, 322.342891362)
(14000.4108163, 14947.0251081, 322.342891421)
(14000.4185179, 14947.1134164, 322.342891366)
(14000.4280838, 14947.1823389, 322.342891377)
(14000.4422596, 14947.2752912, 322.34289138)
(14000.4510343, 14947.3509988, 322.342891361)
(14000.4619575, 14947.4452507, 322.342891374)
(14000.4722136, 14947.5292957, 322.342891359)
(14000.4842561, 14947.6330455, 322.34289137)
(14000.4940842, 14947.7204225, 322.342891367)
(14000.5054196, 14947.8205372, 322.342891378)
(14000.5149615, 14947.8972596, 322.342891384)
(14000.526303, 14947.9891159, 322.342891369)
(14000.5343596, 14948.0584218, 322.342891356)
(14000.5435245, 14948.1375806, 322.342891352)
(14000.5478728, 14948.2041857, 322.342891378)
(14000.5531856, 14948.2905592, 322.342891357)
(14000.5551207, 14948.3613652, 322.342891369)
(14000.558297, 14948.4392771, 322.342891368)
(14000.5604958, 14948.5060602, 322.342891357)
(14000.5636745, 14948.5951783, 322.342891377)
(14000.5654674, 14948.6632494, 322.342891373)
(14000.5681272, 14948.7528067, 322.342891373)
(14000.5702418, 14948.8320513, 322.342891369)
(14000.5729118, 14948.9307135, 322.342891368)
(14000.5749143, 14949.0083242, 322.342891372)
(14000.5771181, 14949.0946094, 322.342891369)
(14000.5791321, 14949.1742922, 322.342891369)
(14000.5815724, 14949.2742056, 322.342891373)
(14000.5834471, 14949.3489395, 322.342891372)
(14000.5859458, 14949.4505091, 322.342891368)
(14000.5881179, 14949.5388685, 322.342891373)
(14000.5896112, 14949.6201921, 322.342891371)
(14000.5914579, 14949.713919, 322.342891361)
(14000.5925101, 14949.7952478, 322.342891368)
(14000.5936682, 14949.87288, 322.34289137)
(14000.5952268, 14949.9373203, 322.342891381)
(14000.59747, 14950.0323201, 322.342891374)
(14000.5988231, 14950.1045701, 322.342891378)
(14000.600344, 14950.1941658, 322.342891367)
(14000.6003105, 14950.2622281, 322.342891378)
(14000.6005956, 14950.3518227, 322.342891374)
(14000.61094, 14950.4331807, 322.342891256)
(14000.6465538, 14950.5279431, 322.342891318)
(14000.6763566, 14950.5980812, 322.342891693)
(14000.7036584, 14950.6782208, 322.342891253)
(14000.7275242, 14950.7356836, 322.342891303)
(14000.7624321, 14950.813343, 322.342891364)
(14000.7901729, 14950.8754118, 322.342891365)
(14000.8324524, 14950.9719836, 322.342891357)
(14000.8638301, 14951.0401546, 322.34289136)
(14000.9077637, 14951.1360186, 322.342891388)
(14000.9399616, 14951.2058155, 322.342891374)
(14000.98758, 14951.3093758, 322.342891361)
(14001.0113565, 14951.3874845, 322.342891527)
(14001.0220892, 14951.4828366, 322.342892367)
(14001.0315065, 14951.5439697, 322.342941468)
(14001.0617994, 14951.6389694, 322.342891734)
(14001.0813664, 14951.7105979, 322.342891519)
(14001.086042, 14951.8100018, 322.342889822)
(14001.0860752, 14951.8859008, 322.34289096)
(14001.0984698, 14951.9701207, 322.342891513)
(14001.1021598, 14952.0384489, 322.342890748)
(14001.0908011, 14952.1198153, 322.342891302)
(14001.0834961, 14952.1835956, 322.34289158)
(14001.1025028, 14952.2861087, 322.342891448)
(14001.1277411, 14952.3636526, 322.342891525)
(14001.1492174, 14952.4668797, 322.342891372)
(14001.1711381, 14952.5608712, 322.342891438)
(14001.1923739, 14952.6418266, 322.342891383)
(14001.216503, 14952.735643, 322.342891371)
(14001.2339005, 14952.8041268, 322.342891369)
(14001.2575908, 14952.8978359, 322.342891405)
(14001.2751598, 14952.96382, 322.34289139)
(14001.299033, 14953.0536964, 322.342891358)
(14001.309203, 14953.1394866, 322.342891385)
(14001.3111556, 14953.2361931, 322.342891301)
(14001.3178517, 14953.3004171, 322.342891457)
(14001.3339992, 14953.3807652, 322.342891533)
(14001.3400591, 14953.4418436, 322.342891524)
(14001.3414299, 14953.5334639, 322.342891246)
(14001.3351508, 14953.6074033, 322.342891346)
(14001.329476, 14953.7106209, 322.342891358)
(14001.3211219, 14953.847926, 322.342891372)
(14001.3134414, 14953.9455521, 322.342891366)
(14001.3078451, 14954.0296212, 322.342891369)
(14001.27995, 14954.1456432, 322.342891033)
(14001.2317413, 14954.2401253, 322.342891055)
(14001.2020853, 14954.3174126, 322.342891184)
(14001.1807671, 14954.3926995, 322.342891433)
(14001.1693352, 14954.4866437, 322.342891412)
(14001.1701567, 14954.5835669, 322.342905203)
(14001.1929544, 14954.6929108, 322.342900305)
(14001.2255132, 14954.8054583, 322.342891622)
(14001.2396157, 14954.8853439, 322.342891464)
(14001.2551349, 14954.9913351, 322.342891398)
(14001.2684462, 14955.0584909, 322.34289144)
(14001.2844962, 14955.1388762, 322.342891379)
(14001.2915956, 14955.207522, 322.342891251)
(14001.2981351, 14955.3082852, 322.342891326)
(14001.2917664, 14955.3873456, 322.342891945)
(14001.2619857, 14955.4786373, 322.342891456)
(14001.2252103, 14955.5463528, 322.34289136)
(14001.1837594, 14955.6322279, 322.342891384)
(14001.154122, 14955.6968964, 322.34289137)
(14001.11561, 14955.7832598, 322.342891337)
(14001.0768347, 14955.8543088, 322.342891428)
(14001.0372736, 14955.9252394, 322.34289137)
(14000.988373, 14956.0138892, 322.342891385)
(14000.9581299, 14956.0688684, 322.342891365)
(14000.912562, 14956.1516878, 322.342891364)
(14000.882631, 14956.2130743, 322.34289141)
(14000.8461471, 14956.2942944, 322.342891351)
(14000.8261118, 14956.3588299, 322.342892223)
(14000.8132115, 14956.4525474, 322.342893773)
(14000.8046343, 14956.5245757, 322.342891572)
(14000.7941821, 14956.6071123, 322.342891544)
(14000.7850493, 14956.6870555, 322.342891421)
(14000.7736441, 14956.7834589, 322.342891382)
(14000.767281, 14956.8529154, 322.342891375)
(14000.7584782, 14956.9462622, 322.342891384)
(14000.7528072, 14957.0083794, 322.342891373)
(14000.7438735, 14957.1042144, 322.342891376)
(14000.738155, 14957.1696526, 322.342891373)
(14000.7303587, 14957.2585405, 322.342891379)
(14000.7243799, 14957.3268449, 322.342891379)
(14000.7154811, 14957.4284735, 322.342891378)
(14000.7091933, 14957.5013097, 322.342891376)
(14000.700975, 14957.5971942, 322.342891376)
(14000.6948225, 14957.6683803, 322.342891376)
(14000.687199, 14957.7576812, 322.342891376)
(14000.681119, 14957.8284603, 322.342891376)
(14000.6746487, 14957.904179, 322.342891376)
(14000.6693226, 14957.9663173, 322.342891374)
(14000.6599401, 14958.0761913, 322.342891376)
(14000.6534627, 14958.1519108, 322.342891377)
(14000.6451988, 14958.2494378, 322.342891378)
(14000.6446026, 14958.3181608, 322.342891436)
(14000.6446373, 14958.397039, 322.342891402)
(14000.6427241, 14958.4726106, 322.342891376)
(14000.6402287, 14958.5526783, 322.342891374)
(14000.6393468, 14958.6212854, 322.342891378)
(14000.6378222, 14958.7262154, 322.342891378)
(14000.6366285, 14958.8013848, 322.342891377)
(14000.6350853, 14958.9025735, 322.342891373)
(14000.6341542, 14958.9773417, 322.342891377)
(14000.6332047, 14959.053754, 322.342891372)
(14000.6396819, 14959.1237403, 322.34289136)
(14000.6740141, 14959.2168085, 322.342891421)
(14000.7123909, 14959.2916496, 322.342891504)
(14000.7501445, 14959.3927722, 322.342891315)
(14000.7810907, 14959.4595138, 322.342891475)
(14000.8217802, 14959.5423198, 322.342891372)
(14000.8449245, 14959.6032789, 322.342891376)
(14000.8576919, 14959.6838124, 322.342891718)
(14000.8747625, 14959.7591256, 322.342891277)
(14000.9016276, 14959.8396831, 322.342891291)
(14000.9205625, 14959.9099692, 322.342891456)
(14000.9419275, 14959.9993656, 322.342891388)
(14000.9522177, 14960.0784719, 322.342891447)
(14000.9577862, 14960.1716535, 322.342891428)
(14000.9677591, 14960.2387525, 322.34292919)
(14000.9989081, 14960.320509, 322.342904011)
(14001.0331537, 14960.3813465, 322.342891927)
(14001.0850255, 14960.4599674, 322.342891437)
(14001.1189888, 14960.5220043, 322.342891623)
(14001.1333546, 14960.6134466, 322.342891263)
(14001.1382762, 14960.673461, 322.342891416)
(14001.1641373, 14960.7714637, 322.342891352)
(14001.1877614, 14960.8496393, 322.342891354)
(14001.2112268, 14960.9365629, 322.342891365)
(14001.227062, 14961.0017684, 322.34289135)
(14001.2453562, 14961.0762695, 322.342891363)
(14001.254934, 14961.1459775, 322.342891554)
(14001.2571834, 14961.2441022, 322.342891531)
(14001.2637213, 14961.3104315, 322.342891335)
(14001.2795335, 14961.4108503, 322.342891484)
(14001.284764, 14961.4889608, 322.342891371)
(14001.287299, 14961.5836659, 322.342891341)
(14001.2818219, 14961.6460159, 322.34289128)
(14001.2696577, 14961.748615, 322.342891385)
(14001.2643309, 14961.8428416, 322.34289141)
(14001.2589362, 14961.9066636, 322.342891361)
(14001.250618, 14962.003744, 322.342891319)
(14001.2359511, 14962.0763082, 322.342891558)
(14001.2119121, 14962.1543244, 322.342891333)
(14001.1927406, 14962.229427, 322.342891384)
(14001.1755962, 14962.3110279, 322.342891345)
(14001.1681527, 14962.3828182, 322.342891937)
(14001.1783271, 14962.4750178, 322.342902866)
(14001.1940707, 14962.5429118, 322.34289149)
(14001.210566, 14962.6319375, 322.342891364)
(14001.2258701, 14962.7067059, 322.342891365)
(14001.2405599, 14962.7884792, 322.342891394)
(14001.2563298, 14962.854668, 322.342891373)
(14001.2773164, 14962.9416624, 322.342891365)
(14001.2954637, 14963.0177681, 322.342891382)
(14001.3169702, 14963.1103264, 322.342891369)
(14001.3255226, 14963.1816321, 322.342891212)
(14001.3273354, 14963.254491, 322.342891396)
(14001.3332251, 14963.3250371, 322.342891524)
(14001.3449312, 14963.4183216, 322.342891345)
(14001.341627, 14963.5074623, 322.342891241)
(14001.3284227, 14963.5939503, 322.342891376)
(14001.3235325, 14963.6591068, 322.342891254)
(14001.3232229, 14963.7429535, 322.34289138)
(14001.3176206, 14963.8101742, 322.342891341)
(14001.3063177, 14963.9018566, 322.342891401)
(14001.2992253, 14963.9862834, 322.342891375)
(14001.291853, 14964.0822551, 322.342891361)
(14001.2761675, 14964.1594097, 322.342891438)
(14001.2406941, 14964.2476546, 322.342891315)
(14001.2061063, 14964.3222088, 322.342891269)
(14001.1757221, 14964.4010913, 322.342891274)
(14001.1448795, 14964.5146146, 322.342891467)
(14001.126151, 14964.5963869, 322.342891362)
(14001.0993955, 14964.6987483, 322.342891329)
(14001.0813818, 14964.7700244, 322.34289137)
(14001.0601608, 14964.8537003, 322.342891394)
(14001.0473504, 14964.9079056, 322.342891384)
(14001.0283557, 14964.9882944, 322.342891366)
(14001.0088829, 14965.0685715, 322.342891376)
(14000.9817406, 14965.1809973, 322.342891361)
(14000.9635817, 14965.2577773, 322.342891373)
(14000.9326512, 14965.388405, 322.34289137)
(14000.9043217, 14965.5001261, 322.342891385)
(14000.8806399, 14965.5959548, 322.342891371)
(14000.8580317, 14965.6873681, 322.342891371)
(14000.829679, 14965.8020445, 322.342891379)
(14000.8055519, 14965.9045671, 322.342891344)
(14000.7841311, 14965.9920113, 322.342891375)
(14000.7670538, 14966.0613899, 322.342891367)
(14000.7477118, 14966.1399969, 322.342891369)
(14000.7333991, 14966.2247119, 322.342891385)
(14000.7160336, 14966.3217795, 322.342891387)
(14000.7105125, 14966.4013474, 322.342891456)
(14000.7120956, 14966.4962116, 322.342891346)
(14000.7071273, 14966.5612574, 322.342891374)
(14000.697453, 14966.6360328, 322.342891385)
(14000.693655, 14966.7193632, 322.342891318)
(14000.6935888, 14966.8068646, 322.342891399)
(14000.6885445, 14966.8907251, 322.342891309)
(14000.6827005, 14966.9805384, 322.342891398)
(14000.6795367, 14967.0606292, 322.342891378)
(14000.6756026, 14967.1543317, 322.342891373)
(14000.6723958, 14967.2377229, 322.342891377)
(14000.6690964, 14967.3194383, 322.342891369)
(14000.6737108, 14967.3863179, 322.342891218)
(14000.7137481, 14967.4953014, 322.342891459)
(14000.754266, 14967.5612587, 322.342891599)
(14000.7890861, 14967.6341311, 322.342891237)
(14000.8158968, 14967.7069806, 322.342891377)
(14000.8398724, 14967.7827953, 322.342891305)
(14000.8585006, 14967.856732, 322.342891355)
(14000.880882, 14967.9449787, 322.34289135)
(14000.8957161, 14968.0036406, 322.342891379)
(14000.9195151, 14968.0959249, 322.342891347)
(14000.9456275, 14968.1648285, 322.342891177)
(14000.9844115, 14968.2493285, 322.342891283)
(14001.0129749, 14968.3238383, 322.342891314)
(14001.0481464, 14968.421833, 322.342891336)
(14001.0782436, 14968.4919598, 322.342891417)
(14001.1182597, 14968.5825348, 322.342891388)
(14001.1380594, 14968.6519764, 322.34289148)
(14001.1432892, 14968.7478111, 322.342891324)
(14001.1546002, 14968.817458, 322.342891383)
(14001.1887289, 14968.9023473, 322.342891646)
(14001.2138165, 14968.9791004, 322.342890966)
(14001.2319849, 14969.0717095, 322.342891352)
(14001.2478577, 14969.1421719, 322.342891367)
(14001.2694418, 14969.2288289, 322.342891365)
(14001.2781792, 14969.304805, 322.342891227)
(14001.2784958, 14969.4012995, 322.342891412)
(14001.2836473, 14969.4656655, 322.342891328)
(14001.2945651, 14969.545825, 322.342891416)
(14001.2982962, 14969.6107673, 322.342891341)
(14001.300814, 14969.7042127, 322.342891361)
(14001.2943473, 14969.7797616, 322.342891326)
(14001.2836003, 14969.8691432, 322.342891412)
(14001.2779639, 14969.9374874, 322.342891434)
(14001.2722529, 14970.0211408, 322.342891348)
(14001.2595476, 14970.0900154, 322.342891312)
(14001.2257155, 14970.1767833, 322.342891393)
(14001.2036192, 14970.2512282, 322.342891497)
(14001.1857319, 14970.3448614, 322.342891272)
(14001.1773711, 14970.4155649, 322.342891394)
(14001.1658673, 14970.4960726, 322.34289138)
(14001.1651447, 14970.572438, 322.342891014)
(14001.194498, 14970.6665663, 322.342891316)
(14001.2310891, 14970.7274438, 322.34289197)
(14001.2797023, 14970.8037076, 322.342891318)
(14001.3236935, 14970.8668576, 322.342891351)
(14001.3736232, 14970.9424264, 322.342891324)
(14001.4364111, 14971.0244178, 322.342891602)
(14001.4795587, 14971.0770705, 322.342891359)
(14001.5357816, 14971.1452161, 322.34289142)
(14001.5797042, 14971.1989322, 322.342891383)
(14001.6355992, 14971.2674001, 322.34289137)
(14001.6788029, 14971.3201042, 322.342891376)
(14001.742544, 14971.3976247, 322.342891374)
(14001.7871655, 14971.4518346, 322.342891372)
(14001.8465533, 14971.5238466, 322.342891373)
(14001.8919843, 14971.5789957, 322.342891372)
(14001.9445571, 14971.64271, 322.342891374)
(14001.9897432, 14971.6975225, 322.342891372)
(14002.0494327, 14971.7698207, 322.342891375)
(14002.0883323, 14971.8169725, 322.342891374)
(14002.1419652, 14971.8819521, 322.342891374)
(14002.1840236, 14971.932924, 322.342891374)
(14002.2510641, 14972.0141497, 322.342891368)
(14002.2962803, 14972.0689414, 322.342891371)
(14002.3483472, 14972.1320025, 322.342891373)
(14002.3877845, 14972.1797822, 322.342891373)
(14002.4451015, 14972.2492145, 322.34289137)
(14002.4861171, 14972.2989047, 322.342891373)
(14002.5515888, 14972.3782077, 322.342891367)
(14002.6030052, 14972.4396912, 322.342891361)
(14002.6718348, 14972.521566, 322.342891372)
(14002.7171847, 14972.5757084, 322.342891371)
(14002.7787618, 14972.6491229, 322.342891375)
(14002.8236086, 14972.7031577, 322.342891378)
(14002.8838865, 14972.7760572, 322.342891374)
(14002.9316499, 14972.8330239, 322.342891369)
(14002.994968, 14972.9082099, 322.342891369)
(14003.0399753, 14972.9620965, 322.342891369)
(14003.0965112, 14973.030033, 322.34289137)
(14003.1415003, 14973.0839406, 322.342891371)
(14003.2102624, 14973.1664226, 322.342891372)
(14003.2535204, 14973.2180101, 322.342891375)
(14003.3218527, 14973.2992364, 322.342891374)
(14003.365691, 14973.3519624, 322.342891375)
(14003.4278892, 14973.4270196, 322.342891371)
(14003.4793029, 14973.48848, 322.342891374)
(14003.5366882, 14973.55679, 322.342891398)
(14003.5844336, 14973.6119341, 322.342891386)
(14003.6465008, 14973.6819901, 322.342891375)
(14003.6904791, 14973.7300006, 322.342891361)
(14003.7514157, 14973.7943897, 322.342891382)
(14003.8109784, 14973.8558918, 322.342891351)
(14003.8758292, 14973.922506, 322.342891372)
(14003.9372677, 14973.986042, 322.342891375)
(14003.9997491, 14974.0508588, 322.342891371)
(14004.0551253, 14974.108198, 322.342891371)
(14004.1205423, 14974.1759359, 322.342891371)
(14004.1696069, 14974.2267382, 322.342891372)
(14004.2450689, 14974.3048734, 322.342891373)
(14004.2945371, 14974.3558746, 322.342891375)
(14004.3400302, 14974.4026756, 322.342891373)
(14004.39954, 14974.4635064, 322.342891373)
(14004.453612, 14974.5186822, 322.342891374)
(14004.5311522, 14974.5976997, 322.342891375)
(14004.5826097, 14974.6502106, 322.342891373)
(14004.6491595, 14974.71801, 322.342891373)
(14004.7290143, 14974.7993649, 322.342891374)
(14004.8055277, 14974.8770695, 322.342891366)
(14004.8777628, 14974.9513722, 322.342891378)
(14004.9714627, 14975.0480569, 322.342891373)
(14005.0305859, 14975.1081409, 322.34289137)
(14005.1005923, 14975.1789447, 322.342891373)
(14005.1512574, 14975.2304893, 322.342891373)
(14005.2417687, 14975.322777, 322.34289137)
(14005.2863292, 14975.3681654, 322.342891372)
(14005.3621424, 14975.4453814, 322.342891372)
(14005.422043, 14975.5063853, 322.342891373)
(14005.5001783, 14975.5859497, 322.342891366)
(14005.5551032, 14975.6414432, 322.342891365)
(14005.6570733, 14975.743969, 322.34289138)
(14005.7105194, 14975.7974468, 322.342891371)
(14005.7759712, 14975.8628634, 322.342891372)
(14005.8261551, 14975.913148, 322.342891373)
(14005.8801622, 14975.9672045, 322.342891373)
(14005.9259838, 14976.0130863, 322.34289137)
(14005.9800221, 14976.0671137, 322.342891374)
(14006.0258578, 14976.1129802, 322.342891374)
(14006.0927398, 14976.1798624, 322.342891374)
(14006.1403357, 14976.2274753, 322.342891367)
(14006.2040046, 14976.2911416, 322.342891373)
(14006.2559846, 14976.3431316, 322.342891373)
(14006.3076816, 14976.3948218, 322.34289137)
(14006.3657971, 14976.4529425, 322.342891372)
(14006.4265447, 14976.5136839, 322.342891372)
(14006.4776527, 14976.5647934, 322.342891372)
(14006.5433664, 14976.6304973, 322.342891375)
(14006.5982728, 14976.6854021, 322.342891373)
(14006.657268, 14976.7443869, 322.342891371)
(14006.7004928, 14976.787609, 322.342891373)
(14006.7659162, 14976.8530232, 322.342891372)
(14006.8141065, 14976.9012098, 322.342891372)
(14006.8760257, 14976.9631206, 322.342891372)
(14006.9312253, 14977.0183159, 322.342891372)
(14006.9937283, 14977.0808113, 322.342891372)
(14007.0506804, 14977.1377592, 322.342891372)
(14007.1123071, 14977.1993785, 322.342891372)
(14007.1724716, 14977.2595387, 322.342891372)
(14007.2393557, 14977.3264146, 322.342891372)
(14007.2948475, 14977.3819021, 322.342891372)
(14007.3596874, 14977.4467335, 322.342891372)
(14007.4070013, 14977.4940438, 322.342891372)
(14007.4659989, 14977.5530346, 322.342891371)
(14007.523108, 14977.6103846, 322.34289137)
(14007.5899864, 14977.6778014, 322.342891357)
(14007.6415735, 14977.7430126, 322.342891384)
(14007.6808152, 14977.8212692, 322.342891522)
(14007.6988955, 14977.8829915, 322.34289329)
(14007.7047162, 14977.9732636, 322.342889418)
(14007.7089276, 14978.0437075, 322.342891169)
(14007.7246975, 14978.1349918, 322.342891594)
(14007.7324177, 14978.2036212, 322.342891474)
(14007.741893, 14978.2982731, 322.342891365)
(14007.7492134, 14978.3676242, 322.342891364)
(14007.7592362, 14978.4571035, 322.342891376)
(14007.7648914, 14978.5157982, 322.342891373)
(14007.7745109, 14978.6147969, 322.342891374)
(14007.782613, 14978.6949271, 322.342891371)
(14007.7897769, 14978.7664271, 322.342891368)
(14007.7976012, 14978.8457391, 322.342891369)
(14007.8058056, 14978.9291682, 322.34289137)
(14007.8139392, 14979.0126033, 322.342891371)
(14007.8212552, 14979.0870019, 322.342891372)
(14007.8298946, 14979.1753751, 322.342891369)
(14007.8373905, 14979.2518308, 322.342891372)
(14007.8459972, 14979.3406198, 322.342891374)
(14007.8543685, 14979.4347655, 322.342891388)
(14007.8584569, 14979.5310437, 322.342891373)
(14007.8596088, 14979.6068552, 322.342891367)
(14007.8619329, 14979.6827554, 322.342891364)
(14007.8634183, 14979.7545171, 322.342891372)
(14007.8657015, 14979.8436696, 322.342891367)
(14007.8667892, 14979.9158873, 322.342891372)
(14007.8683296, 14980.0025817, 322.342891371)
(14007.8703376, 14980.0843646, 322.342891377)
(14007.8727468, 14980.1830607, 322.342891373)
(14007.8743863, 14980.2697505, 322.342891368)
(14007.8758502, 14980.3457244, 322.342891374)
(14007.8767852, 14980.4212731, 322.342891375)
(14007.8779532, 14980.5083949, 322.342891376)
(14007.8796876, 14980.5773865, 322.342891378)
(14007.882136, 14980.6748698, 322.342891375)
(14007.8935697, 14980.7527111, 322.342891426)
(14007.9265769, 14980.8327979, 322.342891593)
(14007.9578946, 14980.8946822, 322.342891472)
(14007.9912619, 14980.9744797, 322.342891283)
(14008.0244301, 14981.0482847, 322.342891377)
(14008.0605597, 14981.1304859, 322.342891507)
(14008.0916512, 14981.1938726, 322.342891414)
(14008.1318849, 14981.2753009, 322.342891358)
(14008.1546991, 14981.3367625, 322.342891404)
(14008.1712976, 14981.4333484, 322.342891622)
(14008.1872835, 14981.4959843, 322.342909519)
(14008.227284, 14981.5899525, 322.343343109)
(14008.2817681, 14981.6435183, 322.342906478)
(14008.3741195, 14981.6748058, 322.343463904)
(14008.442117, 14981.680597, 322.342899837)
(14008.5426444, 14981.7078242, 322.342891155)
(14008.6127983, 14981.7411175, 322.342899892)
(14008.6829642, 14981.7930379, 322.342892279)
(14008.7350704, 14981.8411094, 322.342891126)
(14008.8116396, 14981.8999881, 322.342891641)
(14008.8661813, 14981.9369147, 322.34289138)
(14008.9426624, 14981.9827697, 322.342891368)
(14009.0094353, 14982.0261467, 322.342891218)
(14009.0693754, 14982.0694334, 322.342891449)
(14009.1253497, 14982.1071904, 322.342891323)
(14009.2101587, 14982.1612804, 322.342891357)
(14009.261914, 14982.2012897, 322.342891682)
(14009.3290526, 14982.2660498, 322.342891864)
(14009.3777432, 14982.3154949, 322.342891459)
(14009.4419733, 14982.3780234, 322.342891349)
(14009.488878, 14982.4229257, 322.34289137)
(14009.5575538, 14982.4875242, 322.342891361)
(14009.6081205, 14982.5350401, 322.342891368)
(14009.6564167, 14982.5847233, 322.342891307)
(14009.7130212, 14982.6539261, 322.342891342)
(14009.7553498, 14982.7151695, 322.342891388)
(14009.808821, 14982.7896553, 322.342891368)
(14009.8509331, 14982.8455727, 322.342891388)
(14009.9035757, 14982.9142951, 322.342891355)
(14009.9435558, 14982.9683271, 322.342891374)
(14009.9811892, 14983.0195211, 322.342891365)
(14010.0149152, 14983.0728727, 322.342891393)
(14010.0543887, 14983.1570617, 322.342891358)
(14010.0770759, 14983.2264961, 322.342891378)
(14010.103987, 14983.314216, 322.342891464)
(14010.129684, 14983.3883051, 322.342891358)
(14010.1609825, 14983.4753981, 322.342891362)
(14010.1769841, 14983.5627145, 322.342891255)
(14010.1761874, 14983.6683093, 322.342891544)
(14010.1613669, 14983.7487103, 322.342891363)
(14010.1483225, 14983.8371967, 322.342891187)
(14010.129972, 14983.9088583, 322.342891585)
(14010.0914595, 14983.9762587, 322.342891382)
(14010.0608497, 14984.0174346, 322.34298332)
