(13984.600366, 14948.6999995, 322.342893288)
(13984.6697403, 14948.7000361, 322.342956594)
(13984.7345836, 14948.7000714, 322.342911271)
(13984.84444, 14948.7002293, 322.342891128)
(13984.9497645, 14948.7002954, 322.342891351)
(13985.0699591, 14948.7002729, 322.342891365)
(13985.1562805, 14948.7002906, 322.342891374)
(13985.2264944, 14948.7003051, 322.342891372)
(13985.3239681, 14948.7003224, 322.342891373)
(13985.4020296, 14948.7003343, 322.342891374)
(13985.5201633, 14948.700176, 322.342891373)
(13985.5829413, 14948.7001365, 322.342891371)
(13985.692805, 14948.7000792, 322.342891371)
(13985.7580626, 14948.7000468, 322.342891371)
(13985.8745283, 14948.7001377, 322.342891371)
(13985.9496993, 14948.7001574, 322.342891373)
(13986.0521294, 14948.7002256, 322.342891401)
(13986.1298837, 14948.7104678, 322.342891365)
(13986.2194936, 14948.7406942, 322.342891309)
(13986.2865921, 14948.7772459, 322.342891945)
(13986.3537589, 14948.8186458, 322.342891536)
(13986.4109913, 14948.8580061, 322.342891198)
(13986.4806485, 14948.9102008, 322.342891367)
(13986.5398756, 14948.9572071, 322.342891357)
(13986.6213645, 14949.0209439, 322.342891375)
(13986.6846687, 14949.0723218, 322.342891358)
(13986.7553028, 14949.1315628, 322.342891376)
(13986.8127418, 14949.1806129, 322.342891351)
(13986.900804, 14949.2561323, 322.342891371)
(13986.9639729, 14949.3094409, 322.34289137)
(13987.0395629, 14949.3730231, 322.34289138)
(13987.087864, 14949.4137781, 322.342891373)
(13987.14471, 14949.4617024, 322.342891371)
(13987.200406, 14949.5089985, 322.342891371)
(13987.2749035, 14949.5724284, 322.342891367)
(13987.3293763, 14949.6186709, 322.342891373)
(13987.3973953, 14949.6764007, 322.342891376)
(13987.4564347, 14949.7262479, 322.342891379)
(13987.5237443, 14949.7829486, 322.342891379)
(13987.5734447, 14949.8251874, 322.342891371)
(13987.6406508, 14949.8825204, 322.342891372)
(13987.6982406, 14949.9314741, 322.342891373)
(13987.7781898, 14949.999401, 322.342891374)
(13987.8360128, 14950.0481538, 322.342891376)
(13987.9002329, 14950.1021328, 322.342891377)
(13987.9554296, 14950.1487843, 322.342891372)
(13988.0156114, 14950.199761, 322.342891375)
(13988.0821967, 14950.2565385, 322.342891369)
(13988.1549565, 14950.3188083, 322.342891391)
(13988.2086487, 14950.3659347, 322.34289138)
(13988.2636584, 14950.4152769, 322.342891375)
(13988.3161328, 14950.463797, 322.342891383)
(13988.3879107, 14950.5326865, 322.342891363)
(13988.4369124, 14950.5806041, 322.342891373)
(13988.4974636, 14950.6397569, 322.342891374)
(13988.5484804, 14950.6892223, 322.342891378)
(13988.617439, 14950.7558, 322.342891374)
(13988.6741242, 14950.8106676, 322.342891377)
(13988.7350075, 14950.8695187, 322.342891374)
(13988.7851791, 14950.9180472, 322.342891372)
(13988.846691, 14950.9774385, 322.342891374)
(13988.8995567, 14951.0285289, 322.342891375)
(13988.9654978, 14951.0922417, 322.342891374)
(13989.0278678, 14951.1525147, 322.342891373)
(13989.1030295, 14951.2251082, 322.342891372)
(13989.157842, 14951.2788569, 322.342891376)
(13989.2207808, 14951.3408624, 322.342891369)
(13989.2688421, 14951.3880012, 322.342891374)
(13989.330455, 14951.4484541, 322.342891373)
(13989.3876416, 14951.5045736, 322.342891373)
(13989.4518476, 14951.567684, 322.342891373)
(13989.5022407, 14951.6171689, 322.342891373)
(13989.5732296, 14951.6869394, 322.342891372)
(13989.6268524, 14951.7396189, 322.342891372)
(13989.6884095, 14951.8001318, 322.342891378)
(13989.7403486, 14951.8510073, 322.342891375)
(13989.8083194, 14951.9173989, 322.342891374)
(13989.8603363, 14951.9681902, 322.342891374)
(13989.9239466, 14952.0301723, 322.342891377)
(13989.9726438, 14952.0778324, 322.342891371)
(13990.0372055, 14952.1411621, 322.342891371)
(13990.0879092, 14952.1909101, 322.342891372)
(13990.1588882, 14952.2606756, 322.342891371)
(13990.2060488, 14952.3069668, 322.342891377)
(13990.278505, 14952.3781854, 322.342891373)
(13990.3352196, 14952.4347091, 322.342891378)
(13990.4048112, 14952.5046286, 322.342891373)
(13990.458879, 14952.5586205, 322.342891371)
(13990.5252247, 14952.6248666, 322.342891373)
(13990.5731555, 14952.6727283, 322.342891371)
(13990.6397871, 14952.7392711, 322.342891371)
(13990.6865434, 14952.7859715, 322.342891377)
(13990.7461164, 14952.8455486, 322.342891371)
(13990.8039614, 14952.9033565, 322.342891373)
(13990.8696626, 14952.9690726, 322.34289137)
(13990.9166881, 14953.0160874, 322.342891372)
(13990.9841475, 14953.0835544, 322.342891379)
(13991.0323382, 14953.1317415, 322.342891372)
(13991.1018441, 14953.2012542, 322.342891374)
(13991.1529533, 14953.2523629, 322.342891372)
(13991.2157401, 14953.3151595, 322.342891367)
(13991.2612996, 14953.360721, 322.342891372)
(13991.3202909, 14953.4197186, 322.342891372)
(13991.3722751, 14953.4717048, 322.342891372)
(13991.435063, 14953.5344983, 322.342891372)
(13991.4867555, 14953.5861925, 322.342891372)
(13991.5670664, 14953.6665105, 322.342891372)
(13991.6213867, 14953.7208331, 322.342891372)
(13991.6955616, 14953.7950195, 322.342891372)
(13991.7501736, 14953.8496353, 322.342891372)
(13991.8179221, 14953.9173997, 322.34289137)
(13991.8824619, 14953.981947, 322.342891372)
(13991.9215952, 14954.0210834, 322.342891372)
(13991.9951885, 14954.0946843, 322.342891372)
(13992.0500923, 14954.1495923, 322.342891373)
(13992.1158003, 14954.2153071, 322.342891372)
(13992.1712881, 14954.2707988, 322.342891373)
(13992.2311557, 14954.3306725, 322.342891372)
(13992.2775905, 14954.3771105, 322.342891373)
(13992.3359982, 14954.4355233, 322.342891373)
(13992.3856454, 14954.4851736, 322.342891373)
(13992.4542747, 14954.5538084, 322.342891373)
(13992.5062585, 14954.6057952, 322.342891373)
(13992.5760561, 14954.6755983, 322.342891373)
(13992.6163581, 14954.7159025, 322.342891373)
(13992.6820672, 14954.7816163, 322.342891373)
(13992.7343433, 14954.833895, 322.342891373)
(13992.7991766, 14954.8987327, 322.342891373)
(13992.8482401, 14954.9477986, 322.342891373)
(13992.903436, 14955.0029978, 322.342891373)
(13992.9624292, 14955.0619936, 322.342891373)
(13993.0258027, 14955.1253706, 322.342891373)
(13993.0865482, 14955.1861186, 322.342891373)
(13993.1528419, 14955.252416, 322.342891373)
(13993.2045341, 14955.3041103, 322.342891373)
(13993.2553498, 14955.3549286, 322.342891373)
(13993.3006171, 14955.4001975, 322.342891373)
(13993.3674953, 14955.4670786, 322.342891373)
(13993.415391, 14955.5149759, 322.342891373)
(13993.4878184, 14955.5874061, 322.342891373)
(13993.5509006, 14955.6504903, 322.342891373)
(13993.6437711, 14955.7433644, 322.342891373)
(13993.6945873, 14955.7941822, 322.342891373)
(13993.7611737, 14955.8607714, 322.342891373)
(13993.7982638, 14955.8978625, 322.342891373)
(13993.8823735, 14955.9819744, 322.342891373)
(13993.9422434, 14956.0418457, 322.342891373)
(13994.0123349, 14956.111939, 322.342891373)
(13994.0684082, 14956.1680135, 322.342891373)
(13994.152226, 14956.2518332, 322.342891373)
(13994.2053789, 14956.3049871, 322.342891373)
(13994.2868606, 14956.3864703, 322.342891373)
(13994.3519875, 14956.4515983, 322.342891373)
(13994.4287964, 14956.5284085, 322.342891373)
(13994.5041451, 14956.6037584, 322.342891373)
(13994.5651835, 14956.6647976, 322.342891373)
(13994.621549, 14956.721164, 322.342891373)
(13994.6776226, 14956.7772382, 322.342891373)
(13994.7190936, 14956.8187098, 322.342891373)
(13994.7801321, 14956.879749, 322.342891373)
(13994.8350374, 14956.934655, 322.342891373)
(13994.8989964, 14956.9986146, 322.342891373)
(13994.9533176, 14957.0529365, 322.342891373)
(13995.007639, 14957.1072583, 322.342891373)
(13995.0599159, 14957.1595358, 322.342891373)
(13995.1209545, 14957.2205749, 322.342891373)
(13995.1735235, 14957.2731444, 322.342891373)
(13995.2313495, 14957.3309708, 322.342891373)
(13995.2792457, 14957.3788675, 322.342891373)
(13995.3481697, 14957.4477919, 322.342891373)
(13995.3998626, 14957.4994852, 322.342891373)
(13995.4579807, 14957.5576036, 322.342891373)
(13995.5067531, 14957.6063764, 322.342891373)
(13995.574801, 14957.6744246, 322.342891373)
(13995.6256177, 14957.7252418, 322.342891373)
(13995.689869, 14957.7894932, 322.342891373)
(13995.7462347, 14957.8458594, 322.342891373)
(13995.8031847, 14957.9028095, 322.342891373)
(13995.8513731, 14957.9509981, 322.342891373)
(13995.9150403, 14958.0146655, 322.342891373)
(13995.9684855, 14958.068111, 322.342891373)
(13996.0385779, 14958.1382035, 322.342891373)
(13996.0879344, 14958.1875603, 322.342891373)
(13996.1577348, 14958.2573606, 322.342891373)
(13996.2062152, 14958.3058413, 322.342891373)
(13996.2760156, 14958.3756415, 322.342891373)
(13996.3274166, 14958.4270427, 322.342891373)
(13996.3957568, 14958.4953827, 322.342891373)
(13996.4492022, 14958.5488281, 322.342891373)
(13996.5242596, 14958.6238852, 322.342891373)
(13996.578581, 14958.6782069, 322.342891373)
(13996.6285218, 14958.7281478, 322.342891373)
(13996.6720374, 14958.7716636, 322.342891373)
(13996.7430058, 14958.8426322, 322.342891373)
(13996.8052127, 14958.9048392, 322.342891373)
(13996.8607024, 14958.9603292, 322.342891373)
(13996.9217411, 14959.0213679, 322.342891373)
(13996.9696374, 14959.0692645, 322.342891373)
(13997.0318444, 14959.1314715, 322.342891373)
(13997.0779885, 14959.1776157, 322.342891373)
(13997.1346465, 14959.2342738, 322.342891373)
(13997.205907, 14959.3055344, 322.342891373)
(13997.2611046, 14959.3607322, 322.342891373)
(13997.3276924, 14959.42732, 322.342891373)
(13997.3802616, 14959.4798893, 322.342891373)
(13997.4386918, 14959.5382727, 322.342891354)
(13997.4874656, 14959.5803211, 322.342891365)
(13997.5599314, 14959.627545, 322.34289137)
(13997.6239129, 14959.6556747, 322.342891365)
(13997.7178419, 14959.6841647, 322.342891511)
(13997.7873955, 14959.7121924, 322.342891486)
(13997.8707696, 14959.7530897, 322.342891429)
(13997.9358039, 14959.779304, 322.342891382)
(13998.0204082, 14959.8086209, 322.342891372)
(13998.0880768, 14959.8391558, 322.342891417)
(13998.1591471, 14959.8860203, 322.342891059)
(13998.2293913, 14959.9276637, 322.342891203)
(13998.3074274, 14959.9697905, 322.342891431)
(13998.3771276, 14960.0172614, 322.34289098)
(13998.4495923, 14960.0807533, 322.342891476)
(13998.4920348, 14960.124608, 322.342891277)
(13998.537483, 14960.1950687, 322.342891406)
(13998.5638594, 14960.255889, 322.342891414)
(13998.6034835, 14960.3366544, 322.342891386)
(13998.6386941, 14960.3963786, 322.342891253)
(13998.6850958, 14960.4680573, 322.342891441)
(13998.7130811, 14960.5158127, 322.342891244)
(13998.7331158, 14960.6221313, 322.343001161)
(13998.7303626, 14960.6943345, 322.342888339)
(13998.7170808, 14960.7639109, 322.34289091)
(13998.7143174, 14960.8276141, 322.342891045)
(13998.7202368, 14960.9288168, 322.34289132)
(13998.7166219, 14961.0084315, 322.34289127)
(13998.7049437, 14961.0985945, 322.342891381)
(13998.7013241, 14961.1699439, 322.342891441)
(13998.7015242, 14961.2648943, 322.342891358)
(13998.6973923, 14961.3279048, 322.342891294)
(13998.6879892, 14961.4214293, 322.342891427)
(13998.6849238, 14961.4850384, 322.342891412)
(13998.6809859, 14961.5874016, 322.34289132)
(13998.6759556, 14961.6578606, 322.342891352)
(13998.6689167, 14961.7563012, 322.342891388)
(13998.664912, 14961.8301469, 322.342891378)
(13998.6598467, 14961.9221367, 322.342891369)
(13998.6560336, 14961.9827151, 322.342891372)
(13998.6492714, 14962.0882166, 322.34289137)
(13998.6446838, 14962.16325, 322.342891375)
(13998.6397408, 14962.2469554, 322.342891375)
(13998.6425488, 14962.3160502, 322.342891231)
(13998.6805924, 14962.4234195, 322.342891283)
(13998.7289214, 14962.4951836, 322.342919287)
(13998.7915884, 14962.5637934, 322.342891252)
(13998.8452918, 14962.6174076, 322.342908842)
(13998.9121426, 14962.6629938, 322.342896911)
(13998.974908, 14962.696342, 322.343068446)
(13999.0760194, 14962.7297117, 322.342891775)
(13999.1404475, 14962.7467206, 322.342891217)
(13999.2195589, 14962.7742899, 322.342891281)
(13999.2823675, 14962.8048501, 322.342890967)
(13999.3617411, 14962.8560607, 322.342891131)
(13999.4273845, 14962.8904999, 322.342891233)
(13999.5171842, 14962.9303979, 322.342891431)
(13999.5963613, 14962.9717811, 322.342891471)
(13999.688935, 14963.0254197, 322.342891323)
(13999.755373, 14963.0630981, 322.34289137)
(13999.852813, 14963.1180624, 322.342891352)
(13999.923925, 14963.1691176, 322.342891064)
(13999.9994271, 14963.2302752, 322.342891371)
(14000.0734822, 14963.2867758, 322.342891344)
(14000.1354338, 14963.3342673, 322.342891369)
(14000.2144109, 14963.3948473, 322.342891356)
(14000.2692572, 14963.4432453, 322.342891161)
(14000.3460947, 14963.5256624, 322.342891665)
(14000.4025324, 14963.590118, 322.342891386)
(14000.4848816, 14963.6807608, 322.342891357)
(14000.5324914, 14963.7393247, 322.342891373)
(14000.5909109, 14963.8221854, 322.342891396)
(14000.634131, 14963.8910282, 322.342891351)
(14000.6910279, 14963.9823625, 322.342891369)
(14000.7305924, 14964.0695534, 322.342891338)
(14000.7592504, 14964.1778669, 322.342891385)
(14000.7898334, 14964.2705923, 322.342892919)
(14000.8829795, 14964.3618192, 322.343422292)
(14000.9629157, 14964.363577, 322.343412643)
(14001.0715988, 14964.3141186, 322.342891638)
(14001.1698188, 14964.2962211, 322.34289114)
(14001.3066263, 14964.3111244, 322.342899551)
(14001.3864788, 14964.3678185, 322.342892756)
(14001.4536788, 14964.4072917, 322.34289254)
(14001.5134054, 14964.4390562, 322.342891651)
(14001.6047096, 14964.4676789, 322.343180307)
(14001.7262269, 14964.4717668, 322.343020552)
(14001.8040565, 14964.4708126, 322.342889827)
(14001.9083999, 14964.4881992, 322.342922198)
(14001.980497, 14964.5332826, 322.342960397)
(14002.0588271, 14964.5948521, 322.342892364)
(14002.1163764, 14964.6363739, 322.342891625)
(14002.2093315, 14964.6608269, 322.342891257)
(14002.2741293, 14964.6666769, 322.342920625)
(14002.3590527, 14964.6869077, 322.342891104)
(14002.4237251, 14964.7120596, 322.342891347)
(14002.5103999, 14964.7481918, 322.342891375)
(14002.5810231, 14964.7829149, 322.342891408)
(14002.6594939, 14964.8214814, 322.342891373)
(14002.7237986, 14964.8614341, 322.342897775)
(14002.7831464, 14964.9111476, 322.342892066)
(14002.8321806, 14964.9607679, 322.343025879)
(14002.8795814, 14965.025798, 322.342981651)
(14002.9191621, 14965.0913679, 322.342914657)
(14002.958862, 14965.167727, 322.342892278)
(14002.997578, 14965.2333181, 322.342891194)
(14003.0488559, 14965.3068, 322.34289169)
(14003.0878011, 14965.3682643, 322.342891413)
(14003.128548, 14965.4358592, 322.342891378)
(14003.1666121, 14965.4977962, 322.342891383)
(14003.2134521, 14965.5737236, 322.342891373)
(14003.2548344, 14965.6408917, 322.342891372)
(14003.3056651, 14965.7235955, 322.342891372)
(14003.3459157, 14965.7890311, 322.342891368)
(14003.3969141, 14965.8721125, 322.342891372)
(14003.4371395, 14965.9375619, 322.342891371)
(14003.4881514, 14966.0206228, 322.342891371)
(14003.521665, 14966.0751688, 322.342891372)
(14003.5685859, 14966.1515312, 322.342891371)
(14003.6123876, 14966.215773, 322.342891432)
(14003.6738644, 14966.3008284, 322.342891538)
(14003.7175134, 14966.3543552, 322.342891307)
(14003.78943, 14966.4339869, 322.342891518)
(14003.8460701, 14966.4955192, 322.342891454)
(14003.9077572, 14966.5633591, 322.342891368)
(14003.9491931, 14966.6083504, 322.34289138)
(14004.0168546, 14966.6814015, 322.342891373)
(14004.0784983, 14966.7476147, 322.342891371)
(14004.1582528, 14966.8330948, 322.342891374)
(14004.2088994, 14966.8875195, 322.342891372)
(14004.2736878, 14966.9569979, 322.342891373)
(14004.3255055, 14967.012589, 322.342891372)
(14004.3883705, 14967.0799111, 322.342891374)
(14004.431757, 14967.1264223, 322.342891373)
(14004.4867061, 14967.1853043, 322.342891374)
(14004.536294, 14967.2384557, 322.342891378)
(14004.6002695, 14967.3069951, 322.342891373)
(14004.6504278, 14967.3607456, 322.342891374)
(14004.7118683, 14967.4265632, 322.342891374)
(14004.7721742, 14967.4911797, 322.342891373)
(14004.8434848, 14967.5675605, 322.342891371)
(14004.9035146, 14967.6318713, 322.342891372)
(14004.974817, 14967.7082586, 322.342891372)
(14005.0314636, 14967.7689467, 322.342891372)
(14005.0940313, 14967.8359744, 322.342891373)
(14005.1467326, 14967.8924356, 322.342891372)
(14005.2104266, 14967.9606702, 322.342891373)
(14005.254391, 14968.0077712, 322.342891372)
(14005.3161124, 14968.0738934, 322.342891373)
(14005.3662773, 14968.1276375, 322.342891372)
(14005.4282799, 14968.1940613, 322.342891372)
(14005.4756259, 14968.2447857, 322.342891372)
(14005.5390405, 14968.3127168, 322.34289137)
(14005.592357, 14968.3682439, 322.342891375)
(14005.6546783, 14968.4311418, 322.34289137)
(14005.7063813, 14968.482312, 322.342891379)
(14005.7759429, 14968.5512185, 322.342891376)
(14005.8273645, 14968.6025722, 322.342891376)
(14005.8786888, 14968.654019, 322.342891373)
(14005.9306999, 14968.7059787, 322.342891375)
(14005.9937946, 14968.7690468, 322.342891372)
(14006.0493047, 14968.8245153, 322.342891374)
(14006.1091556, 14968.8843971, 322.342891371)
(14006.1523837, 14968.9276169, 322.342891372)
(14006.2119652, 14968.9871938, 322.342891372)
(14006.263663, 14969.0388827, 322.342891372)
(14006.3328791, 14969.1080993, 322.342891369)
(14006.3901242, 14969.1653388, 322.342891372)
(14006.4470548, 14969.2223059, 322.342891377)
(14006.501747, 14969.2773907, 322.342891373)
(14006.5572514, 14969.3334181, 322.342891369)
(14006.6137704, 14969.3907773, 322.342891375)
(14006.6809237, 14969.4590941, 322.342891378)
(14006.7362773, 14969.5152959, 322.342891373)
(14006.7976648, 14969.5777207, 322.342891371)
(14006.8683471, 14969.6495517, 322.342891379)
(14006.9233774, 14969.7054958, 322.342891376)
(14006.9936948, 14969.7771007, 322.34289137)
(14007.0364918, 14969.8202024, 322.342891372)
(14007.1015538, 14969.8854375, 322.342891374)
(14007.1514528, 14969.9359795, 322.342891371)
(14007.2212527, 14970.0069122, 322.342891372)
(14007.2696518, 14970.0560476, 322.342891372)
(14007.3382796, 14970.125831, 322.34289137)
(14007.3933197, 14970.1817648, 322.342891371)
(14007.4593118, 14970.2489338, 322.342891371)
(14007.5018834, 14970.2922223, 322.342891371)
(14007.5629566, 14970.3543832, 322.34289137)
(14007.6171925, 14970.4190058, 322.342891341)
(14007.6642779, 14970.49476, 322.342891346)
(14007.7093473, 14970.5695801, 322.342891339)
(14007.7650319, 14970.6553981, 322.342891407)
(14007.8084975, 14970.7231889, 322.342891377)
(14007.8593039, 14970.8024667, 322.342891373)
(14007.9071884, 14970.8772477, 322.342891373)
(14007.9574881, 14970.9558809, 322.342891369)
(14008.0048385, 14971.0300343, 322.342891373)
(14008.0447898, 14971.0927452, 322.34289137)
(14008.0836788, 14971.1536713, 322.342891372)
(14008.1298663, 14971.2261106, 322.342891371)
(14008.1727409, 14971.2933121, 322.342891371)
(14008.2233595, 14971.3727218, 322.34289137)
(14008.2642226, 14971.4367974, 322.342891372)
(14008.3357141, 14971.5489394, 322.342891373)
(14008.3819021, 14971.6213764, 322.342891372)
(14008.4502929, 14971.7286392, 322.342891372)
(14008.5120259, 14971.8254526, 322.342891372)
(14008.5653184, 14971.9090336, 322.342891372)
(14008.6061773, 14971.9731118, 322.342891372)
(14008.6554723, 14972.0504244, 322.342891372)
(14008.7249772, 14972.1594264, 322.342891372)
(14008.7740263, 14972.2364068, 322.342891371)
(14008.8333056, 14972.329397, 322.342891373)
(14008.873047, 14972.3917383, 322.342891373)
(14008.9145656, 14972.4568653, 322.342891373)
(14008.9705163, 14972.5446296, 322.342891373)
(14009.0184742, 14972.6198559, 322.342891373)
(14009.0713178, 14972.7027436, 322.342891373)
(14009.1068429, 14972.7584664, 322.342891373)
(14009.1521383, 14972.8295124, 322.342891373)
(14009.183889, 14972.8793144, 322.342891373)
(14009.2316273, 14972.9541911, 322.342891373)
(14009.2640445, 14973.0050377, 322.342891373)
(14009.3146699, 14973.0844414, 322.342891373)
(14009.357079, 14973.1509597, 322.342891373)
(14009.4014966, 14973.2206043, 322.34289138)
(14009.4377031, 14973.2764435, 322.342891364)
(14009.4852905, 14973.3494801, 322.342891375)
(14009.5178865, 14973.3997124, 322.342891372)
(14009.5766289, 14973.4900628, 322.342891318)
(14009.6222847, 14973.5535345, 322.342891406)
(14009.6782884, 14973.6280909, 322.342891562)
(14009.7306575, 14973.6903105, 322.34289129)
(14009.8012602, 14973.7675745, 322.342891325)
(14009.8532591, 14973.8237696, 322.342891381)
(14009.915627, 14973.8915565, 322.342891371)
(14009.9639222, 14973.9436604, 322.342891367)
(14010.0255244, 14974.009909, 322.342891377)
(14010.0775973, 14974.0658438, 322.342891378)
(14010.1379152, 14974.1304695, 322.342891374)
(14010.1835196, 14974.1794303, 322.34289137)
(14010.2398858, 14974.2398212, 322.342891373)
(14010.2865563, 14974.2894936, 322.342891373)
(14010.3537146, 14974.3607417, 322.342891376)
(14010.4235963, 14974.4345128, 322.342891374)
(14010.472753, 14974.4863803, 322.342891374)
(14010.5469804, 14974.5645709, 322.342891375)
(14010.593288, 14974.613436, 322.342891369)
(14010.6586628, 14974.6823595, 322.342891374)
(14010.7052652, 14974.7315091, 322.342891369)
(14010.7649897, 14974.7944104, 322.342891376)
(14010.8158752, 14974.8480439, 322.342891373)
(14010.8846782, 14974.9205435, 322.342891379)
(14010.9321636, 14974.9711139, 322.342891382)
(14010.9984921, 14975.0419776, 322.342891369)
(14011.042781, 14975.0887937, 322.342891377)
(14011.1039138, 14975.1532258, 322.342891373)
(14011.1473713, 14975.199106, 322.342891374)
(14011.2087761, 14975.2638322, 322.342891373)
(14011.2545192, 14975.3120971, 322.342891374)
(14011.3244761, 14975.3857901, 322.342891376)
(14011.3770601, 14975.4412255, 322.342891375)
(14011.4285355, 14975.495438, 322.342891374)
(14011.4813169, 14975.5512425, 322.342891368)
(14011.5482126, 14975.6221231, 322.342891378)
(14011.5977666, 14975.6732354, 322.342891376)
(14011.6651274, 14975.7410486, 322.342891384)
(14011.7158447, 14975.791432, 322.342891377)
(14011.7809076, 14975.8560742, 322.342891374)
(14011.8314771, 14975.9065462, 322.342891373)
(14011.8886964, 14975.9637969, 322.342891369)
(14011.9398339, 14976.0148777, 322.34289137)
(14012.0055351, 14976.0805911, 322.34289137)
(14012.0622063, 14976.1372355, 322.342891369)
(14012.1314045, 14976.2064656, 322.34289137)
(14012.203835, 14976.2788935, 322.342891371)
(14012.2604946, 14976.3355496, 322.342891371)
(14012.3291268, 14976.4041811, 322.342891371)
(14012.3787771, 14976.4538291, 322.342891371)
(14012.4383557, 14976.5134077, 322.342891371)
(14012.4877135, 14976.5627632, 322.342891372)
(14012.5469997, 14976.6220491, 322.342891371)
(14012.6010308, 14976.6760778, 322.342891372)
(14012.6664486, 14976.7414989, 322.342891367)
(14012.7170949, 14976.7924555, 322.342891371)
(14012.7848147, 14976.8607919, 322.342891369)
(14012.8317833, 14976.9084276, 322.342891372)
(14012.8894031, 14976.9670109, 322.342891372)
(14012.9421475, 14977.0205596, 322.342891372)
(14013.0125094, 14977.0921112, 322.342891372)
(14013.0678477, 14977.1483312, 322.342891373)
(14013.1404881, 14977.2222828, 322.342891371)
(14013.1868221, 14977.2694022, 322.342891372)
(14013.2363238, 14977.3197742, 322.342891371)
(14013.2887327, 14977.3730841, 322.342891372)
(14013.3454736, 14977.4308223, 322.342891379)
(14013.3979858, 14977.4840471, 322.342891375)
(14013.4654024, 14977.5521664, 322.342891373)
(14013.524965, 14977.6123554, 322.342891374)
(14013.5874919, 14977.6754232, 322.342891361)
(14013.6482467, 14977.7567409, 322.342891336)
(14013.6779978, 14977.8219226, 322.342894729)
(14013.6904213, 14977.9168917, 322.342956639)
(14013.6900502, 14977.9897362, 322.342891687)
(14013.6991337, 14978.078418, 322.342891301)
(14013.7116306, 14978.155795, 322.342891396)
(14013.7240133, 14978.2380605, 322.342891386)
(14013.7304935, 14978.3082787, 322.342891418)
(14013.7382747, 14978.3969057, 322.342891381)
(14013.7456502, 14978.4655154, 322.342891386)
(14013.7558786, 14978.5570958, 322.342891372)
(14013.7627716, 14978.6273185, 322.342891371)
(14013.7717145, 14978.7177083, 322.342891377)
(14013.7784923, 14978.7781082, 322.342891375)
(14013.7885811, 14978.8676335, 322.342891378)
(14013.7943892, 14978.9230674, 322.342891367)
(14013.8032929, 14979.0093135, 322.342891365)
(14013.8102793, 14979.0791484, 322.342891361)
(14013.8209599, 14979.1851494, 322.342891371)
(14013.8270984, 14979.2443212, 322.342891378)
(14013.8360904, 14979.3297801, 322.342891379)
(14013.843622, 14979.3979663, 322.342891371)
(14013.8530664, 14979.4842023, 322.342891336)
(14013.8737863, 14979.565525, 322.342891384)
(14013.9100614, 14979.6437987, 322.342891383)
(14013.9419446, 14979.697831, 322.34289094)
(14013.985681, 14979.7605491, 322.342891457)
(14014.0301246, 14979.8184402, 322.342891373)
(14014.0834699, 14979.8916102, 322.342891362)
(14014.1309593, 14979.9532065, 322.342891424)
(14014.1852954, 14980.0206492, 322.342891347)
(14014.2339974, 14980.078938, 322.342891353)
(14014.2979915, 14980.1539764, 322.342891378)
(14014.3544512, 14980.2193958, 322.342891377)
(14014.4157247, 14980.2903648, 322.342891372)
(14014.4703676, 14980.3534236, 322.342891372)
(14014.5258969, 14980.4173505, 322.342891376)
(14014.5635505, 14980.4606913, 322.342891374)
(14014.6137158, 14980.5183291, 322.342891375)
(14014.6654775, 14980.5778587, 322.342891376)
(14014.7175568, 14980.6376628, 322.342891373)
(14014.7598435, 14980.6862726, 322.342891373)
(14014.8157236, 14980.7504331, 322.342891374)
(14014.8542274, 14980.7946704, 322.342891371)
(14014.8954561, 14980.8420128, 322.342891373)
(14014.9309828, 14980.882818, 322.34289137)
(14014.986887, 14980.9469588, 322.342891372)
(14015.0289344, 14980.9952325, 322.342891373)
(14015.0793924, 14981.0531555, 322.34289137)
(14015.1225251, 14981.1026746, 322.342891373)
(14015.1705423, 14981.1577993, 322.342891373)
(14015.2060794, 14981.1985985, 322.342891373)
(14015.2465001, 14981.2450037, 322.342891373)
(14015.3080803, 14981.3156904, 322.342891372)
(14015.3558257, 14981.3705031, 322.342891373)
(14015.4307022, 14981.4564582, 322.342891373)
(14015.4694956, 14981.5009941, 322.342891373)
(14015.5373182, 14981.578852, 322.342891373)
(14015.5790955, 14981.6268129, 322.342891373)
(14015.6249433, 14981.6794453, 322.342891373)
(14015.659667, 14981.7193097, 322.342891373)
(14015.703615, 14981.7697631, 322.342891373)
(14015.7709946, 14981.8463645, 322.342891374)
(14015.8222898, 14981.9046613, 322.342891373)
