(13978.600149, 14950.6999995, 322.342893336)
(13978.665197, 14950.7000349, 322.343069928)
(13978.7593634, 14950.7000953, 322.342891289)
(13978.8460928, 14950.7002187, 322.342891181)
(13978.9555462, 14950.7003051, 322.342891422)
(13979.0583945, 14950.700274, 322.342891388)
(13979.1310861, 14950.7002916, 322.342891375)
(13979.2289734, 14950.7003019, 322.342891375)
(13979.3499888, 14950.7003247, 322.342891373)
(13979.4123553, 14950.7003359, 322.342891374)
(13979.5325459, 14950.700339, 322.342891375)
(13979.6159766, 14950.7003464, 322.342891375)
(13979.7415386, 14950.7002835, 322.342891374)
(13979.8352941, 14950.7002644, 322.342891372)
(13979.937311, 14950.7002426, 322.342891373)
(13980.0157852, 14950.7002276, 322.342891372)
(13980.1070666, 14950.7002823, 322.342891412)
(13980.1697763, 14950.7071456, 322.342891351)
(13980.2500411, 14950.7350482, 322.342891426)
(13980.3145502, 14950.7758611, 322.342906644)
(13980.3839828, 14950.8323896, 322.342891535)
(13980.4425813, 14950.8807613, 322.342891258)
(13980.522757, 14950.9377712, 322.34289136)
(13980.6066044, 14951.0043533, 322.342891456)
(13980.667351, 14951.0553226, 322.342891404)
(13980.7309332, 14951.1107197, 322.342891363)
(13980.7838735, 14951.1562574, 322.342891362)
(13980.8417864, 14951.2055193, 322.342891367)
(13980.9047843, 14951.2590295, 322.342891376)
(13980.9709682, 14951.3151549, 322.342891377)
(13981.0353963, 14951.3695357, 322.342891375)
(13981.109345, 14951.4318349, 322.342891375)
(13981.1632813, 14951.477426, 322.34289138)
(13981.2420412, 14951.5441688, 322.342891375)
(13981.2928981, 14951.587569, 322.342891379)
(13981.3578084, 14951.6431334, 322.342891373)
(13981.4029314, 14951.6813048, 322.342891375)
(13981.4782326, 14951.7445768, 322.342891377)
(13981.5387713, 14951.795787, 322.342891378)
(13981.6074192, 14951.8540154, 322.342891372)
(13981.6579713, 14951.8971528, 322.342891374)
(13981.7300997, 14951.9588947, 322.342891371)
(13981.7825278, 14952.0031444, 322.342891375)
(13981.8505627, 14952.0602898, 322.342891376)
(13981.9042288, 14952.1055746, 322.342891374)
(13981.9844897, 14952.1731596, 322.342891381)
(13982.0604861, 14952.2379807, 322.342891373)
(13982.1061387, 14952.2767428, 322.342891371)
(13982.1763202, 14952.3363699, 322.34289142)
(13982.229987, 14952.3840389, 322.342891387)
(13982.2967835, 14952.4459408, 322.342891366)
(13982.3453321, 14952.4924635, 322.342891392)
(13982.4022093, 14952.5475689, 322.342891373)
(13982.4493916, 14952.5932346, 322.342891371)
(13982.5105646, 14952.6523682, 322.342891371)
(13982.5610556, 14952.7011609, 322.342891371)
(13982.6361838, 14952.7737883, 322.342891375)
(13982.6973628, 14952.8329177, 322.342891372)
(13982.7475545, 14952.8814252, 322.342891372)
(13982.826257, 14952.9574877, 322.342891372)
(13982.8773402, 14953.0068558, 322.342891372)
(13982.9456489, 14953.0728712, 322.342891372)
(13982.9967326, 14953.1222387, 322.342891372)
(13983.054646, 14953.178208, 322.342891367)
(13983.1066385, 14953.2289686, 322.342891362)
(13983.1691371, 14953.2902538, 322.342891371)
(13983.2251748, 14953.3451675, 322.342891367)
(13983.2979676, 14953.4166153, 322.342891371)
(13983.3531011, 14953.470697, 322.342891373)
(13983.4187867, 14953.5352446, 322.342891371)
(13983.4768509, 14953.5922429, 322.342891375)
(13983.5457584, 14953.6600009, 322.342891371)
(13983.5926043, 14953.7060243, 322.342891373)
(13983.6556443, 14953.7679769, 322.342891372)
(13983.7072715, 14953.8185762, 322.342891374)
(13983.7601254, 14953.8702856, 322.342891376)
(13983.8269213, 14953.9355103, 322.342891375)
(13983.8948902, 14954.0018874, 322.342891372)
(13983.9439137, 14954.049816, 322.342891384)
(13984.0076775, 14954.1122076, 322.342891373)
(13984.0648732, 14954.1683075, 322.342891371)
(13984.1276129, 14954.2299577, 322.342891367)
(13984.1827409, 14954.2840506, 322.342891377)
(13984.2584211, 14954.3584664, 322.342891374)
(13984.3122681, 14954.4120587, 322.342891376)
(13984.3802755, 14954.4800987, 322.342891375)
(13984.4294136, 14954.5290828, 322.342891373)
(13984.487874, 14954.5874318, 322.342891373)
(13984.5375574, 14954.6370401, 322.342891375)
(13984.6023773, 14954.7018765, 322.342891371)
(13984.6526365, 14954.7520824, 322.342891372)
(13984.7253451, 14954.8248069, 322.342891373)
(13984.7788008, 14954.8782431, 322.342891372)
(13984.8427458, 14954.942212, 322.342891371)
(13984.8926875, 14954.992152, 322.342891373)
(13984.9551837, 14955.0546535, 322.342891372)
(13985.0045411, 14955.1040103, 322.342891373)
(13985.0725871, 14955.1720609, 322.342891373)
(13985.116687, 14955.2161605, 322.342891372)
(13985.1753873, 14955.2748637, 322.342891372)
(13985.2308776, 14955.3303538, 322.342891372)
(13985.2930834, 14955.3925625, 322.342891372)
(13985.345653, 14955.4451317, 322.342891373)
(13985.4084415, 14955.5079239, 322.342891372)
(13985.4633474, 14955.5628298, 322.342891373)
(13985.5366503, 14955.6361375, 322.342891372)
(13985.5947685, 14955.6942561, 322.342891373)
(13985.6426654, 14955.7421518, 322.342891373)
(13985.7075005, 14955.8069874, 322.342891373)
(13985.7591945, 14955.8586803, 322.342891373)
(13985.8298706, 14955.9293572, 322.342891373)
(13985.8836084, 14955.983094, 322.342891373)
(13985.9536999, 14956.0531869, 322.342891373)
(13986.0004288, 14956.0999152, 322.342891373)
(13986.062927, 14956.1624151, 322.342891373)
(13986.1187091, 14956.2181965, 322.342891373)
(13986.1844194, 14956.2839089, 322.342891373)
(13986.2407858, 14956.3402749, 322.342891373)
(13986.2863452, 14956.385836, 322.342891373)
(13986.3348261, 14956.4343164, 322.342891373)
(13986.3958638, 14956.4953553, 322.342891373)
(13986.445805, 14956.545296, 322.342891373)
(13986.5153129, 14956.6148052, 322.342891373)
(13986.5748919, 14956.6743834, 322.342891373)
(13986.640602, 14956.7400956, 322.342891373)
(13986.7001808, 14956.799674, 322.342891373)
(13986.757714, 14956.8572097, 322.342891373)
(13986.8044425, 14956.9039382, 322.342891373)
(13986.8681081, 14956.9676061, 322.342891373)
(13986.9186333, 14957.0181308, 322.342891373)
(13986.9887246, 14957.0882247, 322.342891373)
(13987.0334088, 14957.1329088, 322.342891373)
(13987.0932778, 14957.1927801, 322.342891373)
(13987.1546087, 14957.2541108, 322.342891373)
(13987.2226554, 14957.3221606, 322.342891373)
(13987.2746408, 14957.3741461, 322.342891373)
(13987.3447309, 14957.44424, 322.342891373)
(13987.4162834, 14957.5157926, 322.342891373)
(13987.4697295, 14957.5692378, 322.342891373)
(13987.5465385, 14957.6460482, 322.342891373)
(13987.6321097, 14957.7316186, 322.342891373)
(13987.7205959, 14957.8201154, 322.342891373)
(13987.772581, 14957.8721015, 322.342891373)
(13987.8642824, 14957.9638075, 322.342891373)
(13987.9364183, 14958.0359452, 322.342891373)
(13987.9995016, 14958.0990288, 322.342891373)
(13988.0789378, 14958.1784683, 322.342891373)
(13988.1417285, 14958.2412594, 322.342891373)
(13988.2185353, 14958.3180722, 322.342891373)
(13988.2754855, 14958.3750229, 322.342891373)
(13988.3502492, 14958.4497887, 322.342891373)
(13988.4086593, 14958.5081992, 322.342891373)
(13988.508247, 14958.6077915, 322.342891373)
(13988.5529309, 14958.6524756, 322.342891374)
(13988.6256506, 14958.7251968, 322.342891373)
(13988.683769, 14958.7833152, 322.342891373)
(13988.7494798, 14958.849028, 322.342891373)
(13988.7965, 14958.8960486, 322.342891373)
(13988.8636705, 14958.9632211, 322.342891373)
(13988.9112749, 14959.0108256, 322.342891373)
(13988.9691005, 14959.0686527, 322.342891373)
(13989.022254, 14959.1218064, 322.342891373)
(13989.085044, 14959.1845979, 322.342891373)
(13989.136737, 14959.2362911, 322.342891374)
(13989.1960229, 14959.2955784, 322.342891373)
(13989.2509287, 14959.3504844, 322.342891374)
(13989.3119666, 14959.4115237, 322.342891373)
(13989.3610311, 14959.4605883, 322.342891374)
(13989.4191488, 14959.5187072, 322.342891374)
(13989.4687978, 14959.5683562, 322.342891374)
(13989.5289599, 14959.6285193, 322.342891373)
(13989.5853257, 14959.6848851, 322.342891374)
(13989.6457798, 14959.7453402, 322.342891374)
(13989.696597, 14959.7961573, 322.342891374)
(13989.7655206, 14959.8650822, 322.342891374)
(13989.8245149, 14959.9240765, 322.342891374)
(13989.8887653, 14959.9883284, 322.342891374)
(13989.9565215, 14960.0560847, 322.342891374)
(13990.0245695, 14960.1241328, 322.342891374)
(13990.0695455, 14960.1691085, 322.342891374)
(13990.1215304, 14960.2210937, 322.342891374)
(13990.1705954, 14960.2701583, 322.342891374)
(13990.241856, 14960.3414192, 322.342891374)
(13990.2935493, 14960.393112, 322.342891374)
(13990.3668537, 14960.466417, 322.342891374)
(13990.4202994, 14960.5198624, 322.342891374)
(13990.4842585, 14960.5838222, 322.342891374)
(13990.5330312, 14960.6325947, 322.342891374)
(13990.5996183, 14960.6991826, 322.342891374)
(13990.648099, 14960.7476632, 322.342891374)
(13990.7257845, 14960.8253496, 322.342891374)
(13990.7830265, 14960.8825916, 322.342891374)
(13990.8534099, 14960.9529765, 322.342891374)
(13990.9001382, 14960.999705, 322.342891374)
(13990.9559196, 14961.0554876, 322.342891374)
(13991.0090731, 14961.1086411, 322.342891374)
(13991.0666065, 14961.1661755, 322.342891374)
(13991.1118744, 14961.2114435, 322.342891374)
(13991.1813824, 14961.2809524, 322.342891374)
(13991.2275267, 14961.3270967, 322.342891374)
(13991.2859364, 14961.3855072, 322.342891374)
(13991.3314965, 14961.4310672, 322.342891374)
(13991.4001283, 14961.4996996, 322.342891374)
(13991.4529899, 14961.5525611, 322.342891374)
(13991.5166567, 14961.6162286, 322.342891374)
(13991.5648451, 14961.664417, 322.342891374)
(13991.6305563, 14961.7301289, 322.342891374)
(13991.6869226, 14961.786495, 322.342891374)
(13991.7432881, 14961.8428613, 322.342891374)
(13991.800238, 14961.8998113, 322.342891374)
(13991.8627365, 14961.9623106, 322.342891374)
(13991.9138457, 14962.0134198, 322.342891374)
(13991.9672909, 14962.0668657, 322.342891374)
(13992.012851, 14962.1124256, 322.342891374)
(13992.0709688, 14962.1705439, 322.342891374)
(13992.1249985, 14962.2245734, 322.342891374)
(13992.196259, 14962.2958345, 322.342891374)
(13992.252625, 14962.3522003, 322.342891374)
(13992.3195042, 14962.4190803, 322.342891374)
(13992.3700292, 14962.4696053, 322.342891374)
(13992.4240585, 14962.5236353, 322.342891374)
(13992.4722471, 14962.5718239, 322.342891374)
(13992.5327013, 14962.6322787, 322.342891374)
(13992.5870229, 14962.6866001, 322.342891374)
(13992.6451411, 14962.7447187, 322.342891374)
(13992.700339, 14962.7999165, 322.342891374)
(13992.7610853, 14962.8606634, 322.342891374)
(13992.8203718, 14962.9199497, 322.342891374)
(13992.8901717, 14962.9897505, 322.342891374)
(13992.9398207, 14963.0393994, 322.342891374)
(13993.0026112, 14963.1021909, 322.342891374)
(13993.052844, 14963.1524236, 322.342891374)
(13993.1100858, 14963.2096661, 322.342891374)
(13993.1652837, 14963.264864, 322.342891374)
(13993.2280744, 14963.3276554, 322.342891374)
(13993.282688, 14963.3822689, 322.342891374)
(13993.3466467, 14963.4462286, 322.342891374)
(13993.4068096, 14963.5063913, 322.342891374)
(13993.4605473, 14963.5601287, 322.342891374)
(13993.5239224, 14963.6235037, 322.342891374)
(13993.5709428, 14963.6705238, 322.342891374)
(13993.6343181, 14963.7338991, 322.342891374)
(13993.7096675, 14963.8092485, 322.342891374)
(13993.7604845, 14963.8600653, 322.342891374)
(13993.8075046, 14963.9070855, 322.342891374)
(13993.859782, 14963.9593627, 322.342891374)
(13993.927246, 14964.0268268, 322.342891374)
(13993.9786471, 14964.0782278, 322.342891374)
(13994.0449426, 14964.1445234, 322.342891374)
(13994.0905027, 14964.1900834, 322.342891374)
(13994.1553382, 14964.2549191, 322.342891374)
(13994.2020666, 14964.3016474, 322.342891374)
(13994.2633971, 14964.3629781, 322.342891374)
(13994.3209314, 14964.4205121, 322.342891374)
(13994.3886873, 14964.4882683, 322.342891374)
(13994.4371681, 14964.5367489, 322.342891374)
(13994.5060919, 14964.6056731, 322.342891374)
(13994.5507758, 14964.6503569, 322.342891374)
(13994.6097701, 14964.7093515, 322.342891374)
(13994.6635078, 14964.7630891, 322.342891374)
(13994.7274669, 14964.8270484, 322.342891374)
(13994.7782838, 14964.8778653, 322.342891374)
(13994.837278, 14964.9368598, 322.342891374)
(13994.8895555, 14964.9891371, 322.342891374)
(13994.9409564, 14965.0405383, 322.342891374)
(13994.9932337, 14965.0928154, 322.342891374)
(13995.0624497, 14965.1620317, 322.342891374)
(13995.1112224, 14965.2108043, 322.342891374)
(13995.1818988, 14965.2814811, 322.342891374)
(13995.2408932, 14965.3404754, 322.342891374)
(13995.3036839, 14965.4032665, 322.342891374)
(13995.3620944, 14965.4616769, 322.342891374)
(13995.4207966, 14965.5203797, 322.342891374)
(13995.4619759, 14965.5615589, 322.342891374)
(13995.527103, 14965.6266864, 322.342891373)
(13995.5773359, 14965.6769194, 322.342891374)
(13995.6509328, 14965.7505168, 322.342891374)
(13995.7096351, 14965.8092191, 322.342891374)
(13995.7849838, 14965.8845687, 322.342891373)
(13995.8638378, 14965.9634228, 322.342891374)
(13995.9225402, 14966.0221252, 322.342891374)
(13996.0168723, 14966.116458, 322.342891374)
(13996.1030276, 14966.2026134, 322.342891374)
(13996.1561811, 14966.2557668, 322.342891374)
(13996.2376629, 14966.3372494, 322.342891373)
(13996.3182692, 14966.4178557, 322.342891374)
(13996.3904061, 14966.4899924, 322.342891373)
(13996.4470637, 14966.5466507, 322.342891373)
(13996.5124832, 14966.6120701, 322.342891373)
(13996.5688489, 14966.6684364, 322.342891373)
(13996.6357288, 14966.7353164, 322.342891374)
(13996.6877141, 14966.7873014, 322.342891374)
(13996.7633552, 14966.8629427, 322.342891374)
(13996.8217657, 14966.921353, 322.342891374)
(13996.8828044, 14966.982392, 322.342891373)
(13996.9353737, 14967.0349612, 322.342891374)
(13996.9899871, 14967.0895749, 322.342891373)
(13997.0329187, 14967.1325064, 322.342891373)
(13997.1021349, 14967.2017229, 322.342891373)
(13997.1549964, 14967.2545842, 322.342891374)
(13997.222168, 14967.321756, 322.342891373)
(13997.2662678, 14967.3658557, 322.342891374)
(13997.3404488, 14967.4400371, 322.342891373)
(13997.3851328, 14967.484721, 322.342891374)
(13997.4461716, 14967.5457595, 322.342891373)
(13997.5031468, 14967.5945558, 322.34289138)
(13997.5829735, 14967.6435318, 322.342891403)
(13997.6395774, 14967.6666878, 322.342891372)
(13997.7272584, 14967.6925075, 322.342891579)
(13997.797067, 14967.7198576, 322.342891289)
(13997.8773604, 14967.7581731, 322.342891589)
(13997.9502769, 14967.7870876, 322.342891303)
(13998.0264641, 14967.8141532, 322.342891349)
(13998.0969041, 14967.8488891, 322.342891314)
(13998.1731695, 14967.8977429, 322.342891687)
(13998.2439147, 14967.9374239, 322.34289121)
(13998.3297948, 14967.9832213, 322.342891349)
(13998.4028395, 14968.0254497, 322.342891363)
(13998.4911781, 14968.0784527, 322.342891372)
(13998.566074, 14968.113272, 322.342891721)
(13998.6647189, 14968.1292875, 322.342891606)
(13998.7520746, 14968.1529266, 322.342891305)
(13998.8422866, 14968.1966131, 322.342887316)
(13998.9175261, 14968.2307541, 322.342891192)
(13999.0292441, 14968.2656296, 322.342891108)
(13999.0936112, 14968.2909098, 322.342891558)
(13999.1798846, 14968.3446214, 322.342924731)
(13999.2454085, 14968.389761, 322.342891422)
(13999.323261, 14968.4371662, 322.342891365)
(13999.3914857, 14968.4764946, 322.342891372)
(13999.4717027, 14968.5214584, 322.3428914)
(13999.5315366, 14968.5566129, 322.342891356)
(13999.6005121, 14968.5973822, 322.342891386)
(13999.6672745, 14968.6362887, 322.34289138)
(13999.7412734, 14968.6792063, 322.342891382)
(13999.8056912, 14968.724837, 322.342891243)
(13999.8799886, 14968.7892873, 322.342891354)
(13999.93876, 14968.8392881, 322.342891399)
(14000.0020456, 14968.891158, 322.342891344)
(14000.0500396, 14968.9309674, 322.342891377)
(14000.1204346, 14968.9896515, 322.342891392)
(14000.1738828, 14969.0344587, 322.342891384)
(14000.2370651, 14969.0875884, 322.34289137)
(14000.2875049, 14969.1356472, 322.342891604)
(14000.3540615, 14969.2136788, 322.342891307)
(14000.4018756, 14969.2753544, 322.342891327)
(14000.4699658, 14969.3581565, 322.342891386)
(14000.5178185, 14969.4181059, 322.342891382)
(14000.5733873, 14969.4883043, 322.342891452)
(14000.6133854, 14969.5465239, 322.342891393)
(14000.655859, 14969.61771, 322.342891256)
(14000.6848789, 14969.6788499, 322.342891366)
(14000.718758, 14969.7765391, 322.34289158)
(14000.7468578, 14969.8449464, 322.342891508)
(14000.7889374, 14969.9355499, 322.342891274)
(14000.8243625, 14969.9995885, 322.342891402)
(14000.8680503, 14970.0744021, 322.342891351)
(14000.906232, 14970.1275692, 322.34289012)
(14000.9757742, 14970.1948536, 322.342891368)
(14001.0427249, 14970.2400722, 322.343043887)
(14001.1207809, 14970.2681853, 322.34296617)
(14001.1801372, 14970.2792474, 322.342893483)
(14001.2732697, 14970.3094359, 322.342891153)
(14001.335967, 14970.3353313, 322.34289134)
(14001.4269564, 14970.3752809, 322.342891279)
(14001.4960015, 14970.4128593, 322.342891491)
(14001.5744197, 14970.4572776, 322.342891333)
(14001.6268148, 14970.4864049, 322.342891407)
(14001.7073603, 14970.5301756, 322.342891403)
(14001.7683094, 14970.5652965, 322.342891372)
(14001.8446246, 14970.6099659, 322.342891366)
(14001.909805, 14970.6474108, 322.342891373)
(14001.9964724, 14970.6971892, 322.342891381)
(14002.0489478, 14970.7276629, 322.342891373)
(14002.1238635, 14970.7712796, 322.342891371)
(14002.1796094, 14970.8035892, 322.342891374)
(14002.2624564, 14970.8516917, 322.342891377)
(14002.3288788, 14970.8902678, 322.342891375)
(14002.4284258, 14970.9482212, 322.342891406)
(14002.4877922, 14970.9805691, 322.342891381)
(14002.5716596, 14971.0248575, 322.342891355)
(14002.623542, 14971.0588032, 322.342891679)
(14002.6995088, 14971.1217195, 322.342891439)
(14002.7570196, 14971.1697659, 322.342891311)
(14002.8327991, 14971.2311484, 322.342891354)
(14002.8883359, 14971.2766654, 322.342891368)
(14002.9657463, 14971.3404256, 322.342891373)
(14003.0145499, 14971.3811595, 322.342891376)
(14003.0844415, 14971.4398089, 322.342891372)
(14003.1385817, 14971.4851261, 322.342891371)
(14003.2063244, 14971.5418656, 322.342891374)
(14003.2636044, 14971.5898807, 322.342891375)
(14003.3369104, 14971.6515285, 322.342891355)
(14003.3928685, 14971.705832, 322.342891286)
(14003.4404566, 14971.7599962, 322.342891348)
(14003.4813795, 14971.8120684, 322.342891328)
(14003.5403809, 14971.8855409, 322.342891377)
(14003.5886088, 14971.9434204, 322.342891389)
(14003.6530678, 14972.0190779, 322.342891417)
(14003.6973126, 14972.0714509, 322.342891362)
(14003.7550934, 14972.1404997, 322.342891362)
(14003.7959366, 14972.1984449, 322.342891359)
(14003.8322889, 14972.2658665, 322.34289137)
(14003.8659576, 14972.3273252, 322.342891382)
(14003.9152141, 14972.4085358, 322.342891394)
(14003.9540637, 14972.4743425, 322.342891389)
(14004.0025155, 14972.5570097, 322.34289137)
(14004.0368165, 14972.6158904, 322.342891383)
(14004.0789873, 14972.6883693, 322.342891365)
(14004.113423, 14972.7676538, 322.342891392)
(14004.1364512, 14972.8584481, 322.342891512)
(14004.163126, 14972.9356888, 322.342891346)
(14004.2128618, 14973.0463293, 322.342891387)
(14004.2414069, 14973.1569837, 322.342891343)
(14004.24033, 14973.2637483, 322.342891357)
(14004.243899, 14973.3395978, 322.34289126)
(14004.256421, 14973.4208414, 322.342891349)
(14004.2808942, 14973.5006854, 322.342891354)
(14004.3169294, 14973.5850082, 322.342891373)
(14004.3544564, 14973.6538322, 322.342896329)
(14004.4352118, 14973.7574218, 322.342891464)
(14004.4956459, 14973.8125597, 322.342897233)
(14004.601665, 14973.8712354, 322.342897037)
(14004.6958583, 14973.915822, 322.342891197)
(14004.7922527, 14973.9769785, 322.342891598)
(14004.8557802, 14974.0135773, 322.342891447)
(14004.9370794, 14974.0561176, 322.342891524)
(14004.9949787, 14974.0884291, 322.342891417)
(14005.0719202, 14974.1339079, 322.342891333)
(14005.1338288, 14974.1787935, 322.342891247)
(14005.1907116, 14974.2269119, 322.3428913)
(14005.248003, 14974.274559, 322.342891345)
(14005.3146941, 14974.329269, 322.342891413)
(14005.3703895, 14974.3752927, 322.342891376)
(14005.4371276, 14974.430588, 322.342891369)
(14005.4938602, 14974.4779563, 322.342891389)
(14005.5602759, 14974.5336571, 322.342891372)
(14005.6119961, 14974.5822372, 322.34289154)
(14005.6689251, 14974.645862, 322.342891433)
(14005.716173, 14974.7050658, 322.342891406)
(14005.7786661, 14974.7816278, 322.34289137)
(14005.8224491, 14974.8436402, 322.34289136)
(14005.8624893, 14974.9130588, 322.342891359)
(14005.8999464, 14974.9786874, 322.342891339)
(14005.9422256, 14975.0496556, 322.342891371)
(14005.9764809, 14975.1076166, 322.342891377)
(14006.021146, 14975.1834174, 322.342891373)
(14006.0513764, 14975.2477576, 322.342891391)
(14006.0790117, 14975.338167, 322.342891355)
(14006.1004856, 14975.4007262, 322.342891481)
(14006.1571796, 14975.4818063, 322.342906984)
(14006.2128853, 14975.5287604, 322.342879401)
(14006.2977635, 14975.5634512, 322.342931844)
(14006.3620353, 14975.5893659, 322.342891659)
(14006.4358361, 14975.6284522, 322.342891586)
(14006.4972451, 14975.6658982, 322.342891405)
(14006.579553, 14975.7162369, 322.342891329)
(14006.6411597, 14975.7515921, 322.342891379)
(14006.7255309, 14975.7985729, 322.342891328)
(14006.7776355, 14975.8289245, 322.342891374)
(14006.8513061, 14975.8723453, 322.342891375)
(14006.9120037, 14975.9076551, 322.342891378)
(14006.9984852, 14975.9578438, 322.342891369)
(14007.061147, 14976.0023468, 322.342891052)
(14007.1233655, 14976.0558931, 322.342891066)
(14007.1786569, 14976.1032387, 322.342891371)
(14007.2574718, 14976.1687426, 322.342891358)
(14007.3127733, 14976.2146742, 322.342891373)
(14007.366211, 14976.2589734, 322.342891371)
(14007.4362006, 14976.317495, 322.34289137)
(14007.5095269, 14976.3790855, 322.342891356)
(14007.5779542, 14976.4482202, 322.342892557)
(14007.6178034, 14976.4985965, 322.342891896)
(14007.6720467, 14976.5706121, 322.34289128)
(14007.7164109, 14976.6251498, 322.342891398)
(14007.7755054, 14976.6945586, 322.342891333)
(14007.8167637, 14976.7490639, 322.34289136)
(14007.8643446, 14976.8263299, 322.342891395)
(14007.9029309, 14976.8922815, 322.342891413)
(14007.9536395, 14976.9785027, 322.342891407)
(14007.9914156, 14977.0415712, 322.342891372)
(14008.0359658, 14977.1159842, 322.342891356)
(14008.0604798, 14977.1659448, 322.342891357)
(14008.0880105, 14977.248018, 322.342891426)
(14008.114563, 14977.3178983, 322.3428913)
(14008.1516375, 14977.4039382, 322.3428914)
(14008.1868341, 14977.4662546, 322.342891793)
(14008.2533232, 14977.5459172, 322.342892091)
(14008.3104522, 14977.5988511, 322.342925412)
(14008.3878522, 14977.6495357, 322.342981012)
(14008.4402505, 14977.679406, 322.34289162)
(14008.51254, 14977.7186308, 322.342890964)
(14008.5823668, 14977.7598257, 322.342891259)
(14008.6694271, 14977.8132184, 322.342891381)
(14008.7305205, 14977.8485764, 322.342891363)
(14008.8072803, 14977.8923845, 322.342891357)
(14008.8700605, 14977.9289424, 322.342891374)
(14008.9522443, 14977.977326, 322.342891369)
(14009.0154184, 14978.0141763, 322.342891379)
(14009.1183669, 14978.073898, 322.342891362)
(14009.1822425, 14978.1203571, 322.342891719)
(14009.2538894, 14978.1850418, 322.342891142)
(14009.3038295, 14978.2361844, 322.342891413)
(14009.3721759, 14978.3145667, 322.342891386)
(14009.413282, 14978.3736431, 322.342892736)
(14009.4475088, 14978.4734343, 322.342907904)
(14009.4655174, 14978.5402868, 322.342895126)
(14009.4908605, 14978.6292817, 322.342891293)
(14009.5231443, 14978.7069644, 322.342891506)
(14009.5775523, 14978.783418, 322.343032469)
(14009.6293533, 14978.83336, 322.342917015)
(14009.6943412, 14978.890762, 322.342890946)
(14009.7431652, 14978.9395957, 322.342891621)
(14009.8029195, 14979.0096413, 322.342891328)
(14009.8427718, 14979.0663039, 322.342891375)
(14009.890269, 14979.1501562, 322.342891606)
(14009.9258049, 14979.2084638, 322.34289149)
(14009.9778782, 14979.2893571, 322.342891386)
(14010.0208438, 14979.3470584, 322.342891064)
(14010.0875133, 14979.4245633, 322.34289101)
(14010.135637, 14979.469233, 322.342893073)
(14010.2174592, 14979.5206952, 322.342953872)
(14010.2753821, 14979.5512418, 322.342899002)
(14010.3581339, 14979.5914617, 322.342891297)
(14010.4147457, 14979.6230372, 322.342891383)
(14010.5001005, 14979.6750896, 322.342891457)
(14010.5601455, 14979.7088757, 322.342891386)
(14010.6379436, 14979.7505091, 322.342891356)
(14010.6964485, 14979.7828999, 322.342891393)
(14010.7685466, 14979.8231504, 322.342891364)
(14010.8357379, 14979.8603959, 322.342891371)
(14010.9083687, 14979.900632, 322.34289136)
(14010.9704169, 14979.9431314, 322.342890983)
(14011.0456647, 14980.004921, 322.342891151)
(14011.1022209, 14980.0505917, 322.342891361)
(14011.163259, 14980.09797, 322.342891386)
(14011.2127248, 14980.1372626, 322.342891373)
(14011.2772665, 14980.1887546, 322.342891377)
(14011.3316228, 14980.2325153, 322.342891365)
(14011.4025603, 14980.2898894, 322.342891372)
(14011.4671212, 14980.342029, 322.342891364)
(14011.5438051, 14980.4041188, 322.342891356)
(14011.6022619, 14980.4587932, 322.342891185)
(14011.6673285, 14980.5327637, 322.342891484)
(14011.7175923, 14980.5933237, 322.342891328)
(14011.7840326, 14980.6712959, 322.342891349)
(14011.8267072, 14980.730064, 322.342891372)
(14011.8706325, 14980.8056111, 322.342891382)
(14011.9004923, 14980.8719439, 322.342891377)
(14011.9314351, 14980.9492003, 322.342891391)
(14011.9503585, 14981.0089942, 322.342923078)
(14011.9592139, 14981.0766747, 322.342973412)
(14011.9600337, 14981.1334377, 322.342898843)
(14011.9556691, 14981.1979721, 322.34289117)
(14011.9524327, 14981.2657059, 322.342891368)
(14011.9511741, 14981.3416544, 322.342891361)
(14011.9518324, 14981.4139779, 322.342891397)
(14011.952844, 14981.4908353, 322.342891401)
(14011.971731, 14981.5944306, 322.342891382)
(14012.0063706, 14981.6724025, 322.342891554)
(14012.0468358, 14981.7501544, 322.342891323)
(14012.0729937, 14981.8179218, 322.342891617)
(14012.0949545, 14981.866091, 322.342891605)
(14012.143362, 14981.9491435, 322.342891393)
(14012.1708352, 14982.0041486, 322.342891411)
(14012.1926412, 14982.0750455, 322.342891428)
(14012.2158582, 14982.1452966, 322.342891539)
(14012.2638283, 14982.2639617, 322.342891389)
(14012.290257, 14982.3354528, 322.342891372)
(14012.3261935, 14982.4334248, 322.342891371)
(14012.3411523, 14982.4859285, 322.342891228)
(14012.3493887, 14982.5753768, 322.342891665)
(14012.3579634, 14982.6246112, 322.342891405)
(14012.3760513, 14982.6974133, 322.34289138)
(14012.3901021, 14982.7653474, 322.34289141)
(14012.4017529, 14982.8260134, 322.342891356)
(14012.4113488, 14982.8766316, 322.342891361)
(14012.4214014, 14982.9293239, 322.342891361)
(14012.4333012, 14982.9913568, 322.342891367)
(14012.4386857, 14983.0415108, 322.342891105)
(14012.4391849, 14983.0958131, 322.342891369)
(14012.4402089, 14983.151874, 322.342891477)
(14012.4364109, 14983.2097115, 322.342891501)
(14012.4290864, 14983.2686982, 322.342891373)
(14012.4256486, 14983.3191903, 322.342891482)
(14012.4243799, 14983.3778457, 322.342891334)
(14012.4190533, 14983.4327101, 322.342891294)
(14012.4114236, 14983.4831752, 322.342891351)
(14012.4026775, 14983.5417567, 322.342891378)
(14012.3989806, 14983.5935178, 322.342891522)
(14012.4065153, 14983.6532534, 322.342891342)
(14012.4211546, 14983.7111367, 322.34289139)
(14012.4391677, 14983.7647864, 322.342891386)
(14012.4572854, 14983.8185609, 322.342891424)
(14012.4683355, 14983.870347, 322.342891745)
(14012.4741553, 14983.9305771, 322.342891139)
(14012.4815403, 14983.9808461, 322.34289146)
(14012.4912688, 14984.0312979, 322.342891405)
(14012.5023794, 14984.0874019, 322.342891353)
(14012.5120184, 14984.1398049, 322.342891366)
(14012.5212625, 14984.1901778, 322.342891369)
(14012.5317737, 14984.2474578, 322.342891373)
(14012.5413558, 14984.2994565, 322.342891374)
(14012.5504658, 14984.3486077, 322.342891373)
(14012.5613441, 14984.4070958, 322.342891372)
(14012.5713377, 14984.4611148, 322.342891373)
(14012.5809102, 14984.5126928, 322.342891374)
(14012.5920416, 14984.572391, 322.342891369)
(14012.5971638, 14984.6256265, 322.342891201)
(14012.5965904, 14984.6878755, 322.342891446)
(14012.5963001, 14984.7369494, 322.342891434)
(14012.5969158, 14984.7996167, 322.342891336)
(14012.5983785, 14984.8569506, 322.342891375)
(14012.5997854, 14984.9068849, 322.34289138)
(14012.6017853, 14984.9741636, 322.342891368)
(14012.5987033, 14985.0329599, 322.34289158)
(14012.5863245, 14985.0926801, 322.342891326)
(14012.5767461, 14985.1433127, 322.342891358)
(14012.5675159, 14985.2030203, 322.342891367)
(14012.560198, 14985.2529212, 322.342891377)
(14012.5524273, 14985.3064723, 322.34289137)
(14012.5411398, 14985.3587297, 322.342891382)
(14012.522143, 14985.4159845, 322.342891381)
(14012.5007606, 14985.4665029, 322.342900377)
(14012.472458, 14985.5134703, 322.342902254)
(14012.4366857, 14985.5644191, 322.342891194)
(14012.4057157, 14985.6066941, 322.342893098)
(14012.3638266, 14985.6477492, 322.342892918)
(14012.32216, 14985.6813167, 322.342939971)
(14012.2725742, 14985.714358, 322.342894006)
(14012.2305033, 14985.7510872, 322.342891304)
(14012.192514, 14985.7852186, 322.342891868)
(14012.1508326, 14985.8314183, 322.342891538)
(14012.1157934, 14985.8750761, 322.343034461)
(14012.0904015, 14985.9260569, 322.342948218)
(14012.072018, 14985.9715075, 322.342897719)
(14012.058117, 14986.0295016, 322.343052647)
(14012.0505287, 14986.0795477, 322.343280896)
(14012.0509822, 14986.1312453, 322.342967962)
(14012.0611328, 14986.1885319, 322.342970843)
(14012.0722663, 14986.2402435, 322.343291067)
(14012.0945951, 14986.2895414, 322.342915264)
(14012.1251803, 14986.34445, 322.342891668)
(14012.1543774, 14986.3896229, 322.342898187)
(14012.192642, 14986.4327623, 322.342930199)
(14012.2318854, 14986.4677067, 322.342895767)
(14012.2776232, 14986.5051805, 322.343005451)
(14012.3235151, 14986.5280199, 322.342937236)
(14012.3766501, 14986.5465744, 322.342988367)
(14012.433485, 14986.560899, 322.342886942)
(14012.4887898, 14986.5704498, 322.342891225)
(14012.5439394, 14986.5838679, 322.342890927)
(14012.598541, 14986.5989316, 322.342891351)
(14012.6638058, 14986.6172219, 322.342891307)
(14012.7142421, 14986.633216, 322.342891368)
(14012.7681407, 14986.6504632, 322.342891329)
(14012.8187914, 14986.6685009, 322.342891388)
(14012.8763688, 14986.6891799, 322.342891374)
(14012.9253632, 14986.7054765, 322.342891375)
(14012.9760135, 14986.7220322, 322.342891362)
(14013.0337408, 14986.7408881, 322.342891378)
(14013.0828945, 14986.7608668, 322.342891139)
(14013.12862, 14986.7851617, 322.342891334)
(14013.1785264, 14986.8120491, 322.342891378)
(14013.22485, 14986.8350813, 322.342891363)
(14013.2701195, 14986.8571951, 322.34289136)
(14013.3198774, 14986.8813714, 322.342891362)
(14013.3645842, 14986.9067912, 322.34289117)
(14013.4076007, 14986.9376408, 322.342891078)
(14013.4522629, 14986.9723242, 322.342891455)
(14013.493513, 14987.0029206, 322.342891396)
(14013.5421793, 14987.038535, 322.342891382)
(14013.5924276, 14987.0754325, 322.342891368)
(14013.6387356, 14987.1101469, 322.342891376)
(14013.6844299, 14987.1449308, 322.342891377)
(14013.7288325, 14987.1822233, 322.342891421)
(14013.7751302, 14987.226405, 322.342891516)
(14013.8165389, 14987.2707501, 322.342891108)
(14013.8545864, 14987.3130638, 322.342891521)
(14013.8943446, 14987.3587666, 322.342891276)
(14013.935182, 14987.4068315, 322.342891448)
(14013.9724407, 14987.4519862, 322.342891368)
(14014.0077288, 14987.4965833, 322.342891361)
(14014.0418658, 14987.5408887, 322.342891379)
(14014.0791152, 14987.5900939, 322.342891381)
(14014.1109531, 14987.6322277, 322.342891355)
(14014.149506, 14987.6833193, 322.342891361)
(14014.1826617, 14987.7271185, 322.342891374)
(14014.2197758, 14987.7762118, 322.342891372)
(14014.2513166, 14987.8176066, 322.342891372)
(14014.2841931, 14987.8605765, 322.342891378)
(14014.3157183, 14987.9019805, 322.342891373)
(14014.3519933, 14987.9496324, 322.342891371)
(14014.3844288, 14987.9924214, 322.342891368)
(14014.4153311, 14988.0332657, 322.342891372)
(14014.4504317, 14988.0797401, 322.342891373)
(14014.4800761, 14988.118946, 322.342891372)
(14014.5106991, 14988.1594831, 322.342891376)
(14014.5442791, 14988.2039983, 322.342891374)
(14014.5757894, 14988.2454144, 322.342891375)
(14014.6068763, 14988.2861049, 322.342891373)
(14014.640519, 14988.3300431, 322.342891367)
(14014.6709996, 14988.3701669, 322.34289137)
(14014.7016775, 14988.4106642, 322.34289137)
(14014.7348128, 14988.4544821, 322.342891372)
(14014.7639671, 14988.4930225, 322.342891374)
(14014.7933496, 14988.5319078, 322.342891376)
(14014.8284245, 14988.5783989, 322.34289137)
(14014.8632864, 14988.624531, 322.342891373)
(14014.895456, 14988.6670027, 322.342891374)
(14014.9296683, 14988.7120652, 322.342891373)
(14014.9603953, 14988.7525154, 322.342891373)
(14014.9913985, 14988.7932751, 322.342891373)
(14015.0271873, 14988.8402527, 322.342891375)
(14015.0586679, 14988.8793191, 322.342891389)
(14015.0919759, 14988.9190449, 322.342891369)
(14015.1313008, 14988.9644419, 322.342891436)
(14015.1662612, 14989.0005978, 322.342891482)
(14015.2053497, 14989.032888, 322.342891492)
(14015.2515761, 14989.0621384, 322.342895048)
(14015.2954843, 14989.0880076, 322.342889536)
(14015.340947, 14989.1124209, 322.342900083)
(14015.3914661, 14989.1380772, 322.342890688)
(14015.4353729, 14989.1618347, 322.342891088)
(14015.4803686, 14989.1872254, 322.342891253)
(14015.5295425, 14989.2152511, 322.342891386)
(14015.5747049, 14989.2447157, 322.342891533)
(14015.6168754, 14989.2752612, 322.342891551)
(14015.6635197, 14989.3107988, 322.342891345)
(14015.7041057, 14989.3378907, 322.342891351)
(14015.7484812, 14989.3628778, 322.34289138)
(14015.8006681, 14989.3887457, 322.342891345)
(14015.8445478, 14989.4135853, 322.34289161)
(14015.8849648, 14989.4428005, 322.342891673)
(14015.9299341, 14989.4794562, 322.342891037)
(14015.9692312, 14989.513731, 322.342895169)
(14016.00437, 14989.5507779, 322.34291259)
(14016.0431583, 14989.5958262, 322.342908556)
(14016.0769362, 14989.6365635, 322.342891512)
(14016.1093007, 14989.676132, 322.342891106)
(14016.1439715, 14989.7196012, 322.342891414)
(14016.1773714, 14989.7590882, 322.342891372)
(14016.2110718, 14989.7972463, 322.342891366)
(14016.250021, 14989.8401057, 322.342891466)
(14016.2830678, 14989.8780716, 322.342891392)
(14016.316167, 14989.9176213, 322.342891373)
(14016.3525767, 14989.9629312, 322.34289136)
(14016.3843126, 14990.0034157, 322.342891382)
(14016.4155941, 14990.0437559, 322.34289137)
(14016.4489116, 14990.0872319, 322.342891369)
(14016.478981, 14990.126098, 322.342891379)
(14016.5108761, 14990.1672196, 322.342891374)
(14016.546794, 14990.2135839, 322.342891372)
(14016.5781086, 14990.2541119, 322.342891371)
(14016.6088862, 14990.2940116, 322.342891371)
(14016.6429086, 14990.3381907, 322.342891374)
(14016.6724244, 14990.3764538, 322.342891368)
(14016.7049455, 14990.4186578, 322.342891373)
(14016.7381937, 14990.4618659, 322.342891374)
(14016.7704646, 14990.5037397, 322.342891375)
(14016.8019629, 14990.5446447, 322.342891371)
(14016.8382195, 14990.5917917, 322.342891372)
(14016.8680974, 14990.6308217, 322.34289138)
(14016.8994369, 14990.6718529, 322.342891374)
(14016.9344954, 14990.7178398, 322.34289138)
(14016.9644688, 14990.7573282, 322.342891368)
(14016.9951467, 14990.7978356, 322.342891369)
(14017.0287707, 14990.8423283, 322.342891379)
(14017.0599306, 14990.8834954, 322.342891372)
(14017.0903216, 14990.9236909, 322.342891373)
(14017.1244166, 14990.968853, 322.342891374)
(14017.155584, 14991.0100137, 322.342891374)
(14017.1870242, 14991.0514819, 322.342891371)
(14017.2202397, 14991.0952305, 322.342891373)
(14017.2497126, 14991.1340418, 322.342891374)
(14017.2817067, 14991.1761229, 322.342891371)
(14017.3172347, 14991.2227794, 322.342891372)
(14017.3479427, 14991.2632471, 322.34289137)
(14017.377374, 14991.3020946, 322.342891374)
(14017.4130098, 14991.3491968, 322.342891374)
(14017.4481363, 14991.3956482, 322.342891373)
(14017.4802471, 14991.4381672, 322.342891373)
(14017.5160581, 14991.4856569, 322.342891374)
(14017.5476832, 14991.5256062, 322.342891393)
(14017.5923384, 14991.5800725, 322.342891377)
(14017.6292322, 14991.6237348, 322.342891387)
(14017.6623266, 14991.6613807, 322.342891403)
(14017.6999005, 14991.7027194, 322.342891437)
(14017.7535502, 14991.7597409, 322.342891394)
(14017.7956636, 14991.8036752, 322.342891346)
(14017.8303808, 14991.8397054, 322.342891362)
(14017.8708926, 14991.8816078, 322.342891374)
(14017.908745, 14991.9208596, 322.342891382)
(14017.9512133, 14991.964841, 322.342891378)
(14017.9882016, 14992.0031941, 322.342891373)
(14018.0243495, 14992.0406382, 322.342891372)
(14018.0625381, 14992.0801345, 322.342891373)
(14018.1087177, 14992.127982, 322.342891373)
(14018.1454344, 14992.1660191, 322.342891371)
(14018.1833276, 14992.2052204, 322.342891373)
(14018.2211989, 14992.2444383, 322.342891373)
(14018.2625136, 14992.2872195, 322.342891369)
(14018.2972289, 14992.3231688, 322.342891373)
(14018.3365434, 14992.363865, 322.342891374)
(14018.3815896, 14992.4105087, 322.342891373)
(14018.4183178, 14992.4485319, 322.342891376)
(14018.4562159, 14992.487727, 322.342891373)
(14018.4903669, 14992.5230732, 322.342891373)
(14018.5291097, 14992.5631729, 322.342891373)
(14018.5632605, 14992.5985201, 322.342891373)
(14018.6022911, 14992.6389165, 322.342891373)
(14018.6370155, 14992.6748576, 322.342891373)
(14018.6717401, 14992.710799, 322.342891373)
(14018.7093361, 14992.7497093, 322.342891373)
(14018.744348, 14992.7859468, 322.342891373)
(14018.7830923, 14992.8260455, 322.342891373)
(14018.8183911, 14992.8625803, 322.342891373)
(14018.8528293, 14992.8982245, 322.342891373)
(14018.8924349, 14992.9392137, 322.342891373)
(14018.9291686, 14992.9772333, 322.342891373)
(14018.9630327, 14993.0122832, 322.342891373)
(14019.0052206, 14993.0559461, 322.342891373)
(14019.0405194, 14993.0924809, 322.342891373)
(14019.0749576, 14993.128125, 322.342891373)
(14019.1134144, 14993.1679268, 322.342891373)
(14019.1480899, 14993.2039062, 322.342891371)
(14019.1821549, 14993.2393269, 322.342891364)
(14019.2201969, 14993.278943, 322.342891367)
(14019.2550011, 14993.3153739, 322.342891372)
(14019.2894761, 14993.3515485, 322.342891371)
(14019.3298852, 14993.3940442, 322.342891371)
(14019.3652059, 14993.431123, 322.342891372)
(14019.3990878, 14993.4667203, 322.342891372)
(14019.4389186, 14993.5086269, 322.342891373)
(14019.4719415, 14993.5433356, 322.34289137)
(14019.5092169, 14993.582547, 322.342891372)
(14019.5512989, 14993.6268742, 322.342891375)
(14019.5874405, 14993.6648898, 322.34289137)
(14019.6232831, 14993.7026178, 322.342891375)
(14019.6633651, 14993.7448608, 322.342891373)
(14019.6989272, 14993.7822896, 322.342891375)
(14019.7344966, 14993.8197091, 322.342891374)
(14019.7706546, 14993.8577119, 322.342891374)
(14019.803698, 14993.8924085, 322.342891374)
