1: ((45.1061103256, 42.5875221145), (45.1073900762, 42.5884235807))

8: ((45.105791377, 42.587384715), (45.1068567962, 42.5883574653))

2: ((45.1060610954, 42.5876412609), (45.1071286945, 42.5886880773))

4: ((45.1058071603, 42.5875588894), (45.107237907, 42.5885373776))

7: ((45.1054573573, 42.5874917979), (45.1070452799, 42.588529154))

10: ((45.1055810656, 42.587180609), (45.1068561046, 42.5884156546))

9: ((45.1055091573, 42.587281367), (45.107077601, 42.588493148))

3: ((45.1060075851, 42.5872847682), (45.106831821, 42.5887601849))

6: ((45.1057720302, 42.5871427372), (45.1074045024, 42.5884637639))

5: ((45.1055823609, 42.5871907056), (45.1073617829, 42.5888061086))

